0.917139 0.0437527 0.022444 9.9991E-05 0.00107484 0.00848766 0.00700212
0.940037 0.0475636 9.9973E-05 0.0107639 9.9973E-05 0.00133588 9.9973E-05
0.842828 0.0281785 0.0120263 9.9982E-05 0.0282755 9.9982E-05 0.0884919
0.775951 9.9982E-05 0.111324 9.9982E-05 0.0374882 0.0513465 0.0236902
0.869026 9.9973E-05 0.0106846 9.9973E-05 9.9973E-05 0.0199967 0.099993
0.566679 0.00208813 0.0403271 0.168225 9.9991E-05 0.120498 0.102083
0.793143 9.9973E-05 0.00740848 0.154934 9.9973E-05 9.9973E-05 0.0442144
0.729283 9.9982E-05 0.0207889 0.121093 0.000283965 0.128351 9.9982E-05
0.830371 0.0272517 9.9982E-05 0.0460014 0.0343863 0.0617893 9.9982E-05
0.670906 9.9982E-05 0.0695858 0.0775483 9.9982E-05 0.0662872 0.115473
0.726143 9.9973E-05 9.9973E-05 0.122675 9.9973E-05 0.100188 0.0506942
9.9982E-05 0.0905331 0.0972243 0.0465012 0.714302 9.9982E-05 0.0512395
9.9973E-05 9.9973E-05 0.111013 9.9973E-05 0.322332 0.0893198 0.477035
0.091287 9.9982E-05 0.00681949 0.0102335 0.734851 9.9982E-05 0.156609
0.076478 0.0211035 0.152877 9.9982E-05 0.60005 9.9982E-05 0.149291
0.173569 0.026736 0.056165 0.0300712 0.359502 9.9991E-05 0.353857
0.0663628 0.0245929 0.0181639 0.0339685 0.321035 9.9991E-05 0.535777
0.017709 0.15223 0.0924012 0.00678661 0.302795 0.0277229 0.400355
0.115961 0.017541 0.0436079 9.9982E-05 0.576015 9.9982E-05 0.246675
0.103668 9.9973E-05 9.9973E-05 0.0806318 0.7737 0.0417005 9.9973E-05
9.9982E-05 0.139236 0.119327 9.9982E-05 0.464904 0.00638551 0.269948
0.0384625 9.9991E-05 0.0633372 0.13051 0.230107 0.128132 0.409352
0.103538 0.00364757 9.9991E-05 0.0393815 0.289575 0.06654 0.497219
0.0432549 0.0231357 0.099872 0.0808721 0.658736 9.9991E-05 0.094029
0.102392 0.0175659 0.030059 0.0650832 0.189913 9.9991E-05 0.594887
0.0256088 0.0151831 0.134809 9.9982E-05 0.520304 9.9982E-05 0.303895
0.028189 0.0145881 0.136013 9.9973E-05 0.82091 9.9973E-05 9.9973E-05
0.0263761 9.9964E-05 0.183978 9.9964E-05 0.789246 9.9964E-05 9.9964E-05
9.9982E-05 0.0446068 0.0234531 0.0723426 0.789346 9.9982E-05 0.0700512
0.803491 9.9973E-05 0.0605784 9.9973E-05 0.0437056 9.9973E-05 0.0919253
0.817273 9.9973E-05 0.0265569 9.9973E-05 0.0569047 9.9973E-05 0.0989651
0.770991 9.9973E-05 0.0371877 9.9973E-05 0.0595101 9.9973E-05 0.132012
0.704728 0.0447658 0.0707307 9.9973E-05 9.9973E-05 9.9973E-05 0.179476
9.999E-05 0.200569 9.999E-05 0.0279952 0.19976 0.0194817 0.551995
0.0952574 0.396876 0.0739227 9.9982E-05 0.0128004 9.9982E-05 0.420944
9.9964E-05 0.460043 9.9964E-05 9.9964E-05 9.9964E-05 0.0376563 0.501901
0.083789 0.0361629 9.9982E-05 9.9982E-05 0.69263 0.123861 0.0633568
9.9982E-05 0.635469 0.0269215 0.00940341 0.0659116 9.9982E-05 0.262094
0.114002 0.224777 9.9973E-05 9.9973E-05 0.115378 9.9973E-05 0.545543
0.0110726 0.272038 0.0175171 0.0709994 9.9991E-05 0.00816487 0.620108
0.107073 0.119671 9.9991E-05 0.109843 0.0105688 0.0653237 0.587421
0.0577959 0.164367 0.0195545 9.9991E-05 0.00650551 0.0904448 0.661232
0.0445028 0.673304 9.9982E-05 0.00626424 0.242841 9.9982E-05 0.0328878
0.0673095 0.144206 0.00720348 0.169365 9.9982E-05 9.9982E-05 0.611716
0.0377363 0.262077 0.0985438 0.0727834 9.9982E-05 9.9982E-05 0.52866
0.123319 0.15142 0.129151 0.00168168 0.0399112 0.016732 0.537785
9.9964E-05 0.683493 9.9964E-05 0.0134821 9.9964E-05 9.9964E-05 0.302625
0.0626918 0.266142 0.00824977 9.9982E-05 9.9982E-05 0.0341687 0.628548
0.13805 0.114318 9.9982E-05 0.0516916 0.0727998 9.9982E-05 0.62294
0.0796616 0.672339 9.9964E-05 0.2476 9.9964E-05 9.9964E-05 9.9964E-05
9.9982E-05 0.112331 9.9982E-05 0.114817 0.434254 0.169137 0.169261
9.9991E-05 0.138455 0.00888024 0.466444 0.259934 0.0603144 0.065872
0.0364101 0.15213 0.11659 0.030809 0.122508 0.0557122 0.485841
0.114185 9.9973E-05 9.9973E-05 0.107293 0.125165 9.9973E-05 0.653058
0.0743065 0.113268 0.0963584 0.0592679 0.127573 0.0164299 0.512796
0.0798302 0.257463 9.9991E-05 0.0692724 0.233465 0.198368 0.161501
9.9982E-05 0.0692651 9.9982E-05 0.054773 0.229757 0.0859741 0.560031
0.0835504 9.9982E-05 0.0573593 0.0601485 0.284103 9.9982E-05 0.514639
0.14562 0.166938 9.9982E-05 0.077601 0.296586 9.9982E-05 0.313056
0.188584 0.100159 0.0323805 0.176953 0.405298 0.0200704 0.0765548
0.0194088 0.23459 0.0507316 0.0252456 0.199036 9.9991E-05 0.470888
0.0920639 0.0376894 0.0107359 0.037087 0.323124 0.0846909 0.414609
0.044209 0.162827 9.9982E-05 0.0646105 0.634058 0.0940956 9.9982E-05
9.9973E-05 0.107098 9.9973E-05 0.0130277 0.477768 9.9973E-05 0.401806
9.9982E-05 0.140945 0.0539036 0.180056 0.103181 9.9982E-05 0.521714
0.141006 0.00735057 0.0416996 0.0699603 0.264828 9.9991E-05 0.475056
0.058959 0.139593 9.9991E-05 0.0832167 0.414112 0.0319603 0.272059
9.9982E-05 0.0654085 9.9982E-05 0.0716935 0.339692 0.0173927 0.505613
9.9991E-05 0.0445728 0.129092 0.0551765 0.103052 0.109991 0.558016
0.063699 0.0865499 9.9991E-05 0.0700022 0.687842 0.00963924 0.0821677
9.9964E-05 0.37502 9.9964E-05 9.9964E-05 9.9964E-05 0.0211304 0.60345
0.00595003 0.722159 9.9973E-05 9.9973E-05 0.142426 9.9973E-05 0.129165
0.10539 0.180957 0.166398 9.9991E-05 0.0890879 0.024659 0.433408
0.0247724 0.81226 9.9964E-05 0.162568 9.9964E-05 9.9964E-05 9.9964E-05
9.9973E-05 0.794941 9.9973E-05 0.119592 0.0728138 0.0123531 9.9973E-05
9.9964E-05 0.712781 9.9964E-05 0.0154257 9.9964E-05 9.9964E-05 0.271394
9.9964E-05 0.517756 9.9964E-05 9.9964E-05 9.9964E-05 0.064466 0.417378
0.126433 0.185298 0.0513909 0.0454697 9.9991E-05 0.0660729 0.525236
9.9982E-05 0.47067 0.0558608 9.9982E-05 0.0484089 0.0603783 0.364482
0.015206 0.66561 0.100357 9.9991E-05 0.0339801 0.138561 0.0461858
0.0337645 0.464541 9.9982E-05 9.9982E-05 0.105844 0.179971 0.215679
0.081176 0.264765 0.010715 0.0731898 9.9991E-05 0.0399851 0.530069
0.00728641 0.519898 0.0435004 9.9991E-05 0.177695 0.0200786 0.231442
0.0242458 0.482169 9.9982E-05 0.065135 9.9982E-05 0.0506751 0.377575
0.00736299 0.641562 0.0241318 9.9973E-05 9.9973E-05 9.9973E-05 0.326644
0.0183957 0.704992 0.0146469 0.229373 0.0323921 9.9982E-05 9.9982E-05
0.0138818 0.312714 0.0557893 9.9991E-05 0.0371459 0.00222051 0.578148
0.804149 9.9982E-05 0.0277542 9.9982E-05 0.0614321 0.00674908 0.0997155
0.881324 9.9955E-05 9.9955E-05 9.9955E-05 9.9955E-05 9.9955E-05 0.118176
0.84378 9.9973E-05 0.0679526 9.9973E-05 9.9973E-05 0.0262746 0.0616925
0.926114 9.9964E-05 0.0154569 9.9964E-05 9.9964E-05 9.9964E-05 0.058029
0.861424 0.031365 0.0290489 9.9973E-05 9.9973E-05 9.9973E-05 0.0778618
0.88623 9.9973E-05 0.00369119 9.9973E-05 9.9973E-05 0.0278968 0.081882
0.905921 9.9964E-05 9.9964E-05 9.9964E-05 9.9964E-05 0.0225921 0.0710866
0.0831515 0.183475 0.0933949 0.0741892 0.103452 0.0566817 0.405655
0.0348714 0.180468 0.171116 0.0491535 0.185263 9.9991E-05 0.379029
0.0276812 0.875954 9.9982E-05 9.9982E-05 0.0451722 0.0325048 0.0184881
0.0788442 0.160814 0.0162731 0.0209779 0.0427576 0.104328 0.576006
0.0228278 0.351807 0.00392823 9.9982E-05 0.185536 9.9982E-05 0.4357
0.0506074 0.317173 9.9964E-05 9.9964E-05 9.9964E-05 9.9964E-05 0.63182
0.0294591 0.265021 0.0745006 0.00791575 0.137556 9.9991E-05 0.485447
0.0119208 0.385651 0.0460491 9.9982E-05 9.9982E-05 0.0768269 0.479353
0.0449728 0.696952 9.9973E-05 9.9973E-05 0.195329 0.0624465 9.9973E-05
0.0974527 0.100178 0.016644 0.16588 0.0725404 0.0476883 0.499617
0.0878261 0.320966 0.0282849 9.9982E-05 9.9982E-05 0.0731381 0.489585
0.100059 0.144169 0.107232 9.9991E-05 0.0626186 0.0767212 0.5091
0.00848561 0.54372 0.0809462 0.157303 0.014992 9.9991E-05 0.194453
0.0349918 0.449419 9.9973E-05 0.0411422 9.9973E-05 9.9973E-05 0.474147
0.0455226 0.503282 0.00709622 9.9982E-05 0.0841214 9.9982E-05 0.359778
9.9964E-05 0.680375 0.17965 9.9964E-05 9.9964E-05 9.9964E-05 0.139576
0.0536775 0.448251 9.9982E-05 0.0148557 0.0299595 9.9982E-05 0.453056
0.117793 0.126173 0.0214972 0.0732795 9.9991E-05 0.0898614 0.571296
0.0165644 0.0472319 0.0912455 0.188068 0.562679 9.9991E-05 0.0941115
0.116384 0.0171332 0.115742 9.9991E-05 0.298143 0.138691 0.313807
0.136076 0.0348017 0.0175635 0.0666348 0.200816 0.0221198 0.521988
0.118094 0.0638448 9.9991E-05 0.0151644 0.0230008 0.186428 0.593368
0.0379756 9.9982E-05 0.00462927 9.9982E-05 0.484908 0.0354808 0.436806
0.026818 9.9991E-05 0.0404324 0.0763942 0.208289 0.0969848 0.550982
9.9991E-05 0.082934 0.0689499 0.0735371 0.355102 0.0607296 0.358648
0.0654667 0.13617 9.9982E-05 9.9982E-05 0.227719 0.0766598 0.493784
9.9991E-05 0.00631325 0.0464268 0.102517 0.157124 0.149531 0.537988
0.00504466 0.0374479 9.9991E-05 0.10024 0.275956 0.0138406 0.567371
9.9964E-05 9.9964E-05 9.9964E-05 9.9964E-05 0.448708 0.0707286 0.480163
0.0351984 0.0144455 0.0663854 0.117401 0.0677969 0.0820065 0.616766
0.0918456 0.113359 0.0305214 0.0370661 9.9991E-05 0.0990586 0.628049
9.9973E-05 0.0871787 9.9973E-05 9.9973E-05 0.355939 0.00831641 0.548266
0.102991 9.9982E-05 0.0359053 0.230448 9.9982E-05 0.0800528 0.550403
9.9991E-05 0.0629477 0.0523713 0.0397694 0.167258 0.11786 0.559693
0.117323 9.9982E-05 9.9982E-05 0.219639 0.272578 0.0723453 0.317915
0.0503764 0.0385007 0.00101614 0.0577924 0.213548 9.9991E-05 0.638666
9.9982E-05 9.9982E-05 0.00348392 0.0848578 0.160227 0.0836525 0.667579
9.9991E-05 0.126191 0.0993927 0.00724504 0.444184 0.146071 0.176817
0.0873191 0.0858022 0.00416266 0.24882 0.381933 0.0369104 0.155053
0.0756869 0.0657758 0.0516281 9.9991E-05 0.191786 0.0932766 0.521747
9.9991E-05 0.193806 0.0648498 0.318767 0.304372 0.109865 0.00824009
0.0206406 9.9982E-05 9.9982E-05 0.0808234 0.613742 0.060437 0.224157
9.9982E-05 0.0848371 9.9982E-05 0.0073451 0.434909 0.0607352 0.411974
0.0118492 0.17276 9.9982E-05 9.9982E-05 0.380238 0.167307 0.267647
0.000550539 0.05877 9.9991E-05 0.0390316 0.579861 0.116815 0.204872
0.0481383 0.124675 0.0414709 0.114306 0.114838 9.9991E-05 0.556472
0.0979929 0.11956 0.0576422 9.9991E-05 0.168631 0.0552916 0.500782
0.0480033 0.094267 0.0645956 0.0206456 0.300999 0.0308125 0.440677
0.004064 0.0747708 0.0427098 0.238582 0.538257 0.0399416 0.0616744
0.14173 0.173568 9.9991E-05 0.169888 0.0082513 0.0307532 0.47571
0.0583072 0.0791683 0.0684601 0.254764 0.0853238 9.9991E-05 0.453876
0.111058 0.0937368 9.9991E-05 0.533364 0.0925777 0.148735 0.0204284
0.152011 0.10604 9.9991E-05 0.0917963 0.0378787 0.00962142 0.602552
0.118927 0.241595 0.0161082 0.227774 9.9991E-05 0.0772952 0.3182
0.10679 0.066746 0.0647934 0.182235 0.116792 9.9991E-05 0.462543
0.0769212 0.0459216 0.04616 0.463302 9.9991E-05 0.179162 0.188433
0.0488161 0.0185735 9.9991E-05 0.43104 0.0822265 0.152586 0.266657
9.9982E-05 0.0593475 9.9982E-05 0.30026 0.0286831 0.123116 0.488393
0.108147 0.0516878 0.0102143 0.128627 0.0753817 0.15842 0.467523
0.124685 0.0454557 0.0542896 0.180493 0.21104 0.0148891 0.369148
0.0712949 0.199867 0.125017 0.352332 0.233774 9.9991E-05 0.017615
0.0641004 0.216611 0.107744 0.0885313 0.0215006 0.00197318 0.499539
9.9982E-05 0.080986 9.9982E-05 0.395453 0.130528 0.036869 0.355964
9.9982E-05 0.125868 9.9982E-05 0.193553 0.245578 0.00285077 0.43195
0.0575551 0.00627528 0.0675456 0.196961 0.103936 9.9991E-05 0.567626
0.278972 9.9982E-05 0.227035 0.294288 9.9982E-05 0.000200989 0.199305
0.47292 9.9964E-05 0.138023 0.388656 9.9964E-05 9.9964E-05 9.9964E-05
0.45281 9.9964E-05 0.10186 0.44493 9.9964E-05 9.9964E-05 9.9964E-05
0.352909 9.9982E-05 0.370267 0.165862 0.0511782 9.9982E-05 0.0595841
9.9973E-05 0.0684017 9.9973E-05 0.226305 9.9973E-05 0.00970623 0.695287
0.156925 0.137235 0.0608886 0.168482 9.9991E-05 0.0943929 0.381977
9.9964E-05 9.9964E-05 0.679568 9.9964E-05 0.0724365 9.9964E-05 0.247596
0.0150866 0.109549 0.402272 9.99958E-05 0.168584 0.00505862 0.299349
0.133107 0.00848169 0.35398 9.9991E-05 0.0253266 0.0650248 0.41398
9.9973E-05 0.0746612 9.9973E-05 0.511797 9.9973E-05 0.0207361 0.392506
9.9991E-05 0.115336 0.126339 0.0885356 0.0541904 0.136838 0.478661
9.9964E-05 9.9964E-05 9.9964E-05 0.673201 0.137039 9.9964E-05 0.18936
9.9982E-05 0.0779999 0.0467294 0.298573 0.0251629 9.9982E-05 0.551335
9.9982E-05 0.0391759 9.9982E-05 0.305413 0.139926 0.0396972 0.475588
0.00972504 9.9991E-05 0.0294239 0.275568 0.0349674 0.0269728 0.623243
9.9973E-05 0.00198477 9.9973E-05 0.58302 0.198861 9.9973E-05 0.215835
9.9982E-05 0.0972294 0.0596982 0.191941 9.9982E-05 0.0870445 0.563887
0.0302409 9.9982E-05 0.0197072 0.171583 9.9982E-05 0.141871 0.636398
9.9955E-05 9.9955E-05 0.956768 9.9955E-05 9.9955E-05 9.9955E-05 0.0427318
9.9973E-05 0.0573299 0.84394 0.00273602 9.9973E-05 9.9973E-05 0.095694
9.9982E-05 0.0930872 0.568522 0.0251586 0.0509349 9.9982E-05 0.262098
9.9955E-05 9.9955E-05 0.661824 9.9955E-05 9.9955E-05 9.9955E-05 0.337676
9.9973E-05 9.9973E-05 0.820068 0.0441726 9.9973E-05 0.00724733 0.128212
9.995E-05 9.995E-05 0.9994 9.995E-05 9.995E-05 9.995E-05 9.995E-05
9.9955E-05 9.9955E-05 0.97867 9.9955E-05 9.9955E-05 0.0208304 9.9955E-05
9.9955E-05 9.9955E-05 0.831669 9.9955E-05 9.9955E-05 9.9955E-05 0.167832
9.9973E-05 9.9973E-05 0.960044 9.9973E-05 0.00625111 0.0225655 0.0108399
9.995E-05 9.995E-05 0.9994 9.995E-05 9.995E-05 9.995E-05 9.995E-05
9.995E-05 9.995E-05 0.9994 9.995E-05 9.995E-05 9.995E-05 9.995E-05
0.00184548 0.0503266 0.788829 9.9982E-05 0.0110637 9.9982E-05 0.147735
0.0217104 0.023385 0.772766 9.9991E-05 0.0209476 0.0176851 0.143406
9.9955E-05 0.0333125 0.966188 9.9955E-05 9.9955E-05 9.9955E-05 9.9955E-05
0.0393403 9.9982E-05 0.403559 9.9982E-05 0.0591959 0.107628 0.390077
0.0518523 0.0277293 0.667995 9.9982E-05 9.9982E-05 0.0400439 0.212179
9.9973E-05 9.9973E-05 0.779971 9.9973E-05 0.0151511 0.0310228 0.173555
9.9964E-05 9.9964E-05 0.881838 9.9964E-05 0.010465 9.9964E-05 0.107297
9.9955E-05 9.9955E-05 0.968069 9.9955E-05 9.9955E-05 9.9955E-05 0.0314315
9.9964E-05 0.0165021 0.967806 9.9964E-05 9.9964E-05 0.0152925 9.9964E-05
9.995E-05 9.995E-05 0.9994 9.995E-05 9.995E-05 9.995E-05 9.995E-05
0.0615752 9.9982E-05 0.652214 0.027715 9.9982E-05 0.0663166 0.191979
0.039724 0.0539422 0.877258 9.9982E-05 0.0175987 9.9982E-05 0.0112771
0.326691 0.000186939 0.0484026 0.62442 9.9973E-05 9.9973E-05 9.9973E-05
0.0947632 9.9991E-05 0.0809976 0.21049 0.0737067 0.117863 0.42208
0.24138 0.0170475 9.9991E-05 0.173243 0.00952703 0.0610884 0.497613
0.181076 0.00039188 0.0524096 0.492743 9.9991E-05 0.0170427 0.256237
0.150588 9.9982E-05 0.100054 0.286223 0.0932815 9.9982E-05 0.369653
0.249548 0.0290247 0.0563107 0.437699 9.9982E-05 9.9982E-05 0.227218
0.21862 9.9982E-05 9.9982E-05 0.122239 0.135113 0.0349435 0.488885
0.150522 9.9973E-05 0.112549 0.321075 9.9973E-05 9.9973E-05 0.415554
0.184229 0.0140887 0.081273 0.238403 0.0157002 9.9991E-05 0.466207
0.119116 9.9973E-05 0.189475 0.345445 9.9973E-05 9.9973E-05 0.345664
0.199631 9.9982E-05 0.108207 0.173506 0.186127 9.9982E-05 0.332329
0.809405 9.9973E-05 9.9973E-05 0.0367933 9.9973E-05 0.117724 0.0357776
0.89572 9.9973E-05 0.0721049 0.00977042 9.9973E-05 0.0221045 9.9973E-05
0.974041 9.9955E-05 9.9955E-05 9.9955E-05 0.0254592 9.9955E-05 9.9955E-05
0.949412 9.9964E-05 9.9964E-05 9.9964E-05 9.9964E-05 0.0345272 0.015661
0.871277 9.9973E-05 0.0116786 0.000566646 0.116177 9.9973E-05 9.9973E-05
0.854931 0.0143823 0.0869044 9.9973E-05 0.0434824 9.9973E-05 9.9973E-05
0.882523 9.9973E-05 0.0592692 9.9973E-05 9.9973E-05 0.025774 0.0321341
0.872755 0.0374082 9.9973E-05 0.0482723 9.9973E-05 9.9973E-05 0.0412644
0.913639 0.0105975 9.9982E-05 0.0271303 0.0456389 9.9982E-05 0.00279393
0.783753 9.9982E-05 0.131902 0.0210976 0.0283127 9.9982E-05 0.0347348
0.559778 0.0500249 9.9982E-05 0.0586509 0.197755 0.133591 9.9982E-05
0.535253 9.9973E-05 9.9973E-05 0.0118899 0.253232 0.199326 9.9973E-05
0.541538 9.9973E-05 9.9973E-05 0.111598 0.218943 0.127621 9.9973E-05
0.47209 0.0460082 9.9982E-05 0.0387758 0.322636 0.12029 9.9982E-05
9.9982E-05 0.338831 0.00253513 0.0450784 0.143541 9.9982E-05 0.469814
9.9982E-05 0.285291 0.0461917 0.084198 9.9982E-05 0.0707449 0.513374
9.9973E-05 0.140492 9.9973E-05 9.9973E-05 0.243969 0.0254845 0.589755
0.0291203 0.231434 9.9991E-05 0.0130328 0.259755 0.0929444 0.373614
9.9982E-05 0.112609 9.9982E-05 0.0068894 0.581045 0.15841 0.140847
0.0474004 0.113418 9.9982E-05 0.0591712 9.9982E-05 0.036788 0.743023
9.9973E-05 0.385873 0.000313612 9.9973E-05 0.0635316 9.9973E-05 0.549981
9.9982E-05 0.328841 0.0471155 9.9982E-05 0.0393708 0.0728487 0.511624
9.9973E-05 0.590158 0.09714 0.014132 9.9973E-05 9.9973E-05 0.29827
0.0923166 0.258107 0.0507602 0.031903 9.9991E-05 0.0766787 0.490134
9.9982E-05 0.388506 9.9982E-05 0.0152981 0.0851239 0.0836909 0.427181
9.9964E-05 0.776983 9.9964E-05 0.161813 9.9964E-05 0.0608038 9.9964E-05
0.0432861 0.130956 9.9991E-05 0.0130291 0.0944932 0.132855 0.585281
9.9973E-05 0.554855 9.9973E-05 0.199784 9.9973E-05 0.0375174 0.207544
9.9991E-05 0.478732 0.0683202 0.0431909 0.0658515 0.0320076 0.311798
0.0371697 0.649732 9.9982E-05 9.9982E-05 0.180773 0.109197 0.0229289
0.0867043 9.9973E-05 9.9973E-05 0.0527257 9.9973E-05 0.86014 0.000130392
9.9973E-05 9.9973E-05 0.0348255 0.0373255 9.9973E-05 0.893877 0.0336717
9.9955E-05 9.9955E-05 9.9955E-05 0.0176279 9.9955E-05 0.981872 9.9955E-05
0.0286846 0.0424228 9.9973E-05 0.0480032 9.9973E-05 0.88059 9.9973E-05
9.9964E-05 9.9964E-05 0.0334597 0.0933465 9.9964E-05 0.872794 9.9964E-05
9.9964E-05 9.9964E-05 0.0535939 9.9964E-05 9.9964E-05 0.896101 0.049905
0.877431 9.9973E-05 0.0353848 9.9973E-05 9.9973E-05 0.0214545 0.0654302
0.77916 9.9973E-05 0.0568598 9.9973E-05 0.0939142 9.9973E-05 0.0697658
0.722259 9.9982E-05 0.12779 9.9982E-05 0.0511952 0.010517 0.0880389
0.714032 9.9973E-05 0.13465 9.9973E-05 0.0591092 9.9973E-05 0.0919085
0.736071 0.0519957 0.120021 9.9991E-05 0.00330614 0.0360571 0.0524495
0.338474 0.0483982 9.9982E-05 0.0134757 0.156644 0.442809 9.9982E-05
0.456146 0.049393 9.9982E-05 0.103053 0.00955455 0.381654 9.9982E-05
0.395052 0.00719542 9.9973E-05 9.9973E-05 0.149708 0.447744 9.9973E-05
0.792214 9.9973E-05 0.00737633 9.9973E-05 0.101511 9.9973E-05 0.0985993
0.312954 0.130081 0.00104065 9.9973E-05 9.9973E-05 0.555624 9.9973E-05
0.22084 9.9982E-05 0.37498 0.171799 9.9982E-05 0.0320491 0.200133
0.0244615 9.9973E-05 0.262519 9.9973E-05 0.140526 9.9973E-05 0.572194
0.195898 9.9973E-05 0.16842 9.9973E-05 9.9973E-05 0.00488874 0.630493
0.258407 0.0563797 0.139961 0.10198 9.9991E-05 0.0303831 0.412789
0.185915 9.9982E-05 0.133 9.9982E-05 0.0597133 0.0282152 0.592957
0.447275 9.9973E-05 0.286941 0.257561 9.9973E-05 9.9973E-05 0.00792211
0.0344723 0.0546656 9.9991E-05 0.0597865 0.402422 0.0881217 0.360432
9.9982E-05 0.116062 9.9982E-05 0.191379 0.29178 0.0565881 0.343991
0.0981246 9.9973E-05 9.9973E-05 9.9973E-05 0.687638 0.0609461 0.152991
9.9982E-05 0.0495623 9.9982E-05 0.149927 0.295368 0.0439894 0.460953
9.9964E-05 0.162966 9.9964E-05 0.594281 0.242353 9.9964E-05 9.9964E-05
0.134022 0.0674438 9.9982E-05 0.0238532 0.233631 9.9982E-05 0.54085
9.9973E-05 9.9973E-05 9.9973E-05 0.311936 0.160471 0.11023 0.417063
0.0420599 9.9982E-05 9.9982E-05 0.108418 0.516658 0.0357193 0.296944
0.0414458 0.116104 0.0713268 0.0284358 0.199728 0.0558618 0.487098
9.9973E-05 0.135869 9.9973E-05 0.258219 0.532441 9.9973E-05 0.0731718
9.9991E-05 0.0520812 0.0428863 0.189972 0.194905 0.0875424 0.432513
9.9982E-05 0.0288547 0.0621917 9.9982E-05 0.322851 0.121036 0.464867
0.151791 0.170788 0.19734 0.0356652 9.99939E-05 0.06103 0.383285
9.9982E-05 0.0340909 9.9982E-05 0.212418 0.387881 0.0151413 0.35027
0.0216818 0.0719325 0.0170187 0.0775231 0.306087 0.10156 0.404197
9.9991E-05 0.0540326 0.0867202 0.181378 0.183859 0.0161489 0.477761
9.9982E-05 0.0426057 9.9982E-05 0.123275 0.167241 0.141827 0.524851
0.00130976 0.0588481 0.0878948 0.0905672 0.081884 0.0589836 0.620512
0.0652942 0.163139 0.0164076 0.0881791 0.120085 0.0138953 0.533
0.0623737 0.063061 0.0129005 0.0672516 0.201843 0.00144609 0.591124
0.784591 9.9964E-05 0.0636279 9.9964E-05 9.9964E-05 9.9964E-05 0.151381
0.830163 0.03792 0.0766621 9.9973E-05 9.9973E-05 9.9973E-05 0.0549552
0.777749 0.0824692 9.9991E-05 0.00743552 0.0438664 0.0154994 0.0728802
0.826089 0.0705978 0.0139582 9.9982E-05 9.9982E-05 0.0414296 0.0477258
0.840325 9.9964E-05 9.9964E-05 9.9964E-05 9.9964E-05 0.00261148 0.156664
0.0724001 9.9991E-05 0.027405 0.0079351 0.744885 0.0759483 0.0713269
0.0591837 0.0264599 0.122265 0.0692213 0.237054 0.0307098 0.455106
0.246104 9.9991E-05 0.0636125 0.0964584 0.0948494 0.00367781 0.495198
0.000876188 9.9982E-05 0.0548583 0.0805833 0.228387 9.9982E-05 0.635095
9.9982E-05 0.0608043 9.9982E-05 0.0311996 0.264299 0.101636 0.541861
0.00811306 9.9991E-05 0.0266955 0.26781 0.476088 0.0229592 0.198234
0.145766 0.0537574 9.9982E-05 0.122172 0.521441 0.156664 9.9982E-05
9.9991E-05 0.0024518 0.0136964 0.0836335 0.187195 0.18073 0.532193
0.0760695 9.9991E-05 0.0250807 0.103167 0.494734 0.222825 0.0780236
0.0345609 0.129228 0.0648061 0.134397 0.152395 0.138148 0.346466
0.162808 0.0562071 9.9991E-05 0.0448532 0.618473 0.0653186 0.0522395
0.0280801 0.0116011 0.132959 9.9991E-05 0.297944 0.112537 0.416779
0.0971082 9.9982E-05 0.00368282 9.9982E-05 0.662363 0.13204 0.104605
0.0529638 0.0700361 0.0571928 0.103687 0.403467 0.0262563 0.286397
0.0529403 0.103911 0.0894233 0.112623 0.0307705 0.132684 0.477648
0.0147142 9.9982E-05 9.9982E-05 0.511103 0.0355796 0.12927 0.309134
0.0576411 9.9982E-05 9.9982E-05 0.222966 0.050211 0.0930388 0.575943
0.126794 0.0413119 9.9982E-05 0.1472 0.08938 9.9982E-05 0.595114
9.9982E-05 0.0707011 9.9982E-05 0.450675 0.0698242 0.126931 0.281669
0.0500908 0.027844 9.9982E-05 0.226508 9.9982E-05 0.114992 0.580365
9.9973E-05 0.0929756 9.9973E-05 0.194959 9.9973E-05 0.161428 0.550338
9.9973E-05 0.17568 9.9973E-05 0.652167 9.9973E-05 0.098473 0.0733801
9.9973E-05 0.019344 9.9973E-05 0.610342 9.9973E-05 0.118943 0.251072
9.9964E-05 9.9964E-05 9.9964E-05 0.337157 9.9964E-05 0.102989 0.559454
9.9973E-05 0.108285 9.9973E-05 0.593981 9.9973E-05 0.070858 0.226576
0.0045974 0.150178 9.9991E-05 0.315113 0.0333236 0.0414327 0.455256
9.9973E-05 0.158725 0.0138819 9.9973E-05 0.74939 0.0777036 9.9973E-05
9.9991E-05 0.0705587 0.0197476 0.164531 0.455654 0.0737415 0.215667
9.9991E-05 0.105883 0.121996 0.0245788 0.332889 0.110518 0.304035
0.0402033 0.00928293 0.0856328 9.9991E-05 0.267863 0.0512216 0.545696
9.9991E-05 0.106627 0.0292839 0.00176259 0.441576 0.196835 0.223816
0.040115 9.9991E-05 0.070226 0.141796 0.186193 0.0526839 0.508886
9.9991E-05 0.0366221 0.0604782 0.0214128 0.171225 0.0979078 0.612254
0.00866405 0.170554 0.131685 9.9991E-05 0.234338 0.113148 0.341511
0.0294964 0.0420968 0.0539511 9.9991E-05 0.388946 0.0628013 0.422608
9.9982E-05 0.0748024 0.0687859 9.9982E-05 0.291726 0.171593 0.392892
9.9982E-05 0.103001 0.062257 9.9982E-05 0.578182 0.142189 0.114171
9.9982E-05 0.0999199 0.0965002 9.9982E-05 0.291825 0.208004 0.303552
9.9991E-05 0.00462873 0.0668917 0.0305333 0.397103 0.00900366 0.491739
0.0760652 9.9973E-05 9.9973E-05 9.9973E-05 0.276962 0.0461139 0.600559
0.0671561 0.0509185 9.9991E-05 0.144037 0.358305 0.0109556 0.368528
9.9982E-05 0.0286379 0.127544 9.9982E-05 0.420792 0.0283699 0.394456
0.0685213 9.9973E-05 9.9973E-05 9.9973E-05 0.482243 0.0999233 0.349012
9.9973E-05 9.9973E-05 0.0316638 9.9973E-05 0.321106 0.0564605 0.59047
0.102965 0.0302951 0.0184256 9.9991E-05 0.235857 0.129702 0.482656
0.0762609 0.102065 0.0998465 9.9991E-05 0.267695 0.0458414 0.408192
0.410892 0.00812855 0.0573383 0.00791576 0.0328613 9.9991E-05 0.482765
0.187424 0.144429 0.183213 0.0340928 9.9982E-05 9.9982E-05 0.450641
0.16547 0.0623224 0.139264 0.10661 0.0756289 9.9991E-05 0.450604
9.9991E-05 0.0522037 0.205756 0.118338 0.127766 0.00675928 0.489076
0.199428 0.00484618 0.137117 0.0504039 0.0855122 9.9991E-05 0.522593
9.9991E-05 0.0711453 0.0559334 0.172877 0.292725 0.0123533 0.394866
0.246408 9.9982E-05 0.049705 0.0235726 0.149004 9.9982E-05 0.531111
0.247629 0.0553639 0.131 0.500324 0.0654826 9.9982E-05 9.9982E-05
0.116409 9.9991E-05 0.157463 0.0776264 0.117732 0.0120028 0.518667
0.100195 0.0801952 0.122053 0.0663041 9.9991E-05 0.0612263 0.569927
9.9982E-05 0.00644473 0.270515 0.0716501 0.302937 9.9982E-05 0.348253
0.160508 0.0325544 0.110548 0.151092 0.289863 9.9991E-05 0.255335
0.180727 0.056519 0.127463 0.0603085 0.027253 9.9991E-05 0.547629
0.108819 9.9982E-05 0.139228 0.13373 0.0815316 9.9982E-05 0.536491
0.480685 9.9964E-05 0.198636 0.320279 9.9964E-05 9.9964E-05 9.9964E-05
0.235059 9.9991E-05 0.267528 0.0137701 0.00301614 0.0492334 0.431293
0.0846133 0.0295853 0.245025 0.0895548 0.0309939 0.00144085 0.518787
0.150753 9.9991E-05 0.0514398 0.182478 0.0172153 0.0332234 0.56479
0.183859 9.9973E-05 0.131068 0.120292 9.9973E-05 9.9973E-05 0.564481
0.148546 0.0917161 0.132416 0.116916 0.0607281 9.9991E-05 0.449578
9.9991E-05 0.12996 0.0287794 0.157961 0.0894192 0.0819998 0.51178
0.041128 0.0355533 0.0315705 0.212283 0.129978 0.0157717 0.533715
9.9964E-05 0.236676 9.9964E-05 0.464054 0.29887 9.9964E-05 9.9964E-05
9.9964E-05 0.175567 9.9964E-05 0.536022 0.288012 9.9964E-05 9.9964E-05
0.0137647 0.0796142 0.0741977 0.162795 0.161899 0.0255005 0.482229
0.0809238 9.9982E-05 0.298184 0.138502 0.114931 9.9982E-05 0.36726
0.0845343 0.0629883 0.349332 0.204053 9.9982E-05 9.9982E-05 0.298893
0.21072 0.0416818 0.244969 0.263969 0.033402 9.9991E-05 0.205159
0.163757 9.9982E-05 0.279907 0.173664 0.052504 9.9982E-05 0.329969
0.0281659 9.9991E-05 0.0883161 0.674463 0.119038 0.0294654 0.0604516
0.101163 0.0533866 0.0935751 0.509093 0.00528826 9.9991E-05 0.237394
9.9982E-05 0.0337669 0.139167 0.15653 0.150208 9.9982E-05 0.520127
9.9982E-05 0.0337429 0.136291 0.227171 0.169408 9.9982E-05 0.433186
0.0074271 0.00207462 0.106989 0.463905 0.127264 0.00143653 0.290905
0.0586251 0.00947153 0.0552913 0.20366 0.0955161 9.9991E-05 0.577336
9.9982E-05 9.9982E-05 0.155607 0.262551 0.0256657 0.0283724 0.527603
0.103744 0.0311307 0.187211 0.0885707 0.187889 0.0183749 0.38308
9.9982E-05 0.133013 9.9982E-05 0.33359 0.162449 0.0729401 0.297808
9.9991E-05 0.124967 0.0647805 0.282832 0.20526 0.00170598 0.320355
0.0527464 0.0970506 9.9991E-05 0.198855 0.101246 0.0390549 0.510947
0.0365213 0.109571 0.0430513 0.208488 0.169131 0.0890427 0.344194
0.0779406 0.0113067 0.0863995 0.256862 0.130548 0.0438085 0.393135
9.9973E-05 0.0798393 9.9973E-05 0.351601 0.0724176 9.9973E-05 0.495843
9.9982E-05 0.0677019 9.9982E-05 0.480917 0.151366 0.0477012 0.252113
9.9964E-05 0.21411 9.9964E-05 0.16697 9.9964E-05 9.9964E-05 0.61852
0.0960421 0.1645 0.144784 0.0235299 0.0891025 0.0335419 0.4485
9.9973E-05 0.217642 9.9973E-05 0.397386 0.158559 9.9973E-05 0.226113
9.9973E-05 0.0932046 9.9973E-05 0.3458 0.14677 9.9973E-05 0.413926
9.9991E-05 0.178023 0.0780824 0.0739313 0.0622257 0.0718845 0.535754
9.9982E-05 0.0549264 0.02945 0.192964 0.262545 9.9982E-05 0.459915
0.121122 0.0792228 0.152552 0.0905524 0.0855327 0.0461377 0.42488
0.118549 0.0841357 0.203691 0.186414 9.9991E-05 0.0457423 0.361368
0.118106 9.9991E-05 0.229986 0.178867 0.0125792 0.041899 0.418464
0.138646 9.9991E-05 0.163345 0.175096 0.0951208 0.0768559 0.350836
0.151483 0.048337 0.177224 0.0380386 0.06564 0.0592421 0.460035
0.12801 9.9982E-05 0.176523 0.177996 9.9982E-05 0.0827884 0.434483
0.133349 9.9973E-05 0.162815 0.673289 9.9973E-05 0.0302475 9.9973E-05
0.0169093 9.9982E-05 0.201367 0.0883582 9.9982E-05 0.0942675 0.598898
0.327189 9.9964E-05 0.170277 0.502134 9.9964E-05 9.9964E-05 9.9964E-05
0.0724455 0.0590531 0.272986 0.187722 9.9982E-05 9.9982E-05 0.407594
9.9982E-05 0.3172 9.9982E-05 0.577763 0.0130652 0.00768001 0.0840918
9.9964E-05 0.241349 9.9964E-05 0.557012 0.201239 9.9964E-05 9.9964E-05
9.9973E-05 0.182525 9.9973E-05 0.182451 0.122152 9.9973E-05 0.512572
0.0112411 0.0963393 9.9982E-05 0.165845 0.0908892 9.9982E-05 0.635485
9.9973E-05 0.178533 9.9973E-05 0.27135 0.173611 9.9973E-05 0.376205
9.9982E-05 0.267606 0.0192179 0.181027 0.121897 9.9982E-05 0.410053
9.9973E-05 0.0479818 9.9973E-05 0.26884 0.10702 9.9973E-05 0.575858
0.72629 9.9982E-05 0.0703708 0.106201 9.9982E-05 0.0125267 0.0844114
0.693826 9.9982E-05 0.124099 0.0513812 0.102441 0.0280532 9.9982E-05
0.883987 9.9973E-05 0.0631646 9.9973E-05 0.0360538 0.0164951 9.9973E-05
0.942797 9.9973E-05 9.9973E-05 0.0159043 9.9973E-05 0.00806665 0.0329317
0.0750757 0.389167 9.9982E-05 9.9982E-05 0.0368862 0.0528316 0.44584
0.0454279 0.40856 9.9982E-05 9.9982E-05 0.0741101 0.004309 0.467393
9.9964E-05 0.454903 9.9964E-05 9.9964E-05 0.084352 9.9964E-05 0.460346
0.140895 0.235186 0.00389532 9.9991E-05 0.0431767 0.00564239 0.571104
0.0487745 0.214598 0.144821 0.0137771 9.9991E-05 0.146757 0.431172
0.0166551 0.511506 9.9991E-05 0.119849 0.0202216 0.0789907 0.252678
0.00281945 0.38368 0.0330138 9.9973E-05 9.9973E-05 9.9973E-05 0.580187
9.9964E-05 0.488249 9.9964E-05 0.207601 9.9964E-05 9.9964E-05 0.303751
0.230206 0.00389432 0.229961 0.0270081 0.103503 0.00413178 0.401296
9.9982E-05 0.335865 0.0676478 0.096272 9.9982E-05 0.0762611 0.423754
9.9982E-05 0.618775 0.0291717 9.9982E-05 0.0192606 0.0795639 0.253029
9.9991E-05 0.304599 0.0164384 0.0203609 0.0590126 0.0110827 0.588406
0.0407636 0.409484 9.9982E-05 9.9982E-05 0.136001 0.00661169 0.406939
9.9973E-05 0.355659 0.0155137 0.0909829 9.9973E-05 9.9973E-05 0.537544
0.0585361 0.351636 0.0302306 0.0418515 0.0356148 9.9991E-05 0.482031
9.9964E-05 0.882401 9.9964E-05 0.0995262 9.9964E-05 9.9964E-05 0.0176732
9.9973E-05 0.605675 0.0676919 0.132019 9.9973E-05 9.9973E-05 0.194314
9.9982E-05 0.677385 0.0153338 9.9982E-05 0.0184451 0.0552178 0.233419
9.9955E-05 0.771857 9.9955E-05 0.227643 9.9955E-05 9.9955E-05 9.9955E-05
0.021579 0.495644 9.9973E-05 9.9973E-05 9.9973E-05 0.0350201 0.447457
9.9973E-05 0.634348 0.0358513 0.223927 9.9973E-05 9.9973E-05 0.105574
0.0237625 0.820741 9.9964E-05 0.155097 9.9964E-05 9.9964E-05 9.9964E-05
9.9991E-05 0.377568 0.0377731 0.0222551 0.0546787 0.0346278 0.472997
0.0548691 0.640887 9.9991E-05 0.00321662 0.0723011 0.0434016 0.185224
9.9982E-05 0.332633 0.0767539 9.9982E-05 0.0802657 0.102244 0.407904
0.110464 0.215747 0.0853123 9.9982E-05 0.107916 9.9982E-05 0.480361
0.0239936 0.315345 9.9973E-05 9.9973E-05 9.9973E-05 0.0954024 0.564959
9.9982E-05 0.0209754 0.000911061 0.220114 0.419964 9.9982E-05 0.337836
9.9982E-05 0.289796 0.0230756 0.0635453 9.9982E-05 0.105656 0.517727
0.0314438 0.325459 0.00653906 0.0107311 0.0635268 0.0585364 0.503763
9.9973E-05 0.654095 9.9973E-05 0.0233271 0.0449104 9.9973E-05 0.277368
0.0965876 0.300573 0.00668452 0.0502564 0.0547443 0.05293 0.438224
0.616481 9.9991E-05 0.006746 0.0333017 0.140911 0.193149 0.00931163
0.718334 0.0292181 9.9982E-05 0.0634509 9.9982E-05 0.08607 0.102727
0.832502 9.9973E-05 9.9973E-05 0.0544719 0.0240194 0.0887064 9.9973E-05
0.799906 0.0343626 9.9964E-05 9.9964E-05 9.9964E-05 0.165332 9.9964E-05
0.724576 9.9973E-05 9.9973E-05 9.9973E-05 0.0164356 0.186944 0.0717446
0.0540005 0.675524 0.0121078 9.9991E-05 0.164125 0.00476277 0.08938
0.0987812 0.688205 9.9982E-05 9.9982E-05 0.117031 0.00494748 0.0908356
9.9973E-05 0.792362 0.0206959 0.10903 9.9973E-05 9.9973E-05 0.077613
0.0348313 0.110761 0.103306 0.0886807 0.104299 9.9991E-05 0.558023
0.0706586 0.209093 0.10056 0.0461766 9.9991E-05 0.0916791 0.481733
9.9982E-05 0.483753 0.0622506 0.182671 9.9982E-05 0.0195072 0.251619
9.9982E-05 0.206072 0.0699505 0.0594377 0.0216929 9.9982E-05 0.642647
0.0386905 0.417766 0.0269865 0.014841 0.0691918 9.9991E-05 0.432424
9.9982E-05 0.273 9.9982E-05 0.0609166 0.156041 0.0351991 0.474644
9.9982E-05 0.285183 0.0920946 0.072577 0.0152499 9.9982E-05 0.534696
9.9991E-05 0.58395 0.00772637 0.0169869 0.0692133 0.103187 0.218836
9.9973E-05 0.53299 9.9973E-05 9.9973E-05 0.105826 0.0211566 0.339727
9.9973E-05 0.520379 9.9973E-05 9.9973E-05 0.115306 0.106446 0.257569
0.10248 9.9982E-05 9.9982E-05 0.147172 0.0456365 0.091775 0.612737
9.9973E-05 0.572291 9.9973E-05 9.9973E-05 0.0450472 0.0341726 0.348189
0.0421841 0.394983 0.0151418 0.0493474 0.0349485 0.00386997 0.459525
0.000733907 0.120432 0.480375 0.0301371 0.0433686 0.0338906 0.291063
0.0624106 0.0175219 0.437076 0.0487487 0.0908714 0.0554165 0.287955
0.0588491 0.0203625 0.477582 0.0762529 9.9982E-05 9.9982E-05 0.366754
0.119991 9.9973E-05 0.486746 0.168979 9.9973E-05 9.9973E-05 0.223983
0.108127 9.9982E-05 0.237658 0.0677624 9.9982E-05 0.0493197 0.536933
9.9973E-05 0.296472 9.9973E-05 0.108076 0.0869596 9.9973E-05 0.508192
0.264966 9.9964E-05 0.695288 0.0393463 9.9964E-05 9.9964E-05 9.9964E-05
0.177644 0.0161767 0.429376 0.0596387 9.9991E-05 0.00693985 0.310124
0.0529262 0.0625468 0.1475 0.249314 9.9991E-05 0.0277472 0.459865
0.152443 9.9973E-05 9.9973E-05 0.178497 0.0681002 9.9973E-05 0.60066
0.102144 0.0256653 0.0294143 0.315533 0.00142258 0.0729789 0.452842
0.0856852 9.9982E-05 0.0390123 0.104947 9.9982E-05 0.112988 0.657168
0.104976 0.120921 9.9982E-05 0.0997804 9.9982E-05 0.0539161 0.620207
0.167745 9.9982E-05 0.467184 0.064764 0.00962272 9.9982E-05 0.290484
0.114209 0.009791 0.405259 9.9991E-05 0.0713925 0.0696186 0.329629
0.0780213 9.9964E-05 0.383007 9.9964E-05 9.9964E-05 9.9964E-05 0.538572
0.0398578 0.0887198 0.190838 9.9991E-05 0.0352953 0.135304 0.509885
0.108166 9.9982E-05 0.469967 0.0985354 0.0121006 9.9982E-05 0.311032
0.210403 0.120211 0.31927 0.0388793 9.9982E-05 9.9982E-05 0.311036
0.152843 0.035812 0.51386 0.107647 9.9982E-05 9.9982E-05 0.189638
0.0566865 9.9973E-05 0.364232 9.9973E-05 0.211769 9.9973E-05 0.367013
0.133903 0.0222351 9.9982E-05 0.253502 9.9982E-05 0.00618243 0.583978
0.0780173 9.9982E-05 0.309825 0.143643 9.9982E-05 0.0170294 0.451285
0.107508 9.99735E-05 0.662789 0.0780802 9.99735E-05 9.99735E-05 0.151323
0.114332 0.0843825 0.315167 0.0297812 0.0646454 0.0235314 0.36816
0.160528 0.165875 0.00251548 0.223472 0.0714239 0.190728 0.185457
9.9982E-05 9.9982E-05 0.146623 0.307706 0.00346628 0.0287309 0.513273
0.115878 0.0624081 0.311481 0.133529 0.012493 9.9991E-05 0.364112
0.168562 9.9991E-05 0.00293475 0.100868 0.0524101 0.0498901 0.625236
0.13477 0.0572625 9.9982E-05 0.191455 9.9982E-05 0.0572135 0.559098
0.26536 0.178029 0.213628 0.0333831 9.9982E-05 9.9982E-05 0.3094
0.201439 9.9982E-05 0.258408 0.0707992 0.118831 9.9982E-05 0.350323
0.125061 0.0406363 0.0660054 0.155339 0.0648231 0.0524015 0.495734
0.137308 0.0660376 0.315699 9.9973E-05 9.9973E-05 9.9973E-05 0.480655
0.0838218 0.0309412 0.413462 0.0114595 0.0110459 0.0111846 0.438085
0.192675 9.9982E-05 0.560597 0.0267473 9.9982E-05 0.00212083 0.21766
0.0542926 0.0228759 0.00912263 0.173907 9.9991E-05 0.0774497 0.662252
0.128191 0.103769 9.9991E-05 0.12356 0.0838648 0.0447134 0.515802
0.126552 9.9973E-05 9.9973E-05 0.583514 9.9973E-05 0.0467552 0.242878
0.0880537 0.0143624 0.0810406 0.0988359 0.0199438 0.106844 0.59092
0.10283 0.0676061 0.0664159 0.142865 0.093177 0.0906966 0.436409
0.197798 0.0827026 0.105031 0.135064 9.9991E-05 0.0115908 0.467713
0.140685 0.0462024 0.0893559 0.122311 0.016304 0.0961044 0.489037
0.309122 9.9964E-05 0.195087 0.495391 9.9964E-05 9.9964E-05 9.9964E-05
0.306097 9.9964E-05 0.0778542 0.615649 9.9964E-05 9.9964E-05 9.9964E-05
0.12191 9.9982E-05 0.0608977 0.332895 0.13569 9.9982E-05 0.348408
0.326009 0.0320572 0.158499 0.393061 0.0368225 9.9991E-05 0.0534506
0.411947 9.9964E-05 0.211522 0.376131 9.9964E-05 9.9964E-05 9.9964E-05
0.181708 0.12911 0.090713 0.254703 0.00628971 0.0124209 0.325055
0.158995 0.0143463 0.0819931 0.205918 0.0639837 9.9991E-05 0.474664
0.270123 0.105433 0.188912 0.252987 0.0214456 9.9991E-05 0.160999
0.277933 9.9982E-05 0.145566 0.447041 0.00114921 9.9982E-05 0.128111
0.13339 0.0151757 0.0527397 0.196974 9.9991E-05 0.0425063 0.559113
0.22174 0.086129 0.144678 0.403816 0.0472548 9.9991E-05 0.0962819
0.429075 9.9964E-05 0.0474733 0.523052 9.9964E-05 9.9964E-05 9.9964E-05
0.139359 9.9982E-05 0.168661 0.0450532 0.139305 9.9982E-05 0.507422
0.146257 0.0696977 0.203853 0.220049 0.0708919 9.9991E-05 0.289151
0.280334 0.0257014 0.159493 0.0223877 0.0486513 9.9991E-05 0.463332
0.132598 9.9982E-05 0.249472 9.9982E-05 0.0284882 0.0408189 0.548423
0.17592 0.15899 0.00801157 0.0658538 9.9991E-05 0.0744165 0.516708
0.114224 9.9991E-05 0.184404 0.104591 0.0681743 0.0624611 0.466045
0.107242 9.9982E-05 0.227631 0.123089 0.0253728 9.9982E-05 0.516465
0.325099 9.9973E-05 0.196599 9.9973E-05 0.149099 9.9973E-05 0.328904
0.13856 0.022669 0.130823 0.0370316 0.0946438 0.0517455 0.524527
0.263369 0.0453219 0.209031 9.9991E-05 0.00121574 0.0247523 0.45621
0.191563 0.0186785 0.167752 0.190856 9.9991E-05 0.0745634 0.356487
0.0996514 0.230083 0.135401 0.154356 0.137583 0.00524015 0.237686
0.221757 0.0822089 0.0309209 9.9991E-05 0.0291663 0.084621 0.551226
0.106396 0.0798949 0.0945277 0.130458 0.0756379 0.0267506 0.486335
0.161834 0.15598 0.129344 9.9973E-05 9.9973E-05 9.9973E-05 0.552542
0.300303 9.9982E-05 0.293021 0.0539004 9.9982E-05 0.0192594 0.333316
0.194513 0.0176773 0.192593 0.0161484 9.9991E-05 0.055056 0.523912
0.373955 9.9973E-05 0.184789 0.309916 9.9973E-05 9.9973E-05 0.13104
0.12146 0.0172707 0.202271 0.0969097 0.0296749 9.9991E-05 0.532313
0.209035 0.068715 0.342225 0.227124 9.9982E-05 9.9982E-05 0.152701
0.74916 0.0966758 9.9982E-05 0.0346098 9.9982E-05 0.091466 0.0278886
0.0118398 0.0201245 0.0450815 0.00287053 0.296329 0.58968 0.0340744
9.9955E-05 9.9955E-05 9.9955E-05 9.9955E-05 0.31342 0.68608 9.9955E-05
0.0227025 9.9964E-05 9.9964E-05 9.9964E-05 0.281901 0.694997 9.9964E-05
9.9964E-05 9.9964E-05 9.9964E-05 9.9964E-05 0.44292 0.554794 0.00188633
9.9964E-05 9.9964E-05 0.0408693 9.9964E-05 0.25294 0.705791 9.9964E-05
9.9964E-05 9.9964E-05 9.9964E-05 9.9964E-05 0.317053 0.650575 0.0319718
0.0531223 9.9964E-05 9.9964E-05 9.9964E-05 0.318373 0.628105 9.9964E-05
0.185509 9.9964E-05 9.9964E-05 9.9964E-05 0.272139 0.541952 9.9964E-05
0.877474 0.0122471 0.0259959 9.9982E-05 0.053879 9.9982E-05 0.0302036
0.830039 9.9964E-05 9.9964E-05 9.9964E-05 9.9964E-05 0.0631188 0.106442
0.899294 0.0303713 9.9973E-05 9.9973E-05 9.9973E-05 0.0233189 0.0467163
0.790328 9.9982E-05 9.9982E-05 0.0439241 0.106006 0.0025158 0.0570267
0.866851 9.9982E-05 0.0140651 9.9982E-05 0.0783798 0.0171808 0.0233231
0.872236 0.0180034 9.9982E-05 0.0393661 0.059521 0.0106738 9.9982E-05
0.700389 9.9982E-05 0.142622 9.9982E-05 0.080531 0.0285971 0.0476611
0.877208 0.0176152 0.0701551 9.9982E-05 9.9982E-05 0.00705278 0.0277691
0.723847 0.00940142 0.0412418 0.000311226 0.100779 0.0624714 0.0619482
0.913516 9.9964E-05 0.00494141 9.9964E-05 9.9964E-05 9.9964E-05 0.0811429
0.927663 9.9964E-05 9.9964E-05 9.9964E-05 9.9964E-05 0.0367315 0.0352058
0.818305 0.00105033 0.0561116 0.0174068 0.0616207 0.0194048 0.0261009
0.917862 9.9964E-05 0.0251833 9.9964E-05 9.9964E-05 0.0565553 9.9964E-05
0.86782 9.9982E-05 0.0464401 0.0158798 9.9982E-05 0.0462629 0.0233972
0.857362 0.0744145 0.0678239 9.9964E-05 9.9964E-05 9.9964E-05 9.9964E-05
0.850427 9.9955E-05 9.9955E-05 9.9955E-05 9.9955E-05 9.9955E-05 0.149074
0.78446 9.9964E-05 0.106352 9.9964E-05 9.9964E-05 9.9964E-05 0.108788
0.780008 0.00322735 0.121766 9.9973E-05 9.9973E-05 9.9973E-05 0.0946989
0.825251 0.00892348 0.0561357 9.9982E-05 0.00145888 9.9982E-05 0.108031
0.156394 0.150142 9.9991E-05 0.208493 0.0344419 0.0505057 0.399923
0.0264462 0.0661912 9.9991E-05 0.141242 0.0190751 0.0509528 0.695993
0.15769 0.201127 9.9973E-05 0.0924655 9.9973E-05 9.9973E-05 0.548418
9.9964E-05 9.9964E-05 9.9964E-05 0.728404 9.9964E-05 0.0812447 0.189951
0.14467 9.9982E-05 9.9982E-05 0.191306 0.0776908 0.0402868 0.545847
0.0699854 9.9973E-05 9.9973E-05 0.705735 9.9973E-05 0.0613613 0.162618
9.9973E-05 9.9973E-05 0.086502 0.216718 9.9973E-05 0.0932164 0.603264
0.0549839 0.104351 9.9991E-05 0.196734 0.155449 0.0672749 0.421108
0.0621991 0.0796976 9.9991E-05 0.180593 0.0785239 0.063267 0.535619
0.055498 0.369348 9.9982E-05 9.9982E-05 0.00843489 0.0232661 0.543253
0.0698973 9.9973E-05 9.9973E-05 0.263643 9.9973E-05 0.208338 0.457823
0.106987 0.0344232 0.0163257 0.150476 9.9991E-05 0.0775674 0.614121
0.0860302 0.0718193 9.9991E-05 0.13076 0.0128848 0.135812 0.562594
9.9982E-05 0.198047 0.0181408 0.175503 0.479447 0.128662 9.9982E-05
9.9955E-05 9.9955E-05 9.9955E-05 0.814035 9.9955E-05 0.185465 9.9955E-05
0.0045057 9.9973E-05 9.9973E-05 0.625506 9.9973E-05 0.111962 0.257727
0.0849649 9.9982E-05 0.00809622 0.136447 9.9982E-05 0.0541637 0.716128
0.0710536 9.9982E-05 9.9982E-05 0.305442 0.00737528 0.103462 0.512468
