0.873111 0.0288543 0.0495293 0.0310798 9.9982E-05 9.9982E-05 0.0172259
0.868457 9.9982E-05 0.0492367 0.0519637 9.9982E-05 0.00882114 0.0213218
0.737382 0.0377394 9.9991E-05 0.0481285 0.0677455 0.0490063 0.059898
0.796424 0.0463685 0.00543837 0.0229944 0.0864111 9.9991E-05 0.0422634
0.93267 0.0105441 9.9964E-05 9.9964E-05 0.0563856 9.9964E-05 9.9964E-05
0.595889 0.0506173 0.103012 0.0169983 0.0748002 0.0564442 0.102239
0.68926 0.00140626 9.9982E-05 0.054603 9.9982E-05 0.0948982 0.159632
0.676029 0.140184 9.9991E-05 0.00673791 0.00455319 0.0565254 0.115871
0.811733 0.153015 9.99729E-05 0.0230067 9.99729E-05 9.99729E-05 0.011945
0.590428 0.052412 0.0236605 0.0325661 0.097279 0.0272055 0.176449
0.719878 0.0616019 0.0316646 9.9982E-05 9.9982E-05 0.0968258 0.0898295
0.041602 0.00317933 9.9982E-05 9.9982E-05 0.00295933 0.949606 0.00245362
9.9973E-05 9.9973E-05 9.9973E-05 0.0271557 0.0446327 0.885754 0.0421573
0.0624343 9.9991E-05 0.0287343 0.0219156 0.0973267 0.78147 0.00801923
0.0692369 0.0670137 9.9982E-05 0.00847145 9.9982E-05 0.7963 0.0587777
9.9973E-05 9.9973E-05 0.00712409 0.00837054 0.0982679 0.885938 9.9973E-05
9.9964E-05 9.9964E-05 9.9964E-05 9.9964E-05 0.0229107 0.9702 0.00648978
9.9973E-05 9.9973E-05 9.9973E-05 0.00301548 0.141913 0.79961 0.0551617
9.9982E-05 0.0301379 0.0190541 9.9982E-05 0.0477234 0.831756 0.0711281
9.995E-05 9.995E-05 9.995E-05 0.9994 9.995E-05 9.995E-05 9.995E-05
9.995E-05 9.995E-05 9.995E-05 0.9994 9.995E-05 9.995E-05 9.995E-05
0.485289 9.9991E-05 0.0784404 0.336703 0.0480803 0.0366245 0.014763
0.542451 9.9973E-05 0.114891 0.289363 0.052995 9.9973E-05 9.9973E-05
0.017129 0.167185 0.0282773 9.99828E-05 9.99828E-05 0.744659 0.0425501
0.00446658 9.9982E-05 0.509342 0.0467346 0.0146844 0.424572 9.9982E-05
9.9964E-05 9.9964E-05 0.699422 9.9964E-05 0.126815 0.173362 9.9964E-05
0.0471628 0.0146099 0.748588 9.9982E-05 9.9982E-05 0.0252747 0.164164
9.9982E-05 0.205979 0.221105 9.9982E-05 0.00080815 0.561557 0.0103516
9.9973E-05 0.00868487 0.42702 9.9973E-05 9.9973E-05 0.298537 0.265458
0.0388836 0.193045 0.272424 0.0308292 9.9991E-05 0.385645 0.0790723
0.146119 0.0976862 0.0388289 0.0539417 0.00967604 0.480511 0.173237
0.00327308 0.0869761 0.0641316 0.073277 9.9991E-05 0.735699 0.0365431
0.0209507 0.0754876 0.134066 0.0619414 0.0747452 0.5852 0.047609
9.9982E-05 0.0533261 0.122446 0.0516935 9.9982E-05 0.644391 0.127943
0.0420031 9.9982E-05 0.545483 0.00855187 0.0434634 0.360299 9.9982E-05
0.0295641 0.00984584 0.890027 0.00103563 9.9982E-05 9.9982E-05 0.0693278
0.0665371 0.0672044 0.865859 9.9964E-05 9.9964E-05 9.9964E-05 9.9964E-05
0.00752913 0.0613165 0.846023 9.9982E-05 0.0620967 0.0228348 9.9982E-05
0.0805204 0.0573029 0.467438 9.9982E-05 0.0652256 0.329313 9.9982E-05
0.03075 0.0683315 0.519658 9.9982E-05 0.0656568 0.315404 9.9982E-05
0.0560025 9.9973E-05 0.863101 9.9973E-05 9.9973E-05 0.00334307 0.0772538
0.754815 9.9973E-05 9.9973E-05 0.00758318 0.0597112 0.17759 9.9973E-05
0.871826 9.9964E-05 9.9964E-05 0.0957997 0.0319748 9.9964E-05 9.9964E-05
0.816637 9.9973E-05 9.9973E-05 0.107766 0.0536357 0.0216615 9.9973E-05
0.867047 9.9973E-05 9.9973E-05 0.0895549 0.0312906 9.9973E-05 0.0118074
0.829467 9.9982E-05 9.9982E-05 0.0986422 0.0407917 0.00638042 0.0245189
0.833546 0.0142542 9.9973E-05 0.0692951 0.082605 9.9973E-05 9.9973E-05
0.907486 9.9964E-05 9.9964E-05 0.0624659 0.0296484 9.9964E-05 9.9964E-05
0.0527536 9.9964E-05 0.606382 9.9964E-05 9.9964E-05 0.340464 9.9964E-05
0.0302819 0.0552703 0.569205 0.0221461 9.9982E-05 0.322897 9.9982E-05
9.9982E-05 0.0616122 0.712053 0.0330719 0.180051 0.0130116 9.9982E-05
0.0562549 0.0660989 0.178257 0.00343603 0.00677272 0.535645 0.153535
0.0284006 0.127533 0.261328 0.0226523 0.100142 0.459844 9.9991E-05
9.9991E-05 0.198074 0.217354 0.0162286 0.0760879 0.32133 0.170825
9.9991E-05 0.196146 0.43636 0.00781312 0.0512928 0.17296 0.135328
0.066517 0.0570485 0.123788 9.9973E-05 9.9973E-05 0.752347 9.9973E-05
0.0500045 0.0327777 0.0756453 9.9982E-05 0.0623921 0.77898 9.9982E-05
9.9991E-05 0.0482158 0.237458 0.00286679 0.0806877 0.485441 0.145231
0.0718677 0.10055 0.367287 9.9982E-05 9.9982E-05 0.0785118 0.381584
9.9991E-05 0.0609792 0.294824 0.0543888 0.035334 0.203143 0.351231
9.9982E-05 0.119206 0.422907 0.0412907 9.9982E-05 0.0656387 0.350758
0.0323277 0.0288836 0.384329 0.0291059 0.0943143 0.284759 0.146281
0.0192466 0.0524361 0.351338 0.0456617 0.020131 0.182539 0.328648
9.9982E-05 0.0298167 0.381937 9.9982E-05 0.00511896 0.4335 0.149428
0.201811 0.0589899 0.0632778 0.0277505 0.28625 0.11971 0.242211
0.310115 9.9964E-05 9.9964E-05 9.9964E-05 0.0555112 9.9964E-05 0.633974
0.22696 9.9973E-05 9.9973E-05 0.00917528 0.104353 9.9973E-05 0.659212
0.239438 9.9973E-05 9.9973E-05 9.9973E-05 0.253434 0.101006 0.405822
0.00336456 0.0260039 0.566441 0.0080209 0.110097 0.0877857 0.198287
9.9973E-05 9.9973E-05 0.527758 9.9973E-05 0.0137203 0.095908 0.362314
9.9973E-05 0.00487308 0.452789 9.9973E-05 9.9973E-05 0.243851 0.298187
9.9964E-05 9.9964E-05 0.0104816 9.9964E-05 0.959909 0.029209 9.9964E-05
9.9955E-05 9.9955E-05 9.9955E-05 9.9955E-05 0.88523 0.11427 9.9955E-05
9.9955E-05 9.9955E-05 9.9955E-05 9.9955E-05 0.975066 9.9955E-05 0.0244338
0.0273575 0.0363839 9.9964E-05 9.9964E-05 0.935859 9.9964E-05 9.9964E-05
9.9973E-05 0.0011951 9.9973E-05 0.0203437 0.948438 0.0297236 9.9973E-05
9.995E-05 9.995E-05 9.995E-05 9.995E-05 0.9994 9.995E-05 9.995E-05
9.995E-05 9.995E-05 9.995E-05 9.995E-05 0.9994 9.995E-05 9.995E-05
9.9955E-05 9.9955E-05 9.9955E-05 0.032915 0.966585 9.9955E-05 9.9955E-05
9.9964E-05 0.0457924 9.9964E-05 0.00703903 0.946769 9.9964E-05 9.9964E-05
0.0555923 0.0274445 0.0277375 0.0235576 0.855605 0.00996357 9.9991E-05
9.9964E-05 9.9964E-05 9.9964E-05 0.0292063 0.965259 9.9964E-05 0.00513523
0.0710221 0.0105429 0.0261874 9.9973E-05 0.891948 9.9973E-05 9.9973E-05
0.211368 9.9982E-05 0.271317 0.0234237 9.9982E-05 0.0107145 0.482976
0.129445 0.0282452 0.291983 0.123155 0.107439 9.9991E-05 0.319633
0.0813268 9.9991E-05 0.113854 0.00162271 0.0811376 0.239848 0.482112
0.815513 0.0764973 0.0335536 9.9973E-05 9.9973E-05 9.9973E-05 0.0741362
0.843853 0.0112914 9.9973E-05 0.0827495 0.0618064 9.9973E-05 9.9973E-05
0.945494 0.00820274 9.9982E-05 0.0212923 9.9982E-05 0.00895944 0.0158512
0.884965 0.0584902 9.9982E-05 0.0275739 0.00838182 9.9982E-05 0.0203894
0.816565 9.9982E-05 9.9982E-05 0.053169 0.00975867 0.0403315 0.0799758
0.877552 9.9982E-05 0.0148239 0.0365105 0.0327042 9.9982E-05 0.0382095
0.864841 0.0175664 9.9982E-05 0.0484382 0.0686826 0.000271773 9.9982E-05
0.835506 9.9973E-05 0.0420074 0.0187504 9.9973E-05 9.9973E-05 0.103436
0.881947 9.9982E-05 0.00561909 0.0530575 0.00620037 0.0529763 9.9982E-05
0.810066 0.0138633 9.9973E-05 9.9973E-05 0.0666986 9.9973E-05 0.109072
0.570411 0.121721 0.0440193 0.0381157 9.9982E-05 0.225533 9.9982E-05
0.521063 0.259487 9.9973E-05 0.0394292 9.9973E-05 0.179721 9.9973E-05
0.480224 0.151557 0.0948796 0.0629344 9.9991E-05 0.163841 0.0464638
0.492667 0.189863 0.0063026 9.9973E-05 9.9973E-05 0.310867 9.9973E-05
9.9973E-05 0.195737 0.0524429 9.9973E-05 0.0262575 0.725263 9.9973E-05
0.0624681 9.9973E-05 0.714674 9.9973E-05 0.180944 0.0416131 9.9973E-05
9.9964E-05 0.0551419 0.921028 9.9964E-05 9.9964E-05 9.9964E-05 0.0234298
9.9982E-05 9.9982E-05 0.668757 0.0182237 0.113812 0.113766 0.085242
0.0952345 0.0732952 0.560168 9.9973E-05 9.9973E-05 0.271003 9.9973E-05
0.042031 0.922058 0.00396185 0.0201042 9.9982E-05 9.9982E-05 0.0116445
9.9964E-05 0.95492 9.9964E-05 9.9964E-05 0.0204112 9.9964E-05 0.0242687
9.9955E-05 0.99086 0.00864051 9.9955E-05 9.9955E-05 9.9955E-05 9.9955E-05
0.0431871 0.897925 0.0499458 0.00428627 9.9982E-05 9.9982E-05 0.0044559
9.9982E-05 0.880334 0.00865571 9.9982E-05 0.0419252 0.0640164 0.00486889
9.9955E-05 0.902452 9.9955E-05 9.9955E-05 0.0970484 9.9955E-05 9.9955E-05
0.836253 9.99778E-05 9.99778E-05 0.0745419 0.0335951 9.99778E-05 0.05531
0.757787 0.0340608 9.9982E-05 9.9982E-05 0.018129 0.0190779 0.170745
0.707158 0.0147374 9.9991E-05 0.0851997 0.116834 0.012408 0.0635625
0.657611 9.9982E-05 9.9982E-05 0.0502052 0.133733 0.132935 0.0253166
0.706557 9.9973E-05 9.9973E-05 9.9973E-05 0.0772644 0.0750336 0.140845
0.338718 0.492052 0.0395752 0.0429769 9.9982E-05 0.0864781 9.9982E-05
0.514312 0.365582 0.119707 9.9964E-05 9.9964E-05 9.9964E-05 9.9964E-05
0.409401 0.393103 0.0583575 0.0595966 9.9982E-05 0.0793414 9.9982E-05
9.995E-05 9.995E-05 9.995E-05 0.9994 9.995E-05 9.995E-05 9.995E-05
0.359535 0.500971 0.100877 0.0383165 9.9973E-05 9.9973E-05 9.9973E-05
0.1334 9.9982E-05 0.205858 0.0418241 0.371555 9.9982E-05 0.247164
0.258364 9.9964E-05 9.9964E-05 9.9964E-05 0.190381 9.9964E-05 0.550855
9.9982E-05 0.0323556 0.372972 9.9982E-05 0.0898973 0.353269 0.151306
0.0864635 0.0341121 9.9982E-05 0.0233984 0.0202482 0.835578 9.9982E-05
0.0448193 0.0543431 0.46542 0.0120325 0.173543 0.249743 9.9991E-05
9.9973E-05 0.0822719 0.552357 9.9973E-05 9.9973E-05 0.226562 0.138509
0.0179781 0.0448743 0.0538413 9.9982E-05 9.9982E-05 0.765365 0.117742
9.9964E-05 9.9964E-05 0.376464 9.9964E-05 9.9964E-05 0.458551 0.164585
9.9982E-05 0.0645108 0.326039 9.9982E-05 0.0939319 0.454687 0.0606315
0.00955705 0.126335 0.312845 9.9982E-05 0.158218 0.392844 9.9982E-05
0.805805 0.0109632 0.039657 9.9973E-05 0.143275 9.9973E-05 9.9973E-05
0.893959 9.9964E-05 0.0379706 9.9964E-05 0.0676701 9.9964E-05 9.9964E-05
0.839337 0.0208895 0.135281 9.9982E-05 0.00301942 0.0012736 9.9982E-05
0.798134 0.0366154 0.0987214 0.0207478 0.0455818 9.9982E-05 9.9982E-05
0.823299 0.00377823 0.0277179 0.037767 0.0715591 0.0357786 9.9991E-05
0.0098438 0.122712 0.0869429 0.00253787 0.0130123 0.723068 0.0418832
0.0597193 0.169227 0.059501 0.0521243 9.9991E-05 0.619992 0.0393365
0.0771697 0.218612 0.0353161 9.9982E-05 0.0389345 0.629767 9.9982E-05
0.136939 0.0912403 0.0193554 9.9982E-05 9.9982E-05 0.690912 0.0613531
0.0379357 0.0207844 9.9982E-05 0.0480099 9.9982E-05 0.859748 0.0333219
0.0888172 0.0337653 0.324003 0.0224485 0.128766 0.386187 0.0160137
9.9982E-05 0.0734584 0.391678 9.9982E-05 0.0220557 0.243341 0.269267
9.9964E-05 0.206391 0.499104 9.9964E-05 9.9964E-05 9.9964E-05 0.294106
9.9973E-05 0.0571492 0.567273 9.9973E-05 9.9973E-05 0.0480527 0.327225
9.9973E-05 0.135634 0.555701 9.9973E-05 9.9973E-05 0.0751823 0.233182
0.0519333 0.173758 0.00715768 0.0017932 0.015639 0.720502 0.029217
9.9982E-05 0.0781628 0.457116 9.9982E-05 0.115978 0.315064 0.0334791
9.9973E-05 0.00553758 0.172784 0.0130449 9.9973E-05 0.808333 9.9973E-05
9.9973E-05 0.12146 0.173299 9.9973E-05 0.0900025 0.614938 9.9973E-05
0.101288 9.9982E-05 0.279989 9.9982E-05 0.0786312 0.0616113 0.47828
0.305627 9.9982E-05 0.00885708 0.0515678 0.135067 9.9982E-05 0.498681
9.9991E-05 0.100984 0.791585 0.000257386 0.00288927 0.0522276 0.0519565
0.0839636 0.0904163 0.822511 9.9973E-05 9.9973E-05 0.00280912 9.9973E-05
0.0733439 9.9982E-05 0.299192 0.00896946 0.438373 9.9982E-05 0.179922
0.143259 9.9991E-05 0.192511 0.0673363 0.324578 0.136966 0.13525
0.050299 0.0502344 0.558119 9.9982E-05 0.10543 9.9982E-05 0.235718
0.0372791 0.0111271 0.586037 0.0893889 0.128704 9.9991E-05 0.147363
0.0932188 9.9982E-05 0.430121 0.00236508 0.315446 0.15865 9.9982E-05
9.9973E-05 9.9973E-05 0.688767 0.0692288 0.173199 9.9973E-05 0.0685055
0.00542466 0.0987393 0.598726 9.9991E-05 0.0537598 0.160975 0.0822752
0.0542715 0.0782969 0.686037 9.9982E-05 0.063056 0.118139 9.9982E-05
0.220834 9.9982E-05 0.535911 0.0118744 0.141922 9.9982E-05 0.0892588
0.239972 9.9982E-05 0.189174 0.0152386 0.0583973 9.9982E-05 0.497018
0.006765 0.0110973 0.922795 0.0116856 9.9982E-05 9.9982E-05 0.0474574
0.0506142 9.9982E-05 0.900574 0.0235489 0.00172037 9.9982E-05 0.0233429
9.9982E-05 0.0151352 0.65208 0.0235562 0.169815 0.139214 9.9982E-05
9.9982E-05 9.9982E-05 0.697949 0.00863885 0.0941335 0.155253 0.0438259
0.723514 9.9982E-05 0.103109 0.0719759 0.0432826 9.9982E-05 0.0579188
0.639561 0.0751226 0.00493276 0.0645241 0.12514 0.044806 0.0459131
0.869106 9.9973E-05 9.9973E-05 0.0416172 0.0843133 0.00466308 9.9973E-05
0.896771 9.9964E-05 9.9964E-05 0.0640983 9.9964E-05 9.9964E-05 0.0387312
9.9964E-05 9.9964E-05 0.962917 0.0279099 0.00877278 9.9964E-05 9.9964E-05
0.0211112 9.9982E-05 0.656683 0.0305318 0.0557205 0.235754 9.9982E-05
9.9955E-05 9.9955E-05 0.984184 0.0153163 9.9955E-05 9.9955E-05 9.9955E-05
9.99657E-05 9.99657E-05 0.677733 9.99657E-05 9.99657E-05 0.130897 0.19097
0.0506395 9.9964E-05 0.892234 9.9964E-05 9.9964E-05 9.9964E-05 0.0567266
0.0210739 9.9982E-05 0.503902 0.0200275 0.0381162 0.41668 9.9982E-05
9.9982E-05 0.00877341 0.782057 0.0603818 0.11109 0.0374972 9.9982E-05
0.575544 0.197301 9.9982E-05 0.0969656 0.0032984 0.126692 9.9982E-05
0.653965 0.0593532 9.9991E-05 0.0741705 0.0211464 0.148376 0.0428884
0.683342 0.1087 9.9982E-05 0.175684 9.9982E-05 0.0147466 0.0173273
0.763017 0.0999307 0.0262223 0.108918 9.9982E-05 9.9982E-05 0.00171135
0.611401 0.155925 0.0322151 0.0861363 9.9991E-05 0.075585 0.0386377
0.0768273 0.0432012 0.512044 9.9973E-05 9.9973E-05 0.367628 9.9973E-05
0.14577 0.00363591 0.598869 9.9973E-05 9.9973E-05 0.251425 9.9973E-05
9.9955E-05 9.9955E-05 0.936309 9.9955E-05 0.0631916 9.9955E-05 9.9955E-05
9.9982E-05 0.0109949 0.494477 0.00905665 0.119922 0.365349 9.9982E-05
9.9982E-05 0.0212705 0.54556 0.0403568 0.0612833 0.33133 9.9982E-05
0.224143 0.0180644 0.0151363 0.0228937 0.573533 9.9991E-05 0.146129
0.109223 0.110462 0.142919 0.0100671 9.9991E-05 0.475375 0.151854
0.00725246 0.064507 0.383315 0.0450785 0.0465326 9.9991E-05 0.453215
0.0765455 9.9973E-05 9.9973E-05 9.9973E-05 0.0337625 0.0244181 0.864974
9.9955E-05 9.9955E-05 9.9955E-05 0.0217944 9.9955E-05 9.9955E-05 0.977706
0.0613947 0.01928 0.00183195 0.0199037 0.0792353 0.0508635 0.767491
0.205346 9.9964E-05 9.9964E-05 9.9964E-05 0.138523 9.9964E-05 0.655731
0.281395 0.0380723 0.212612 0.000108392 0.12352 0.0254467 0.318846
0.0480664 9.9982E-05 9.9982E-05 0.0400713 0.0139847 0.102841 0.794837
9.9982E-05 9.9982E-05 0.19125 0.121107 0.0401233 0.067311 0.580009
0.00248596 9.9964E-05 9.9964E-05 0.0510928 9.9964E-05 9.9964E-05 0.946021
0.242698 9.9973E-05 0.15459 9.9973E-05 0.224335 9.9973E-05 0.378077
0.197757 9.9991E-05 0.0967545 0.0548753 0.309182 0.0483316 0.292999
0.751246 0.151149 0.0604183 0.028461 0.0085256 9.9982E-05 9.9982E-05
0.00174197 0.79822 9.9973E-05 9.9973E-05 0.000978088 0.19876 9.9973E-05
9.9964E-05 0.797052 9.9964E-05 0.0336974 9.9964E-05 0.16885 9.9964E-05
9.9955E-05 0.781683 9.9955E-05 9.9955E-05 9.9955E-05 0.217818 9.9955E-05
9.9973E-05 0.772436 9.9973E-05 0.0423094 0.0338204 0.151134 9.9973E-05
9.9982E-05 0.87382 0.0307667 0.0400567 0.00160464 0.0535522 9.9982E-05
0.0506902 0.748502 9.9973E-05 0.00631214 9.9973E-05 0.194196 9.9973E-05
0.126038 0.674615 9.9973E-05 0.0766971 9.9973E-05 0.12235 9.9973E-05
0.879493 9.9991E-05 0.0282478 0.0217177 0.0134235 0.0439476 0.0130709
0.703569 0.0474637 9.9991E-05 0.0865286 0.00174663 0.0978465 0.0627455
0.83762 9.9973E-05 9.9973E-05 0.0950691 0.0288798 0.0381308 9.9973E-05
0.787268 9.9982E-05 9.9982E-05 0.0211794 0.0177873 0.141506 0.0320588
0.848169 0.051205 0.00288964 0.0237686 0.0416712 0.02676 0.00553647
0.826243 0.0658487 9.9991E-05 0.00578614 0.0341046 0.0140615 0.0538562
0.875 0.00851392 0.00529762 0.0200729 0.0906905 9.9991E-05 0.000325511
0.854225 9.9973E-05 0.0440603 0.0252906 0.0761239 9.9973E-05 9.9973E-05
0.923835 9.9964E-05 9.9964E-05 0.0734176 9.9964E-05 0.00234712 9.9964E-05
0.809265 9.9982E-05 9.9982E-05 0.0598485 0.0366684 0.0662894 0.027729
0.976009 9.9964E-05 9.9964E-05 9.9964E-05 0.0113292 9.9964E-05 0.012262
0.867205 9.9964E-05 9.9964E-05 0.0777953 0.0545996 9.9964E-05 9.9964E-05
0.743392 9.9973E-05 9.9973E-05 0.103643 0.0821925 0.0704724 9.9973E-05
0.743112 9.9973E-05 0.00637465 0.0860346 0.164179 9.9973E-05 9.9973E-05
0.787447 9.9964E-05 9.9964E-05 9.9964E-05 0.134387 9.9964E-05 0.0777656
0.756936 0.0113994 9.9982E-05 0.0614842 0.162352 0.00762787 9.9982E-05
0.751052 9.9973E-05 9.9973E-05 0.0588602 0.169897 0.0198905 9.9973E-05
0.139029 0.00989148 0.337392 0.0192496 0.0624798 0.206357 0.225602
9.9973E-05 0.113552 0.516374 9.9973E-05 0.0120579 9.9973E-05 0.357716
9.9973E-05 0.0552253 0.331859 9.9973E-05 9.9973E-05 0.012629 0.599986
9.9982E-05 0.213426 0.38291 9.9982E-05 0.0384124 0.273843 0.0912085
9.9964E-05 0.209742 0.454685 9.9964E-05 9.9964E-05 9.9964E-05 0.335173
9.9973E-05 0.0968573 0.328013 9.9973E-05 9.9973E-05 0.0379429 0.536887
0.0893704 9.9982E-05 0.317364 9.9982E-05 0.217347 0.262682 0.113037
0.409499 0.0259953 0.0452137 0.00968365 0.140353 0.31319 0.0560661
0.203654 9.9982E-05 0.104345 0.0158107 0.168411 9.9982E-05 0.50758
0.340712 9.9991E-05 0.0702614 0.00296713 0.209864 0.33241 0.0436851
0.375089 9.9991E-05 0.104647 0.0457572 0.236376 0.149249 0.0887824
