9.9973E-05 9.9973E-05 0.0509891 0.948711 9.9973E-05
9.9982E-05 0.0560209 0.00623236 0.937547 9.9982E-05
0.0494623 9.9991E-05 0.0627413 0.797903 0.0897931
9.9982E-05 9.9982E-05 0.142525 0.788025 0.0692493
0.00798845 9.9991E-05 0.0388546 0.892997 0.0600598
0.0196066 0.108345 0.130187 0.647573 0.0942878
9.9982E-05 0.0519537 0.110514 0.837332 9.9982E-05
9.999E-05 0.0825483 0.150107 0.740818 0.0264262
9.9982E-05 0.078084 0.065486 0.85623 9.9982E-05
0.142068 0.0336617 0.0387584 0.754767 0.0307446
0.00858182 0.0613145 0.179585 0.737546 0.0129729
0.323232 0.140772 0.470643 9.9991E-05 0.0652531
0.561732 9.9991E-05 0.278499 0.0861969 0.0734722
0.287209 0.095998 0.500234 0.0404296 0.0761295
0.341823 0.0481285 0.424948 0.0193804 0.16572
0.393081 0.106742 0.234045 0.107115 0.159017
0.672272 0.0238757 0.126827 0.113214 0.0638108
0.44567 0.113258 0.296911 9.9991E-05 0.144061
0.430535 0.0505296 0.320762 0.137244 0.0609295
9.999E-05 0.218552 0.691363 0.00815124 0.0818342
0.507789 0.0874501 0.326227 9.9991E-05 0.0784341
0.481169 0.248651 0.173095 0.0250862 0.0719996
0.591029 0.0614645 0.309528 9.9991E-05 0.0378792
0.367857 0.124938 0.3726 9.9991E-05 0.134505
0.58108 0.0812523 0.153203 0.0689815 0.115483
0.563803 0.00149952 0.286362 0.00618824 0.142147
0.262847 0.130207 0.514043 9.9991E-05 0.0928032
0.213266 0.131545 0.432527 0.00932149 0.21334
0.230583 0.218467 0.488182 9.9991E-05 0.0626676
0.128481 9.9982E-05 9.9982E-05 0.845713 0.0256063
0.149302 9.9973E-05 9.9973E-05 0.850398 9.9973E-05
0.124573 9.9991E-05 0.0301379 0.761584 0.0836054
0.16119 9.9982E-05 9.9982E-05 0.76052 0.0780899
0.664848 0.162627 0.110895 0.0615294 9.9991E-05
0.65979 0.095606 0.158479 0.0550405 0.0310843
0.714782 0.241533 0.00515349 0.00284338 0.0356882
0.180339 0.061091 0.638252 0.120218 9.9991E-05
0.457144 0.378235 0.0255959 0.138925 9.9991E-05
0.614997 0.14192 0.0604895 0.115081 0.0675119
0.777858 0.143335 9.9991E-05 0.028781 0.0499262
0.688312 0.0723977 0.105331 0.11285 0.0211093
0.725394 0.081793 0.107144 0.083591 0.00207735
0.342608 0.46723 0.189962 9.9982E-05 9.9982E-05
0.646606 0.151899 0.0850637 0.0514342 0.0649974
0.657445 0.164572 0.0796428 0.0507066 0.0476333
0.629175 0.133324 0.0554907 0.124608 0.0574026
0.476922 0.501739 0.021139 9.9982E-05 9.9982E-05
0.765232 0.172278 0.00731606 0.0299936 0.0251804
0.545782 0.120109 0.143409 0.0636212 0.127079
9.9982E-05 0.838438 0.0783924 0.0829697 9.9982E-05
0.201445 0.321369 0.476986 9.9982E-05 9.9982E-05
0.132982 0.542162 0.229891 0.0303645 0.0646003
0.591772 0.0557127 0.132965 0.104945 0.114605
0.599427 0.0705439 0.0893023 0.115758 0.124969
0.639576 0.143975 0.08242 0.0655822 0.0684469
0.238439 0.258191 0.401587 0.101683 9.9991E-05
0.563315 0.139707 0.207576 9.9991E-05 0.0893022
0.668721 0.0419631 0.127168 0.0563038 0.105844
0.417763 0.25398 0.142488 0.18567 9.9991E-05
0.126096 0.320028 0.290949 0.211038 0.0518885
0.567786 0.0834694 0.132501 0.133289 0.082955
0.474186 0.140296 0.223722 0.101305 0.060491
0.111834 0.330611 0.514726 0.042729 9.9991E-05
0.561407 0.0989128 0.288079 9.9991E-05 0.0515013
0.513037 0.208155 0.0882671 0.0288377 0.161703
0.649871 0.110385 0.110773 0.128872 9.9991E-05
0.350771 0.241606 0.302319 0.00718785 0.0981168
0.605951 0.13589 0.20285 9.9991E-05 0.0552087
0.651628 0.00332741 0.241666 0.0383051 0.0650729
0.243489 0.263978 0.467505 0.0249284 9.9991E-05
0.706711 0.250732 0.0423571 9.9982E-05 9.9982E-05
0.463369 0.328735 0.207696 9.9982E-05 9.9982E-05
0.708231 0.103858 9.9982E-05 0.187711 9.9982E-05
0.215083 0.72 0.0647178 9.9982E-05 9.9982E-05
0.20477 0.721696 0.0733344 9.9982E-05 9.9982E-05
0.472514 0.488528 0.0387581 9.9982E-05 9.9982E-05
0.619304 0.241984 0.129993 0.00673523 0.00198383
0.57157 0.190232 0.016285 0.129901 0.0920122
0.526134 0.240158 0.166874 9.9991E-05 0.0667332
0.378057 0.32658 0.295162 9.9982E-05 9.9982E-05
0.398837 0.233324 0.367638 9.9982E-05 9.9982E-05
0.62144 0.121745 0.084248 0.136464 0.0361029
0.516891 0.333335 0.109171 0.0405023 9.9991E-05
0.60988 0.187807 0.123034 0.0789824 0.000295622
0.580918 0.409165 9.9982E-05 0.00971675 9.9982E-05
0.169604 0.768915 0.0466656 0.0147151 9.9991E-05
0.780555 0.105849 0.0592857 0.054211 9.9991E-05
0.0647901 9.9991E-05 0.0837461 0.784492 0.0668713
0.0953876 9.9973E-05 9.9973E-05 0.904313 9.9973E-05
0.0907532 9.9982E-05 9.9982E-05 0.887028 0.0220193
0.0619946 9.9973E-05 9.9973E-05 0.937706 9.9973E-05
0.102548 9.9973E-05 9.9973E-05 0.897152 9.9973E-05
0.0531537 9.9982E-05 9.9982E-05 0.908753 0.0378938
0.0720346 9.9982E-05 9.9982E-05 0.908005 0.0197605
0.532064 0.176233 0.106773 0.129075 0.0558554
0.643161 0.105291 0.0848833 0.10917 0.0574956
0.229657 0.634008 0.136135 9.9982E-05 9.9982E-05
0.583049 0.140076 0.0685889 0.085376 0.122911
0.600901 0.190375 0.200093 0.00853041 9.9991E-05
0.624966 0.245877 0.0318318 0.0877231 0.00960239
0.740907 0.173787 0.0755463 0.00965993 9.9991E-05
0.629738 0.288479 9.9991E-05 0.00122863 0.0804537
0.144349 0.520491 0.327256 0.00780429 9.9991E-05
0.547766 0.121948 0.0667276 0.141573 0.121986
0.757284 0.111023 0.0479698 0.0687509 0.0149728
0.576496 0.0793216 0.0507667 0.120619 0.172796
0.473367 0.48724 0.0223892 0.0169035 9.9991E-05
0.642613 0.357087 9.9973E-05 9.9973E-05 9.9973E-05
0.598568 0.188618 0.153613 0.0591001 9.9991E-05
0.536129 0.409492 0.0393624 9.9991E-05 0.0149164
0.587713 0.282144 0.100762 0.0292797 9.9991E-05
0.553698 0.0975934 0.171613 0.0688177 0.108278
0.25197 0.301584 0.312486 0.0812958 0.0526637
0.511003 0.0487135 0.30148 0.138704 9.9991E-05
0.605418 0.0339236 0.166929 0.133358 0.060372
0.626164 0.121348 0.140423 0.0827928 0.0292712
0.503861 0.0268769 0.394574 0.0745879 9.9991E-05
0.646639 0.0054819 0.244991 0.0295705 0.073317
0.519936 0.0466548 0.354071 0.0182566 0.0610812
0.516155 0.133467 0.156458 0.155064 0.0388568
0.608683 0.142767 0.135663 0.0915044 0.0213821
0.696347 0.106549 0.142484 0.0545207 9.9991E-05
0.63053 9.9973E-05 0.369171 9.9973E-05 9.9973E-05
0.532298 0.127245 0.14224 0.0515811 0.146635
0.556584 9.9991E-05 0.252852 0.0975068 0.0929571
0.61578 0.0932769 0.245878 9.9991E-05 0.0449651
0.542854 0.160782 0.094209 0.0914399 0.110715
0.585966 0.137357 0.187915 9.9991E-05 0.0886616
0.459708 0.144052 0.308554 0.0606767 0.0270096
0.663201 0.0185157 0.16354 0.0551316 0.0996112
0.693094 0.05853 0.128845 0.0687125 0.050818
0.27347 0.134377 0.475178 9.9991E-05 0.116874
0.174639 0.426703 0.313837 9.9991E-05 0.0847205
0.59906 0.0835121 0.217353 0.0416041 0.0584701
0.100209 0.505737 0.320609 9.9991E-05 0.0733445
0.385923 0.134937 0.452202 0.0268388 9.9991E-05
0.541862 0.0989346 0.358898 0.000205785 9.9991E-05
0.373724 0.104333 0.478555 0.0432888 9.9991E-05
0.358179 0.0866097 0.542164 9.9991E-05 0.0129472
0.648705 0.0543597 0.145861 0.0428155 0.108259
0.598586 0.051785 0.116895 0.0947917 0.137942
0.614116 0.125911 0.148516 0.1067 0.00475683
0.160389 0.415771 0.319512 9.9991E-05 0.104229
0.52041 0.087895 0.0822327 0.16279 0.146672
0.526783 0.215059 0.118592 0.0518491 0.0877163
0.0624747 0.624137 0.0933195 0.219969 9.9991E-05
0.710721 0.158347 0.0250969 0.0525982 0.0532365
0.39823 0.394593 0.0325815 0.144217 0.0303789
0.521166 0.29399 0.0314232 0.115279 0.0381415
0.325189 0.444372 0.0547962 0.15904 0.0166027
0.283647 0.482346 0.1032 0.130708 9.9991E-05
0.511618 0.361087 0.0632234 0.0639721 9.9991E-05
0.529551 0.164199 0.126343 0.0970295 0.0828778
0.389034 0.208508 0.163531 0.158928 0.0799987
0.00718488 0.593024 0.116255 0.041055 0.242481
0.492877 0.193114 0.0859618 0.0944981 0.133549
0.465344 0.418294 0.116163 9.9982E-05 9.9982E-05
0.477866 0.404155 0.0497411 9.9991E-05 0.0681377
0.618969 0.153718 0.0666059 0.107177 0.0535296
0.105255 0.204872 9.9991E-05 0.36458 0.325193
9.9982E-05 0.24192 9.9982E-05 0.601688 0.156192
9.9982E-05 0.309357 9.9982E-05 0.534391 0.156052
0.0602395 0.0689305 0.102028 0.404416 0.364385
0.698653 0.260383 9.9982E-05 9.9982E-05 0.0407637
0.591637 0.0189332 0.204249 0.0717431 0.113438
0.370774 9.9973E-05 9.9973E-05 9.9973E-05 0.628926
0.319146 9.9982E-05 0.184593 9.9982E-05 0.496061
0.416172 0.112926 9.9991E-05 0.0607728 0.410029
0.417569 0.53046 0.00322467 0.0329307 0.0158149
0.467751 0.277591 0.118051 0.0478837 0.0887232
0.20912 0.676714 0.0327368 0.0272702 0.054159
0.656211 0.302396 0.0196972 9.9991E-05 0.021596
0.502789 0.357418 0.0739138 0.0435288 0.0223504
0.533551 0.22945 0.0272507 0.0469296 0.162819
0.259872 0.634992 0.0644952 0.0328122 0.00782832
0.695656 0.14343 9.9991E-05 0.0509409 0.109873
0.557276 0.185009 0.101018 0.0293105 0.127387
9.997E-05 9.997E-05 9.997E-05 9.997E-05 0.9996
0.0418853 0.0104058 0.0334765 9.9991E-05 0.914132
0.246883 9.9991E-05 0.111125 0.0315531 0.610338
0.244901 9.9982E-05 0.0109662 9.9982E-05 0.743933
0.156654 9.9973E-05 9.9973E-05 9.9973E-05 0.843046
9.997E-05 9.997E-05 9.997E-05 9.997E-05 0.9996
9.9973E-05 9.9973E-05 0.0252407 9.9973E-05 0.974459
0.159963 9.9973E-05 9.9973E-05 9.9973E-05 0.839737
9.9973E-05 9.9973E-05 0.0526989 9.9973E-05 0.947001
9.997E-05 9.997E-05 9.997E-05 9.997E-05 0.9996
9.997E-05 9.997E-05 9.997E-05 9.997E-05 0.9996
0.177883 0.000574674 9.9991E-05 0.0366655 0.784777
0.0962441 9.9991E-05 0.0711433 0.0039853 0.828527
9.997E-05 9.997E-05 9.997E-05 9.997E-05 0.9996
0.301497 0.101113 0.0636666 0.0727831 0.46094
0.223926 9.9991E-05 0.062537 0.0335775 0.67986
0.149884 0.0333816 0.00276879 0.0295842 0.784381
0.0880919 9.9982E-05 0.020327 9.9982E-05 0.891381
9.997E-05 9.997E-05 9.997E-05 9.997E-05 0.9996
0.0663443 9.9982E-05 9.9982E-05 0.0830064 0.850449
9.9973E-05 9.9973E-05 9.9973E-05 0.0347871 0.964913
0.225013 9.9991E-05 0.0956484 0.0210546 0.658184
0.020486 0.000707717 0.0478965 9.9991E-05 0.93081
9.9982E-05 0.550088 9.9982E-05 0.424747 0.024965
0.419312 0.164617 0.127145 0.172234 0.116692
0.460333 0.211067 0.0236549 0.280823 0.0241221
0.119336 0.44794 9.9991E-05 0.283881 0.148744
0.469053 0.187573 0.0127615 0.182887 0.147726
0.111948 0.444028 9.9991E-05 0.277572 0.166353
0.513913 0.00887036 0.171248 0.23593 0.0700385
0.386543 0.299572 9.9991E-05 0.186053 0.127733
0.387857 0.182185 0.00414207 0.188283 0.237534
0.420609 0.21893 9.9991E-05 0.230752 0.129609
0.489999 0.204229 9.9991E-05 0.282707 0.0229646
0.0335235 0.0528044 0.0885453 0.825027 9.9991E-05
0.0368176 0.0109455 0.00725701 0.924999 0.0199805
0.0259391 9.9982E-05 0.0183105 0.95555 9.9982E-05
0.0138161 0.024652 0.0240509 0.937381 9.9991E-05
0.031005 9.9982E-05 0.0935651 0.87523 9.9982E-05
9.9973E-05 9.9973E-05 9.9973E-05 0.875923 0.123777
0.0572842 9.9982E-05 9.9982E-05 0.894926 0.0475895
0.0378089 0.0527776 0.00168466 0.907629 9.9991E-05
0.0356016 0.0439976 9.9982E-05 0.920201 9.9982E-05
9.9991E-05 0.00747176 0.0328034 0.863996 0.0956286
9.9982E-05 0.114342 0.302105 0.583354 9.9982E-05
0.0015445 0.0128065 0.374507 0.599928 0.0112133
9.9982E-05 0.216148 0.271922 0.51173 9.9982E-05
9.9982E-05 0.149375 0.369768 0.480657 9.9982E-05
0.626867 0.131062 0.157736 0.0842349 9.9991E-05
0.589857 0.135386 0.173115 0.0458595 0.0557818
0.606215 0.0717489 0.225246 9.9991E-05 0.0966904
0.45733 0.22986 0.250844 0.0618655 9.9991E-05
0.216712 0.132365 0.650723 9.9982E-05 9.9982E-05
0.683878 0.123172 0.0769221 0.0579474 0.058081
0.637368 0.209419 0.0850628 9.9991E-05 0.0680504
0.650832 0.285731 0.0632368 9.9982E-05 9.9982E-05
0.547096 0.435109 0.00165285 9.9991E-05 0.0160425
0.567016 0.153135 0.20177 0.0133769 0.0647024
0.547197 0.270453 0.182151 9.9982E-05 9.9982E-05
0.0779478 0.778887 0.142966 9.9982E-05 9.9982E-05
0.580986 0.109157 0.169457 0.1403 9.9991E-05
0.357632 0.580931 0.0573866 9.9991E-05 0.00395094
0.638093 0.290847 0.0315384 0.0216949 0.0178265
0.275087 0.412212 0.31085 0.00175047 9.9991E-05
9.9991E-05 0.141986 0.695524 0.142276 0.020114
0.0322189 0.0847722 0.740082 0.119152 0.0237746
9.9982E-05 0.120343 0.827141 0.0523158 9.9982E-05
9.9982E-05 0.0900569 0.802749 0.106995 9.9982E-05
9.9982E-05 0.117235 0.858349 9.9982E-05 0.0242159
0.0947863 9.9991E-05 0.790905 0.0671205 0.0470885
0.074767 9.9982E-05 9.9982E-05 0.886503 0.0385304
0.0604659 9.9991E-05 0.0454249 0.851698 0.0423114
0.109827 9.9991E-05 0.0116309 0.793739 0.0847035
0.0327139 9.9991E-05 0.0735135 0.735514 0.158158
0.0878843 9.9991E-05 0.0257479 0.796134 0.0901336
9.9982E-05 0.0415577 0.582111 0.376131 9.9982E-05
9.9982E-05 0.114312 0.441003 0.444485 9.9982E-05
0.0317393 0.013096 0.527247 0.427135 0.00078248
0.150485 9.9982E-05 9.9982E-05 0.825057 0.0242582
9.9982E-05 0.0749355 0.525474 0.399391 9.9982E-05
0.243742 0.127436 9.9991E-05 0.236213 0.39251
0.58225 9.9991E-05 0.0681943 0.0989709 0.250485
0.54805 9.9982E-05 9.9982E-05 0.206006 0.245744
0.338074 0.131157 9.9991E-05 0.357169 0.1735
0.457494 0.114876 0.00958914 0.178811 0.239229
9.9982E-05 0.194028 9.9982E-05 0.506654 0.299119
0.491079 0.154137 0.319922 0.0347618 9.9991E-05
0.442631 0.242345 0.257293 0.028669 0.029062
0.370519 0.0247399 0.536444 0.0681966 9.9991E-05
0.53327 0.253706 0.173963 9.9991E-05 0.0389603
9.9973E-05 0.856639 0.143061 9.9973E-05 9.9973E-05
0.552184 0.156653 0.1661 0.0786242 0.0464384
0.615706 0.154994 0.16895 0.0362128 0.024137
0.394361 0.171798 0.414348 0.0193926 9.9991E-05
0.609615 0.0856766 0.185743 0.0727973 0.0461676
0.209513 0.538529 0.249319 9.9991E-05 0.00253901
0.468945 0.213275 0.196252 0.046851 0.0746772
0.520739 0.0334292 0.368886 9.9991E-05 0.0768458
0.424531 0.0525882 0.139358 0.128813 0.254709
0.42541 0.248257 0.275281 9.9991E-05 0.0509527
0.516182 0.173133 0.258508 9.9991E-05 0.0520766
0.411131 0.223216 0.212899 0.0166169 0.136136
0.629872 0.214613 0.149074 9.9991E-05 0.00634019
0.618772 9.9991E-05 0.207597 0.031357 0.142174
0.654588 9.9991E-05 0.172531 0.0976406 0.0751408
0.525409 0.142237 0.127301 0.117365 0.0876882
0.0935702 9.9982E-05 9.9982E-05 0.802706 0.103524
0.0480913 0.0377578 9.9991E-05 0.840307 0.0737442
0.0908479 0.0519322 0.0499791 0.807141 9.9991E-05
0.0238899 0.114738 9.9991E-05 0.824366 0.0369062
0.1324 9.9982E-05 9.9982E-05 0.844853 0.0225463
0.169843 0.116956 0.617326 9.9991E-05 0.0957747
0.518126 0.137689 0.187615 0.0728995 0.0836712
0.383993 0.143024 9.9991E-05 0.241458 0.231425
0.763762 0.00612627 0.154558 0.0118169 0.0637367
0.631471 0.0618594 0.265286 0.0387467 0.0026369
0.306683 0.2202 0.353488 9.9991E-05 0.119529
0.0156087 0.243981 0.602046 0.138264 9.9991E-05
0.59585 9.9991E-05 0.293201 0.0763192 0.0345291
0.106996 0.16388 0.583631 0.0159977 0.129495
0.409874 0.258654 0.174647 0.0442757 0.112549
0.0950657 0.23191 0.526363 0.100323 0.0463384
0.636546 0.0185578 0.229109 0.0905867 0.0252014
0.247191 0.0856278 0.578693 0.0882944 0.000193949
0.364718 0.201737 0.28922 0.0659323 0.0783925
0.474831 0.184092 0.195621 0.0900898 0.0553653
0.226005 0.512275 0.147122 0.0561343 0.0584635
0.564945 0.167721 0.0978452 0.136882 0.032607
0.61883 0.164462 0.0294264 0.139047 0.0482348
0.396963 0.43547 0.167367 9.9982E-05 9.9982E-05
0.538822 0.182069 0.13726 0.0876205 0.0542285
0.665412 0.316929 0.0174595 9.9982E-05 9.9982E-05
0.145723 0.716405 0.137672 9.9982E-05 9.9982E-05
0.350684 0.601281 0.0122939 0.0356409 9.9991E-05
0.486178 0.332142 0.0677452 0.0511856 0.0627484
0.17583 0.612159 0.170103 0.0418076 9.9991E-05
0.609816 0.235002 0.154982 9.9982E-05 9.9982E-05
0.116216 0.196372 0.65358 9.9991E-05 0.0337314
0.241173 0.358384 0.360361 9.9991E-05 0.0399823
0.406728 9.9991E-05 0.468416 0.0200994 0.104657
0.649607 0.0427327 0.170993 0.0825096 0.0541575
0.342317 0.19062 0.466863 9.9982E-05 9.9982E-05
0.475855 0.0916908 0.187529 0.0509742 0.193951
0.663838 0.0115297 0.24337 0.0363983 0.0448642
0.515835 0.217479 0.169347 9.9991E-05 0.0972388
0.393196 0.145607 0.305058 9.9991E-05 0.156039
0.43612 0.061975 0.368291 0.0304877 0.103127
0.25497 0.0363102 0.63367 9.9991E-05 0.0749497
0.433315 0.043921 0.468255 0.0083782 0.0461303
0.704395 0.0360782 0.179308 9.9991E-05 0.0801186
0.592188 0.0907108 0.118072 0.115188 0.0838422
0.510531 0.183028 0.224855 0.0616543 0.0199322
0.553344 0.13065 0.186892 0.0284011 0.100713
0.424372 0.0782204 0.393052 0.0777213 0.0266345
0.686751 9.9991E-05 0.260456 0.00508632 0.0476064
0.490024 0.0652764 0.336052 9.9991E-05 0.108547
0.522291 0.105976 0.20876 0.0716437 0.0913297
0.537138 0.0119442 0.0117511 0.329736 0.109431
0.514267 0.0960524 9.9991E-05 0.18382 0.205761
0.495693 0.18968 9.9991E-05 0.169713 0.144815
0.613839 0.0633574 0.0229128 0.0907973 0.209094
0.540976 0.0484908 0.0475594 0.142801 0.220172
0.539628 0.215857 0.218457 9.9991E-05 0.0259578
0.452902 9.9991E-05 0.115556 0.227445 0.203996
9.9991E-05 0.534271 0.0123493 0.283369 0.169911
0.518368 0.0549981 0.13501 0.133586 0.158038
0.483431 0.12821 0.0699701 0.0582526 0.260137
0.391283 0.193995 0.0530128 0.0761937 0.285515
0.307167 0.221674 0.143808 0.195449 0.131903
0.580014 0.0399234 9.9991E-05 0.24535 0.134613
0.517799 0.131735 9.9991E-05 0.123206 0.22716
9.9982E-05 0.288443 9.9982E-05 0.512658 0.198699
0.47488 0.0656327 9.9991E-05 0.201491 0.257896
0.465091 0.00618336 0.062333 0.146983 0.31941
0.66968 0.0829711 9.9991E-05 0.127011 0.120238
0.604905 9.9982E-05 9.9982E-05 0.197625 0.197271
0.533835 0.0753169 0.00648813 0.192272 0.192087
0.423444 0.368975 0.0463802 0.0235925 0.137608
0.541512 0.167674 0.0144966 0.184543 0.0917736
0.0845735 0.811305 0.092039 9.9991E-05 0.0119828
0.0409929 0.836951 0.0855982 0.00348123 0.0329762
0.503508 0.20791 0.132075 0.103663 0.0528435
0.350679 0.208474 9.9991E-05 0.0592068 0.381541
0.172891 0.280313 9.9991E-05 0.0931156 0.45358
0.206647 0.223651 9.9991E-05 0.246234 0.323368
0.349605 0.201404 9.9991E-05 0.156533 0.292359
0.0575252 0.674024 9.9991E-05 0.109737 0.158614
0.190249 0.553582 9.9991E-05 0.105745 0.150323
0.562817 0.249205 9.9982E-05 9.9982E-05 0.187778
0.485866 0.287069 9.9991E-05 0.0868977 0.140067
0.176004 0.534796 9.9991E-05 0.103172 0.185928
0.432057 0.269432 0.0420534 0.0592518 0.197206
0.539976 0.282038 9.9991E-05 0.000874087 0.177012
0.450529 0.2113 0.061668 0.0916381 0.184865
0.467464 0.457165 0.0730626 0.00220893 9.9991E-05
0.346686 0.525362 0.0832149 9.9991E-05 0.0446374
0.503796 0.324877 0.0648577 9.9991E-05 0.106369
0.370926 0.314396 0.183056 0.0055191 0.126103
0.522736 0.191451 0.0818582 0.112218 0.091737
0.561371 0.412777 9.9991E-05 0.00787649 0.0178759
0.28251 0.570489 0.126457 9.9991E-05 0.0204442
0.692783 0.264141 9.9982E-05 0.0428762 9.9982E-05
0.335142 0.617744 0.0469144 9.9982E-05 9.9982E-05
0.561753 0.437947 9.9973E-05 9.9973E-05 9.9973E-05
0.580296 0.26936 0.0188706 0.0954727 0.0360011
0.629604 0.274092 0.035735 0.0181425 0.0424266
0.477332 0.166272 9.9991E-05 0.175727 0.18057
0.340428 0.131083 0.170251 0.1266 0.231638
0.322004 0.121146 0.0704456 0.186946 0.299458
0.345784 0.143171 0.124322 0.162226 0.224497
0.512017 0.0126867 0.120678 0.166726 0.187893
0.42803 0.155588 0.0985952 0.104779 0.213007
9.9982E-05 0.626769 9.9982E-05 0.18951 0.183521
0.598514 0.0294737 0.0425788 0.127693 0.201741
9.9982E-05 0.437823 9.9982E-05 0.411839 0.150138
0.530113 0.214242 9.9991E-05 0.0110112 0.244534
0.225257 0.774443 9.9973E-05 9.9973E-05 9.9973E-05
0.0354744 0.907006 0.0573199 9.9982E-05 9.9982E-05
0.526167 0.442817 9.9982E-05 9.9982E-05 0.0308157
0.74949 0.25021 9.9973E-05 9.9973E-05 9.9973E-05
0.501082 0.498618 9.9973E-05 9.9973E-05 9.9973E-05
0.625628 0.331679 0.0298813 9.9991E-05 0.0127114
0.671656 0.296751 9.9991E-05 0.0204145 0.0110785
0.175578 0.00270963 9.9982E-05 0.821513 9.9982E-05
9.9991E-05 0.0175986 0.133999 0.721747 0.126555
9.9982E-05 9.9982E-05 0.0390151 0.908254 0.0525309
0.038058 9.9973E-05 9.9973E-05 0.961642 9.9973E-05
0.678756 0.192104 0.0814141 0.0476261 9.9991E-05
0.566313 0.201687 0.156172 0.0757281 9.9991E-05
0.684483 0.159216 0.131802 0.024399 9.9991E-05
0.670724 0.111422 0.108713 0.10904 9.9991E-05
0.593052 0.150216 0.104123 0.121952 0.0306573
0.392533 0.420002 0.148524 0.0388399 9.9991E-05
0.777551 0.17144 0.0248577 0.0101783 0.0159734
0.417574 0.582126 9.9973E-05 9.9973E-05 9.9973E-05
0.381088 0.0503426 0.0743439 0.237193 0.257032
0.503007 0.40752 0.00727839 9.9991E-05 0.0820943
0.46111 0.317948 0.220741 9.9982E-05 9.9982E-05
0.683902 0.246729 0.069169 9.9982E-05 9.9982E-05
0.541975 0.307909 0.124918 0.0250982 9.9991E-05
0.689791 0.302773 9.9991E-05 0.00140565 0.00593009
0.687425 0.152852 0.0685654 0.0910573 9.9991E-05
0.319946 0.679755 9.9973E-05 9.9973E-05 9.9973E-05
0.435176 0.526955 0.0286691 0.00909924 9.9991E-05
0.499351 0.408217 0.0922324 9.9982E-05 9.9982E-05
0.063649 0.936051 9.9973E-05 9.9973E-05 9.9973E-05
0.502449 0.276904 0.121309 0.0992377 9.9991E-05
0.261235 0.677064 0.0615018 9.9982E-05 9.9982E-05
0.0490025 0.929662 0.0211356 9.9982E-05 9.9982E-05
0.703481 0.283241 0.00548525 0.00554136 0.0022513
0.410628 0.459569 0.124879 0.00482417 9.9991E-05
0.623934 0.166359 0.197576 9.9991E-05 0.0120308
0.623408 0.117157 0.077536 0.126658 0.0552404
0.640948 0.215534 0.125919 9.9991E-05 0.0174986
0.383252 0.214619 0.317076 9.9991E-05 0.0849533
0.658215 0.190783 0.150802 9.9982E-05 9.9982E-05
0.531409 0.230357 0.165976 0.0153878 0.0568702
0.479266 0.448762 0.0717723 9.9982E-05 9.9982E-05
0.551721 0.23066 0.0518057 0.117487 0.048327
9.9991E-05 0.0301605 0.313879 0.627586 0.0282742
0.0318383 0.0947464 0.129289 0.744026 9.9991E-05
9.9982E-05 0.0673145 0.105657 0.826828 9.9982E-05
9.9982E-05 0.0436047 0.158031 0.798164 9.9982E-05
0.0170665 9.9982E-05 0.224577 0.758156 9.9982E-05
0.323527 0.340306 0.335967 9.9982E-05 9.9982E-05
0.302765 0.442833 0.229575 0.0247265 9.9991E-05
0.389917 0.609783 9.9973E-05 9.9973E-05 9.9973E-05
0.693821 0.117997 0.0253736 0.125667 0.037141
0.690806 0.0744869 0.0403152 0.117598 0.0767934
0.456631 0.490537 9.9982E-05 0.0526321 9.9982E-05
0.609201 0.167058 0.114513 9.9991E-05 0.109127
0.523973 0.343776 0.0956816 0.0220173 0.0145523
0.685819 0.182752 0.0915302 0.0397988 9.9991E-05
0.703214 0.170368 0.0210983 0.0119439 0.093375
0.423337 0.350503 0.224977 9.9991E-05 0.00108238
0.523771 0.366091 0.109937 9.9982E-05 9.9982E-05
0.523086 0.253712 0.223002 9.9982E-05 9.9982E-05
0.640447 0.104008 0.0721225 0.172784 0.0106383
0.596206 0.333345 0.070249 9.9982E-05 9.9982E-05
0.642416 0.269431 0.0879535 9.9982E-05 9.9982E-05
0.334371 0.0867312 0.0892993 0.0408507 0.448748
0.347548 9.9991E-05 0.0837079 0.0682396 0.500405
0.4602 9.9982E-05 9.9982E-05 0.0959298 0.443671
0.289647 0.0639532 9.9991E-05 0.163423 0.482877
0.507004 0.00877813 0.0526088 0.0859722 0.345637
0.56979 0.360832 9.9991E-05 0.0554522 0.0138254
0.0656943 9.9991E-05 0.0178296 0.219183 0.697193
0.326271 0.022682 9.9991E-05 0.1809 0.470047
0.346625 0.16631 0.0676913 0.156612 0.262762
0.655923 0.0890279 0.0871492 0.1678 9.9991E-05
0.385416 0.293098 0.0431583 0.155606 0.122722
0.597395 0.0680291 0.101137 0.100051 0.133387
0.567812 0.221304 0.0232833 0.112679 0.0749222
0.309687 9.9982E-05 9.9982E-05 0.174072 0.516041
0.375484 9.9991E-05 0.0260534 0.20351 0.394853
0.424598 9.9982E-05 9.9982E-05 0.0435106 0.531691
0.392266 0.0844669 0.0526594 0.132016 0.338592
0.292837 0.0332732 9.9991E-05 0.135521 0.538269
0.438222 0.072723 9.9991E-05 0.14714 0.341815
0.235609 0.0778128 9.9991E-05 0.110931 0.575548
0.374866 9.9982E-05 9.9982E-05 0.174734 0.4502
0.623749 0.204973 9.9991E-05 0.111885 0.059293
0.367589 9.9991E-05 0.0712124 0.182984 0.378114
0.189872 9.9982E-05 9.9982E-05 0.170168 0.63976
0.42463 0.114256 9.9991E-05 0.139563 0.32145
0.294597 0.279335 0.257999 0.167969 9.9991E-05
0.692261 0.167999 0.0738431 0.0210205 0.0448764
0.387639 0.0509426 0.0531926 0.158271 0.349955
0.695845 0.0678122 0.0690325 0.16659 0.000720948
0.500554 0.198701 0.0711486 0.163884 0.0657129
0.420395 0.16923 9.9991E-05 0.215165 0.195111
0.372097 0.083429 9.9991E-05 0.261937 0.282438
0.478385 0.206547 9.9991E-05 0.0987005 0.216267
0.380736 9.9982E-05 9.9982E-05 0.191014 0.42805
0.418034 9.9982E-05 9.9982E-05 0.123267 0.458499
0.173319 9.9991E-05 0.0104424 0.239717 0.576422
0.661513 0.0775467 0.0657172 0.0716502 0.123573
0.587374 0.108851 0.179804 0.123872 9.9991E-05
0.185839 0.570493 9.9991E-05 0.169328 0.0742409
0.585254 0.161109 9.9991E-05 0.145714 0.107823
0.420696 0.172412 0.272046 0.0371666 0.0976786
0.477924 0.0461875 0.00613853 0.279652 0.190098
0.525001 0.0788532 0.103594 0.198037 0.094514
9.9982E-05 0.425233 9.9982E-05 0.363838 0.210729
9.9982E-05 0.476225 9.9982E-05 0.380044 0.143531
0.288454 0.332911 0.0663244 0.189352 0.122959
9.9982E-05 0.390076 9.9982E-05 0.400813 0.20891
9.9982E-05 0.314699 9.9982E-05 0.448086 0.237015
0.319193 0.350465 9.9991E-05 0.0952729 0.234968
0.305688 0.273059 9.9991E-05 0.218323 0.202831
0.126533 0.328244 0.0134046 0.28501 0.246808
0.0543818 0.430192 9.9991E-05 0.328726 0.1866
0.404136 0.185623 0.0709148 0.0737246 0.265602
0.148736 0.425789 9.9991E-05 0.251427 0.173948
9.9982E-05 0.39455 9.9982E-05 0.513348 0.0919015
0.395676 0.057352 0.131997 0.187684 0.227292
0.365542 0.119627 0.0807846 0.168479 0.265567
0.467512 9.9991E-05 0.0193586 0.304497 0.208533
0.537317 9.9982E-05 9.9982E-05 0.171205 0.291278
0.454766 0.101573 9.9991E-05 0.157257 0.286304
0.490837 0.0132348 0.046277 0.227532 0.22212
0.340697 9.9991E-05 0.0506416 0.414167 0.194394
0.556804 0.00950162 0.0426156 0.222526 0.168552
0.530436 9.9991E-05 0.0243546 0.185472 0.259637
0.343846 0.097065 0.0682591 0.27695 0.21388
0.311358 0.233992 0.161628 0.159029 0.133992
0.523062 0.112644 0.0880054 0.170963 0.105326
0.445805 9.9991E-05 0.151628 0.134408 0.268059
0.622608 0.0884036 0.0188946 0.159929 0.110165
0.418352 9.9982E-05 9.9982E-05 0.326288 0.25516
0.568059 9.9991E-05 0.0453588 0.219317 0.167165
0.103595 0.221537 9.9991E-05 0.437695 0.237073
0.584622 9.9991E-05 0.0649066 0.148888 0.201483
0.208363 0.185876 9.9991E-05 0.31152 0.294141
9.9982E-05 0.0766129 0.129824 0.793363 9.9982E-05
0.102052 0.0086927 0.789969 0.0991861 9.9991E-05
9.9973E-05 9.9973E-05 0.991475 0.00822532 9.9973E-05
9.9973E-05 9.9973E-05 0.998018 0.00168171 9.9973E-05
0.0069998 9.9982E-05 0.97153 9.9982E-05 0.0212699
0.000269491 9.9991E-05 0.901422 0.0364692 0.0617388
0.0962124 9.9973E-05 0.903488 9.9973E-05 9.9973E-05
9.9973E-05 9.9973E-05 0.914946 0.0847537 9.9973E-05
9.9973E-05 9.9973E-05 0.798615 0.201085 9.9973E-05
0.039853 9.9982E-05 0.0541382 0.905809 9.9982E-05
0.0609279 9.9991E-05 0.137052 0.79501 0.00690962
0.0792412 9.9973E-05 9.9973E-05 0.920459 9.9973E-05
0.0129807 0.0343601 0.12206 0.830499 9.9991E-05
9.9982E-05 9.9982E-05 0.050808 0.895093 0.0538995
9.9991E-05 0.0505221 0.0444039 0.890745 0.014229
0.00151011 0.0457495 0.0449037 0.771464 0.136373
0.0384053 9.9991E-05 0.0291394 0.864285 0.0680706
0.0891653 9.9991E-05 0.163781 0.710638 0.0363154
9.9982E-05 0.0518823 9.9982E-05 0.870057 0.0778611
9.9982E-05 0.0205313 0.0184457 0.960823 9.9982E-05
0.0304614 9.9991E-05 0.0446043 0.848666 0.0761684
9.9982E-05 9.9982E-05 0.0482679 0.923362 0.0281705
0.0142914 9.9982E-05 9.9982E-05 0.922955 0.0625533
0.093234 9.9991E-05 0.00636714 0.846755 0.0535436
0.0768788 9.9982E-05 9.9982E-05 0.859863 0.0630582
0.0658711 9.9982E-05 9.9982E-05 0.760985 0.172943
0.12569 9.9982E-05 9.9982E-05 0.778333 0.0957765
0.122191 9.9982E-05 9.9982E-05 0.805929 0.0716796
0.421794 0.239415 0.121312 0.149906 0.0675739
0.73641 0.157304 0.0305972 0.075589 9.9991E-05
0.701374 0.0852876 9.9991E-05 0.202829 0.0104095
0.203347 0.668166 9.9982E-05 0.128287 9.9982E-05
0.585297 0.121892 0.197693 0.0950174 9.9991E-05
0.103512 0.623622 9.9991E-05 0.234734 0.0380322
0.681193 0.105598 0.0370963 0.0882882 0.0878252
0.516049 0.214652 0.17995 0.0892488 9.9991E-05
0.604477 0.113219 0.147005 0.135199 9.9991E-05
0.649528 0.285949 0.0599903 9.9991E-05 0.00443321
0.542162 0.13221 0.179977 0.145552 9.9991E-05
0.595834 0.18917 9.9991E-05 0.160006 0.0548908
0.662009 0.0487348 0.146683 0.142473 9.9991E-05
0.0569003 0.330374 0.519732 9.9991E-05 0.0928935
9.9982E-05 0.758324 0.141595 0.0998819 9.9982E-05
0.161409 0.579146 0.0895777 0.1124 0.0574674
0.576723 0.131993 0.140227 0.100584 0.050473
0.573136 0.228019 0.0202402 0.149101 0.0295048
0.59119 0.172827 0.0502714 0.185612 9.9991E-05
0.577437 0.213641 0.025558 0.113774 0.0695894
0.626687 0.0148689 0.0234064 0.221597 0.11344
0.627758 9.9982E-05 9.9982E-05 0.220413 0.151628
0.179653 0.0972334 0.178883 0.417555 0.126676
0.649716 0.0878798 0.0776895 0.184615 9.9991E-05
0.466907 0.154794 9.9991E-05 0.218534 0.159665
9.9982E-05 0.356474 9.9982E-05 0.495345 0.147981
0.402581 0.143428 9.9991E-05 0.266215 0.187676
0.370955 0.0267706 0.0569902 0.409562 0.135722
0.485623 9.9991E-05 0.0821234 0.39709 0.0350631
0.479285 0.0642908 0.116993 0.116072 0.223359
0.558246 9.9991E-05 0.0166592 0.241463 0.183532
0.555668 0.0544751 9.9991E-05 0.155044 0.234713
0.426719 0.108758 0.0440698 0.184094 0.23636
0.357018 0.0268433 9.9991E-05 0.481118 0.13492
