0.854204 9.9982E-05 9.9982E-05 0.0211563 0.0704053 0.0540347
0.881835 9.9982E-05 9.9982E-05 0.0401321 0.0402825 0.0375509
0.792682 0.0938985 9.9982E-05 9.9982E-05 0.0611749 0.0520443
0.78789 0.100203 9.9982E-05 9.9982E-05 0.0567706 0.0549374
0.924781 0.0535748 9.9973E-05 9.9973E-05 9.9973E-05 0.0213439
0.669337 0.0439433 0.199164 0.0647733 0.0226821 9.9991E-05
0.731216 9.9982E-05 0.115306 9.9982E-05 0.0648283 0.0884491
0.676931 0.00607739 0.126719 9.9991E-05 0.160816 0.0293559
0.85811 9.99639E-05 9.99639E-05 9.99639E-05 0.14149 9.99639E-05
0.615225 0.070153 0.100158 0.0696855 0.080166 0.0646118
0.703473 9.9973E-05 0.200228 9.9973E-05 0.0959996 9.9973E-05
0.0754286 0.0907417 9.9982E-05 0.565695 0.267935 9.9982E-05
0.0326714 0.122919 0.0298845 0.490913 0.24755 0.0760627
0.135672 0.149082 9.9991E-05 0.52808 0.142501 0.0445662
0.101311 0.0389387 9.9991E-05 0.449637 0.342503 0.0675103
0.0587077 0.167081 9.9991E-05 0.543187 0.187878 0.0430466
0.0726919 0.120185 9.9991E-05 0.499357 0.240617 0.0670483
0.0858328 0.208577 9.9991E-05 0.479141 0.201316 0.0250328
0.0542447 0.0977615 9.9991E-05 0.503389 0.290583 0.0539217
9.996E-05 9.996E-05 9.996E-05 9.996E-05 9.996E-05 0.9995
9.996E-05 9.996E-05 9.996E-05 9.996E-05 9.996E-05 0.9995
0.488821 0.0450111 9.9982E-05 0.127771 9.9982E-05 0.338197
0.535355 0.0673302 0.0573714 0.0451229 9.9991E-05 0.29472
0.0418818 0.0245393 9.9991E-05 0.477926 0.379707 0.0758458
0.0672272 0.0344791 9.9991E-05 0.797643 0.0592281 0.0413225
9.999E-05 0.0683713 0.0320786 0.841428 0.0167381 0.0412844
0.0333751 9.9973E-05 0.25898 0.707345 9.9973E-05 9.9973E-05
0.00436488 0.0593754 0.0410579 0.476467 0.389831 0.0289037
9.9982E-05 9.9982E-05 0.410358 0.442042 0.132584 0.0148155
0.0814659 0.0417768 0.108276 0.491421 0.27696 9.9991E-05
0.107631 0.0796558 0.158529 0.330298 0.260823 0.063063
0.0269544 9.9991E-05 0.0498428 0.51645 0.301373 0.105281
0.0914913 0.0955367 0.00183769 0.51629 0.217004 0.0778399
9.9982E-05 9.9982E-05 0.134867 0.500037 0.220397 0.144498
9.9973E-05 0.0592163 9.9973E-05 0.906859 9.9973E-05 0.0336244
0.0116634 9.9973E-05 0.129074 0.858963 9.9973E-05 9.9973E-05
0.0216977 9.9973E-05 0.0563742 0.921628 9.9973E-05 9.9973E-05
0.0296023 0.0187566 0.0958895 0.823178 0.032474 9.9991E-05
0.0800109 0.0795927 9.9991E-05 0.666487 0.172589 0.00122049
0.0539041 0.0650461 9.9991E-05 0.66384 0.212036 0.00507443
0.0286974 9.9973E-05 0.211597 0.759406 9.9973E-05 9.9973E-05
0.779548 0.0417162 9.9991E-05 0.0797519 0.0380046 0.0608794
0.876889 0.00788562 9.9973E-05 9.9973E-05 9.9973E-05 0.114926
0.836831 0.0552297 9.9982E-05 0.0355308 9.9982E-05 0.0722083
0.927014 9.9973E-05 0.0162174 9.9973E-05 9.9973E-05 0.0564684
0.820858 0.0812085 9.9973E-05 9.9973E-05 9.9973E-05 0.0976338
0.858421 0.0796053 9.9982E-05 0.0151969 9.9982E-05 0.0465772
0.913468 0.0337688 9.9982E-05 0.0171494 9.9982E-05 0.0354142
0.0954834 9.9964E-05 9.9964E-05 0.904117 9.9964E-05 9.9964E-05
0.0738785 9.9982E-05 9.9982E-05 0.84185 0.0513124 0.0327589
0.0351767 0.165853 9.9991E-05 0.709348 0.0707215 0.018801
0.0185935 0.0641267 0.262204 0.36727 0.248383 0.0394219
0.0599425 0.128875 9.9991E-05 0.493414 0.307687 0.00998096
9.9991E-05 0.0692248 0.328688 0.406856 0.179531 0.0156007
9.9982E-05 0.0321992 0.314111 0.353924 0.299567 9.9982E-05
0.0400812 0.0584228 0.0757853 0.504756 0.258131 0.0628239
0.0564176 0.122593 9.9982E-05 0.447944 0.372846 9.9982E-05
0.0176483 0.0676355 0.214179 0.375068 0.300188 0.0252812
0.097521 9.9982E-05 0.59207 0.172536 0.137672 9.9982E-05
0.0368156 0.0285807 0.463389 0.277074 0.111004 0.0831373
0.0106797 9.9991E-05 0.521935 0.266727 0.183892 0.0166655
0.00900205 0.119365 0.21849 0.492198 0.0967959 0.064149
0.0985459 0.0987509 0.348717 0.398623 0.0173395 0.0380236
9.9991E-05 0.011641 0.325555 0.470046 0.174839 0.0178198
0.197111 0.332298 0.379662 9.9991E-05 0.0279955 0.0628336
0.465806 0.0844484 0.441273 9.9982E-05 9.9982E-05 0.00827194
0.343187 0.0883594 0.538088 9.9982E-05 9.9982E-05 0.0301656
0.266463 0.360228 0.295096 0.00334511 0.0297989 0.0450686
9.9991E-05 0.0984757 0.416187 0.420107 0.0546195 0.0105106
9.9982E-05 0.0221596 0.569577 0.34523 0.0628333 9.9982E-05
9.9982E-05 0.0311878 0.533712 0.401557 0.0333437 9.9982E-05
9.9964E-05 0.940837 9.9964E-05 0.0587631 9.9964E-05 9.9964E-05
9.9982E-05 0.898424 0.0110918 0.0665456 0.023739 9.9982E-05
9.996E-05 0.9995 9.996E-05 9.996E-05 9.996E-05 9.996E-05
0.00926689 0.947784 9.9973E-05 9.9973E-05 0.0426489 9.9973E-05
9.9973E-05 0.96051 9.9973E-05 9.9973E-05 0.0355726 0.00361723
9.996E-05 0.9995 9.996E-05 9.996E-05 9.996E-05 9.996E-05
9.9964E-05 0.985369 9.9964E-05 9.9964E-05 9.9964E-05 0.0142313
9.9964E-05 0.978713 9.9964E-05 9.9964E-05 9.9964E-05 0.0208874
0.026035 0.954939 9.9982E-05 0.0128334 9.9982E-05 0.00599265
0.0411088 0.844499 9.9982E-05 0.0458497 0.0683424 9.9982E-05
9.9973E-05 0.975976 0.00729584 9.9973E-05 9.9973E-05 0.0164282
0.0415232 0.888568 9.99998E-05 0.0410547 0.00382835 0.0249259
0.278505 9.9982E-05 0.601107 0.10515 9.9982E-05 0.0150375
0.113342 0.115153 0.562495 0.0452036 0.0868576 0.0769483
0.109659 0.195448 0.495537 0.146413 0.0126118 0.0403314
0.848203 9.9973E-05 0.092811 9.9973E-05 0.0586865 9.9973E-05
0.827972 0.0570078 9.9973E-05 9.9973E-05 9.9973E-05 0.11472
0.908879 9.9973E-05 9.9973E-05 9.9973E-05 0.0252902 0.0655311
0.865976 0.0199869 9.9982E-05 9.9982E-05 0.0629244 0.0509126
0.817444 0.0445879 0.0393831 9.9991E-05 0.00639596 0.0920892
0.888688 0.0570199 9.9973E-05 9.9973E-05 9.9973E-05 0.0539926
0.896183 0.0826416 9.9982E-05 0.00817033 9.9982E-05 0.0128046
0.804109 9.9973E-05 0.161275 9.9973E-05 9.9973E-05 0.0343163
0.902648 0.0186427 9.9982E-05 0.0528335 9.9982E-05 0.0256756
0.835365 0.0825816 0.078811 9.9982E-05 9.9982E-05 0.00304266
0.572271 9.9982E-05 9.9982E-05 0.110288 0.273198 0.0440428
0.565329 9.9982E-05 9.9982E-05 0.0879616 0.324163 0.0223461
0.53888 9.9991E-05 0.0925459 0.132159 0.223938 0.0123773
0.526612 9.9973E-05 9.9973E-05 0.255119 0.21797 9.9973E-05
0.00955991 0.0835079 9.9991E-05 0.443585 0.434685 0.0285622
9.9973E-05 0.182427 9.9973E-05 0.78847 0.0288036 9.9973E-05
9.9964E-05 9.9964E-05 0.177301 0.822299 9.9964E-05 9.9964E-05
0.0237164 0.0652194 0.214804 0.664505 0.0131429 0.0186121
0.0648812 9.9973E-05 9.9973E-05 0.808553 0.126266 9.9973E-05
0.0584998 9.9982E-05 0.0663859 9.9982E-05 0.860778 0.0141367
9.9964E-05 9.9964E-05 0.11824 9.9964E-05 0.88136 9.9964E-05
9.996E-05 9.996E-05 9.996E-05 9.996E-05 0.9995 9.996E-05
0.0687742 9.9973E-05 0.0223463 9.9973E-05 0.90858 9.9973E-05
9.9982E-05 0.00203457 0.0524871 9.9982E-05 0.942705 0.00257306
9.9973E-05 0.0615135 0.0317577 9.9973E-05 0.906429 9.9973E-05
0.831238 0.0186454 0.0281962 9.9991E-05 0.0442974 0.0775232
0.800349 0.0577305 0.0742025 9.9991E-05 0.0484543 0.0191633
0.706892 0.112945 0.0113463 0.0302204 0.0556717 0.082925
0.652803 0.155272 9.9991E-05 0.0119989 0.0775236 0.102302
0.732624 0.117513 0.0275165 0.034438 0.041656 0.046253
0.388601 9.9991E-05 0.0264369 0.0242305 0.545639 0.014993
0.469746 9.9982E-05 0.0438972 0.0630189 0.423138 9.9982E-05
0.393863 9.9982E-05 9.9982E-05 0.109 0.476314 0.0206234
9.996E-05 9.996E-05 9.996E-05 9.996E-05 9.996E-05 0.9995
0.362353 0.00515728 9.9991E-05 0.0857475 0.521856 0.024786
0.149045 0.447213 0.304873 0.0925203 9.9991E-05 0.00624823
0.376724 0.271356 0.35162 9.9973E-05 9.9973E-05 9.9973E-05
0.0151464 0.0980785 0.220518 0.460245 0.205912 9.9991E-05
0.0624029 0.131127 9.9991E-05 0.36756 0.369201 0.0696093
0.0564976 0.159057 0.183645 0.473523 0.127178 9.9991E-05
9.9973E-05 9.9973E-05 0.425961 0.465461 0.108278 9.9973E-05
0.0398293 0.0882713 0.0602561 0.486185 0.285276 0.0401819
9.9973E-05 9.9973E-05 0.286707 0.620451 0.0925427 9.9973E-05
9.9991E-05 0.141018 0.186983 0.453517 0.214647 0.00373412
9.9991E-05 0.183705 0.0711374 0.490565 0.23612 0.0183728
0.859633 0.115848 9.9973E-05 0.0242191 9.9973E-05 9.9973E-05
0.8951 0.0639113 9.9973E-05 0.0406888 9.9973E-05 9.9973E-05
0.819962 0.0208031 0.081098 0.0779367 9.9982E-05 9.9982E-05
0.833717 0.0304832 9.9982E-05 0.124717 0.0108828 9.9982E-05
0.867987 0.0532344 9.9982E-05 0.0589828 9.9982E-05 0.0195961
0.0229352 0.119522 0.0606623 0.354888 0.441892 9.9991E-05
0.146668 9.9991E-05 0.0171279 0.388168 0.386405 0.0615303
0.0592465 0.069085 0.0725164 0.306047 0.452861 0.0402447
0.115322 0.0723284 0.107926 0.35345 0.332743 0.0182306
0.0406281 0.0656963 9.9991E-05 0.431713 0.433909 0.0279529
0.0292736 0.141656 0.236223 0.38848 0.189545 0.0148228
9.9982E-05 0.0640384 0.487471 0.303696 0.144595 9.9982E-05
9.9973E-05 9.9973E-05 0.625871 0.284351 0.089478 9.9973E-05
9.9973E-05 9.9973E-05 0.59119 0.396797 0.0117133 9.9973E-05
9.9982E-05 9.9982E-05 0.442811 0.408874 0.138089 0.0100259
0.028541 0.067449 9.9991E-05 0.460176 0.380215 0.0635188
9.9982E-05 0.069275 0.170503 0.518156 0.241867 9.9982E-05
9.9991E-05 0.0714755 0.0298156 0.48938 0.361988 0.0472408
9.9982E-05 0.134594 9.9982E-05 0.461748 0.372511 0.0309477
0.149553 0.105694 0.584192 0.160361 9.9982E-05 9.9982E-05
0.427284 0.144118 0.388678 9.9982E-05 9.9982E-05 0.0397206
9.9973E-05 9.9973E-05 0.424279 0.461933 0.113488 9.9973E-05
9.9973E-05 9.9973E-05 0.460198 0.447612 0.09189 9.9973E-05
0.057768 0.479772 0.201378 0.207419 9.9991E-05 0.0535625
0.200725 0.305273 0.190638 0.248724 9.9991E-05 0.0545403
0.0576978 0.0784166 0.602425 0.236083 0.0252778 9.9991E-05
0.0823394 0.0749059 0.53548 0.261556 9.9991E-05 0.0456188
0.0143531 0.342795 0.15312 0.347516 0.142116 9.9991E-05
9.9991E-05 0.158893 0.411048 0.337633 0.0514029 0.0409235
9.9982E-05 0.0443113 0.455911 0.346509 0.153069 9.9982E-05
9.9991E-05 0.0708899 0.282891 0.513165 0.131685 0.00126986
0.136 0.1136 0.528361 0.151573 0.0703668 9.9991E-05
0.215048 0.108238 0.622504 9.9982E-05 9.9982E-05 0.0540095
9.9964E-05 9.9964E-05 0.509034 0.490567 9.9964E-05 9.9964E-05
9.9964E-05 9.9964E-05 0.436904 0.562696 9.9964E-05 9.9964E-05
9.9991E-05 0.138899 0.251272 0.579408 0.0183409 0.0119803
9.9991E-05 0.0800465 0.313532 0.567056 0.0179025 0.0213627
0.74373 0.0443686 0.0895255 0.0531919 9.9991E-05 0.0690838
0.679819 0.0941995 0.0492742 0.0157346 0.0998486 0.0611239
0.832139 0.10297 9.9982E-05 9.9982E-05 0.0150144 0.0496765
0.876969 9.9973E-05 0.028909 9.9973E-05 9.9973E-05 0.0938223
9.9964E-05 9.9964E-05 9.9964E-05 0.98108 9.9964E-05 0.0185199
9.9991E-05 0.068523 0.215069 0.682965 0.0222769 0.0110659
9.9964E-05 9.9964E-05 0.16055 0.83905 9.9964E-05 9.9964E-05
9.9973E-05 0.0147105 0.312121 0.672869 9.9973E-05 9.9973E-05
9.9964E-05 9.9964E-05 0.235288 0.764313 9.9964E-05 9.9964E-05
0.0937341 0.0320287 9.9991E-05 0.80653 0.0380373 0.0295703
9.9982E-05 0.108554 0.0245785 0.857305 9.9982E-05 0.00936256
0.585989 0.012486 9.9991E-05 0.0571144 0.263781 0.0805301
0.726604 0.0256059 0.0162223 0.0419354 0.142478 0.047154
0.699464 9.9973E-05 9.9973E-05 9.9973E-05 0.145424 0.154812
0.702583 9.9982E-05 0.0389751 9.9982E-05 0.162745 0.0954976
0.554172 0.00262088 0.0422339 0.0248995 0.237241 0.138833
0.146882 0.0502643 9.9982E-05 0.716033 0.0866205 9.9982E-05
0.145077 9.9982E-05 9.9982E-05 0.797165 0.0455671 0.0119911
9.9973E-05 0.0422343 0.0703572 0.887109 9.9973E-05 9.9973E-05
0.0422555 0.0813145 9.9982E-05 0.691283 0.184947 9.9982E-05
0.0396697 0.148434 0.033438 0.73655 0.0418091 9.9991E-05
0.310292 0.557011 0.0996917 9.9982E-05 0.0328052 9.9982E-05
0.164167 0.0586514 0.276067 0.273567 0.225521 0.00202613
0.0153912 0.0489053 0.715561 0.164428 9.9991E-05 0.0556154
0.244219 0.0869888 0.668492 9.9973E-05 9.9973E-05 9.9973E-05
0.150684 9.9973E-05 0.805465 9.9973E-05 9.9973E-05 0.0435514
0.251566 0.0946589 0.600895 9.9982E-05 9.9982E-05 0.0526805
0.410968 0.176665 0.412068 9.9973E-05 9.9973E-05 9.9973E-05
0.297281 0.195874 0.264749 0.208637 0.0181392 0.0153203
0.240238 0.0665278 0.6377 9.9982E-05 9.9982E-05 0.0553336
0.133868 0.118604 0.440309 0.202874 9.9991E-05 0.104245
0.268279 9.9973E-05 0.629849 9.9973E-05 9.9973E-05 0.101572
0.366081 0.26541 0.282175 0.0861343 9.9982E-05 9.9982E-05
0.229947 0.401965 0.214841 0.143556 9.9991E-05 0.00959077
0.791227 9.9982E-05 9.9982E-05 0.0525795 0.140088 0.0159054
0.00383908 0.028518 9.9973E-05 9.9973E-05 0.967343 9.9973E-05
9.9964E-05 9.9964E-05 9.9964E-05 9.9964E-05 0.990067 0.00953267
9.9964E-05 0.022201 9.9964E-05 9.9964E-05 0.977399 9.9964E-05
9.9982E-05 0.0694632 0.0422527 9.9982E-05 0.873144 0.0149397
9.9973E-05 0.00173838 9.9973E-05 9.9973E-05 0.959528 0.0384337
0.0580734 9.9973E-05 0.0431585 9.9973E-05 0.898468 9.9973E-05
0.179548 9.9973E-05 9.9973E-05 9.9973E-05 0.792106 0.0280463
0.849164 0.00369826 0.0701726 0.0243117 9.9991E-05 0.0525532
0.749497 9.9991E-05 0.033494 0.0166679 0.101624 0.0986171
0.806006 0.0444656 9.9982E-05 0.0320905 9.9982E-05 0.117238
0.781595 0.0213349 0.0126039 0.060992 0.0443939 0.07908
0.907822 0.017864 9.9982E-05 0.0470237 9.9982E-05 0.0270902
0.816528 0.0538586 0.00827107 9.9991E-05 0.0966974 0.0245454
0.845746 0.0515506 0.0760211 9.9982E-05 9.9982E-05 0.0264826
0.837638 0.0513515 0.0157561 0.0301875 0.0046287 0.0604383
0.911624 9.9982E-05 9.9982E-05 0.000617212 0.0128904 0.0746681
0.831187 0.0791894 0.00917869 0.0225365 0.010956 0.0469528
0.982169 0.0115829 9.9973E-05 9.9973E-05 0.00594807 9.9973E-05
0.842671 0.0522017 0.00402644 9.9991E-05 0.0152275 0.085773
0.791929 0.0762349 9.9982E-05 0.0276706 9.9982E-05 0.103966
0.75251 0.157343 9.9982E-05 0.0041705 9.9982E-05 0.0857765
0.750725 0.168984 0.0615033 9.9982E-05 9.9982E-05 0.018588
0.74557 0.146969 9.9982E-05 0.0426212 9.9982E-05 0.0646393
0.748226 0.146933 9.9982E-05 0.0410096 9.9982E-05 0.0636313
0.167682 0.133223 0.252001 0.332682 0.0993386 0.0150733
9.9982E-05 0.0289642 0.744531 0.165582 0.0607227 9.9982E-05
0.0178168 0.00248685 0.811804 0.127607 0.0231864 0.0170989
9.9982E-05 0.0555203 0.193318 0.460737 0.290225 9.9982E-05
9.9973E-05 9.9973E-05 0.721469 0.163079 0.115152 9.9973E-05
9.9982E-05 0.0183775 0.736513 0.150926 0.0939834 9.9982E-05
0.119826 0.187089 0.285182 0.390315 9.9991E-05 0.017488
0.494489 0.158916 0.0281923 0.227359 0.0835898 0.0074535
0.297652 0.174828 0.512126 9.9982E-05 9.9982E-05 0.0151936
0.285557 0.295003 9.9991E-05 0.244442 0.0934912 0.0814071
0.454441 0.233396 0.0201788 0.245903 9.9991E-05 0.045981
