0.0421772 0.695975 9.9973E-05 9.9973E-05 0.190242 0.0713059 9.9973E-05
0.0301057 0.826139 9.9982E-05 9.9982E-05 0.124345 0.00631007 0.0129003
0.0689954 0.730859 9.9982E-05 0.0701838 0.0588537 0.0709082 9.9982E-05
0.0408605 0.705518 9.9982E-05 0.061494 0.126669 0.0652589 9.9982E-05
9.9973E-05 0.749744 9.9973E-05 0.0374191 0.200819 0.0117176 9.9973E-05
9.9973E-05 9.9973E-05 0.0429885 0.0280978 0.898203 9.9973E-05 0.0304105
9.995E-05 9.995E-05 9.995E-05 9.995E-05 0.9994 9.995E-05 9.995E-05
9.9955E-05 9.9955E-05 9.9955E-05 9.9955E-05 0.977558 0.0219419 9.9955E-05
0.00411745 0.748046 9.99729E-05 9.99729E-05 0.12149 0.126046 9.99729E-05
0.0161999 0.00988262 9.9973E-05 0.077274 0.896344 9.9973E-05 9.9973E-05
9.9964E-05 0.0979394 9.9964E-05 9.9964E-05 0.858677 9.9964E-05 0.0429841
9.9973E-05 9.9973E-05 9.9973E-05 0.108752 0.112703 0.138209 0.640036
0.0262471 0.0310335 0.0173489 0.173095 0.0136079 0.198789 0.539879
0.0156136 0.00993351 9.9991E-05 0.188514 0.134439 0.0795023 0.571898
0.0729822 9.9982E-05 9.9982E-05 0.01698 0.114497 0.260718 0.534622
0.0281431 9.9982E-05 9.9982E-05 0.140599 0.171329 0.111377 0.548352
0.0621451 0.00684171 9.9991E-05 0.0864138 0.111638 0.0996945 0.633167
0.0475264 9.9982E-05 9.9982E-05 0.167028 0.124325 0.0510978 0.609823
9.999E-05 0.0130968 0.0245983 0.101077 0.140599 0.131197 0.589332
0.9994 9.995E-05 9.995E-05 9.995E-05 9.995E-05 9.995E-05 9.995E-05
0.9994 9.995E-05 9.995E-05 9.995E-05 9.995E-05 9.995E-05 9.995E-05
0.319806 0.517987 9.9973E-05 0.05212 9.9973E-05 9.9973E-05 0.109787
0.26898 0.455396 9.9982E-05 0.103849 0.099153 9.9982E-05 0.0724216
0.0311851 0.055158 9.9991E-05 0.0682268 0.0357928 0.319506 0.490032
0.0422668 9.9964E-05 9.9964E-05 9.9964E-05 0.0604756 9.9964E-05 0.896858
9.9964E-05 9.9964E-05 0.238576 0.0203338 9.9964E-05 9.9964E-05 0.740691
0.00126973 0.0618365 0.332625 9.9973E-05 9.9973E-05 9.9973E-05 0.603968
0.0026533 9.9991E-05 0.0950385 0.0239211 0.0151796 0.318184 0.544924
0.00744085 9.9991E-05 0.409089 0.00307608 0.0899835 0.0569447 0.433366
0.0223447 0.115296 9.9982E-05 0.0216706 9.9982E-05 0.27356 0.566929
0.0733206 0.173188 0.0543612 0.0623819 0.032656 0.167546 0.436546
0.0896238 0.0270072 9.9982E-05 9.9982E-05 0.0508566 0.245473 0.58684
0.0708018 9.9991E-05 0.171041 0.0930468 0.0321706 0.127645 0.505195
0.0586999 0.0317031 0.18276 9.9982E-05 9.9982E-05 0.217319 0.509318
0.0143004 0.0340514 9.9973E-05 0.0360842 9.9973E-05 9.9973E-05 0.915264
9.9955E-05 9.9955E-05 0.259188 9.9955E-05 9.9955E-05 9.9955E-05 0.740312
9.9973E-05 0.000726458 0.159708 9.9973E-05 0.00937212 9.9973E-05 0.829893
9.9964E-05 9.9964E-05 0.110129 0.0340074 9.9964E-05 9.9964E-05 0.855464
9.9973E-05 0.0577271 9.9973E-05 0.104566 9.9973E-05 0.1186 0.718807
0.0137914 0.0286033 9.9991E-05 0.0713242 0.0166256 0.16174 0.707815
9.9955E-05 9.9955E-05 0.498088 9.9955E-05 9.9955E-05 9.9955E-05 0.501412
0.0591965 0.659764 9.9982E-05 0.0320021 0.148244 9.9982E-05 0.100593
0.0659669 0.862237 9.9973E-05 0.0123944 0.0591022 9.9973E-05 9.9973E-05
0.0693562 0.871232 9.9982E-05 0.0437449 9.9982E-05 0.0026468 0.0128205
0.102141 0.867126 9.9964E-05 0.0303333 9.9964E-05 9.9964E-05 9.9964E-05
0.0878484 0.808639 9.9982E-05 0.0240043 0.0216386 9.9982E-05 0.0576699
0.0662195 0.743641 9.9991E-05 0.0171209 0.125208 0.00207435 0.0456362
0.0320472 0.819647 9.9973E-05 0.0221563 0.125849 9.9973E-05 9.9973E-05
9.9973E-05 0.00476014 0.0131711 9.9973E-05 0.0681944 9.9973E-05 0.913574
0.00830757 0.0323326 9.9973E-05 9.9973E-05 9.9973E-05 0.0768723 0.882188
0.00927258 9.9982E-05 0.0600398 0.213373 0.0380166 9.9982E-05 0.679099
0.020877 0.0330516 0.246091 0.0881764 0.069887 0.145905 0.396012
0.00803869 0.0449747 0.0443054 0.145701 9.9991E-05 0.298656 0.458224
0.0756703 9.9982E-05 0.335054 0.04001 9.9982E-05 0.158863 0.390203
9.9973E-05 9.9973E-05 0.313846 0.0577336 9.9973E-05 0.235201 0.39292
0.00401938 0.0785464 0.0495905 0.0668721 9.9991E-05 0.176668 0.624204
9.9973E-05 0.0490166 9.9973E-05 0.0946553 9.9973E-05 0.187561 0.668467
0.0154333 0.00545673 0.218409 0.0833494 0.0448112 0.134681 0.49786
9.9982E-05 0.0978049 0.505578 9.9982E-05 0.110497 0.167978 0.117943
0.0226496 0.0439166 0.407434 0.0789327 0.0885874 0.0476486 0.310831
0.0644475 0.016982 0.522414 9.9991E-05 0.0431666 0.180958 0.171932
0.0115694 0.020064 0.346473 0.137621 0.0249089 0.104454 0.35491
0.0282736 0.0266324 0.42896 0.10885 0.0778255 9.9991E-05 0.329359
9.9982E-05 9.9982E-05 0.296763 0.0407495 0.0699158 0.0498336 0.542538
0.0745621 0.257639 0.258769 0.28398 0.0429895 0.0198319 0.0622284
0.0183037 0.432163 0.334782 0.0672482 0.147304 9.9982E-05 9.9982E-05
0.016735 0.409396 0.417908 0.149799 0.00596212 9.9982E-05 9.9982E-05
9.9973E-05 0.357536 0.260045 0.336311 0.0458074 9.9973E-05 9.9973E-05
0.0347871 9.9982E-05 0.413174 0.0146956 0.137257 9.9982E-05 0.399886
9.9982E-05 9.9982E-05 0.76297 0.0259669 0.0255723 0.0511769 0.134114
9.9982E-05 9.9982E-05 0.506101 0.0581001 0.0355756 0.0577716 0.342252
9.9964E-05 0.0490979 9.9964E-05 0.931221 9.9964E-05 9.9964E-05 0.0192815
0.018401 9.9973E-05 9.9973E-05 0.868375 9.9973E-05 0.0187256 0.0941989
9.9955E-05 9.9955E-05 0.00886321 0.990637 9.9955E-05 9.9955E-05 9.9955E-05
0.00768657 9.9973E-05 9.9973E-05 0.925702 0.0504243 0.0158872 9.9973E-05
0.00178398 9.9973E-05 9.9973E-05 0.947185 9.9973E-05 0.0495018 0.00122983
9.995E-05 9.995E-05 9.995E-05 0.9994 9.995E-05 9.995E-05 9.995E-05
9.995E-05 9.995E-05 9.995E-05 0.9994 9.995E-05 9.995E-05 9.995E-05
0.0353026 9.9955E-05 9.9955E-05 0.964198 9.9955E-05 9.9955E-05 9.9955E-05
9.9973E-05 9.9973E-05 0.0202207 0.942894 9.9973E-05 0.00446564 0.0321195
0.00834764 0.0531586 9.9982E-05 0.863131 0.0429173 9.9982E-05 0.0322455
0.0238488 9.9964E-05 9.9964E-05 0.944749 0.0310023 9.9964E-05 9.9964E-05
9.9991E-05 0.00504622 0.0204906 0.863211 0.0368053 0.0250056 0.0493414
9.9973E-05 0.320919 0.600117 9.9973E-05 0.0604235 9.9973E-05 0.0182407
0.0857844 0.108422 0.424094 0.0833021 0.164479 0.0665968 0.0673218
0.0152768 0.134994 0.464372 0.108101 0.129002 9.9991E-05 0.148155
9.9964E-05 0.816787 9.9964E-05 9.9964E-05 0.0463159 0.136498 9.9964E-05
0.0683836 0.853962 0.0191488 0.0395987 0.0187073 9.9982E-05 9.9982E-05
0.0328835 0.927436 0.008514 9.9982E-05 9.9982E-05 0.0293253 0.0016413
0.0223041 0.900598 9.9982E-05 0.00744822 0.0153314 0.0541187 9.9982E-05
0.055891 0.837348 9.9982E-05 0.0205366 0.0339346 0.0520902 9.9982E-05
0.0445946 0.900858 9.9973E-05 0.0260511 9.9973E-05 9.9973E-05 0.0281969
0.00967774 0.828361 9.9973E-05 0.108488 0.0531732 9.9973E-05 9.9973E-05
0.0345001 0.78765 0.0526356 9.9982E-05 0.0816997 9.9982E-05 0.0433143
0.0291737 0.858459 9.9982E-05 0.015249 0.0776662 9.9982E-05 0.0192523
0.0061042 0.836847 0.0804522 0.0526309 9.9982E-05 0.0237655 9.9982E-05
0.0436298 0.437505 9.9982E-05 9.9982E-05 0.180759 0.170015 0.167891
0.0326636 0.399743 9.9982E-05 9.9982E-05 0.179031 0.299006 0.0893569
0.0440212 0.501865 0.0104381 9.9991E-05 0.0766579 0.196275 0.170643
9.9973E-05 0.358405 9.9973E-05 9.9973E-05 0.167221 0.231946 0.242128
0.0411193 0.0127709 9.9982E-05 0.00197862 9.9982E-05 0.37793 0.566001
9.9973E-05 9.9973E-05 0.1627 0.12967 0.0434627 9.9973E-05 0.663867
9.9955E-05 9.9955E-05 0.43421 9.9955E-05 9.9955E-05 9.9955E-05 0.56529
9.9973E-05 0.00551871 0.365099 0.0855758 9.9973E-05 9.9973E-05 0.543507
9.9964E-05 0.0805161 9.9964E-05 9.9964E-05 9.9964E-05 0.106161 0.812923
9.9973E-05 0.0800557 0.00681781 9.9973E-05 0.0256335 0.887193 9.9973E-05
9.9982E-05 0.013543 0.0286323 0.0371743 0.00623811 0.914212 9.9982E-05
9.995E-05 9.995E-05 9.995E-05 9.995E-05 9.995E-05 0.9994 9.995E-05
9.9964E-05 0.0511476 0.00490957 9.9964E-05 9.9964E-05 0.943543 9.9964E-05
9.9964E-05 9.9964E-05 9.9964E-05 0.0689904 0.00309016 0.92752 9.9964E-05
9.9955E-05 9.9955E-05 9.9955E-05 0.0999477 9.9955E-05 0.899553 9.9955E-05
0.0481188 0.832604 0.0304352 0.0621023 9.9982E-05 9.9982E-05 0.0265393
0.0131006 0.724103 0.0931421 0.0477718 0.121683 9.9982E-05 9.9982E-05
0.0676327 0.708043 0.01247 0.158908 9.9982E-05 0.0527456 9.9982E-05
0.0454556 0.701525 9.9982E-05 0.17028 9.9982E-05 0.0308768 0.0516631
0.0206701 0.709804 0.0309243 0.133049 0.0468182 0.0232674 0.0354675
9.9982E-05 0.359929 0.0353432 9.9982E-05 0.059012 0.487053 0.0584633
0.0163859 0.355722 0.027554 9.9991E-05 0.15217 0.393013 0.055055
0.0228091 0.320261 9.9991E-05 0.026114 0.110762 0.397123 0.122831
0.9994 9.995E-05 9.995E-05 9.995E-05 9.995E-05 9.995E-05 9.995E-05
0.0218129 0.281264 0.0315325 9.9991E-05 0.077503 0.566789 0.0209991
0.00137317 0.242836 0.277208 0.425258 9.9991E-05 0.0227194 0.0305048
9.9973E-05 0.40826 0.30559 0.269681 0.0161693 9.9973E-05 9.9973E-05
0.0146702 0.00222168 0.351648 0.0955936 9.9991E-05 0.132342 0.403424
0.0188774 0.101388 9.9991E-05 0.0852197 0.0279842 0.266544 0.499887
9.9982E-05 9.9982E-05 0.235392 0.191284 0.021902 0.0884962 0.462726
9.9964E-05 9.9964E-05 0.561189 9.9964E-05 9.9964E-05 0.111033 0.327378
0.0568733 0.0718383 0.0743509 0.0743347 9.9991E-05 0.208391 0.514112
0.0145746 0.00249508 0.403455 9.9982E-05 9.9982E-05 0.0315191 0.547756
9.9973E-05 9.9973E-05 0.213989 0.161016 9.9973E-05 0.166318 0.458378
0.0173954 0.0347317 0.16503 0.195142 9.9991E-05 0.194285 0.393317
9.9964E-05 0.807557 9.9964E-05 0.113429 9.9964E-05 9.9964E-05 0.0786146
9.9973E-05 0.856665 0.00561619 0.0937197 9.9973E-05 9.9973E-05 0.0436994
9.9973E-05 0.869243 0.0507724 9.9973E-05 9.9973E-05 0.0331115 0.0465728
0.0115923 0.826119 0.106067 0.0208832 9.9991E-05 0.0158039 0.0194348
0.03244 0.812482 0.0382032 0.043053 9.9991E-05 0.00705912 0.0666623
0.014374 0.0582973 9.9982E-05 0.0790387 9.9982E-05 0.325884 0.522206
0.0344427 0.182348 9.9973E-05 9.9973E-05 9.9973E-05 0.288081 0.494828
0.0131565 0.071466 0.0749961 0.0729534 0.0132259 0.415217 0.338986
0.00340045 0.13271 0.0921897 0.0235587 0.00409733 0.31086 0.433184
0.0321384 0.0449061 9.9991E-05 0.0508393 0.0242517 0.344156 0.503608
0.0297416 0.0827058 0.157627 0.129679 0.0270355 0.118524 0.454687
0.0451115 9.9982E-05 0.565858 0.0363463 9.9982E-05 0.125841 0.226643
9.9973E-05 9.9973E-05 0.710216 9.9973E-05 0.0390139 0.145922 0.104548
0.0200668 9.9982E-05 0.621487 9.9982E-05 0.00428031 0.0689555 0.28501
0.01181 9.9982E-05 0.592374 9.9982E-05 0.0473411 0.00326121 0.345014
0.0264587 0.0768533 9.9973E-05 9.9973E-05 9.9973E-05 0.325752 0.570636
9.9973E-05 9.9973E-05 0.308574 0.08513 9.9973E-05 0.226055 0.379941
0.0240885 9.9982E-05 9.9982E-05 0.12205 0.00492285 0.258851 0.589888
0.0474024 9.9973E-05 9.9973E-05 0.101095 9.9973E-05 0.310446 0.540756
9.9973E-05 0.247925 0.540636 0.101887 9.9973E-05 9.9973E-05 0.109252
0.0422659 0.452945 0.347373 0.157117 9.9973E-05 9.9973E-05 9.9973E-05
9.9964E-05 9.9964E-05 0.616199 9.9964E-05 9.9964E-05 0.0618509 0.32155
9.9964E-05 9.9964E-05 0.649165 9.9964E-05 9.9964E-05 0.116796 0.233639
0.0128467 0.101581 0.313176 0.333925 0.0445403 9.9991E-05 0.193831
0.0560793 0.19366 0.257041 0.306669 9.9991E-05 0.0526562 0.133793
0.011101 0.0384072 0.776626 0.0746706 9.9991E-05 0.0945972 0.00449819
0.0537199 0.0832311 0.529706 0.126547 9.9991E-05 0.00756745 0.199129
9.9973E-05 9.9973E-05 0.364829 0.295318 0.0763591 9.9973E-05 0.263194
0.0566431 0.0339309 0.62218 0.137134 9.9982E-05 9.9982E-05 0.149912
9.9973E-05 9.9973E-05 0.532258 0.0155573 9.9973E-05 0.131779 0.320106
9.9982E-05 0.0231785 0.450504 0.0492057 9.9982E-05 0.120741 0.356171
0.0522235 0.0944695 0.615255 0.0868292 0.0559126 0.09521 9.9991E-05
0.0305201 0.208665 0.554086 0.0992794 0.10725 9.9982E-05 9.9982E-05
9.9955E-05 9.9955E-05 0.779138 9.9955E-05 9.9955E-05 9.9955E-05 0.220362
9.9955E-05 9.9955E-05 0.701301 9.9955E-05 9.9955E-05 9.9955E-05 0.298199
9.9964E-05 9.9964E-05 0.433709 0.150778 9.9964E-05 9.9964E-05 0.415113
9.9973E-05 9.9973E-05 0.599518 0.105387 9.9973E-05 0.0274437 0.267352
0.0635705 0.644035 0.0948455 0.0430317 0.132411 9.9991E-05 0.0220063
0.077209 0.646367 0.0465397 0.0745261 0.031525 0.123733 9.9991E-05
0.0248003 0.90055 9.9973E-05 0.0605172 9.9973E-05 0.0138329 9.9973E-05
0.0993675 0.774519 0.0333302 9.9973E-05 0.0924838 9.9973E-05 9.9973E-05
9.9964E-05 9.9964E-05 0.164876 9.9964E-05 0.0203864 9.9964E-05 0.814338
9.9964E-05 9.9964E-05 0.270196 0.0807087 9.9964E-05 9.9964E-05 0.648696
9.9955E-05 9.9955E-05 0.340057 9.9955E-05 9.9955E-05 9.9955E-05 0.659443
0.0358794 9.9964E-05 0.516077 9.9964E-05 9.9964E-05 9.9964E-05 0.447644
9.9955E-05 9.9955E-05 0.487692 9.9955E-05 9.9955E-05 9.9955E-05 0.511808
0.000460807 0.0644542 9.9982E-05 0.0105825 0.113513 9.9982E-05 0.810789
0.0196178 9.9973E-05 0.198997 0.0932911 9.9973E-05 9.9973E-05 0.687794
0.0800618 0.549911 9.9982E-05 9.9982E-05 0.0313669 0.258732 0.0797281
0.0616977 0.646687 0.0304596 0.0200292 0.0520632 0.139946 0.0491171
0.116209 0.710037 0.0147463 9.9982E-05 0.016315 0.142493 9.9982E-05
0.121995 0.71949 0.0756281 9.9973E-05 9.9973E-05 0.0825863 9.9973E-05
0.0723533 0.636072 9.9982E-05 9.9982E-05 0.052633 0.187406 0.0513358
9.9964E-05 0.00538781 9.9964E-05 9.9964E-05 0.132727 9.9964E-05 0.861485
0.00358447 0.0558517 0.139631 9.9991E-05 0.0717871 0.0279912 0.701055
9.9964E-05 9.9964E-05 0.211191 0.0354716 9.9964E-05 9.9964E-05 0.752938
9.9982E-05 9.9982E-05 0.0267608 0.0186876 0.0978709 0.0136901 0.842791
0.0321877 0.0197277 9.9991E-05 0.0709081 0.0221719 0.00127719 0.853627
0.0893027 0.23425 0.0884991 0.531952 0.0557959 9.9982E-05 9.9982E-05
0.0227954 0.0247287 0.22413 0.0412581 0.201948 0.166134 0.319007
0.0412 0.148961 0.696063 0.0461327 0.0111378 0.0101875 0.0463183
0.0135876 0.343873 0.499264 0.142975 9.9973E-05 9.9973E-05 9.9973E-05
0.0272585 0.309664 0.630233 0.0325447 9.9973E-05 9.9973E-05 9.9973E-05
0.0193413 0.28273 0.503915 0.151052 0.0427615 9.9982E-05 9.9982E-05
9.9973E-05 0.357023 0.339841 0.219029 0.0838075 9.9973E-05 9.9973E-05
0.0278355 0.322212 0.359326 0.192808 0.0217404 0.00208671 0.0739909
0.0326394 0.226983 0.604204 0.135874 9.9973E-05 9.9973E-05 9.9973E-05
0.0616243 0.231044 0.45796 0.13538 9.9982E-05 9.9982E-05 0.113791
0.0784922 0.377563 0.520125 0.0235197 9.9973E-05 9.9973E-05 9.9973E-05
9.9973E-05 0.418652 0.240173 0.269026 9.9973E-05 9.9973E-05 0.0718496
0.0666456 0.243369 0.272412 0.351214 9.9991E-05 0.00191452 0.0643445
9.9973E-05 0.80664 0.0146905 9.9973E-05 9.9973E-05 0.129765 0.0486053
9.9973E-05 0.0106541 9.9973E-05 9.9973E-05 0.040394 0.91253 0.0361216
0.0161538 0.000712366 9.9973E-05 9.9973E-05 9.9973E-05 0.875391 0.107443
9.9973E-05 9.9973E-05 0.0029177 0.0158504 9.9973E-05 0.915989 0.064943
0.0251281 9.9973E-05 9.9973E-05 0.0723207 9.9973E-05 0.867689 0.0345618
0.019466 9.9973E-05 9.9973E-05 0.0250832 9.9973E-05 0.852862 0.102288
0.00980827 0.000488765 9.9982E-05 9.9982E-05 0.0738617 0.902627 0.0130139
0.0137406 0.184492 9.9973E-05 9.9973E-05 0.0171226 0.784345 9.9973E-05
0.0317417 0.89133 9.9973E-05 0.0168782 9.9973E-05 9.9973E-05 0.0597507
0.0367525 0.656021 9.9991E-05 0.0314437 0.18232 0.0806129 0.0127492
0.106436 0.741416 9.9982E-05 0.0292355 0.117827 9.9982E-05 0.0048856
0.00984747 0.773338 9.9991E-05 0.00187193 0.0606446 0.0422692 0.111929
9.9991E-05 0.838705 0.00128836 0.0563621 0.0740352 0.0012037 0.0283061
0.00271974 0.802508 0.0262924 0.00982609 0.0847756 0.0737779 9.9991E-05
0.0103917 0.687125 9.9982E-05 0.0322224 0.267868 9.9982E-05 0.00219304
0.014658 0.836063 9.9982E-05 0.016638 0.0982165 9.9982E-05 0.0342241
0.0500982 0.907704 9.9973E-05 9.9973E-05 0.0303954 0.0115026 9.9973E-05
0.0474046 0.757306 9.9982E-05 0.0484154 0.126713 9.9982E-05 0.0199612
0.0140974 0.906475 9.9973E-05 9.9973E-05 0.0504851 0.0286428 9.9973E-05
0.0873617 0.802879 9.9982E-05 0.00763332 0.0822025 0.0197234 9.9982E-05
0.0919184 0.764302 9.9982E-05 0.0664054 0.0608783 9.9982E-05 0.0162963
0.073438 0.747588 9.9982E-05 0.109755 0.0591216 9.9982E-05 0.00989829
0.00780342 0.792313 9.9982E-05 0.154276 0.0241816 9.9982E-05 0.0212261
0.0472252 0.74398 9.9982E-05 0.111051 0.0606709 9.9982E-05 0.0368721
0.0532002 0.774522 9.9982E-05 0.133207 0.00416711 9.9982E-05 0.0347046
0.0276468 0.16301 0.271347 0.0915943 0.00242102 0.05884 0.385141
9.9991E-05 0.0241226 0.734252 0.00457116 0.0560805 0.0986951 0.0821789
9.9982E-05 0.0831292 0.765561 0.0110427 0.139667 9.9982E-05 0.000400024
9.9973E-05 9.9973E-05 0.291476 0.0638955 9.9973E-05 0.362197 0.282132
9.9982E-05 0.000391117 0.787545 9.9982E-05 0.0605204 0.0889366 0.0624072
9.9982E-05 9.9982E-05 0.686881 0.0268418 0.0993769 0.144574 0.0421267
0.0220846 0.0192506 0.355768 0.177621 0.130141 9.9991E-05 0.295035
9.9982E-05 0.503892 0.0389681 0.127188 9.9982E-05 0.0141018 0.31565
0.00408355 0.340467 0.481333 0.173817 9.9973E-05 9.9973E-05 9.9973E-05
0.00352638 0.253446 0.123819 0.307417 0.0665259 0.080221 0.165045
0.0802804 0.321816 9.9982E-05 0.254303 0.0749383 9.9982E-05 0.268462
