0.0394801 0.898984 9.9982E-05 9.9982E-05 0.0613355
9.9982E-05 0.939072 0.0413696 9.9982E-05 0.0193581
0.0497974 0.846948 9.9991E-05 0.0739366 0.029218
0.112125 0.796476 9.9982E-05 9.9982E-05 0.0911988
0.027832 0.891032 9.9982E-05 0.0809361 9.9982E-05
0.106255 0.60692 0.217854 0.0147187 0.0542528
9.9991E-05 0.86776 0.0955036 0.035516 0.00112036
9.999E-05 0.814391 0.0465285 0.0184905 0.12049
9.9982E-05 0.850973 0.0869379 9.9982E-05 0.0618892
0.126072 0.728717 0.0926155 0.0524951 9.9991E-05
9.9991E-05 0.791178 0.0708727 0.0414439 0.096405
0.0375609 9.9991E-05 0.171534 0.36174 0.429065
0.0844151 0.0247521 0.0754468 0.543091 0.272295
0.0357786 0.0306539 0.163886 0.290308 0.479373
0.163855 0.0832021 0.0624311 0.355361 0.335151
0.0793781 0.146201 0.0108184 0.49645 0.267153
0.0862121 0.0745719 0.0954377 0.586721 0.157057
0.116022 0.00146665 0.19064 0.474374 0.217497
0.123754 0.10184 0.0556014 0.353984 0.364821
0.0697729 0.0683673 0.158743 0.0965296 0.606587
0.126503 9.9991E-05 0.177261 0.407912 0.288224
0.119966 0.0418441 0.179946 0.497897 0.160347
0.0126674 0.0977723 0.143529 0.600062 0.145969
0.115532 0.0168724 0.206001 0.312488 0.349107
0.0990048 0.100363 9.9991E-05 0.685811 0.114721
0.0871532 9.9982E-05 9.9982E-05 0.606934 0.305713
0.0991475 0.0322734 0.0907043 0.245411 0.532464
0.181649 0.0313735 0.108687 0.29726 0.38103
0.0543857 0.0229752 0.237393 0.279614 0.405633
0.0870213 0.801009 9.9991E-05 0.0889166 0.0229527
0.0491661 0.847541 9.9982E-05 0.103093 9.9982E-05
0.00263625 0.797255 9.9982E-05 0.199909 9.9982E-05
0.091152 0.735851 0.0047978 0.168099 9.9991E-05
0.00962268 0.0535377 0.148525 0.611817 0.176498
0.105467 0.0800328 0.100158 0.5583 0.156042
9.9982E-05 0.0601036 0.203702 0.735994 9.9982E-05
0.025362 0.0644835 0.118994 0.160039 0.631122
9.9982E-05 9.9982E-05 0.44662 0.514357 0.0388229
0.131015 0.00145787 0.139607 0.548838 0.179083
0.00255146 0.0284956 0.207649 0.744306 0.0169972
0.0356679 0.102334 0.0836311 0.655305 0.123062
0.0621872 0.0686359 0.0650947 0.680103 0.123979
9.9991E-05 0.000978453 0.468939 0.31164 0.218342
0.12306 0.0237588 0.198871 0.597549 0.0567604
0.150338 0.0900143 0.213832 0.545716 9.9991E-05
0.0342589 0.210852 0.0714176 0.663815 0.0196558
9.9973E-05 9.9973E-05 0.545695 0.454005 9.9973E-05
0.0643735 0.0468076 0.148333 0.708751 0.0317351
0.014978 0.16045 0.14703 0.670766 0.00677555
9.9982E-05 0.0976967 0.888435 9.9982E-05 0.0136686
9.9982E-05 9.9982E-05 0.229283 0.232175 0.538342
0.0394241 0.0289674 0.612492 0.121441 0.197676
0.17977 0.0177545 0.167492 0.467951 0.167032
0.10065 0.0727123 0.152229 0.599248 0.0751612
0.215068 0.0407883 0.174305 0.471378 0.0984612
9.9991E-05 0.0954371 0.240092 0.252394 0.411977
0.0354297 0.0119668 0.0645506 0.61345 0.274603
0.0590408 0.109006 0.052754 0.640789 0.13841
9.9991E-05 0.161985 0.217208 0.45136 0.169347
9.9991E-05 0.239353 0.246874 0.194804 0.31887
0.0944112 0.0802025 0.143313 0.520146 0.161927
0.114965 0.0447578 0.11705 0.401325 0.321902
9.9991E-05 0.0341434 0.305805 0.137146 0.522805
0.0362678 0.0142325 0.137692 0.543744 0.268064
0.0798521 9.9991E-05 0.103525 0.723675 0.092848
0.138249 0.0662063 0.0365666 0.609229 0.149749
9.9991E-05 0.0884637 0.308021 0.390375 0.213041
0.0934964 9.9991E-05 0.173371 0.554621 0.178412
0.0498047 0.118118 9.9991E-05 0.630305 0.201672
9.9991E-05 0.0627756 0.219338 0.269569 0.448217
9.9982E-05 9.9982E-05 0.211267 0.678479 0.110054
9.9982E-05 9.9982E-05 0.44995 0.440496 0.109354
0.155077 0.0928893 0.139089 0.481006 0.131938
9.9973E-05 9.9973E-05 0.812493 0.187207 9.9973E-05
9.9982E-05 9.9982E-05 0.718506 0.175923 0.105371
9.9982E-05 9.9982E-05 0.463123 0.493554 0.0431232
9.9982E-05 9.9982E-05 0.308942 0.615937 0.0749208
0.0501518 0.193875 0.074158 0.651739 0.0300757
0.0655873 9.9991E-05 0.337562 0.506145 0.0906054
0.00608651 0.0349616 0.350182 0.37062 0.23815
9.9991E-05 0.00643646 0.27728 0.380837 0.335347
0.115 0.0952126 0.184031 0.589067 0.0166892
0.0125657 9.9991E-05 0.381828 0.465374 0.140132
9.9991E-05 0.045494 0.22558 0.639226 0.0896004
9.9982E-05 0.0249673 0.393399 0.581433 9.9982E-05
0.0265764 9.9991E-05 0.794426 0.129577 0.0493203
0.103784 0.00809487 0.213395 0.674626 9.9991E-05
0.0407781 0.79827 9.9991E-05 0.0922328 0.0686192
9.9973E-05 0.889977 9.9973E-05 0.109723 9.9973E-05
0.0929806 0.849422 9.9982E-05 0.0573975 9.9982E-05
0.0067953 0.931686 9.9982E-05 0.0613184 9.9982E-05
0.0173217 0.885936 9.9982E-05 0.0965423 9.9982E-05
0.0062101 0.915558 9.9982E-05 0.0780323 9.9982E-05
9.9973E-05 0.946831 9.9973E-05 0.052869 9.9973E-05
0.150027 0.0900789 0.248145 0.511649 9.9991E-05
0.107663 0.143978 0.091919 0.479869 0.176571
9.9982E-05 9.9982E-05 0.658582 0.274018 0.0672
0.171858 0.0969008 0.110279 0.554784 0.0661783
9.9991E-05 0.0374222 0.185312 0.636667 0.140499
9.9982E-05 0.0796693 0.171267 0.748864 9.9982E-05
0.0518205 0.0735388 0.191165 0.663864 0.0196119
0.050133 0.0477076 0.303553 0.598506 9.9991E-05
9.9982E-05 9.9982E-05 0.577722 0.0992143 0.322863
9.9991E-05 0.195495 0.146331 0.625892 0.0321819
0.0720595 9.9991E-05 0.178847 0.664743 0.0842502
0.106693 0.0861864 0.126013 0.580764 0.100343
9.9982E-05 9.9982E-05 0.537832 0.458601 0.00336717
9.9982E-05 0.0454149 0.37992 0.574465 9.9982E-05
9.9991E-05 0.0610387 0.262833 0.532582 0.143446
0.0737824 9.9982E-05 0.455713 0.470305 9.9982E-05
9.9991E-05 0.0718022 0.187699 0.626636 0.113763
0.0495414 0.196425 0.155377 0.57768 0.0209768
0.0907041 0.0190543 0.298497 0.241441 0.350303
0.11633 0.0788545 0.005889 0.426914 0.372013
9.9991E-05 0.172527 0.0556863 0.709146 0.0625416
0.0499008 0.0731723 0.153137 0.595083 0.128707
9.9991E-05 0.0532557 0.0283263 0.576845 0.341473
0.110968 0.0190496 9.9991E-05 0.581068 0.288815
0.0667733 9.9991E-05 0.0302638 0.512845 0.390018
0.0235996 0.0980065 0.136029 0.53271 0.209655
0.084718 0.0661632 0.0290135 0.554223 0.265883
0.0652748 0.014086 0.128403 0.614583 0.177654
9.9982E-05 0.00132439 9.9982E-05 0.632807 0.365669
0.159225 0.0219552 0.114215 0.617831 0.0867737
0.165606 0.168357 0.0093072 0.543453 0.113278
0.0629957 9.9991E-05 0.0608733 0.669354 0.206677
0.0841131 0.111989 0.126119 0.498803 0.178976
0.154251 9.9991E-05 0.137372 0.543271 0.165007
0.0765277 0.0911692 0.199954 0.422208 0.210141
0.153434 9.9982E-05 9.9982E-05 0.605385 0.240981
0.0835073 0.0398642 0.176392 0.612849 0.0873867
0.0787887 9.9991E-05 0.12739 0.31383 0.479891
0.102787 0.0282114 0.335536 0.15766 0.375806
0.133679 0.00312587 0.0370952 0.541959 0.284142
0.0710338 9.9991E-05 0.473297 0.0967826 0.358787
9.9991E-05 0.0474727 0.136458 0.330852 0.485118
9.9982E-05 9.9982E-05 0.185699 0.558325 0.255776
9.9982E-05 9.9982E-05 0.156782 0.389452 0.453566
0.0181771 0.00813241 0.133353 0.307111 0.533227
0.100191 0.0514259 0.130101 0.589104 0.129178
0.0602024 0.0857117 0.175473 0.576363 0.102251
0.0629951 0.0524585 0.0656516 0.552426 0.266469
0.070192 9.9991E-05 0.369655 0.135999 0.424054
0.0954769 0.115614 0.0726117 0.635312 0.0809855
0.0428135 0.121425 0.270367 0.565294 9.9991E-05
9.9991E-05 0.199593 0.632882 0.0340508 0.133374
0.0383716 0.114009 0.215407 0.632112 9.9991E-05
0.111722 0.0193511 0.430693 0.325163 0.11307
0.129076 0.0523966 0.276354 0.474404 0.0677697
0.0813422 0.10331 0.48952 0.238292 0.087536
9.9991E-05 0.158009 0.514738 0.232638 0.0945141
0.0270355 0.0709262 0.302733 0.47504 0.124265
0.0740586 0.122141 0.216384 0.473272 0.114145
0.0207627 0.202787 0.207246 0.440921 0.128283
0.156935 0.0791107 0.581694 0.0937106 0.0885498
0.126037 0.0992686 0.168715 0.566958 0.0390211
9.9982E-05 9.9982E-05 0.402599 0.433403 0.163798
0.047979 0.00451028 0.342408 0.487546 0.117557
0.0565641 0.126544 0.143954 0.615349 0.0575883
0.280459 0.311421 0.23415 0.135545 0.0384253
0.173771 0.586416 0.239613 9.9982E-05 9.9982E-05
0.166886 0.511931 0.320984 9.9982E-05 9.9982E-05
0.458919 0.309813 0.103374 9.9991E-05 0.127794
0.107689 9.9982E-05 0.274907 0.617205 9.9982E-05
0.0142122 0.112946 0.111668 0.689858 0.0713152
0.717899 9.9982E-05 9.9982E-05 0.221261 0.0606406
0.493565 0.0479468 0.0240529 0.344386 0.0900499
0.315285 0.0643477 0.0468703 0.483658 0.0898386
0.0562412 0.0336892 0.534695 0.352321 0.0230543
0.0983081 0.117148 0.222491 0.533321 0.0287327
0.0524584 0.0377264 0.657672 0.180723 0.0714199
0.0498187 0.0590326 0.248777 0.600685 0.0416867
0.0296871 0.102508 0.359957 0.507748 9.9991E-05
0.105971 0.0753022 0.214018 0.566829 0.03788
0.000740205 0.02362 0.656948 0.281053 0.0376384
0.151587 0.0243875 0.212082 0.601574 0.0103695
0.0990305 0.168319 0.262898 0.469653 9.9991E-05
0.988843 9.9973E-05 0.0108573 9.9973E-05 9.9973E-05
0.926269 9.9973E-05 9.9973E-05 0.0734308 9.9973E-05
0.619599 0.0504523 0.0301576 0.216429 0.0833624
0.690622 0.0105071 9.9991E-05 0.283777 0.0149938
0.814051 0.00664084 9.9991E-05 0.169778 0.00943052
0.9996 9.997E-05 9.997E-05 9.997E-05 9.997E-05
0.967279 9.9973E-05 9.9973E-05 9.9973E-05 0.032421
0.86633 9.9973E-05 9.9973E-05 0.13337 9.9973E-05
0.956698 9.9982E-05 9.9982E-05 0.0394995 0.00360226
0.9996 9.997E-05 9.997E-05 9.997E-05 9.997E-05
0.9996 9.997E-05 9.997E-05 9.997E-05 9.997E-05
0.77666 0.00142363 9.9991E-05 0.208147 0.0136694
0.835061 0.0405292 9.9991E-05 0.0695717 0.0547386
0.978808 9.9982E-05 0.0107966 0.0101958 9.9982E-05
0.341758 0.144006 0.0614498 0.452686 9.9991E-05
0.744863 9.9982E-05 9.9982E-05 0.194585 0.0603525
0.756019 0.0175285 9.9991E-05 0.175957 0.0503961
0.892079 0.00645737 9.9991E-05 0.0773114 0.0240525
0.9996 9.997E-05 9.997E-05 9.997E-05 9.997E-05
0.89797 9.99732E-05 9.99732E-05 0.10173 9.99732E-05
0.9996 9.997E-05 9.997E-05 9.997E-05 9.997E-05
0.642288 0.0766433 9.9991E-05 0.220998 0.0599713
0.906786 0.0460867 0.000788577 0.0347011 0.0116372
0.0735724 0.371204 0.555023 9.9982E-05 9.9982E-05
0.202939 0.17952 0.130641 0.357783 0.129116
0.064313 0.251023 0.167736 0.466699 0.0502292
0.205831 0.21793 0.463207 0.112931 9.9991E-05
0.223741 0.0986934 0.121726 0.485144 0.0706952
0.196713 0.282557 0.35078 0.16985 9.9991E-05
0.0505078 0.242783 0.125208 0.492134 0.0893668
0.269516 0.147132 0.248269 0.334983 9.9991E-05
0.198271 0.185182 0.119344 0.405624 0.0915785
0.240006 0.216086 0.188912 0.354896 9.9991E-05
0.190526 0.155006 0.230284 0.370464 0.0537195
9.9991E-05 0.854845 0.0310515 0.0392479 0.0747554
0.0438087 0.938207 0.0177847 9.9982E-05 9.9982E-05
9.9991E-05 0.979842 0.0094625 0.0033661 0.00722906
9.9973E-05 0.9397 9.9973E-05 9.9973E-05 0.0599996
0.0126155 0.898845 9.9991E-05 0.0758979 0.012542
0.0546713 0.902691 9.9982E-05 0.0424375 9.9982E-05
0.0814836 0.912609 0.00570752 9.9982E-05 9.9982E-05
0.0137392 0.881089 0.072017 0.0330551 9.9991E-05
9.9991E-05 0.933919 0.0220391 0.0371189 0.00682327
0.10102 0.868252 9.9991E-05 0.0245174 0.00611075
0.00522896 0.58428 0.149463 9.9991E-05 0.260928
0.0214635 0.543942 0.0378117 9.9991E-05 0.396682
9.9982E-05 0.545031 0.197868 9.9982E-05 0.256901
9.9982E-05 0.478578 0.140314 9.9982E-05 0.380908
0.0283867 0.0743146 0.191444 0.585657 0.120197
0.0245768 0.0479686 0.224758 0.631184 0.0715125
0.111484 9.9991E-05 0.126005 0.531924 0.230487
9.9991E-05 0.0249648 0.10869 0.548058 0.318187
0.0144653 9.9991E-05 0.151067 0.266923 0.567445
0.0366724 0.051893 0.178252 0.706378 0.026805
0.0106077 9.9991E-05 0.18447 0.69702 0.107802
9.9982E-05 9.9982E-05 0.30813 0.620941 0.0707289
0.0417256 9.9991E-05 0.405805 0.515983 0.0363865
0.0301506 0.0713492 0.074754 0.716629 0.107117
9.9982E-05 9.9982E-05 0.269089 0.533382 0.197329
9.9982E-05 9.9982E-05 0.886581 0.0131505 0.100068
0.0508862 0.0399824 0.123441 0.60835 0.17734
9.9973E-05 9.9973E-05 0.623661 0.376039 9.9973E-05
0.0562427 0.0160137 0.32828 0.59122 0.00824426
9.9982E-05 9.9982E-05 0.465733 0.27613 0.257937
9.9982E-05 0.185153 0.0282073 9.9982E-05 0.78644
9.9991E-05 0.112455 0.0455552 0.0479146 0.793975
9.9982E-05 0.0432076 0.0320694 9.9982E-05 0.924523
9.9982E-05 0.0975889 0.0515597 9.9982E-05 0.850651
0.0173341 9.9982E-05 9.9982E-05 0.0796298 0.902836
0.0560081 0.0500404 0.00694828 0.0570441 0.829959
9.9973E-05 0.89608 9.9973E-05 0.10362 9.9973E-05
0.0574598 0.810704 9.9991E-05 0.0409273 0.0908087
0.133642 0.739122 9.9982E-05 0.127036 9.9982E-05
0.132699 0.751582 9.9991E-05 0.0450461 0.070573
0.117513 0.77672 9.9991E-05 0.0674501 0.0382168
9.9982E-05 0.381068 0.0528029 9.9982E-05 0.565929
9.9982E-05 0.504065 0.160636 9.9982E-05 0.335099
9.9982E-05 0.43818 0.0884893 9.9982E-05 0.47313
0.0865404 0.8097 9.9991E-05 0.0991784 0.00448084
9.9982E-05 0.396258 0.113879 9.9982E-05 0.489663
0.43679 0.243088 0.0927946 0.202693 0.0246348
0.212024 0.172331 9.9991E-05 0.552007 0.0635384
0.337227 0.228658 9.9982E-05 0.433916 9.9982E-05
0.299147 0.268434 0.0137852 0.381056 0.0375788
0.105666 0.123581 0.0774087 0.627087 0.0662583
0.35161 0.480635 0.167555 9.9982E-05 9.9982E-05
0.0224184 0.0483719 0.116524 0.461798 0.350888
0.0181388 0.00384278 0.304996 0.40367 0.269352
0.0136279 0.0719693 9.9991E-05 0.295948 0.618355
0.0434592 9.9991E-05 0.343067 0.471618 0.141755
9.9973E-05 9.9973E-05 0.823233 9.9973E-05 0.176467
0.0300018 0.207852 9.9991E-05 0.57696 0.185086
0.0268448 0.0802565 0.27717 0.485753 0.129976
9.9991E-05 0.0670747 0.120445 0.410723 0.401657
0.0626936 0.124811 0.0530856 0.556197 0.203213
0.0323832 0.00426717 0.470028 0.222658 0.270664
0.0314164 0.0308465 0.198075 0.516087 0.223576
0.0176021 9.9991E-05 0.0134395 0.645824 0.323034
0.272847 0.127741 0.0885804 0.363133 0.147699
0.0676353 9.9991E-05 0.246603 0.39304 0.292622
0.0529443 0.00515212 0.169826 0.46343 0.308648
0.219465 9.9991E-05 0.258785 0.410214 0.111436
9.9991E-05 0.0619042 0.193773 0.579988 0.164235
0.0836005 0.110802 0.0378671 0.696469 0.0712608
0.00711066 0.195064 0.0394003 0.585089 0.173336
0.050684 0.164602 9.9991E-05 0.57889 0.205724
0.0408311 0.814125 9.9982E-05 0.144844 9.9982E-05
0.0217277 0.870088 0.0103523 0.0977324 9.9991E-05
9.9991E-05 0.815099 0.0522851 0.0763299 0.0561861
0.000762669 0.853195 9.9991E-05 0.0911168 0.0548257
0.0178606 0.866004 9.9982E-05 0.115935 9.9982E-05
0.0685136 9.9991E-05 0.160141 0.166294 0.604951
0.0661573 0.0759765 0.124201 0.613814 0.119851
0.157924 0.237128 0.115539 0.489308 9.9991E-05
0.134477 9.9982E-05 9.9982E-05 0.617961 0.247361
0.0671343 0.0796702 0.0558346 0.499011 0.29835
0.121751 9.9991E-05 0.234873 0.212536 0.43074
9.9991E-05 0.148106 0.180726 0.0341145 0.636953
0.0251163 0.031294 0.0274965 0.524173 0.39192
9.9991E-05 0.128787 0.121006 0.224064 0.526042
0.118176 0.082884 0.193743 0.382394 0.222804
0.0520217 0.0959354 0.198674 0.175808 0.477561
0.194225 0.0276494 0.00405582 0.530755 0.243315
0.0488939 0.0486491 0.103612 0.20997 0.588876
0.119598 0.0159716 0.246017 0.279335 0.339079
0.0794018 0.0387106 0.217029 0.534933 0.129925
9.9991E-05 0.0892893 0.381495 0.365952 0.163163
0.0170633 0.111789 0.1486 0.650343 0.0722034
0.0799992 0.141457 0.0801019 0.634746 0.0636957
9.9991E-05 0.0401568 0.444408 0.378757 0.136578
0.12558 0.0913932 0.1848 0.494057 0.104169
9.9991E-05 0.0882469 0.246249 0.623004 0.0424004
9.9991E-05 0.0319586 0.694357 0.139419 0.134166
9.9991E-05 0.0243555 0.623498 0.310823 0.041224
0.0496379 0.0803863 0.361769 0.459526 0.0486816
9.9991E-05 0.0334773 0.552937 0.304601 0.108885
0.00483577 0.0515116 0.213777 0.516185 0.213691
0.0265162 0.0091101 0.166009 0.108771 0.689594
0.0808046 9.9991E-05 0.22492 0.263233 0.430942
0.115073 0.030022 0.0124834 0.361819 0.480603
0.0849766 9.9982E-05 9.9982E-05 0.675813 0.23901
9.9982E-05 9.9982E-05 0.238564 0.313464 0.447772
0.0846709 0.103026 0.138298 0.504121 0.169884
0.140413 9.9982E-05 9.9982E-05 0.611614 0.247773
0.14141 9.9991E-05 0.0457492 0.458342 0.354399
0.143603 0.00149045 0.0764547 0.500605 0.277847
0.141063 0.00242112 0.130294 0.363693 0.362528
0.0989525 9.9991E-05 0.141868 0.263751 0.495328
0.148196 9.9991E-05 0.131674 0.303539 0.416491
0.0446677 9.9991E-05 0.0577635 0.644975 0.252494
9.9991E-05 0.129479 0.0777423 0.63429 0.158389
0.0957495 0.113478 0.158148 0.448173 0.184452
0.125799 9.9991E-05 0.0548159 0.490506 0.32878
0.0702092 0.0418248 9.9991E-05 0.432451 0.455415
0.0786473 0.092324 9.9991E-05 0.604995 0.223934
0.112119 0.0541889 0.0540597 0.512315 0.267318
0.0472193 0.0973929 0.126079 0.566314 0.162994
0.144995 0.382515 0.0313185 0.432594 0.00857759
0.285738 0.071932 0.170852 0.471378 9.9991E-05
0.204789 0.13386 0.176439 0.484812 9.9991E-05
0.173085 0.055526 9.9991E-05 0.590199 0.18109
0.246242 0.194843 0.0630353 0.483964 0.0119156
0.044961 9.9991E-05 0.179206 0.484954 0.290778
0.225548 0.11428 0.0274908 0.553732 0.078949
0.20281 0.269581 0.52741 9.9982E-05 9.9982E-05
0.218887 0.161149 0.11445 0.437507 0.068007
0.291872 0.0697336 0.085247 0.523694 0.0294529
0.271951 0.0566171 0.103605 0.517932 0.0498954
0.207467 0.233304 0.215506 0.269364 0.0743591
0.2084 0.211198 0.0802622 0.487589 0.0125511
0.223062 0.137383 0.0905914 0.548864 9.9991E-05
0.206266 0.508512 0.285022 9.9982E-05 9.9982E-05
0.213574 0.21869 9.9991E-05 0.564419 0.00321703
0.225906 0.222871 0.0615416 0.489582 9.9991E-05
0.17683 0.139457 0.0855815 0.561032 0.0371
0.234239 0.183174 0.0379005 0.544586 9.9991E-05
0.175534 0.173322 0.0571472 0.558442 0.0355542
0.0325643 0.0834156 0.319499 0.529765 0.0347563
0.116165 0.0527246 0.290999 0.489101 0.0510105
9.9982E-05 9.9982E-05 0.744677 0.0828756 0.172248
0.0315889 0.0039118 0.787468 0.0667959 0.110236
0.109151 0.038188 0.262693 0.57627 0.0136977
0.366531 0.110839 0.11342 0.341252 0.0679588
0.356341 0.101724 0.224148 0.317687 9.9991E-05
0.339956 0.199343 0.290694 0.169906 9.9991E-05
0.335717 0.222995 0.0910892 0.350098 9.9991E-05
0.190562 0.100037 0.709201 9.9982E-05 9.9982E-05
0.181252 0.131507 0.585772 0.101369 9.9991E-05
0.145252 0.0299451 0.287385 0.537318 9.9991E-05
0.135336 0.0785239 0.27588 0.45753 0.0527293
0.218404 0.0347261 0.500418 0.246351 9.9991E-05
0.20237 0.0317968 0.249602 0.511028 0.00520359
0.128215 0.0185569 0.271795 0.581333 9.9991E-05
0.178314 0.0869546 0.191121 0.45175 0.0918613
9.9982E-05 9.9982E-05 0.518964 0.396658 0.0841778
0.0531101 0.00163977 0.43762 0.41231 0.095321
0.0941801 0.074952 0.312748 0.45859 0.0595306
0.0863732 0.0198037 0.307442 0.457884 0.128497
0.132826 0.083705 0.28407 0.424421 0.0749779
0.0382803 9.9982E-05 0.45855 0.502969 9.9982E-05
0.00669652 9.9991E-05 0.524519 0.304931 0.163754
0.0704516 9.9991E-05 0.29161 0.623092 0.0147471
0.109111 0.0614618 0.00246286 0.587203 0.239761
0.0345857 9.9991E-05 0.610583 0.312065 0.0426669
9.9982E-05 0.0814332 0.382005 0.536362 9.9982E-05
0.0573091 0.122277 0.225678 0.594636 9.9991E-05
0.0276355 0.0381802 0.298816 0.561011 0.0743571
0.207769 0.186048 0.0924281 0.513655 9.9991E-05
0.198766 0.156937 0.219589 0.369129 0.0555787
0.342012 0.119159 0.128871 0.326203 0.0837548
0.31621 0.141394 0.0994505 0.288575 0.154371
0.202708 0.146707 0.0515443 0.49332 0.105721
0.1468 0.216975 0.0971427 0.457635 0.0814471
0.230417 0.172982 0.596401 9.9982E-05 9.9982E-05
0.215914 0.106725 0.0665329 0.610729 9.9991E-05
0.12073 0.438986 0.440084 9.9982E-05 9.9982E-05
0.25132 0.0197526 0.268935 0.459892 9.9991E-05
9.9973E-05 9.9973E-05 0.79857 0.20113 9.9973E-05
0.00197687 0.00964411 0.915415 0.019086 0.0538781
0.0447949 9.9982E-05 0.431829 0.523176 9.9982E-05
0.0240778 0.0775743 0.178873 0.719375 9.9991E-05
9.9982E-05 9.9982E-05 0.472866 0.485342 0.0415918
0.0506317 9.9991E-05 0.330925 0.568999 0.0493446
0.0283016 9.9982E-05 0.35082 0.620678 9.9982E-05
0.0294552 0.804699 0.0417759 0.0953473 0.0287222
0.0716988 0.779624 0.00232014 0.058551 0.0878062
0.0904722 0.888646 9.9982E-05 9.9982E-05 0.0206819
9.9973E-05 0.948897 9.9973E-05 0.0508035 9.9973E-05
0.0184402 0.0284455 0.253981 0.560682 0.138452
9.9991E-05 0.0811731 0.196734 0.672186 0.0498065
9.9982E-05 9.9982E-05 0.248696 0.67586 0.0752447
9.9982E-05 0.133822 0.174093 0.691885 9.9982E-05
0.0907817 0.0564167 0.138106 0.545016 0.16968
9.9991E-05 0.0552285 0.492412 0.357118 0.0951422
0.0117529 0.0258888 0.204381 0.757877 9.9991E-05
9.9973E-05 9.9973E-05 0.441805 0.557895 9.9973E-05
0.18309 0.262342 0.0540964 0.42189 0.0785818
0.125687 9.9982E-05 0.382756 0.491357 9.9982E-05
9.9982E-05 9.9982E-05 0.303633 0.424867 0.2713
9.9982E-05 9.9982E-05 0.22868 0.678205 0.092915
9.9991E-05 0.037596 0.213023 0.60237 0.146912
0.0579814 0.00183295 0.279296 0.66079 9.9991E-05
0.000530196 0.0683138 0.238606 0.629064 0.0634858
9.9973E-05 9.9973E-05 0.708234 0.291467 9.9973E-05
0.00452148 0.0285209 0.519944 0.424792 0.0222223
9.9982E-05 9.9982E-05 0.467557 0.457691 0.0745523
9.9973E-05 9.9973E-05 0.899039 0.100661 9.9973E-05
9.9991E-05 0.0606965 0.272415 0.558158 0.108631
9.9982E-05 0.00195006 0.742098 0.255752 9.9982E-05
9.9982E-05 0.0197214 0.903367 0.0767114 9.9982E-05
9.9973E-05 9.9973E-05 0.247554 0.752146 9.9973E-05
9.9991E-05 0.0259403 0.480151 0.391221 0.102588
9.9991E-05 0.0224606 0.23336 0.593147 0.150932
0.0452032 0.0750979 0.242766 0.636833 9.9991E-05
9.9982E-05 9.9982E-05 0.195326 0.644401 0.160074
0.0943601 9.9991E-05 0.280139 0.294387 0.331014
0.0630341 9.9991E-05 0.181358 0.632331 0.123176
0.00491019 0.0763675 0.162399 0.617687 0.138636
9.9973E-05 9.9973E-05 0.564595 0.435105 9.9973E-05
0.0828061 0.0816877 0.216743 0.593851 0.0249116
0.0351248 0.634634 0.0802913 9.9991E-05 0.249849
9.9991E-05 0.764539 0.0762392 0.103116 0.0560057
9.9982E-05 0.839065 0.0666226 9.9982E-05 0.0941129
9.9982E-05 0.855936 0.011387 9.9982E-05 0.132477
9.9982E-05 0.742637 9.9982E-05 0.0666083 0.190555
9.9991E-05 0.0341776 0.394782 0.334534 0.236407
9.9991E-05 0.0376552 0.534382 0.305215 0.122648
9.9973E-05 9.9973E-05 0.673461 0.326239 9.9973E-05
0.155458 0.100535 0.15179 0.53499 0.0572265
0.0633138 0.151778 0.0968924 0.687916 9.9991E-05
0.039601 0.0207066 0.551135 0.388457 9.9991E-05
0.0621056 0.00630102 0.235961 0.695532 9.9991E-05
0.0933939 0.0188173 0.375734 0.511955 9.9991E-05
9.9982E-05 9.9982E-05 0.224453 0.677127 0.0982201
0.074728 9.9991E-05 0.163578 0.685184 0.0764093
0.0218862 9.9991E-05 0.41913 0.416937 0.141947
9.9991E-05 0.0178929 0.282711 0.540464 0.158832
9.9982E-05 9.9982E-05 0.304527 0.503344 0.191929
0.0427607 0.188166 0.11222 0.62654 0.030313
9.9991E-05 0.00489019 0.326201 0.63076 0.0380484
9.9991E-05 0.0481014 0.230904 0.632961 0.0879334
0.407649 0.0678077 0.0546376 0.437479 0.0324269
0.580274 0.100673 0.0588824 0.233502 0.0266692
0.540857 0.0882029 0.016873 0.353967 9.9991E-05
0.572446 0.102342 0.104035 0.221077 9.9991E-05
0.326645 0.139567 0.0410408 0.451856 0.0408916
0.0524607 0.0228564 0.334475 0.584591 0.00561722
0.695226 0.24623 0.0523393 9.9991E-05 0.00610475
0.48309 0.16367 0.0856656 0.267474 9.9991E-05
0.209711 0.128898 0.119229 0.52422 0.0179417
9.9991E-05 0.186271 0.0568855 0.656735 0.100009
0.068915 0.128214 0.264769 0.437674 0.100428
0.0781469 0.133348 0.0745175 0.683344 0.0306433
0.023627 0.155465 0.101832 0.624586 0.0944908
0.501137 0.212536 9.9991E-05 0.263586 0.022641
0.375482 0.122944 9.9991E-05 0.351581 0.149893
0.586839 0.0552578 9.9982E-05 0.357703 9.9982E-05
0.361272 0.102076 9.9991E-05 0.463945 0.0726078
0.570211 0.107565 0.0805565 0.241568 9.9991E-05
0.393004 0.115345 0.0581649 0.395601 0.0378852
0.627973 0.113495 0.067194 0.191239 9.9991E-05
0.435183 0.0260909 0.0503132 0.364436 0.123977
0.0765811 0.117712 0.28159 0.495403 0.0287135
0.39141 0.151492 0.120273 0.321501 0.0153248
0.655099 0.229623 0.016937 0.0982413 9.9991E-05
0.367407 0.0735826 0.0498849 0.328522 0.180603
0.027297 0.199438 0.300774 0.234404 0.238087
0.0601979 0.086039 0.212644 0.641019 9.9991E-05
0.417092 0.0960697 0.0715281 0.280854 0.134456
0.014028 0.145537 0.0479909 0.70958 0.0828641
0.0600358 0.204716 0.154485 0.53289 0.0478732
0.149185 0.258458 0.137774 0.430097 0.0244851
0.376142 0.195256 0.0942459 0.296976 0.0373797
0.168877 0.126799 0.0724728 0.519744 0.112107
0.426362 0.0594693 0.11619 0.397878 9.9991E-05
0.541842 0.0724772 9.9982E-05 0.385481 9.9982E-05
0.719206 0.219201 9.9982E-05 0.0613923 9.9982E-05
0.181764 0.0749358 9.9991E-05 0.613758 0.129443
9.9991E-05 0.151694 0.137148 0.573501 0.137557
0.0917527 0.170356 0.515519 0.184636 0.0377365
0.16835 0.0547148 0.0653222 0.559261 0.152352
0.0850598 0.140565 0.0953641 0.419315 0.259696
0.136259 0.247672 0.0416094 0.574359 9.9991E-05
0.136066 0.155929 0.160447 0.420313 0.127245
0.219996 0.374259 0.405545 9.9982E-05 9.9982E-05
0.154474 0.39239 0.452936 9.9982E-05 9.9982E-05
0.216637 0.190543 0.37249 0.201252 0.0190787
0.302581 0.360666 0.332265 9.9991E-05 0.0043879
0.27571 0.444537 0.279552 9.9982E-05 9.9982E-05
0.197019 0.135557 0.33503 0.332293 9.9991E-05
0.21849 0.136446 0.223031 0.363344 0.0586894
0.21187 0.274946 0.26246 0.198486 0.052238
0.259195 0.258674 0.424688 0.0573438 9.9991E-05
0.164078 0.139906 0.223242 0.436605 0.0361687
0.184736 0.257301 0.362556 0.195307 9.9991E-05
0.128064 0.481526 0.39021 9.9982E-05 9.9982E-05
0.209485 0.153717 0.0954138 0.517449 0.023935
0.311298 0.213025 0.183077 0.2925 9.9991E-05
0.16004 0.339406 9.9991E-05 0.436725 0.0637289
0.257269 0.1579 9.9982E-05 0.584631 9.9982E-05
0.135025 0.153826 0.191757 0.399866 0.119526
0.124928 0.237234 9.9991E-05 0.617586 0.0201518
0.325754 0.108369 0.0280076 0.518349 0.019521
0.20054 0.435382 9.9982E-05 0.363878 9.9982E-05
0.185541 0.21191 9.9991E-05 0.58582 0.0166297
0.309712 0.228316 9.9991E-05 0.456691 0.00518008
0.298523 0.310875 0.162673 0.227829 9.9991E-05
0.165397 0.164888 0.274059 0.300139 0.0955174
0.142579 0.200297 0.0697001 0.538363 0.0490612
0.206343 0.191117 0.0674661 0.534974 9.9991E-05
0.123811 0.148108 0.0241509 0.637184 0.0667464
0.355894 0.32367 9.9991E-05 0.255688 0.0646481
0.257226 0.203863 0.0668621 0.467607 0.00444252
0.26557 0.363572 0.243201 0.127557 9.9991E-05
0.300305 0.190843 9.9991E-05 0.430675 0.0780775
0.370916 0.278555 0.226018 0.110308 0.0142027
9.9991E-05 0.795768 0.0728482 0.00328148 0.128003
9.9991E-05 0.0886263 0.0154983 0.120542 0.775233
9.9973E-05 0.0238867 9.9973E-05 9.9973E-05 0.975813
9.997E-05 9.997E-05 9.997E-05 9.997E-05 0.9996
0.0443683 9.9982E-05 9.9982E-05 0.0359435 0.919488
0.0439109 0.0304616 9.9991E-05 0.0437223 0.881805
9.9973E-05 9.9973E-05 9.9973E-05 0.0840486 0.915652
9.9973E-05 0.0545889 9.9973E-05 9.9973E-05 0.945111
0.0284754 0.204554 9.9982E-05 9.9982E-05 0.766771
0.00699581 0.908876 9.9991E-05 0.0392792 0.0447489
9.9982E-05 0.844512 9.9982E-05 0.0695839 0.0857038
0.0435916 0.899072 9.9982E-05 0.0571366 9.9982E-05
9.9991E-05 0.802006 0.0325781 0.0379741 0.127341
0.0171799 0.925097 9.9991E-05 0.0404929 0.0171304
9.9982E-05 0.904474 0.0173706 9.9982E-05 0.0779553
0.132855 0.761495 0.0105344 0.0890716 0.00604358
0.0742916 0.891763 0.0111284 0.0227169 9.9991E-05
0.0660968 0.699971 9.9991E-05 0.0942142 0.139618
0.0520676 0.899189 9.9982E-05 0.0485437 9.9982E-05
9.9982E-05 0.961622 9.9982E-05 0.0215421 0.016636
0.0767199 0.837607 0.0295755 0.0418258 0.0142723
0.0237466 0.939039 9.9982E-05 9.9982E-05 0.0370146
0.0716717 0.907954 9.9991E-05 0.0138886 0.00638614
0.0484738 0.87378 9.9982E-05 0.0775464 9.9982E-05
0.0235424 0.848832 9.9982E-05 0.127426 9.9982E-05
0.111208 0.780314 9.9982E-05 0.108278 9.9982E-05
0.0655096 0.813884 9.9982E-05 0.120407 9.9982E-05
0.0888683 0.80501 9.9982E-05 0.105922 9.9982E-05
0.0140107 0.236648 0.214518 0.473753 0.0610702
9.9982E-05 0.116463 0.165864 0.717473 9.9982E-05
0.0713502 0.220994 0.122674 0.584882 9.9991E-05
0.0737896 0.0906428 0.712126 0.123342 9.9991E-05
9.9991E-05 0.193232 0.0647005 0.622754 0.119213
0.0576592 0.189822 0.623513 0.128906 9.9991E-05
0.0364286 0.127771 0.0651885 0.7163 0.0543111
9.9991E-05 0.115791 0.169415 0.550244 0.164449
9.9991E-05 0.0738468 0.212878 0.655268 0.0579065
0.0104135 0.0520993 0.249479 0.603724 0.084285
0.0464359 0.134769 0.218027 0.482984 0.117784
0.0267167 0.122426 0.071114 0.711989 0.0677543
9.9991E-05 0.128422 0.0391373 0.619281 0.213059
0.0389227 9.9991E-05 0.40168 0.129517 0.42978
9.9982E-05 0.130507 0.793845 9.9982E-05 0.0754477
0.066326 0.096583 0.548058 0.203642 0.085391
0.158819 0.0816762 9.9991E-05 0.573617 0.185788
9.9991E-05 0.184984 0.163685 0.635424 0.0158061
9.9982E-05 0.177557 0.252573 0.56967 9.9982E-05
0.132835 0.0362046 0.125587 0.705273 9.9991E-05
0.1532 0.20283 0.09363 0.55024 9.9991E-05
0.170651 0.212505 9.9991E-05 0.551076 0.0656684
0.176584 0.408017 0.157793 0.136404 0.121203
0.0633145 0.216935 9.9991E-05 0.61278 0.10687
0.230088 0.220227 0.0798725 0.334799 0.135014
0.210722 0.429981 0.359097 9.9982E-05 9.9982E-05
0.206423 0.334367 0.10321 0.3559 9.9991E-05
0.178453 0.348417 0.0848791 0.323324 0.0649273
0.0552881 0.26741 0.0361238 0.515587 0.125591
0.30418 0.0456148 0.0570368 0.382612 0.210556
0.219886 0.188489 0.0269241 0.510248 0.0544529
0.151936 0.134738 9.9991E-05 0.631903 0.0813234
0.185567 0.184704 0.219535 0.403924 0.00626865
0.143365 0.484406 0.0678388 0.304289 9.9991E-05
