0.0336921 0.0173634 0.879707 0.0690374 9.9982E-05 9.9982E-05
0.0381151 9.9964E-05 0.961485 9.9964E-05 9.9964E-05 9.9964E-05
0.0157043 0.120719 0.784134 0.0396428 0.0396998 9.9991E-05
9.9973E-05 9.9973E-05 0.848656 0.0669099 0.0841346 9.9973E-05
9.9973E-05 9.9973E-05 0.894762 9.9973E-05 0.0497807 0.0551571
0.0719838 0.250891 0.517595 0.117779 0.0203414 0.02141
0.000939968 0.317827 0.680933 9.9973E-05 9.9973E-05 9.9973E-05
9.9991E-05 0.106921 0.669786 0.148313 0.0296986 0.0451808
9.99729E-05 0.0727114 0.793473 0.133516 9.99729E-05 9.99729E-05
0.0560279 0.20848 0.655012 9.9991E-05 0.0420144 0.0383659
0.0312073 0.175425 0.668302 0.124867 9.9982E-05 9.9982E-05
0.558363 9.9973E-05 9.9973E-05 0.271247 0.17009 9.9973E-05
0.425963 0.0206947 0.0368208 0.280702 0.223584 0.0122367
0.457299 0.0500932 0.13334 0.172002 0.187165 9.9991E-05
0.497239 9.9982E-05 0.0684257 0.380609 0.0535259 9.9982E-05
0.518307 9.9991E-05 0.0923243 0.147942 0.195455 0.0458712
0.56846 0.00211243 0.0689797 0.233289 0.127059 9.9991E-05
0.475003 9.9982E-05 0.0604958 0.240835 0.223466 9.9982E-05
0.574981 0.0213312 0.0791178 0.231902 0.0925675 9.9991E-05
0.0213804 9.9973E-05 0.83796 9.9973E-05 0.14036 9.9973E-05
0.0442249 9.9982E-05 0.808679 0.00975594 0.13714 9.9982E-05
0.117231 9.9973E-05 0.783321 9.9973E-05 0.0991477 9.9973E-05
0.0936791 0.0862846 0.678719 9.9982E-05 0.141117 9.9982E-05
0.369552 0.0211874 0.0711827 0.467087 0.0692186 0.00177256
0.869389 0.0140872 0.0171648 0.0991589 9.9982E-05 9.9982E-05
0.771781 0.0637004 9.9982E-05 9.9982E-05 0.0489815 0.115337
0.658672 0.183256 9.9973E-05 9.9973E-05 9.9973E-05 0.157771
0.419349 0.078243 9.9982E-05 0.36854 9.9982E-05 0.133668
0.473231 0.224413 9.9982E-05 0.0726393 9.9982E-05 0.229517
0.470102 0.058052 0.0788129 0.324806 0.0424487 0.025779
0.356538 0.220161 0.13048 0.26148 0.0312415 9.9991E-05
0.518194 0.0204893 0.123681 0.337436 9.9982E-05 9.9982E-05
0.518467 0.0731121 0.0526836 0.15575 0.117543 0.0824437
0.368388 0.0645715 0.0831992 0.222732 9.9991E-05 0.26101
0.895916 9.9973E-05 0.0426287 9.9973E-05 0.0611555 9.9973E-05
0.915113 0.0844868 9.9964E-05 9.9964E-05 9.9964E-05 9.9964E-05
0.996395 9.9964E-05 0.00320552 9.9964E-05 9.9964E-05 9.9964E-05
0.966571 9.9964E-05 9.9964E-05 9.9964E-05 0.0330292 9.9964E-05
0.698948 9.9982E-05 0.0869186 0.113291 0.100643 9.9982E-05
0.653844 9.9982E-05 0.0232734 0.22055 0.102132 9.9982E-05
0.609582 0.145716 9.9973E-05 9.9973E-05 9.9973E-05 0.244402
0.0484096 9.9982E-05 0.847745 0.0442422 0.0594029 9.9982E-05
9.9973E-05 9.9973E-05 0.946213 9.9973E-05 0.0311945 0.0222925
0.0187755 9.9973E-05 0.895091 9.9973E-05 0.0858338 9.9973E-05
9.9973E-05 0.0059474 0.941198 9.9973E-05 0.0525542 9.9973E-05
0.0115456 0.0750503 0.870085 9.9982E-05 0.0431188 9.9982E-05
9.9982E-05 0.00188755 0.884409 9.9982E-05 0.075734 0.0377691
9.9973E-05 0.0176369 0.941538 9.9973E-05 0.0405247 9.9973E-05
0.945635 9.9964E-05 0.0539654 9.9964E-05 9.9964E-05 9.9964E-05
0.837821 9.9973E-05 0.0556871 0.106192 9.9973E-05 9.9973E-05
0.648842 9.9982E-05 0.0330262 9.9982E-05 0.181757 0.136175
0.359206 0.0689351 0.0593258 0.29154 0.04546 0.175533
0.35785 9.9991E-05 0.0897739 0.347378 0.109663 0.0952345
0.259894 0.107498 0.0377492 0.212212 0.046386 0.336261
0.2883 0.0556038 9.9991E-05 0.236386 0.0585829 0.361027
0.614166 9.9991E-05 0.0368531 0.195502 0.0655743 0.0878048
0.438816 9.9991E-05 0.0232293 0.370823 0.117803 0.0492292
0.391325 0.0740551 0.0179793 0.196344 0.0983418 0.221955
0.125938 0.206998 0.14439 0.0701504 9.9991E-05 0.452423
0.331149 0.329239 0.0434092 0.0814808 0.0297455 0.184977
0.150984 0.121849 0.0905038 0.153999 9.9991E-05 0.482565
0.343408 0.0559687 0.0106398 0.123349 0.120427 0.346207
0.434042 0.158583 0.107157 9.9991E-05 0.122658 0.17746
0.530848 0.164832 9.9991E-05 0.0723054 0.0496019 0.182314
0.0601817 0.275711 0.266965 9.9991E-05 0.261715 0.135327
9.9964E-05 0.670192 0.329408 9.9964E-05 9.9964E-05 9.9964E-05
9.9973E-05 0.851055 0.117768 9.9973E-05 0.0308765 9.9973E-05
0.0793508 0.381018 0.231248 0.0324874 0.275797 9.9991E-05
0.30338 0.163118 9.9982E-05 9.9982E-05 0.105838 0.427464
0.168376 0.204887 9.9991E-05 0.000145093 0.063997 0.562494
0.285595 0.146069 9.9991E-05 0.0638736 0.0288826 0.47548
9.9982E-05 0.00454395 0.0197353 9.9982E-05 0.944524 0.0309968
0.0581416 9.9982E-05 9.9982E-05 0.0298738 0.899924 0.0118602
9.996E-05 9.996E-05 9.996E-05 9.996E-05 0.9995 9.996E-05
9.9973E-05 0.027282 9.9973E-05 0.0434543 0.928964 9.9973E-05
9.9964E-05 9.9964E-05 9.9964E-05 0.035512 0.964088 9.9964E-05
9.996E-05 9.996E-05 9.996E-05 9.996E-05 0.9995 9.996E-05
9.996E-05 9.996E-05 9.996E-05 9.996E-05 0.9995 9.996E-05
0.00939466 9.9964E-05 9.9964E-05 9.9964E-05 0.990205 9.9964E-05
9.99746E-05 0.0221127 0.0196055 9.99746E-05 0.957982 9.99746E-05
9.9973E-05 0.135802 0.00109323 9.9973E-05 0.862805 9.9973E-05
9.9964E-05 0.0419566 9.9964E-05 9.9964E-05 0.957644 9.9964E-05
0.00927963 9.9982E-05 0.0759004 9.9982E-05 0.879825 0.0347952
0.130807 0.419962 0.204451 9.9991E-05 0.00148603 0.243194
0.21885 0.311269 0.202603 9.9991E-05 0.0809007 0.186277
0.284015 0.449214 0.0857133 9.9991E-05 0.113095 0.0678634
9.9973E-05 0.104614 0.779841 0.115245 9.9973E-05 9.9973E-05
9.9982E-05 0.0677075 0.878009 9.9982E-05 0.0466911 0.00739203
9.9973E-05 0.116325 0.869592 0.0137832 9.9973E-05 9.9973E-05
9.9982E-05 0.0744675 0.856676 0.056057 0.0125997 9.9982E-05
9.9982E-05 0.166278 0.818097 0.00612603 0.00929834 9.9982E-05
9.9982E-05 0.0491603 0.915331 9.9982E-05 0.0267454 0.0085628
9.9964E-05 9.9964E-05 0.893639 9.9964E-05 0.105961 9.9964E-05
9.9973E-05 0.104445 0.871773 9.9973E-05 9.9973E-05 0.0234813
0.0150664 0.0369645 0.918755 9.9991E-05 0.0109587 0.0181556
9.9982E-05 0.156437 0.774038 0.0427474 0.0265783 9.9982E-05
0.156167 9.9982E-05 0.661346 0.174933 9.9982E-05 0.00735419
0.0714491 0.0264852 0.567769 0.334097 9.9982E-05 9.9982E-05
0.153285 0.0997639 0.498021 0.212685 9.9991E-05 0.0361452
0.24265 9.9973E-05 0.495677 0.261373 9.9973E-05 9.9973E-05
0.461316 9.9982E-05 9.9982E-05 0.458481 0.0477117 0.0322914
0.609309 9.9982E-05 0.023964 9.9982E-05 0.156245 0.210282
0.600074 9.9973E-05 9.9973E-05 0.0113659 9.9973E-05 0.38826
0.663695 0.0842377 9.9982E-05 9.9982E-05 0.092745 0.159122
0.792826 9.9973E-05 0.0833126 0.123562 9.9973E-05 9.9973E-05
9.9982E-05 0.024942 0.0848308 0.828988 9.9982E-05 0.0610394
9.9991E-05 0.014672 0.00453978 0.905653 0.03393 0.0411053
9.9964E-05 9.9964E-05 9.9964E-05 0.95703 9.9964E-05 0.0425699
9.9973E-05 9.9973E-05 0.0392037 0.94295 9.9973E-05 0.0175459
9.9973E-05 9.9973E-05 9.9973E-05 0.9057 0.025654 0.0683462
9.9973E-05 9.9973E-05 9.9973E-05 0.873861 0.110547 0.0152922
0.0321213 0.0286119 0.82102 9.9991E-05 0.0664522 0.0516948
0.0552001 0.134158 0.792964 0.0174413 0.000136193 9.9991E-05
9.9982E-05 9.9982E-05 0.752607 0.0259764 0.177505 0.0437117
0.0751374 0.0422306 0.732766 0.00830213 0.141464 9.9991E-05
0.0482166 0.0592184 0.751948 0.052418 0.0880993 9.9991E-05
0.0150137 0.153241 0.317362 0.514183 9.9982E-05 9.9982E-05
0.036309 0.123915 0.406799 0.391707 9.9991E-05 0.0411695
0.104153 0.0258403 0.417533 0.432574 9.9991E-05 0.0197997
9.9973E-05 9.9973E-05 0.804995 0.0788765 0.115828 9.9973E-05
0.101464 9.9973E-05 0.386018 0.512217 9.9973E-05 9.9973E-05
0.0761824 0.350591 0.101627 0.0698226 0.348497 0.0532805
9.9982E-05 0.467328 0.245732 9.9982E-05 0.238436 0.0483044
0.346481 0.0902127 9.9991E-05 0.13672 0.133292 0.293194
0.432961 9.9982E-05 0.13637 0.32788 0.102589 9.9982E-05
0.406735 9.9991E-05 0.019959 0.078653 0.169581 0.324971
0.358579 0.0732854 9.9982E-05 0.117782 9.9982E-05 0.450154
0.365165 0.0245547 0.131374 0.227052 0.0713921 0.180462
0.437394 0.0987326 9.9982E-05 0.165352 9.9982E-05 0.298321
0.416339 0.0559683 9.9991E-05 0.152173 0.121595 0.253825
0.345872 0.00746884 0.0699757 0.137131 0.178076 0.261476
9.9973E-05 9.9973E-05 0.7824 9.9973E-05 0.119716 0.0975841
0.0138726 9.9982E-05 0.850875 9.9982E-05 0.0407936 0.0942584
9.9982E-05 0.00712112 0.848084 0.00947887 9.9982E-05 0.135116
9.9973E-05 9.9973E-05 0.831578 9.9973E-05 0.0289546 0.139167
9.9982E-05 9.9982E-05 0.838428 0.0283392 0.0559927 0.0770401
0.291254 0.0364732 0.0284434 0.457023 0.104626 0.0821808
0.472015 0.0518914 0.118038 0.357856 9.9982E-05 9.9982E-05
0.138166 9.9991E-05 0.0826087 0.445531 0.0866026 0.246992
0.282123 0.0285744 0.121002 0.370075 0.0541326 0.144094
0.376966 9.9991E-05 0.0861184 0.379261 0.0913203 0.0662338
0.306747 9.9991E-05 0.0893315 0.204195 0.189816 0.20981
0.271318 0.143343 9.9991E-05 0.118752 0.00642646 0.460061
0.170663 0.173457 9.9982E-05 0.0261951 9.9982E-05 0.629485
0.265373 0.254537 9.9982E-05 0.0457389 9.9982E-05 0.434151
0.252296 0.11319 0.0174281 0.090313 9.9991E-05 0.526673
0.478916 0.00307228 0.0587746 0.407624 0.0515137 9.9991E-05
0.341412 0.0217106 9.9991E-05 0.237625 0.0937401 0.305412
0.391336 9.9982E-05 9.9982E-05 0.345275 0.154625 0.108564
0.485919 9.9973E-05 9.9973E-05 0.344069 0.169712 9.9973E-05
0.205949 0.546856 0.00132237 9.9991E-05 0.0525934 0.193179
9.9982E-05 0.550471 0.273493 9.9982E-05 0.0999809 0.0758555
9.9964E-05 9.9964E-05 9.9964E-05 0.0751138 9.9964E-05 0.924486
0.0595045 9.9982E-05 0.0402476 0.032638 9.9982E-05 0.86741
0.110124 0.0513655 0.111456 9.9991E-05 0.428415 0.298539
0.0761195 0.080976 0.196884 9.9991E-05 0.391121 0.254799
9.9982E-05 0.118521 0.0418285 9.9982E-05 0.0889816 0.750469
9.9982E-05 0.14651 0.149699 9.9982E-05 0.110862 0.592728
0.0553557 9.9982E-05 0.0873867 9.9982E-05 0.233174 0.623884
9.9982E-05 0.0137578 0.0695635 9.9982E-05 0.17353 0.742949
9.9982E-05 9.9982E-05 0.0147683 0.108268 0.047541 0.829223
0.0771238 9.9991E-05 0.0297399 0.0862085 0.0750259 0.731802
9.9982E-05 0.0334602 0.259501 9.9982E-05 0.102369 0.60447
9.9982E-05 0.337084 0.23178 9.9982E-05 0.110503 0.320433
0.0704277 0.0102765 9.9973E-05 9.9973E-05 9.9973E-05 0.918996
9.9964E-05 9.9964E-05 0.0178245 9.9964E-05 9.9964E-05 0.981776
0.108021 9.9982E-05 0.0238529 9.9982E-05 0.11039 0.757536
9.9964E-05 9.9964E-05 9.9964E-05 9.9964E-05 0.114969 0.884632
9.9973E-05 9.9973E-05 0.792631 9.9973E-05 0.0630862 0.143983
0.0104154 0.0305615 0.735559 0.114409 0.0954345 0.0136213
9.9973E-05 9.9973E-05 0.88778 0.0375694 0.0743507 9.9973E-05
9.9964E-05 9.9964E-05 0.94951 9.9964E-05 9.9964E-05 0.0500906
0.930093 9.9973E-05 0.00965777 9.9973E-05 9.9973E-05 0.0599492
0.664156 9.9982E-05 0.00308015 9.9982E-05 0.0738787 0.258685
0.813719 0.0260224 9.9973E-05 9.9973E-05 9.9973E-05 0.159958
0.586653 0.158599 9.9973E-05 9.9973E-05 9.9973E-05 0.254448
0.667034 0.111254 9.9973E-05 9.9973E-05 9.9973E-05 0.221412
0.841096 9.9982E-05 0.0991269 0.0345578 0.0250193 9.9982E-05
0.740454 9.9991E-05 0.0289219 0.0035242 0.0642556 0.162744
0.0659686 0.0717245 0.61681 0.245297 9.9982E-05 9.9982E-05
0.0832328 0.0894997 0.682359 0.137479 0.00732872 9.9991E-05
9.9973E-05 0.0772801 0.788666 0.133754 9.9973E-05 9.9973E-05
9.9982E-05 0.0700497 0.788636 0.118979 9.9982E-05 0.0221353
0.109956 0.00848294 0.746306 0.135056 9.9982E-05 9.9982E-05
0.830841 0.0148786 0.0465664 0.0846488 0.0229648 9.9991E-05
0.750859 0.000903905 0.125705 0.0553174 9.9991E-05 0.0671155
0.771079 9.9973E-05 9.9973E-05 9.9973E-05 0.0425076 0.186114
0.675269 9.9991E-05 0.0314993 0.162007 0.0412438 0.089881
0.776324 9.9982E-05 9.9982E-05 0.0916344 0.110222 0.0216203
9.9982E-05 0.151282 0.294705 0.0142628 0.539551 9.9982E-05
0.209662 0.126342 0.172591 0.146034 0.049625 0.295745
0.099704 0.346822 0.11363 9.9991E-05 0.0276046 0.412139
0.0859034 0.913697 9.9964E-05 9.9964E-05 9.9964E-05 9.9964E-05
9.996E-05 0.9995 9.996E-05 9.996E-05 9.996E-05 9.996E-05
0.037669 0.728918 0.104772 9.9991E-05 0.100811 0.0277303
9.9973E-05 0.751401 0.126351 9.9973E-05 0.121949 9.9973E-05
0.0804581 0.458587 0.172599 0.0352397 0.150199 0.102916
0.0862669 0.838011 0.0303099 9.9982E-05 0.0452122 9.9982E-05
0.28906 0.629504 9.9982E-05 0.0311401 0.0500955 9.9982E-05
9.996E-05 0.9995 9.996E-05 9.996E-05 9.996E-05 9.996E-05
0.070482 0.2644 0.250761 9.9991E-05 0.271002 0.143255
0.047643 0.20277 0.280561 9.9991E-05 0.300586 0.16834
0.0196553 0.0460151 0.766508 0.086097 9.9991E-05 0.0816244
9.9964E-05 9.9964E-05 9.9964E-05 0.998808 9.9964E-05 0.000792127
9.9964E-05 9.9964E-05 0.000178881 0.999421 9.9964E-05 9.9964E-05
9.9982E-05 0.0457854 9.9982E-05 0.928567 0.000779038 0.0246683
0.0441202 0.00643732 0.0167205 0.875772 0.0568504 9.9991E-05
0.0197632 9.9982E-05 9.9982E-05 0.876128 0.0332022 0.0707066
0.0191926 9.9973E-05 9.9973E-05 0.956265 9.9973E-05 0.0242425
9.9964E-05 9.9964E-05 0.198032 0.801569 9.9964E-05 9.9964E-05
0.0596668 9.9973E-05 0.912261 9.9973E-05 0.0277721 9.9973E-05
0.063725 9.9982E-05 0.809911 0.113291 0.0128724 9.9982E-05
0.053362 9.9973E-05 0.916411 9.9973E-05 0.029927 9.9973E-05
9.9982E-05 0.0588305 0.828088 0.0917553 9.9982E-05 0.0211259
0.0122315 0.0862188 0.86102 9.9982E-05 0.0403299 9.9982E-05
9.9991E-05 0.0644954 0.848063 0.051354 0.00949324 0.0264946
9.9973E-05 9.9973E-05 0.893375 9.9973E-05 0.0655923 0.0407327
0.0157808 9.9982E-05 0.946716 9.9982E-05 0.0300736 0.00722963
9.9964E-05 9.9964E-05 0.997566 9.9964E-05 9.9964E-05 0.00203383
9.9982E-05 0.0358803 0.899931 9.9982E-05 0.0273534 0.0366349
9.9973E-05 0.0413862 0.935178 0.0231356 9.9973E-05 9.9973E-05
9.9973E-05 9.9973E-05 0.939947 0.027654 0.0320989 9.9973E-05
0.0357204 9.9973E-05 0.892876 9.9973E-05 0.071104 9.9973E-05
9.9973E-05 9.9973E-05 0.84474 9.9973E-05 0.109053 0.0459073
9.9973E-05 0.044082 0.774924 9.9973E-05 0.180694 9.9973E-05
0.0234547 9.9973E-05 0.856091 9.9973E-05 0.120154 9.9973E-05
0.0108276 9.9982E-05 0.811497 9.9982E-05 0.172879 0.00459622
0.333224 0.124151 0.197369 0.074226 0.0806561 0.190374
0.158835 0.302101 9.9991E-05 0.0627435 0.0266828 0.449538
0.230895 0.476786 9.9982E-05 9.9982E-05 0.00968748 0.282432
0.309297 0.0658107 9.9991E-05 0.271574 0.0324625 0.320755
0.0178051 0.278391 9.9982E-05 0.131612 9.9982E-05 0.571992
0.225516 0.357381 9.9982E-05 0.0517315 9.9982E-05 0.365171
0.231612 0.0962931 0.105278 0.104631 0.146683 0.315504
0.179858 0.162131 0.382115 0.104642 0.125667 0.0455878
9.9991E-05 0.643853 0.11523 0.068366 0.129603 0.0428489
0.22554 0.102637 0.259082 0.112898 0.281843 0.0179999
0.211319 0.185037 0.359735 0.00418061 0.239629 9.9991E-05
