9.9982E-05 0.88218 9.9982E-05 0.0381368 0.0794831
0.0697658 0.928966 9.9982E-05 9.9982E-05 0.00106868
0.0250716 0.82659 0.0600633 0.066644 0.0216307
0.00100932 0.809705 9.9991E-05 0.126675 0.0625106
9.9982E-05 0.910027 0.0476799 0.0420932 9.9982E-05
0.139761 0.615161 0.0633161 0.0995779 0.0821845
0.115897 0.834135 0.0067417 0.0324141 0.0108119
0.105279 0.729704 9.9991E-05 0.0251694 0.139747
0.0435436 0.831304 9.9982E-05 9.9982E-05 0.124952
0.0757207 0.683583 0.126811 0.0740668 0.0398184
0.103098 0.774557 0.0581407 9.9991E-05 0.064104
0.134476 9.9991E-05 0.484243 0.0118858 0.369295
0.078953 0.037065 0.564351 0.0825748 0.237056
0.169199 0.0368867 0.325611 0.102834 0.36547
0.174078 0.0283741 0.364487 0.213387 0.219673
0.0520485 0.21664 0.407275 0.109792 0.214244
0.0490231 9.9991E-05 0.510456 0.221184 0.219237
0.0939725 0.141463 0.518167 9.9991E-05 0.246298
0.156216 0.0510309 0.127761 0.0607182 0.604274
0.0915144 0.00463457 0.489145 0.0960278 0.318678
0.15203 0.109308 0.461583 0.113704 0.163375
0.0504565 0.0669192 0.656606 0.0439057 0.182112
0.10538 0.0305902 0.397189 0.100875 0.365965
0.135671 0.0138777 0.607061 0.139752 0.103638
0.088612 0.0476505 0.402299 0.0648582 0.39658
0.0262663 0.0283386 0.379639 0.186889 0.378866
0.134429 0.00398569 0.395968 0.0554045 0.410213
9.9982E-05 0.838696 0.0400009 0.121103 9.9982E-05
9.9982E-05 0.851176 0.144104 0.00451985 9.9982E-05
9.9982E-05 0.76982 0.18529 0.0446904 9.9982E-05
0.00968307 0.67088 0.182486 0.136851 9.9991E-05
0.14271 0.0935769 0.671276 0.00754502 0.0848916
0.189021 0.0151273 0.724934 0.0708185 9.9991E-05
0.102754 0.0934798 0.317636 9.9991E-05 0.48603
0.392387 0.0354233 0.519709 0.0166721 0.0358089
0.102364 0.0514658 0.786777 0.0592934 9.9991E-05
0.0863898 0.115153 0.694464 0.04051 0.0634831
0.12166 0.154928 0.629103 0.0908567 0.00345235
0.310868 0.00886692 0.506343 9.9991E-05 0.173822
0.117806 0.0891799 0.675128 0.0791463 0.0387396
0.412496 9.9973E-05 0.587204 9.9973E-05 9.9973E-05
0.80611 0.0377457 0.0495532 9.9991E-05 0.106491
0.190667 9.9982E-05 0.345529 9.9982E-05 0.463605
0.56325 9.9991E-05 0.134317 0.0881666 0.214167
0.223072 0.0964462 0.244672 9.9991E-05 0.43571
0.0936362 0.0196827 0.551867 0.0924943 0.24232
0.216118 0.134364 0.468021 0.00128179 0.180215
0.27752 0.204636 0.10196 0.0816749 0.334208
0.124301 0.060255 0.49449 0.0915244 0.22943
0.226063 0.071649 0.208005 9.9991E-05 0.494182
0.0914842 0.0177541 0.586312 0.039054 0.265395
0.0975274 0.00654006 0.534902 0.216308 0.144723
0.253371 0.0821935 0.381127 0.0793634 0.203946
0.100247 9.9991E-05 0.598843 0.112418 0.188393
0.251212 0.0752602 0.370688 9.9991E-05 0.30274
0.149422 9.9982E-05 0.761257 9.9982E-05 0.0891211
0.38576 9.9982E-05 0.512756 9.9982E-05 0.101284
0.741306 9.9982E-05 0.237817 9.9982E-05 0.0206772
0.592159 9.9982E-05 0.351788 9.9982E-05 0.0558524
0.432887 9.9982E-05 0.563333 9.9982E-05 0.00357969
0.172917 9.9982E-05 0.715751 9.9982E-05 0.111132
0.27756 0.0291139 0.618861 0.0743647 9.9991E-05
0.269445 0.0479128 0.442119 0.00397389 0.236549
0.182248 0.0249338 0.506325 9.9991E-05 0.286394
0.270241 0.0440407 0.554674 9.9991E-05 0.130943
0.257857 0.0312916 0.59029 9.9991E-05 0.120461
0.368204 9.9973E-05 0.631496 9.9973E-05 9.9973E-05
0.747975 9.9991E-05 0.198623 0.0237296 0.0295716
9.9991E-05 0.793769 0.109554 0.02385 0.0727268
9.9973E-05 0.928093 0.071607 9.9973E-05 9.9973E-05
9.9982E-05 0.903572 0.0301791 0.0660486 9.9982E-05
0.0182828 0.939482 9.9982E-05 0.0420357 9.9982E-05
9.9973E-05 0.920125 9.9973E-05 0.0795747 9.9973E-05
9.9982E-05 0.91041 0.0322428 0.0571477 9.9982E-05
9.9982E-05 0.933526 0.0389495 0.0273247 9.9982E-05
0.570595 9.9982E-05 0.365891 9.9982E-05 0.0633137
0.160317 0.0317374 0.757773 9.9991E-05 0.0500727
0.180114 0.0388467 0.747962 0.0141513 0.0189262
0.278529 0.0145521 0.649999 0.0312606 0.0256592
0.218884 9.9982E-05 0.701121 0.079795 9.9982E-05
0.578296 9.9982E-05 0.259075 9.9982E-05 0.162429
0.494529 0.00570831 0.394296 0.105366 9.9991E-05
0.263845 0.0549574 0.635537 0.0455605 9.9991E-05
0.221547 0.0772665 0.577959 9.9991E-05 0.123127
0.349677 9.9991E-05 0.571474 0.0569144 0.0218347
0.102346 0.0875272 0.666683 0.0434354 0.100009
0.28536 0.018859 0.327809 0.0366673 0.331305
9.9991E-05 0.112647 0.419567 0.129083 0.338603
9.9982E-05 0.0342233 0.60923 9.9982E-05 0.356347
0.0481984 0.0106324 0.504115 0.133589 0.303466
0.0545785 0.0461976 0.473495 0.117629 0.3081
9.9982E-05 0.064919 0.773426 9.9982E-05 0.161455
9.9982E-05 0.00806607 0.661534 9.9982E-05 0.3302
0.00778552 0.00132045 0.612611 0.109212 0.269071
0.000306361 0.00447731 0.553679 0.167117 0.27442
0.195606 0.112273 0.367539 0.0755156 0.249066
0.0446364 0.0255582 0.635731 0.087424 0.206651
0.014346 9.9991E-05 0.712166 0.0894305 0.183957
0.171738 0.0357664 0.361511 0.0595174 0.371467
0.454677 0.0234266 0.186315 0.0667257 0.268855
0.411255 9.9991E-05 0.156156 0.0783798 0.354109
0.0983064 0.0249324 0.455784 9.9991E-05 0.420878
0.101181 9.9982E-05 0.600724 9.9982E-05 0.297895
9.9982E-05 0.0273842 0.522495 9.9982E-05 0.449921
0.0747411 0.0311887 0.375798 0.0297443 0.488528
9.9991E-05 0.137018 0.751935 0.0452367 0.0657098
0.328266 9.9991E-05 0.232653 0.0925072 0.346473
0.118129 0.158413 0.543484 0.108995 0.0709791
0.671098 0.207234 0.0605741 9.9991E-05 0.0609935
0.314159 0.0392761 0.516395 0.042557 0.0876128
0.100401 0.146815 0.546241 0.160512 0.0460309
0.469445 0.128949 0.319844 0.000305357 0.0814569
0.423328 0.120036 0.277478 0.00300108 0.176156
0.275731 0.0725581 0.505415 9.9991E-05 0.146196
0.532147 0.0774228 0.131511 0.178037 0.0808826
0.359301 0.00755489 0.52324 9.9991E-05 0.109804
0.260812 0.0422466 0.623412 0.0734296 9.9991E-05
0.270929 0.295606 0.141194 0.292171 9.9991E-05
0.27196 0.54026 9.9982E-05 0.18758 9.9982E-05
0.339892 0.491692 9.9982E-05 0.168216 9.9982E-05
0.164803 0.36267 0.0414054 0.387889 0.0432327
0.199412 9.9982E-05 0.692768 0.10762 9.9982E-05
9.9982E-05 9.9982E-05 0.286758 0.674397 0.0386455
0.497281 0.000582425 0.396986 0.10505 9.9991E-05
0.681615 9.9991E-05 0.191136 0.109587 0.0175625
0.234646 0.031124 0.657717 0.0764132 9.9991E-05
0.275828 0.109608 0.516986 0.0143258 0.0832513
0.280734 0.0490852 0.598291 0.0717901 9.9991E-05
0.669716 9.9991E-05 0.199296 0.072476 0.0584119
0.00394874 9.9973E-05 9.9973E-05 0.995751 9.9973E-05
9.9973E-05 9.9973E-05 0.115267 0.884433 9.9973E-05
9.9982E-05 0.00302014 0.254023 0.742757 9.9982E-05
9.9991E-05 0.0413073 0.141696 0.798412 0.0184857
9.997E-05 9.997E-05 9.997E-05 0.9996 9.997E-05
9.9973E-05 9.9973E-05 9.9973E-05 0.945195 0.0545047
9.9973E-05 9.9973E-05 0.175123 0.824577 9.9973E-05
9.9973E-05 9.9973E-05 9.9973E-05 0.934382 0.0653181
9.997E-05 9.997E-05 9.997E-05 0.9996 9.997E-05
9.997E-05 9.997E-05 9.997E-05 0.9996 9.997E-05
9.9982E-05 0.0453749 0.200109 0.754317 9.9982E-05
9.9991E-05 0.00985164 0.0937886 0.804273 0.0919873
9.997E-05 9.997E-05 9.997E-05 0.9996 9.997E-05
9.9982E-05 0.0716648 0.190511 0.737625 9.9982E-05
9.9982E-05 9.9982E-05 0.115295 0.861961 0.0225443
9.9973E-05 0.00158144 9.9973E-05 0.998119 9.9973E-05
9.9982E-05 0.0292137 0.119644 0.850943 9.9982E-05
9.997E-05 9.997E-05 9.997E-05 0.9996 9.997E-05
0.0446038 0.0727084 0.248068 0.602963 0.0316569
0.0422366 0.00682589 9.9991E-05 0.879842 0.0709959
0.554082 0.358671 9.9982E-05 0.0870469 9.9982E-05
0.148473 0.193733 0.439034 0.0488143 0.169946
0.182319 0.264751 0.374407 0.0939197 0.0846034
0.358598 0.275119 0.198423 0.161465 0.00639528
0.323624 0.265709 0.268858 0.141708 9.9991E-05
0.302998 0.166616 0.280686 0.249601 9.9991E-05
0.154021 0.209882 0.398088 0.237909 9.9991E-05
0.261929 0.166123 0.247048 0.324799 9.9991E-05
0.0509181 0.860991 0.0137166 9.9991E-05 0.0742742
0.0091688 0.934944 9.9991E-05 0.0457386 0.0100491
9.9973E-05 0.976996 9.9973E-05 9.9973E-05 0.0227036
9.9973E-05 0.939082 9.9973E-05 9.9973E-05 0.0606179
9.9991E-05 0.919598 0.0183681 0.00432169 0.057612
9.9982E-05 0.92543 0.0279465 0.046423 9.9982E-05
9.9982E-05 0.862456 0.0418566 0.0954878 9.9982E-05
0.0816561 0.9015 0.00169358 9.9991E-05 0.0150507
9.9973E-05 0.941735 0.0579647 9.9973E-05 9.9973E-05
0.0234384 0.877731 9.9991E-05 0.0929319 0.00579852
0.115916 0.62847 9.9982E-05 9.9982E-05 0.255414
0.0871182 0.582893 9.9982E-05 9.9982E-05 0.329788
0.147667 0.581779 0.00324648 9.9991E-05 0.267207
0.154562 0.500261 0.00871796 9.9991E-05 0.336359
0.168022 0.0309024 0.58839 0.116358 0.0963272
0.0744045 0.0113061 0.676456 0.0508235 0.18701
0.111059 0.054888 0.585394 9.9991E-05 0.248559
0.0415873 9.9982E-05 0.305442 9.9982E-05 0.652771
0.114416 0.0826891 0.737199 0.0411431 0.0245529
0.233289 0.0161306 0.662298 0.0304775 0.0578052
0.234468 9.9991E-05 0.64151 0.00776825 0.116155
0.336179 9.9991E-05 0.574092 0.0780151 0.0116137
0.215955 0.016346 0.577158 9.9991E-05 0.190441
0.72935 9.9982E-05 0.137731 9.9982E-05 0.132719
0.46972 0.0194623 0.46307 9.9991E-05 0.047648
0.213618 0.0353493 0.708053 0.0428803 9.9991E-05
0.364034 9.9982E-05 0.432256 9.9982E-05 0.20351
0.0296455 0.11734 9.9982E-05 9.9982E-05 0.852814
0.00856177 0.0710939 0.0710319 9.9991E-05 0.849212
0.00869509 0.0129941 9.9982E-05 9.9982E-05 0.978111
0.00886266 0.0685411 9.9982E-05 9.9982E-05 0.922396
0.0176304 9.9991E-05 0.00861395 0.0609018 0.912754
9.9991E-05 0.0116877 0.0275395 0.111469 0.849204
9.9982E-05 0.884168 0.11471 0.000922469 9.9982E-05
9.9982E-05 0.838272 0.0680046 9.9982E-05 0.0935234
9.9982E-05 0.783985 0.140639 0.0751755 9.9982E-05
9.9991E-05 0.743462 0.114328 0.0785647 0.0635445
9.9991E-05 0.768944 0.137115 0.0483928 0.0454484
0.068032 0.393564 9.9982E-05 9.9982E-05 0.538204
0.165727 0.415368 9.9982E-05 9.9982E-05 0.418705
0.08486 0.45485 9.9982E-05 9.9982E-05 0.46009
9.9991E-05 0.803048 0.094406 0.0765497 0.0258963
0.0864111 0.346677 0.0356275 9.9991E-05 0.531185
0.146334 0.210182 0.202318 0.441067 9.9991E-05
9.9982E-05 0.194416 0.483678 0.321706 9.9982E-05
0.140796 0.208635 0.344921 0.274648 0.0309996
0.203579 0.429292 9.9982E-05 0.366929 9.9982E-05
0.0471426 0.0271277 0.604613 9.9991E-05 0.321017
0.306819 0.0201477 0.401961 0.0480654 0.223007
9.9991E-05 0.0681398 0.410224 0.00821995 0.513317
0.269059 9.9991E-05 0.539674 0.0702376 0.120929
0.858709 9.9973E-05 9.9973E-05 9.9973E-05 0.140991
0.112141 0.0517622 0.529279 0.0894313 0.217387
0.169997 0.10806 0.450883 9.9991E-05 0.270961
0.508947 9.9982E-05 0.307977 9.9982E-05 0.182876
0.198941 9.9991E-05 0.447608 0.128023 0.225329
0.0476793 9.9991E-05 0.614399 0.0787133 0.259109
0.106273 0.152747 0.468799 0.244191 0.0279894
0.199311 9.9991E-05 0.426095 0.052026 0.322468
0.117981 9.9991E-05 0.510051 0.123896 0.247972
0.169929 9.9991E-05 0.494235 0.164431 0.171306
0.19826 9.9991E-05 0.612196 0.0321193 0.157325
0.0257275 0.0375257 0.645312 0.111997 0.179437
9.9982E-05 0.82218 0.0918544 0.0857658 9.9982E-05
9.9982E-05 0.877228 0.0925645 0.0300078 9.9982E-05
0.0470294 0.826845 0.0797283 9.9991E-05 0.0462979
0.0121678 0.839609 0.0899534 0.0231724 0.0350978
9.9973E-05 0.840829 0.158871 9.9973E-05 9.9973E-05
0.0419814 0.0435016 0.257166 0.089399 0.567952
0.00746636 0.0243658 0.650593 0.160417 0.157158
0.035139 0.110751 0.595581 0.00988226 0.248648
0.243712 9.9991E-05 0.244451 0.204339 0.307398
0.192808 0.127327 0.0804959 9.9991E-05 0.599269
0.0277886 0.0129774 0.593349 0.0241174 0.341768
0.10195 0.111539 0.31176 9.9991E-05 0.474651
0.186316 0.029807 0.475806 0.108305 0.199766
0.156682 0.118667 0.233937 9.99999E-05 0.490614
0.0864543 0.0417433 0.271467 0.0317984 0.568537
0.181333 0.0553467 0.354741 0.101836 0.306743
0.489087 0.0291535 0.327883 0.0756924 0.0781844
0.19836 0.10625 0.627616 0.0525674 0.0152068
0.441009 0.00827693 0.460898 9.9991E-05 0.0897156
0.296799 0.107804 0.586014 0.00928334 9.9991E-05
0.728947 9.9982E-05 0.203111 9.9982E-05 0.0677425
0.641008 0.0167893 0.337849 0.00425394 9.9991E-05
0.337891 0.0248908 0.529307 0.0506543 0.0572571
0.590442 9.9982E-05 0.247749 9.9982E-05 0.161608
0.270061 0.0200859 0.528323 0.0245857 0.156944
0.143631 0.0313928 0.245171 9.9991E-05 0.579706
0.343187 9.9991E-05 0.221049 0.0933673 0.342296
0.00524887 0.000521573 0.385172 0.121157 0.4879
0.0869931 0.0704755 0.66745 0.0677126 0.107369
0.094073 9.9991E-05 0.402503 0.0147043 0.488619
0.0714475 9.9991E-05 0.430404 0.245944 0.252105
0.0712444 0.00380434 0.582683 0.0617654 0.280503
0.0873587 9.9991E-05 0.346312 0.043039 0.523191
0.00587887 9.9991E-05 0.416539 0.132464 0.445018
0.0285928 9.9991E-05 0.634931 0.147789 0.188587
0.220531 0.0522551 0.411008 0.0637856 0.25242
0.0828118 9.9991E-05 0.505594 0.121051 0.290443
0.0222333 0.103378 0.44661 0.015532 0.412247
0.0574714 0.0530875 0.535501 0.14433 0.20961
0.037538 0.356706 0.431781 0.173875 9.9991E-05
0.0698965 0.11611 0.474097 0.339796 9.9991E-05
0.107416 0.0498078 0.583346 0.161455 0.0979761
0.0485563 0.221876 0.517841 0.211626 9.9991E-05
0.207534 9.9991E-05 0.525432 0.0637317 0.203203
0.560196 0.237206 9.9982E-05 0.202399 9.9982E-05
0.0971516 0.105213 0.537092 0.205627 0.0549166
0.0153132 0.0875535 0.457363 0.298605 0.141165
0.200552 0.171376 0.27442 0.207863 0.145788
0.120641 0.148618 0.485914 0.235291 0.00953688
0.336453 0.461728 9.9982E-05 0.201619 9.9982E-05
0.0352121 0.172102 0.527135 0.26545 9.9991E-05
0.169892 0.154263 0.557789 0.117955 9.9991E-05
0.199944 0.00507054 0.443478 0.146266 0.205242
0.730531 9.9982E-05 0.150853 9.9982E-05 0.118416
0.725343 9.9982E-05 0.220847 9.9982E-05 0.0536105
0.0526571 0.117211 0.392818 0.397197 0.0401176
0.131352 0.130926 0.347171 0.390451 9.9991E-05
0.314574 0.263586 0.130187 0.291553 9.9991E-05
0.135356 0.150991 0.27398 0.399461 0.0402113
0.615061 0.0877367 0.162585 0.13369 0.000927202
0.495275 0.118086 0.259642 0.126898 9.9991E-05
0.216337 0.019258 0.60414 0.160165 9.9991E-05
0.250935 0.0783678 0.479464 0.191133 9.9991E-05
0.450711 0.0464257 0.293612 0.185702 0.0235497
0.103948 0.106178 0.622806 0.120804 0.046264
0.283054 0.0129916 0.50699 0.196865 9.9991E-05
0.317849 0.0583947 0.557945 9.9991E-05 0.0657112
0.357827 0.0211176 0.520431 0.0179471 0.0826771
0.24073 0.0794645 0.407652 0.123673 0.14848
0.335138 0.0205706 0.587085 0.0571062 9.9991E-05
0.530432 9.9982E-05 0.400469 9.9982E-05 0.0688987
0.161435 0.0459734 0.72965 0.062841 9.9991E-05
0.590724 9.9991E-05 0.350726 0.0196735 0.0387762
0.379564 0.0204712 0.56323 0.00158929 0.035145
0.109669 0.173941 0.388952 0.327338 9.9991E-05
0.114431 0.113859 0.26895 0.32516 0.177601
0.5872 0.187493 9.9991E-05 0.201741 0.0234669
0.0557767 0.0634038 0.567291 0.287094 0.0264345
0.515011 0.344793 9.9982E-05 0.139997 9.9982E-05
0.183534 0.0405168 0.474741 0.301108 9.9991E-05
0.785594 9.9973E-05 0.214106 9.9973E-05 9.9973E-05
0.797373 0.0169825 0.155028 9.9991E-05 0.0305171
0.27102 9.9991E-05 0.639136 0.0274931 0.0622507
0.197772 0.0219591 0.623847 0.156322 9.9991E-05
0.470232 9.9991E-05 0.516486 0.00816164 0.00502002
0.341059 9.9982E-05 0.646855 0.011886 9.9982E-05
0.260196 9.9991E-05 0.595396 0.111719 0.0325896
0.0161737 0.80069 0.0803248 0.0882413 0.0145699
0.0160039 0.705225 9.9991E-05 0.127783 0.150888
9.9982E-05 0.899876 9.9982E-05 0.0693374 0.0305869
9.9973E-05 0.985504 0.0141964 9.9973E-05 9.9973E-05
0.183183 0.0132434 0.695259 0.0313249 0.0769896
0.206724 0.0222711 0.71821 9.9991E-05 0.0526953
0.289278 0.0165199 0.502584 0.00532341 0.186294
0.0899105 0.00990896 0.763359 0.0840386 0.0527826
0.394299 9.9973E-05 0.605401 9.9973E-05 9.9973E-05
0.121037 0.234574 0.43391 0.210379 9.9991E-05
0.300743 9.9991E-05 0.496899 0.0955801 0.106678
0.286602 0.0212443 0.573527 0.00315952 0.115468
0.223202 9.9982E-05 0.702891 9.9982E-05 0.0737073
0.169397 0.0685571 0.714541 9.9991E-05 0.047405
0.200948 9.9982E-05 0.738179 0.0606726 9.9982E-05
0.583129 9.9973E-05 0.416571 9.9973E-05 9.9973E-05
0.464483 9.9991E-05 0.437611 0.0180707 0.0797347
0.433299 9.9991E-05 0.494534 0.023077 0.0489902
0.858184 9.9973E-05 0.141516 9.9973E-05 9.9973E-05
0.183663 0.0458816 0.658084 9.9991E-05 0.112272
0.755921 9.9973E-05 0.243779 9.9973E-05 9.9973E-05
0.867367 9.9973E-05 0.132333 9.9973E-05 9.9973E-05
0.184483 0.0373319 0.724261 0.0538236 9.9991E-05
0.354446 0.0264063 0.505499 9.9991E-05 0.113549
0.187246 0.0185263 0.565276 0.0772422 0.151709
0.138104 0.0286137 0.741741 9.9991E-05 0.0914415
0.204475 9.9991E-05 0.390084 0.101684 0.303656
0.144483 0.0306607 0.669625 0.0419053 0.113327
0.0964822 0.0604494 0.703251 0.0104455 0.129372
0.424243 9.9982E-05 0.550447 9.9982E-05 0.0251097
0.00381162 0.645641 9.9982E-05 9.9982E-05 0.350347
0.0338101 0.748514 0.0874795 0.00601677 0.124179
0.0402213 0.810663 9.9982E-05 9.9982E-05 0.148915
0.00553717 0.817403 9.9982E-05 9.9982E-05 0.17686
9.9982E-05 0.745478 0.0840596 9.9982E-05 0.170262
0.264552 0.027257 0.446558 9.9991E-05 0.261533
0.407006 0.0526525 0.39007 9.9991E-05 0.150171
0.579929 9.9973E-05 0.419771 9.9973E-05 9.9973E-05
0.443451 0.0355984 0.436561 0.0764285 0.00796097
0.149738 0.0382543 0.714959 0.00841053 0.0886381
0.329285 0.0358106 0.615838 0.0189669 9.9991E-05
0.146678 0.100971 0.662131 0.0196828 0.070538
0.312268 9.9982E-05 0.52769 9.9982E-05 0.159842
0.211731 9.9982E-05 0.695787 9.9982E-05 0.0922821
0.231557 9.9982E-05 0.584593 9.9982E-05 0.18365
0.0849188 0.146442 0.640421 0.0822277 0.0459909
0.236709 9.9982E-05 0.705538 9.9982E-05 0.0575526
0.285087 0.0626486 0.601839 0.0384758 0.0119501
9.9982E-05 0.116951 0.460921 0.421928 9.9982E-05
9.9982E-05 0.208714 0.295653 0.495434 9.9982E-05
0.277265 0.0355252 0.590867 0.0870217 0.00932117
0.00274011 0.226731 0.0141768 0.685646 0.0707059
9.9982E-05 0.282598 0.2343 0.482902 9.9982E-05
0.166388 0.168672 0.465659 0.199181 9.9991E-05
0.0558417 0.183949 0.740309 0.0161882 0.00371195
0.15306 0.158953 0.50759 0.0795527 0.100845
9.9991E-05 0.161934 0.334664 0.480485 0.0228166
9.9991E-05 0.0912846 0.386118 0.50803 0.014468
0.0865394 0.121067 0.210885 0.569447 0.0120619
9.9991E-05 0.166341 0.306472 0.523852 0.00323381
0.197411 0.150953 0.598135 0.0534005 9.9991E-05
9.9982E-05 0.18986 0.17955 0.63039 9.9982E-05
0.280292 0.179624 0.295787 0.0174438 0.226853
0.0654598 0.0543912 0.719868 0.113466 0.0468146
9.9991E-05 0.16596 0.637721 0.081295 0.114924
0.147103 0.210928 0.565027 0.0114512 0.0654918
0.0473126 0.156524 0.424589 0.270827 0.100748
0.0322692 0.250216 0.355975 0.324943 0.0365968
9.9982E-05 0.244569 0.185971 0.56926 9.9982E-05
0.221864 0.193241 0.563861 9.9991E-05 0.0209336
0.581514 0.181769 0.150405 0.0862122 9.9991E-05
0.192677 0.121841 0.430476 0.0594888 0.195517
0.0875592 0.24414 0.53013 0.138071 9.9991E-05
0.462105 0.329102 9.9982E-05 0.208593 9.9982E-05
0.47224 0.370424 9.9982E-05 0.157136 9.9982E-05
0.321565 0.143601 0.372515 0.162219 9.9991E-05
0.380662 0.350978 9.9982E-05 0.26816 9.9982E-05
0.27099 0.441867 9.9982E-05 0.286943 9.9982E-05
0.228156 0.226336 0.378447 0.166961 9.9991E-05
0.186993 0.260875 0.397971 0.139463 0.0146979
0.241716 0.345299 0.206463 0.206422 9.9991E-05
0.412828 0.315381 0.101737 0.169954 9.9991E-05
0.180249 0.124448 0.435864 0.200106 0.0593323
0.424649 0.25303 0.169061 0.153161 9.9991E-05
0.414817 0.466186 9.9982E-05 0.118797 9.9982E-05
0.176531 0.16899 0.349404 0.304975 9.9991E-05
0.0207689 0.290966 0.474951 0.213214 9.9991E-05
0.027855 0.175125 0.469225 0.327695 9.9991E-05
0.0343153 0.190574 0.470516 0.283527 0.0210675
0.00439189 0.362078 0.347287 0.286143 9.9991E-05
9.9991E-05 0.271042 0.53369 0.167139 0.0280288
9.9982E-05 0.289959 0.42697 0.28287 9.9982E-05
0.0211231 0.317753 0.394646 0.263579 0.00289896
0.212848 0.164986 0.36202 0.131051 0.129096
9.9982E-05 0.323828 0.38993 0.286042 9.9982E-05
0.247898 0.320606 0.0989438 0.332452 9.9991E-05
0.210007 0.280087 0.0676924 0.442113 9.9991E-05
0.0409228 0.829117 0.0103263 9.9991E-05 0.119533
9.9991E-05 0.0513535 0.0602482 0.0468398 0.841458
9.997E-05 9.997E-05 9.997E-05 9.997E-05 0.9996
9.9973E-05 0.0117488 9.9973E-05 9.9973E-05 0.987951
9.9982E-05 9.9982E-05 0.016824 0.048443 0.934533
9.9973E-05 9.9973E-05 9.9973E-05 0.0526026 0.947097
9.9973E-05 9.9973E-05 0.104075 9.9973E-05 0.895625
0.00468708 0.0589588 9.9982E-05 9.9982E-05 0.936154
9.9973E-05 0.191011 9.9973E-05 9.9973E-05 0.808689
0.0495617 0.911804 0.0116084 0.00351201 0.0235142
9.9982E-05 0.80931 0.0613231 9.9982E-05 0.129167
9.9991E-05 0.918632 0.00300955 0.0621981 0.0160604
9.9982E-05 0.836644 0.0427396 9.9982E-05 0.120417
9.9991E-05 0.939501 0.0232725 0.0363505 0.000776242
9.9982E-05 0.887042 9.9982E-05 0.0203082 0.0924496
0.0258014 0.631719 0.0205187 0.194548 0.127413
0.0191907 0.930792 9.9982E-05 0.049817 9.9982E-05
9.9991E-05 0.727233 0.0926354 0.0303749 0.149656
0.0112354 0.906081 0.0219862 0.0605976 9.9991E-05
9.9982E-05 0.98038 0.00834325 9.9982E-05 0.0110771
9.9982E-05 0.845273 9.9982E-05 0.0565549 0.0979718
9.9973E-05 0.994897 9.9973E-05 9.9973E-05 0.00480329
9.9982E-05 0.944126 0.0353267 9.9982E-05 0.0203476
9.9991E-05 0.895053 0.0801021 0.0127047 0.0120401
9.9982E-05 0.839323 0.0940515 0.0664258 9.9982E-05
9.9982E-05 0.792144 0.0370897 0.170567 9.9982E-05
9.9982E-05 0.785624 0.131284 0.082893 9.9982E-05
9.9982E-05 0.810188 0.0942889 0.0953229 9.9982E-05
0.266133 0.188426 0.512327 9.9991E-05 0.0330153
0.0483552 0.157802 0.793643 9.9982E-05 9.9982E-05
0.660054 0.0827277 0.193978 0.0631406 9.9991E-05
0.0647912 0.120404 0.561397 0.0893516 0.164056
0.639411 0.16089 0.120166 0.0794333 9.9991E-05
0.229323 0.0877329 0.545731 0.137113 9.9991E-05
0.204256 0.0906405 0.550744 9.9991E-05 0.154259
0.151253 0.127773 0.677895 0.0429796 9.9991E-05
0.238654 0.0708809 0.59942 0.0909457 9.9991E-05
0.108558 0.124638 0.603222 9.9991E-05 0.163483
0.0287428 0.14708 0.709018 9.9991E-05 0.115059
0.445876 9.9991E-05 0.0592083 0.0435696 0.451247
0.724417 0.0442289 9.9991E-05 0.0560282 0.175226
0.486565 0.11774 0.235652 0.0402644 0.119778
0.182352 0.159235 0.597024 0.0612898 9.9991E-05
0.209397 0.139755 0.587864 0.0541095 0.00887349
0.12524 0.217954 0.455827 0.20088 9.9991E-05
9.9982E-05 0.218206 0.583322 0.198272 9.9982E-05
0.120265 0.454804 0.212589 0.120287 0.0920549
0.0896912 0.205921 0.484712 0.150962 0.0687141
0.405271 0.358861 9.9982E-05 0.235668 9.9982E-05
0.108814 0.315155 0.281955 0.293976 9.9991E-05
9.9991E-05 0.326717 0.313681 0.234604 0.124897
0.0440369 0.289542 0.439436 0.160026 0.0669587
0.0252484 0.228897 0.517138 0.193346 0.0353706
0.105215 0.15736 0.486709 0.192178 0.0585378
0.0235647 0.433845 0.393274 0.149216 9.9991E-05
