0.857563 9.9973E-05 9.9973E-05 0.0658884 0.00878122 0.0121691 9.9973E-05 0.0552986
0.852511 0.0478455 9.9991E-05 0.0357899 0.0239224 0.0162513 0.0175522 0.00602745
0.747209 9.9973E-05 0.138289 0.0573888 0.0225911 9.9973E-05 9.9973E-05 0.034222
0.763556 9.9982E-05 0.0314154 0.0372456 0.101154 9.9982E-05 0.0024688 0.0639604
0.892158 9.9964E-05 0.0395865 9.9964E-05 0.0140369 9.9964E-05 0.0538188 9.9964E-05
0.570523 0.212969 0.12202 9.9982E-05 0.0541173 0.0154889 9.9982E-05 0.0246817
0.736855 0.191309 0.0542812 0.0171549 9.9964E-05 9.9964E-05 9.9964E-05 9.9964E-05
0.691991 0.1405 0.0455971 0.0301517 9.9973E-05 9.9973E-05 9.9973E-05 0.0914603
0.807516 9.99639E-05 9.99639E-05 0.0123345 9.99639E-05 0.0392733 9.99639E-05 0.140477
0.641471 0.156927 0.0663469 0.0194645 0.0882193 9.9982E-05 9.9982E-05 0.0273714
0.731507 0.11171 0.0683828 0.0170181 9.9973E-05 9.9973E-05 9.9973E-05 0.0710826
9.9964E-05 9.9964E-05 0.325945 9.9964E-05 0.0493359 0.182811 9.9964E-05 0.441508
0.0414733 0.0262439 0.433312 0.017425 0.0671857 0.0681329 0.0461565 0.300071
0.0341992 0.00180632 0.326387 0.0187059 0.0696301 0.0218205 0.147361 0.380089
0.0390797 9.9991E-05 0.324274 0.0033596 0.182619 0.129636 0.0678194 0.253112
0.159488 0.074303 0.362961 9.9982E-05 0.0863434 0.134865 9.9982E-05 0.18184
9.9982E-05 0.100322 0.414843 0.0165768 0.149964 0.103748 9.9982E-05 0.214347
0.116542 0.0467592 0.41235 0.0181916 0.0291819 0.0814276 9.9991E-05 0.295447
0.0124605 0.129981 0.0431022 0.0349809 0.0659406 0.141517 9.9991E-05 0.571919
0.0531158 9.9991E-05 0.46228 0.0426121 0.0515573 0.148513 0.0362023 0.20562
9.9982E-05 0.154827 0.479442 0.030797 9.9982E-05 0.0111446 0.0567346 0.266855
0.0210569 0.0227737 0.56387 9.9991E-05 0.0728885 0.12985 0.0532697 0.136191
9.9982E-05 0.0874249 0.286332 0.0251967 0.112877 0.137522 9.9982E-05 0.350447
0.0218915 0.0598251 0.590384 0.0611513 0.0574159 0.0720698 9.9991E-05 0.137162
0.0346957 9.9991E-05 0.267194 0.0507391 0.0984453 0.154164 0.0354727 0.359189
0.061099 0.0211336 0.305642 0.0247295 0.153231 0.113737 9.9991E-05 0.320328
9.9973E-05 0.13188 0.31275 9.9973E-05 0.0335924 0.0811586 9.9973E-05 0.440319
9.994E-05 9.994E-05 9.994E-05 0.9993 9.994E-05 9.994E-05 9.994E-05 9.994E-05
9.994E-05 9.994E-05 9.994E-05 0.9993 9.994E-05 9.994E-05 9.994E-05 9.994E-05
0.476351 0.00333156 0.152652 0.367266 9.9964E-05 9.9964E-05 9.9964E-05 9.9964E-05
0.478616 0.0588839 0.119479 0.243265 0.0626206 0.0369359 9.9982E-05 9.9982E-05
0.0366003 0.00525569 0.58999 0.00633739 0.0568725 0.169523 0.0196467 0.115775
0.0787442 9.9982E-05 0.505043 0.0416055 0.0263873 0.328851 0.0191687 9.9982E-05
0.0520239 9.9991E-05 0.268492 0.0382388 0.0154595 0.0948285 0.0582765 0.472581
0.039261 9.9982E-05 0.317435 9.9982E-05 0.0464393 0.523103 0.071974 0.00158753
0.0220954 0.0376828 0.528659 0.0339511 0.0396188 0.310968 9.9991E-05 0.0269247
0.0165989 0.21214 0.577202 0.00410308 0.0353603 0.0774877 9.9991E-05 0.0770085
0.0292093 0.0853611 0.662177 0.0690624 9.9982E-05 0.127889 9.9982E-05 0.0261011
9.9964E-05 9.9964E-05 0.160238 0.0595534 9.9964E-05 0.690097 9.9964E-05 0.0897123
0.0160741 0.224086 0.640383 9.9982E-05 0.0430712 0.0650822 9.9982E-05 0.011103
9.9964E-05 9.9964E-05 0.325288 0.00536637 9.9964E-05 0.629644 0.0393019 9.9964E-05
0.0493608 0.160948 9.9964E-05 9.9964E-05 9.9964E-05 0.780105 9.9964E-05 0.00918691
9.9973E-05 0.0146192 0.201613 9.9973E-05 9.9973E-05 0.233522 0.0899914 0.459954
9.9982E-05 0.362076 0.134206 9.9982E-05 0.0150483 0.187512 0.0899732 0.210985
0.0563201 0.0328925 0.19365 0.0631227 9.9991E-05 0.201403 0.0663619 0.38615
9.9973E-05 0.111918 0.556775 9.9973E-05 0.0306113 0.0291567 9.9973E-05 0.271239
0.0232393 0.0990401 0.283017 0.0759742 0.0851093 0.189835 0.0129789 0.230807
0.127459 0.149619 0.135189 0.0847308 0.047885 0.119476 9.9991E-05 0.33554
0.0846142 9.9991E-05 0.366086 0.0222194 0.0875624 0.0844523 0.089325 0.265641
9.9973E-05 0.15484 0.126894 0.108213 9.9973E-05 0.17596 9.9973E-05 0.433793
9.9982E-05 0.0110644 0.5194 0.0303668 9.9982E-05 0.155495 0.0697871 0.213687
0.0539264 0.0668245 0.584101 9.9982E-05 0.0469085 0.0322572 0.215782 9.9982E-05
9.999E-05 0.127726 0.220047 0.0310019 0.0999035 0.181504 0.127588 0.21213
9.9991E-05 0.0972461 0.56236 0.0631434 0.0347877 0.0740779 0.00652116 0.161764
0.0248124 0.0232397 0.260284 0.0655213 9.9991E-05 0.185209 0.117004 0.32383
9.9955E-05 9.9955E-05 0.508068 9.9955E-05 9.9955E-05 0.429518 9.9955E-05 0.0619141
9.9973E-05 9.9973E-05 0.0877174 0.0564704 0.0437932 0.761003 9.9973E-05 0.050716
9.9955E-05 0.0835793 9.9955E-05 0.00399908 9.9955E-05 0.911922 9.9955E-05 9.9955E-05
0.0385823 0.0431327 0.0156491 9.9973E-05 9.9973E-05 0.826035 0.076301 9.9973E-05
9.9955E-05 0.00710019 0.264553 9.9955E-05 9.9955E-05 0.727847 9.9955E-05 9.9955E-05
0.0081947 9.9973E-05 0.499519 0.0334949 9.9973E-05 0.385041 9.9973E-05 0.0734498
9.9973E-05 9.9973E-05 0.490417 0.02883 0.0407687 0.335951 0.103734 9.9973E-05
0.0514115 9.9973E-05 0.163946 9.9973E-05 0.0291672 0.630856 9.9973E-05 0.124319
9.9964E-05 9.9964E-05 0.273102 0.0183886 9.9964E-05 0.471942 9.9964E-05 0.236167
0.0439069 9.9973E-05 0.285851 9.9973E-05 0.0127581 0.576933 9.9973E-05 0.0802508
0.0323269 9.9973E-05 0.422494 9.9973E-05 0.0229251 0.406495 9.9973E-05 0.115459
0.0177362 0.0286898 0.418295 9.9973E-05 9.9973E-05 0.494402 0.0405771 9.9973E-05
9.9964E-05 0.206107 9.9964E-05 9.9964E-05 0.0529024 0.658082 0.0825091 9.9964E-05
0.750511 9.9982E-05 0.112696 0.047824 0.0241421 0.0165036 9.9982E-05 0.0481236
0.818372 9.9955E-05 0.0895946 0.0915336 9.9955E-05 9.9955E-05 9.9955E-05 9.9955E-05
0.825644 9.9955E-05 0.0801318 0.0937245 9.9955E-05 9.9955E-05 9.9955E-05 9.9955E-05
0.862539 9.9973E-05 9.9973E-05 0.0654965 0.0519915 0.0185255 0.00114793 9.9973E-05
0.73272 0.0447841 0.014803 0.115261 0.0828136 9.9982E-05 9.9982E-05 0.00941907
0.828124 9.9964E-05 9.9964E-05 0.0599521 0.0738674 0.0376567 9.9964E-05 9.9964E-05
0.900145 9.9964E-05 9.9964E-05 0.0432111 0.0329395 9.9964E-05 0.0233047 9.9964E-05
0.0370516 9.9964E-05 0.110213 9.9964E-05 9.9964E-05 0.770402 9.9964E-05 0.081934
0.0412521 0.0203276 0.457609 9.9982E-05 0.0053035 0.450787 9.9982E-05 0.0245216
0.0766176 9.9973E-05 0.495846 9.9973E-05 0.0336612 0.316563 0.0770129 9.9973E-05
0.0228104 9.9982E-05 0.527975 9.9982E-05 0.069947 0.251023 0.109502 0.0185416
9.9964E-05 9.9964E-05 0.462437 0.0376231 0.110794 0.388746 9.9964E-05 9.9964E-05
0.047578 9.9973E-05 0.00555119 9.9973E-05 9.9973E-05 0.768676 0.0344592 0.143436
9.9982E-05 0.148279 0.278347 0.0285217 0.0697863 0.447205 0.0276607 9.9982E-05
0.0484257 9.9973E-05 0.500299 0.00206287 9.9973E-05 0.393027 0.0558861 9.9973E-05
0.0113128 9.9973E-05 0.364344 0.0747537 9.9973E-05 0.428026 9.9973E-05 0.121263
9.9973E-05 9.9973E-05 0.201254 0.0168784 0.138584 0.613607 0.0293761 9.9973E-05
0.086883 9.9982E-05 0.433384 9.9982E-05 0.00510275 0.415794 0.0126038 0.0460323
9.9982E-05 0.171337 0.287661 0.0108519 0.0217659 9.9982E-05 0.179047 0.329137
0.0660285 0.0469474 0.478387 0.0377405 0.0454906 9.9991E-05 0.0207885 0.304517
9.9973E-05 9.9973E-05 0.529781 0.0747958 9.9973E-05 0.0040772 0.145974 0.245072
0.044023 0.00603435 0.517583 9.9991E-05 0.036455 0.14321 0.0140968 0.238498
0.018398 9.9973E-05 0.526306 9.9973E-05 9.9973E-05 0.0397036 0.14865 0.266642
0.0728832 0.0552742 0.67779 9.9982E-05 9.9982E-05 0.004682 0.0557071 0.133463
9.9964E-05 9.9964E-05 0.644528 9.9964E-05 9.9964E-05 0.0318087 0.0351206 0.288143
9.9973E-05 9.9973E-05 0.567465 9.9973E-05 0.0883587 0.0120024 0.101372 0.230502
9.9982E-05 0.0789624 0.605281 0.0042579 0.0533691 9.9982E-05 0.124819 0.13311
0.0715041 0.168142 0.352351 0.0134755 0.0401071 9.9991E-05 0.130932 0.223389
9.9982E-05 9.9982E-05 0.638246 0.0249438 0.0662802 0.137407 0.00836789 0.124555
0.0493849 0.0351824 0.716232 0.0117993 9.9982E-05 9.9982E-05 0.134121 0.0530809
9.9973E-05 9.9973E-05 0.361849 9.9973E-05 0.0228092 0.122019 0.131893 0.36113
9.9982E-05 0.235768 0.193237 9.9982E-05 0.0215605 0.0157779 0.201676 0.331782
9.9982E-05 0.214529 0.110509 9.9982E-05 0.0533837 0.106878 0.199504 0.314996
0.0284825 9.9973E-05 0.324857 9.9973E-05 9.9973E-05 0.0934039 0.0748431 0.478114
9.9973E-05 0.0122443 0.492342 9.9973E-05 9.9973E-05 0.165689 0.0272095 0.302215
9.9973E-05 9.9973E-05 0.460544 0.0443741 9.9973E-05 0.110372 0.0408003 0.343609
0.0478331 9.9964E-05 0.374747 9.9964E-05 9.9964E-05 0.139875 9.9964E-05 0.437146
9.9982E-05 0.118684 0.639958 0.0503146 0.0711985 0.00396422 9.9982E-05 0.115681
9.9991E-05 0.269342 0.318611 0.0159484 0.00345046 0.0822922 0.0630852 0.247171
0.0671226 0.163492 0.435413 0.0467855 0.0218676 0.0487213 0.135174 0.0814243
0.0981436 0.45381 9.9973E-05 9.9973E-05 9.9973E-05 0.077658 0.170822 0.199266
0.0625084 0.23619 0.394601 9.9991E-05 0.0422438 0.120635 0.082744 0.0609773
0.155628 0.127389 0.431886 9.9991E-05 0.0835411 0.0659165 0.0654369 0.070102
0.0259032 0.407557 0.240259 0.0465618 9.9991E-05 0.0870834 0.0603359 0.132199
9.9982E-05 0.446377 0.161243 0.0851377 9.9982E-05 0.114082 0.0330665 0.159894
0.0578182 0.166316 0.452531 9.9982E-05 9.9982E-05 0.1127 0.145645 0.0647901
0.02779 0.306929 9.9991E-05 0.087796 0.156265 0.274973 0.0711805 0.0749666
9.9964E-05 0.30713 0.392171 9.9964E-05 9.9964E-05 0.177992 9.9964E-05 0.122307
9.9973E-05 0.209878 0.437234 9.9973E-05 9.9973E-05 0.0950825 0.16167 0.0958363
0.276372 0.290355 0.14818 0.06026 0.224533 9.9973E-05 9.9973E-05 9.9973E-05
0.482578 0.370557 9.9955E-05 9.9955E-05 0.146366 9.9955E-05 9.9955E-05 9.9955E-05
0.376725 0.449316 9.9964E-05 0.0178704 0.155689 9.9964E-05 9.9964E-05 9.9964E-05
0.330916 0.239297 0.0943112 0.000647309 0.328615 9.9982E-05 9.9982E-05 0.00601358
9.9955E-05 0.26138 0.717039 9.9955E-05 9.9955E-05 0.0210818 9.9955E-05 9.9955E-05
9.9964E-05 9.9964E-05 0.221915 0.0229678 0.718504 9.9964E-05 9.9964E-05 0.036214
9.9973E-05 0.393838 0.352668 0.019612 9.9973E-05 0.109395 0.124187 9.9973E-05
9.9973E-05 0.471405 0.190197 9.9973E-05 9.9973E-05 0.0558561 0.270744 0.0114978
9.9973E-05 0.271011 0.629366 9.9973E-05 9.9973E-05 0.0667336 0.0281574 0.00443198
0.0446778 0.216078 0.465502 0.0231644 0.0150668 0.073429 0.136804 0.0252785
9.9982E-05 0.277912 0.556709 9.9982E-05 0.0339831 0.0372723 0.0842779 0.0096462
9.9973E-05 0.553078 0.198599 9.9973E-05 9.9973E-05 0.10358 0.0932303 0.0512132
9.9955E-05 9.9955E-05 9.9955E-05 9.9955E-05 0.954177 0.0224758 0.022847 9.9955E-05
9.9964E-05 0.00508233 0.0919659 9.9964E-05 0.863604 0.0389477 9.9964E-05 9.9964E-05
9.9973E-05 9.9973E-05 0.274665 0.03834 0.668783 9.9973E-05 0.0139217 0.00399091
9.9964E-05 9.9964E-05 0.150296 0.0289397 0.757694 0.0626713 9.9964E-05 9.9964E-05
9.994E-05 9.994E-05 9.994E-05 9.994E-05 0.9993 9.994E-05 9.994E-05 9.994E-05
9.9946E-05 9.9946E-05 9.9946E-05 9.9946E-05 0.953897 9.9946E-05 9.9946E-05 0.0455031
9.9955E-05 9.9955E-05 0.183727 9.9955E-05 0.809542 9.9955E-05 0.00623118 9.9955E-05
9.9955E-05 9.9955E-05 0.0350601 9.9955E-05 0.934256 9.9955E-05 9.9955E-05 0.0301845
9.994E-05 9.994E-05 9.994E-05 9.994E-05 0.9993 9.994E-05 9.994E-05 9.994E-05
9.994E-05 9.994E-05 9.994E-05 9.994E-05 0.9993 9.994E-05 9.994E-05 9.994E-05
0.0124487 9.9982E-05 0.188652 0.054214 0.712589 9.9982E-05 0.0283124 0.00358403
0.018137 9.9973E-05 0.0693499 9.9973E-05 0.830301 0.0486869 9.9973E-05 0.0332256
9.9964E-05 9.9964E-05 9.9964E-05 0.0104791 0.966469 0.0156903 9.9964E-05 0.00696188
9.9964E-05 9.9964E-05 0.267364 0.0634484 0.665484 9.9964E-05 9.9964E-05 0.00330379
0.0104045 9.9973E-05 0.14292 0.0199165 0.801309 9.9973E-05 9.9973E-05 0.0251499
9.9955E-05 9.9955E-05 9.9955E-05 0.0113326 0.945278 0.0428894 9.9955E-05 9.9955E-05
0.00525461 9.9973E-05 0.0576404 0.0341595 0.886264 9.9973E-05 9.9973E-05 0.0163818
9.9946E-05 9.9946E-05 9.9946E-05 0.0270066 0.972394 9.9946E-05 9.9946E-05 9.9946E-05
0.0549979 9.9982E-05 0.230425 0.00290962 0.619973 0.0396985 0.0517963 9.9982E-05
9.9964E-05 9.9964E-05 0.117821 9.9964E-05 0.835531 0.0367612 9.9964E-05 0.00948663
0.228922 0.567398 0.0140386 9.9973E-05 0.0675208 9.9973E-05 0.12182 9.9973E-05
0.168449 0.154362 0.518798 0.0231534 9.9991E-05 0.0171809 0.0441715 0.0737858
0.134564 0.227741 0.359722 0.0587793 0.144474 0.0404804 9.9991E-05 0.0341404
0.13441 0.409472 0.198059 0.0556912 0.128669 9.9982E-05 0.0734992 9.9982E-05
0.188248 0.352056 0.230566 0.0207254 0.0896653 0.0770136 0.0416258 9.9991E-05
0.135024 0.266973 0.456501 9.9973E-05 0.10141 9.9973E-05 0.0397916 9.9973E-05
0.157368 0.177032 0.516012 0.0572556 0.0834089 9.9982E-05 0.00872359 9.9982E-05
0.0955584 0.297903 0.391979 0.0490827 0.165177 9.9973E-05 9.9973E-05 9.9973E-05
0.846418 0.0247564 9.9964E-05 9.9964E-05 9.9964E-05 0.0408496 9.9964E-05 0.087576
0.835396 9.9964E-05 9.9964E-05 0.0956898 0.0479713 9.9964E-05 0.0205427 9.9964E-05
0.877758 0.0310893 9.9964E-05 0.0678683 9.9964E-05 9.9964E-05 9.9964E-05 0.0228843
0.881687 9.9955E-05 9.9955E-05 0.0571639 9.9955E-05 9.9955E-05 9.9955E-05 0.0606498
0.815422 9.9964E-05 0.0571161 0.113712 9.9964E-05 9.9964E-05 9.9964E-05 0.0133508
0.825656 9.9982E-05 0.0182922 0.064038 0.0519592 9.9982E-05 0.0150174 0.0248373
0.815034 9.9964E-05 0.0871841 0.0280313 0.0693513 9.9964E-05 9.9964E-05 9.9964E-05
0.808514 0.0654036 9.9982E-05 0.032675 9.9982E-05 0.049467 0.00347619 0.0402639
0.911234 9.9982E-05 0.0148334 0.0111371 0.0136129 0.0476201 0.00136249 9.9982E-05
0.851702 0.0306825 9.9964E-05 9.9964E-05 0.111604 9.9964E-05 9.9964E-05 0.00561219
0.578912 9.9982E-05 9.9982E-05 0.0411955 0.000337161 0.106046 0.0101089 0.263201
0.579459 9.9973E-05 9.9973E-05 0.0154356 9.9973E-05 0.114226 0.0454707 0.245109
0.513544 0.0306987 9.9982E-05 0.0196892 9.9982E-05 0.0567393 0.0964466 0.282682
0.489615 0.0200763 9.9973E-05 9.9973E-05 9.9973E-05 0.0624385 0.129469 0.298101
0.0602993 9.9982E-05 0.490942 9.9982E-05 0.0271862 0.266071 0.0869352 0.0683667
0.0271618 9.9982E-05 0.635636 9.9982E-05 0.0046084 0.0442926 0.0894201 0.198681
0.0278156 0.0152417 0.434439 0.049913 9.9991E-05 0.196627 0.0644514 0.211412
9.9964E-05 9.9964E-05 0.268278 9.9964E-05 9.9964E-05 0.137638 0.00759408 0.586091
0.0614464 9.9982E-05 0.555585 9.9982E-05 0.0125087 0.202783 0.076598 0.0908785
9.9973E-05 9.9973E-05 0.603203 9.9973E-05 0.030184 0.276022 0.0164862 0.0738049
0.0178421 0.0278158 0.528328 9.9991E-05 0.0493061 0.331642 0.0335986 0.0113674
9.9973E-05 0.0350475 0.295318 9.9973E-05 0.0989928 0.487495 0.0828464 9.9973E-05
9.9982E-05 9.9982E-05 0.352702 0.00562482 0.0397741 0.406762 0.0664782 0.128459
9.9964E-05 0.0463431 9.9964E-05 9.9964E-05 9.9964E-05 0.710583 0.156418 0.0862554
0.0202325 0.0656557 0.276352 9.9982E-05 0.0168377 0.529998 0.0907244 9.9982E-05
9.9973E-05 9.9973E-05 0.387671 0.0456799 0.0747267 0.394125 0.0974976 9.9973E-05
0.0406351 9.9964E-05 0.160658 9.9964E-05 9.9964E-05 0.608129 9.9964E-05 0.190178
0.117897 0.107757 9.9964E-05 9.9964E-05 0.00402866 9.9964E-05 9.9964E-05 0.769917
0.0455773 0.102758 0.0627854 9.9964E-05 9.9964E-05 9.9964E-05 9.9964E-05 0.788479
0.0278993 0.00703597 9.9964E-05 9.9964E-05 9.9964E-05 9.9964E-05 0.0150268 0.949638
0.100384 0.0421513 9.9955E-05 9.9955E-05 9.9955E-05 9.9955E-05 9.9955E-05 0.856965
9.9964E-05 0.069478 0.03596 9.9964E-05 0.0535844 9.9964E-05 9.9964E-05 0.840578
0.0716751 9.9973E-05 0.0435281 9.9973E-05 0.0928955 9.9973E-05 0.0229724 0.768629
0.806073 9.9973E-05 0.111638 0.047788 0.0294113 9.9973E-05 0.00478971 9.9973E-05
0.797849 9.9964E-05 0.100166 0.0396256 9.9964E-05 9.9964E-05 9.9964E-05 0.0619589
0.727391 9.9964E-05 0.120733 0.0644013 0.0870745 9.9964E-05 9.9964E-05 9.9964E-05
0.706413 9.9973E-05 0.107812 0.0536124 0.0845499 9.9973E-05 9.9973E-05 0.0473128
0.764577 9.9973E-05 0.112172 0.00993424 0.0694607 9.9973E-05 9.9973E-05 0.0435566
0.387205 0.0859191 9.9964E-05 9.9964E-05 9.9964E-05 0.0560723 9.9964E-05 0.470404
0.492485 0.0169779 9.9982E-05 0.00639366 9.9982E-05 0.0568637 0.0182684 0.408811
0.42917 9.9964E-05 9.9964E-05 0.0387422 9.9964E-05 9.9964E-05 0.16243 0.369259
9.994E-05 9.994E-05 9.994E-05 0.9993 9.994E-05 9.994E-05 9.994E-05 9.994E-05
0.359767 9.9973E-05 9.9973E-05 0.0251126 9.9973E-05 0.0878784 0.0235944 0.503348
0.178064 0.1686 0.233045 0.00923624 0.391897 9.9982E-05 0.0189583 9.9982E-05
0.158975 9.9973E-05 0.525358 0.0496292 0.258567 9.9973E-05 0.00717094 9.9973E-05
0.269361 9.9982E-05 0.303674 0.00859675 0.259581 0.086035 0.0725519 9.9982E-05
0.38163 0.253193 0.0163315 9.9964E-05 0.348446 9.9964E-05 9.9964E-05 9.9964E-05
0.00184058 0.00703113 0.525444 9.9991E-05 0.00506852 0.128092 0.0533864 0.279037
9.9982E-05 0.143148 0.318025 9.9982E-05 0.041614 0.0317326 0.225866 0.239414
0.0257946 9.9982E-05 0.380263 0.041022 9.9982E-05 0.0189551 0.039654 0.494112
0.00574773 0.0578985 0.45267 9.9991E-05 0.0126208 0.185119 0.204675 0.0811692
9.9964E-05 0.227953 9.9964E-05 9.9964E-05 9.9964E-05 0.219214 0.401594 0.15084
0.0439651 0.105858 0.481826 0.00507123 0.0679574 0.0409762 0.0863043 0.168041
0.0506177 0.0781343 0.411312 0.02643 9.9991E-05 0.0996891 0.0900419 0.243675
9.9973E-05 0.295252 0.188072 9.9973E-05 9.9973E-05 0.268423 0.0844027 0.163551
9.9982E-05 0.0977524 0.391716 9.9982E-05 0.0783916 0.0178611 0.276201 0.137878
9.9982E-05 9.9982E-05 0.531878 0.0587626 0.0603955 0.104819 0.043652 0.200293
0.152565 0.0419131 0.437296 9.9982E-05 0.203933 0.0957007 9.9982E-05 0.0683926
9.9973E-05 0.0438801 0.304534 9.9973E-05 0.0669295 9.9973E-05 0.329714 0.254642
9.9973E-05 9.9973E-05 0.433601 9.9973E-05 0.0420081 0.0747557 0.181483 0.267852
0.0210303 0.0675035 0.385529 0.0153633 0.0986436 0.11011 0.177756 0.124063
9.9973E-05 0.082748 0.632755 9.9973E-05 9.9973E-05 0.046291 0.0588401 0.179066
9.9982E-05 0.0369701 0.592832 9.9982E-05 0.13611 0.00957021 0.145378 0.0789397
0.790549 9.9955E-05 0.131471 9.9955E-05 0.0774805 9.9955E-05 9.9955E-05 9.9955E-05
0.863473 9.9955E-05 0.104399 9.9955E-05 0.0316274 9.9955E-05 9.9955E-05 9.9955E-05
0.804936 9.9973E-05 0.0148124 9.9973E-05 0.0132915 0.0597478 0.106913 9.9973E-05
0.76633 9.9982E-05 9.9982E-05 0.02397 0.0636774 0.0537088 0.0624552 0.029659
0.822165 9.9955E-05 0.172355 0.00497929 9.9955E-05 9.9955E-05 9.9955E-05 9.9955E-05
0.0226777 0.0663195 0.248839 9.9991E-05 0.0474173 0.00619009 0.0625568 0.5459
9.9991E-05 0.0490193 0.629509 0.0439779 0.0941782 0.0808418 0.0122727 0.0901014
0.0412677 9.9982E-05 0.552774 9.9982E-05 0.0121121 0.161729 0.0193504 0.212567
9.9982E-05 0.147528 0.281901 0.0359572 0.0998978 9.9982E-05 0.170995 0.26352
0.101977 0.087709 0.0805651 0.0472447 9.9982E-05 0.131322 9.9982E-05 0.550982
0.0177318 0.0858744 0.555039 9.9982E-05 0.0112552 0.0286121 9.9982E-05 0.301287
0.0938196 9.9982E-05 0.203715 0.0003044 0.0444727 9.9982E-05 0.234684 0.422805
0.057103 0.142467 0.298278 0.0485098 0.104489 0.0669755 0.0432772 0.238901
0.0596849 9.9982E-05 0.206667 0.0425629 0.00336364 9.9982E-05 0.213118 0.474404
0.034717 0.0925219 0.323286 0.00569584 0.0144346 9.9982E-05 9.9982E-05 0.529145
0.0199221 0.159216 0.270177 0.00198254 0.105669 0.0529158 0.177977 0.212141
9.9973E-05 0.486583 0.340042 9.9973E-05 9.9973E-05 0.012901 0.0864129 0.0737617
0.0525236 0.28631 0.528154 0.0691289 9.9982E-05 0.0183453 9.9982E-05 0.0453385
9.9964E-05 0.462044 0.374619 9.9964E-05 9.9964E-05 0.0181317 9.9964E-05 0.144805
9.9973E-05 0.154928 0.4789 0.0712783 9.9973E-05 0.179796 0.114798 9.9973E-05
9.9973E-05 0.592346 0.134803 9.9973E-05 9.9973E-05 0.138776 0.0718233 0.0619513
9.9973E-05 0.574459 0.25846 9.9973E-05 9.9973E-05 0.123068 0.0425381 0.00117452
0.0236141 0.301398 0.479904 0.00721742 9.9982E-05 9.9982E-05 0.108872 0.0787941
9.9973E-05 0.455385 0.157863 9.9973E-05 9.9973E-05 0.124974 0.114195 0.147283
0.000686574 0.268864 0.496548 9.9973E-05 9.9973E-05 0.11612 9.9973E-05 0.117481
9.9982E-05 9.9982E-05 0.114241 0.0730518 0.0209581 0.205316 0.0286572 0.557577
9.9982E-05 0.0539869 0.210004 9.9982E-05 0.0630294 0.0624493 0.27883 0.331501
0.0293528 9.9991E-05 0.379052 0.00857349 0.0663361 0.075435 0.0538269 0.387324
9.99795E-05 9.99795E-05 0.603045 9.99795E-05 0.0883564 0.00141273 0.103006 0.20388
9.9973E-05 9.9973E-05 0.378939 9.9973E-05 0.0377294 0.107061 0.0539099 0.422061
9.9982E-05 9.9982E-05 0.497209 0.0158909 0.129737 0.0161961 0.0684883 0.272278
0.0355071 9.9982E-05 0.483987 0.000453182 0.0389289 0.14444 9.9982E-05 0.296484
9.9964E-05 9.9964E-05 0.17436 9.9964E-05 0.122315 0.254689 9.9964E-05 0.448237
0.00474354 9.9982E-05 0.411212 9.9982E-05 0.15259 0.0319213 0.0397155 0.359618
9.9991E-05 0.013071 0.550942 0.0075312 0.0680171 0.0165707 0.174699 0.169069
0.0154053 0.124153 0.420984 0.0382991 0.00687346 0.0362115 0.17202 0.186053
9.9973E-05 9.9973E-05 0.506578 9.9973E-05 0.0723799 0.0148644 0.15828 0.247598
0.0297423 0.0844935 0.447715 0.032134 0.0108159 9.9991E-05 0.0234297 0.371569
0.0340196 9.9982E-05 0.49079 0.00755655 0.120108 9.9982E-05 0.150138 0.197187
0.268435 0.0790216 0.477131 0.0582984 0.0969042 0.0200096 9.9982E-05 9.9982E-05
0.136551 0.0611981 0.431491 0.0532155 0.189402 0.107684 0.0203582 9.9991E-05
0.02806 0.124019 0.521903 0.0173001 0.196447 0.0211343 0.0650572 0.0260802
0.160297 9.9982E-05 0.476429 0.0791039 0.151823 0.0229015 0.109245 9.9982E-05
9.9982E-05 0.164866 0.493621 9.9982E-05 0.0485973 0.00888415 0.10705 0.176781
0.1834 0.486939 0.0548088 9.9973E-05 0.132048 0.142505 9.9973E-05 9.9973E-05
0.0842585 0.0472662 0.537476 0.00246445 0.18324 9.9991E-05 0.04398 0.101214
0.0266707 0.0845822 0.424519 0.0343445 0.255927 9.9991E-05 0.052984 0.120873
0.167564 0.13924 0.153412 0.0238007 0.207451 0.173369 0.0904518 0.0447117
0.12709 0.075519 0.510214 0.043304 0.15556 9.9982E-05 0.0881135 9.9982E-05
0.396911 0.370717 9.9964E-05 0.0136157 0.218356 9.9964E-05 9.9964E-05 9.9964E-05
0.192711 0.0539048 0.5716 0.0183831 0.163101 9.9973E-05 9.9973E-05 9.9973E-05
0.199578 0.0705177 0.534051 0.033273 0.05493 9.9991E-05 0.0499928 0.0575579
0.0357885 9.9991E-05 0.426943 0.0270479 0.0487599 0.00900992 0.335703 0.116648
9.9964E-05 0.0876994 9.9964E-05 9.9964E-05 9.9964E-05 0.0163808 0.772219 0.123301
0.0191088 9.9973E-05 9.9973E-05 0.00788123 9.9973E-05 0.151717 0.772806 0.0481866
0.0898601 0.0018748 0.346191 9.9982E-05 0.34596 9.9982E-05 0.179468 0.0364466
0.0595883 0.00783038 0.201718 0.0306272 0.381999 0.0093894 0.308748 9.9991E-05
0.18921 0.127278 0.153853 0.0130497 0.272002 0.0350708 0.209437 9.9991E-05
0.135459 9.9973E-05 0.212396 0.0279815 0.325238 9.9973E-05 0.298626 9.9973E-05
0.0409 0.212982 9.9964E-05 9.9964E-05 0.111932 9.9964E-05 0.633787 9.9964E-05
0.0532998 0.062505 0.0482848 0.0656389 0.138067 0.0079207 0.624184 9.9991E-05
9.9964E-05 9.9964E-05 0.379615 0.0116498 0.168475 9.9964E-05 0.43986 9.9964E-05
0.061245 9.9964E-05 0.232423 9.9964E-05 0.179201 9.9964E-05 0.526731 9.9964E-05
9.9964E-05 9.9964E-05 0.0304585 0.0512244 0.183267 9.9964E-05 0.734651 9.9964E-05
0.0217863 9.9973E-05 0.444181 0.042492 0.109361 9.9973E-05 0.38188 9.9973E-05
0.0107655 9.9973E-05 0.469979 9.9973E-05 0.120639 0.00173287 0.396583 9.9973E-05
0.0186995 9.9973E-05 0.303048 0.00883905 9.9973E-05 9.9973E-05 0.613001 0.0561125
9.9991E-05 0.0186583 0.319211 0.0877867 0.0281029 0.0276438 0.454865 0.0636317
0.0179515 0.0616521 0.276067 9.9991E-05 0.121308 0.000640368 0.411489 0.110793
9.9973E-05 0.190469 0.430541 0.00630628 9.9973E-05 9.9973E-05 0.365811 0.00657255
9.9955E-05 9.9955E-05 0.203523 9.9955E-05 9.9955E-05 9.9955E-05 0.733317 0.0626603
0.00861227 9.9973E-05 0.583082 9.9973E-05 0.0256165 0.141493 0.240896 9.9973E-05
9.9973E-05 9.9973E-05 0.075481 9.9973E-05 0.0403779 0.0534301 0.764235 0.0661757
9.9964E-05 9.9964E-05 0.411737 0.0162279 9.9964E-05 0.0159411 0.555694 9.9964E-05
0.18474 0.127375 0.328352 0.0228708 0.282856 0.0152767 0.0238022 0.0147273
0.113618 0.107644 0.274387 0.0398438 0.243169 0.0188888 0.132068 0.0703812
0.140145 0.114342 9.9973E-05 0.0483425 0.111095 9.9973E-05 0.585776 9.9973E-05
0.0562152 0.0746904 0.496639 9.9973E-05 0.21811 9.9973E-05 0.154045 9.9973E-05
0.330453 0.201658 9.9973E-05 0.0152474 0.0731157 9.9973E-05 0.379226 9.9973E-05
0.0959852 9.9964E-05 0.342095 9.9964E-05 0.202464 9.9964E-05 0.359056 9.9964E-05
9.9955E-05 0.0392219 9.9955E-05 9.9955E-05 9.9955E-05 0.0884474 0.871831 9.9955E-05
9.9955E-05 9.9955E-05 9.9955E-05 0.0109039 9.9955E-05 0.105916 0.88268 9.9955E-05
9.9964E-05 9.9964E-05 0.438646 0.0638934 9.9964E-05 0.002109 0.494952 9.9964E-05
0.00358535 9.9964E-05 0.480212 9.9964E-05 0.0895978 9.9964E-05 0.426205 9.9964E-05
9.9955E-05 9.9955E-05 0.265939 9.9955E-05 9.9955E-05 0.0540912 0.67947 9.9955E-05
0.0192012 9.9973E-05 0.408162 9.9973E-05 9.9973E-05 0.0479509 0.497957 0.0264286
9.9946E-05 9.9946E-05 0.428396 9.9946E-05 9.9946E-05 9.9946E-05 0.571004 9.9946E-05
0.713683 0.0615792 0.128145 0.0537641 0.00910355 9.9982E-05 0.0335246 9.9982E-05
0.69768 9.9973E-05 9.9973E-05 0.0385403 0.0939427 9.9973E-05 0.0404279 0.129109
0.861398 9.9973E-05 0.0314263 0.0266726 0.0639286 9.9973E-05 9.9973E-05 0.0162749
0.81106 0.00409277 0.0149446 0.136045 9.9973E-05 9.9973E-05 0.0335574 9.9973E-05
0.00849444 0.126971 0.445521 0.0751672 9.9982E-05 0.25695 0.0866967 9.9982E-05
9.9964E-05 9.9964E-05 0.534324 0.0386478 9.9964E-05 0.419551 0.00707711 9.9964E-05
0.00511057 0.0323655 0.316229 9.9973E-05 9.9973E-05 0.47751 9.9973E-05 0.168485
9.9973E-05 9.9973E-05 0.517515 0.00719335 0.0817038 0.345299 0.0479893 9.9973E-05
9.9973E-05 0.114347 0.302221 0.0619102 9.9973E-05 0.378563 0.142658 9.9973E-05
0.242202 9.9991E-05 0.542361 0.00486714 0.119181 0.0463842 0.0199241 0.024981
9.9982E-05 0.0740231 0.370264 9.9982E-05 0.0533181 0.290562 0.0688788 0.142754
9.9964E-05 9.9964E-05 0.343803 0.0458307 9.9964E-05 0.545554 9.9964E-05 0.0644127
0.0273065 9.9973E-05 0.505999 9.9973E-05 9.9973E-05 0.336172 0.10928 0.0209418
0.0264317 9.9982E-05 0.484653 0.0200446 9.9982E-05 0.398201 0.0309597 0.03951
0.0323534 0.0308463 0.590388 0.0122321 0.0260285 0.220034 0.0880182 9.9991E-05
9.9964E-05 9.9964E-05 0.0684584 0.0212369 9.9964E-05 0.901121 0.00878388 9.9964E-05
0.010054 0.0878472 0.156624 9.9982E-05 0.0352665 0.654677 0.0553312 9.9982E-05
9.9964E-05 9.9964E-05 0.316175 0.0334829 9.9964E-05 0.597327 9.9964E-05 0.0526155
9.9946E-05 0.135069 9.9946E-05 9.9946E-05 9.9946E-05 0.864331 9.9946E-05 9.9946E-05
0.0576204 9.9982E-05 0.462421 0.00671825 0.0394377 0.363565 9.9982E-05 0.0700374
9.9964E-05 0.298492 0.124186 9.9964E-05 9.9964E-05 0.553153 0.0237691 9.9964E-05
9.9955E-05 0.192107 9.9955E-05 9.9955E-05 9.9955E-05 0.773405 0.0339879 9.9955E-05
9.9982E-05 0.0188064 0.471196 0.0350142 0.068812 0.309455 0.0965167 9.9982E-05
0.0174848 9.9991E-05 0.284853 0.0117411 0.013995 0.505835 0.0686213 0.0973694
0.0631198 9.9973E-05 0.388631 9.9973E-05 0.0723197 0.39029 9.9973E-05 0.0853395
0.0198503 0.0357562 0.414492 9.9982E-05 0.0764734 0.310346 9.9982E-05 0.142882
9.9973E-05 0.220419 0.435113 9.9973E-05 9.9973E-05 0.0733743 0.0598507 0.210943
0.00692772 9.9973E-05 0.600887 0.029203 9.9973E-05 0.331256 9.9973E-05 0.0314265
9.9973E-05 9.9973E-05 0.482408 0.036081 9.9973E-05 0.339069 0.0517609 0.0903816
9.9973E-05 0.0484317 0.334637 0.0210234 9.9973E-05 0.582743 9.9973E-05 0.0128647
0.585861 9.9964E-05 9.9964E-05 0.0363703 9.9964E-05 0.0361697 9.9964E-05 0.341199
0.697151 9.9982E-05 0.0303846 0.0612801 0.0218981 0.108295 9.9982E-05 0.0807915
0.672454 0.0537983 9.9964E-05 0.142655 9.9964E-05 9.9964E-05 9.9964E-05 0.130692
0.74451 9.9964E-05 9.9964E-05 0.0787058 9.9964E-05 9.9964E-05 0.0152746 0.16111
0.656167 0.0550614 0.0495542 0.06564 9.9973E-05 9.9973E-05 9.9973E-05 0.173277
0.0430639 9.9973E-05 0.188113 9.9973E-05 0.00925689 0.667073 9.9973E-05 0.0921935
0.0553759 9.9982E-05 0.222365 0.0117748 9.9982E-05 0.590129 0.0602494 0.0599059
9.9973E-05 0.0522893 0.068209 9.9973E-05 0.0490205 0.717809 0.112372 9.9973E-05
9.9964E-05 0.135207 0.334943 9.9964E-05 0.054627 0.474823 9.9964E-05 9.9964E-05
9.9982E-05 0.0149879 0.486011 0.0606103 0.0327235 0.379253 0.0262142 9.9982E-05
0.0261787 0.0782268 0.454379 9.9982E-05 9.9982E-05 0.421674 0.0129439 0.00639744
0.05863 9.9973E-05 0.60688 9.9973E-05 9.9973E-05 0.22359 0.0373523 0.0732482
9.9973E-05 0.0650559 0.170546 9.9973E-05 0.0277714 0.623793 9.9973E-05 0.112533
9.9964E-05 9.9964E-05 0.403495 0.0282283 9.9964E-05 0.517798 9.9964E-05 0.0500788
9.9964E-05 9.9964E-05 0.37276 9.9964E-05 0.0263826 0.444997 9.9964E-05 0.15546
0.145868 0.19423 0.659401 9.9955E-05 9.9955E-05 9.9955E-05 9.9955E-05 9.9955E-05
9.9973E-05 9.9973E-05 0.389747 0.0235018 9.9973E-05 0.559468 0.02381 0.00317332
0.0878491 9.9982E-05 0.460635 0.00832098 0.0019102 0.41825 9.9982E-05 0.0228345
0.114163 9.9964E-05 0.423778 0.00971467 0.451945 9.9964E-05 9.9964E-05 9.9964E-05
0.104476 0.0301045 0.329777 0.0715094 0.43551 0.00696616 0.0125139 0.00914249
0.0460532 0.118171 0.444925 9.9973E-05 0.0678959 0.322654 9.9973E-05 9.9973E-05
0.220174 0.0583213 0.0776983 0.0544731 0.581216 9.9982E-05 0.00791785 9.9982E-05
0.158721 9.9991E-05 0.296846 0.040329 0.387961 0.0612922 0.0360182 0.0187331
0.0562828 0.308549 0.338767 0.018752 0.176403 0.101047 9.9982E-05 9.9982E-05
0.0739827 0.239595 0.609101 0.0284404 9.9973E-05 9.9973E-05 9.9973E-05 0.0485806
0.0994758 0.260155 0.504756 0.0539641 0.013017 9.9991E-05 0.0114936 0.057038
0.154533 9.9964E-05 0.349034 0.0133874 0.482646 9.9964E-05 9.9964E-05 9.9964E-05
0.114511 9.9964E-05 0.488574 0.00841402 0.388101 9.9964E-05 9.9964E-05 9.9964E-05
0.106847 0.0150832 0.324283 0.0139951 0.495223 9.9982E-05 0.0443682 9.9982E-05
0.111081 0.0214431 0.237701 9.9982E-05 0.562399 9.9982E-05 0.0409394 0.0262367
0.00789165 0.308688 0.502563 0.0595227 0.0603059 0.0237154 9.9991E-05 0.037214
0.184616 0.00625019 0.117113 0.0306156 0.610271 0.0509342 9.9982E-05 9.9982E-05
0.0945365 0.329221 0.300651 9.9973E-05 9.9973E-05 0.045533 9.9973E-05 0.229759
9.9973E-05 0.162018 0.673102 9.9973E-05 0.0752732 0.0436207 9.9973E-05 0.0456862
9.9982E-05 0.126476 0.615572 0.0687622 0.015824 9.9982E-05 0.00439268 0.168773
0.116115 0.202156 0.526904 0.0320558 9.9982E-05 0.0732066 9.9982E-05 0.0493626
0.140748 0.082946 0.443431 0.0420264 0.156762 0.0931986 9.9991E-05 0.0407881
0.217188 9.9973E-05 0.394929 9.9973E-05 0.266185 9.9973E-05 0.0650258 0.0563723
0.237297 0.00405919 0.237062 0.0221664 0.499116 9.9973E-05 9.9973E-05 9.9973E-05
0.0599569 0.26551 0.46277 0.0311189 9.9982E-05 0.082461 9.9982E-05 0.0979835
0.0637552 0.595182 0.210726 0.0648489 0.00307982 9.9982E-05 0.0622084 9.9982E-05
0.125563 0.128636 0.45855 9.9973E-05 0.0049381 9.9973E-05 9.9973E-05 0.282013
0.152951 0.173544 0.45915 0.034953 0.149671 0.00596559 0.0236652 9.9991E-05
0.268588 0.53389 9.9955E-05 9.9955E-05 0.197023 9.9955E-05 9.9955E-05 9.9955E-05
0.212291 0.651623 9.9964E-05 0.0268704 0.108815 9.9964E-05 9.9964E-05 9.9964E-05
0.110828 0.274303 0.319528 0.0373834 0.117682 9.9991E-05 0.109871 0.0303036
0.254886 0.469081 0.017871 0.00436493 0.188407 9.9982E-05 0.0651902 9.9982E-05
0.368439 0.308432 9.9964E-05 9.9964E-05 0.279676 9.9964E-05 0.0430533 9.9964E-05
0.132023 0.151509 0.316956 0.0184477 0.145589 0.0602813 0.175095 9.9991E-05
0.234446 0.0862538 0.395746 0.0438851 0.112589 0.0417218 0.0852584 9.9991E-05
0.315842 0.244538 0.244938 0.0237439 0.123246 0.0474926 9.9982E-05 9.9982E-05
0.199352 0.55156 0.076812 0.00165755 0.170319 9.9973E-05 9.9973E-05 9.9973E-05
0.0831614 0.189688 0.424822 0.0710478 0.0552115 9.9991E-05 0.124244 0.0517252
0.110413 0.444176 0.125526 0.0367779 0.182513 0.100394 9.9982E-05 9.9982E-05
0.348452 0.53219 9.9964E-05 0.0429279 0.0760308 9.9964E-05 9.9964E-05 9.9964E-05
0.127693 0.129121 0.28381 0.0268135 0.297852 0.0420341 0.0573263 0.0353508
0.303205 0.0228086 0.413199 0.0468094 0.143741 0.0282899 0.041848 9.9991E-05
0.191993 0.0470887 0.581591 9.9964E-05 0.178928 9.9964E-05 9.9964E-05 9.9964E-05
0.13925 0.0469764 0.423127 9.9973E-05 0.26766 9.9973E-05 0.122686 9.9973E-05
0.278426 0.0496203 0.377417 0.0537542 0.240482 9.9973E-05 9.9973E-05 9.9973E-05
0.189823 9.9973E-05 0.559806 0.0746236 0.0661456 9.9973E-05 0.109302 9.9973E-05
0.180891 0.0286096 0.383283 0.0449958 0.298484 0.0635366 9.9982E-05 9.9982E-05
0.141446 0.156421 0.265711 0.0859895 0.238366 0.0394127 0.0388154 0.0338375
0.209094 0.0301701 0.289502 9.9991E-05 0.1048 0.251835 0.0108455 0.103654
0.219996 0.13039 0.414458 0.0428585 0.191998 9.9973E-05 9.9973E-05 9.9973E-05
0.326468 0.338611 0.124084 9.9964E-05 0.210437 9.9964E-05 9.9964E-05 9.9964E-05
0.201709 0.223674 0.234379 0.00111033 0.323158 9.9982E-05 0.01577 9.9982E-05
0.795252 0.0263284 0.00236861 9.9982E-05 0.0140443 0.040694 9.9982E-05 0.121113
0.0486162 9.9973E-05 0.10252 9.9973E-05 0.0259213 0.0623624 9.9973E-05 0.76028
0.0674751 9.9946E-05 9.9946E-05 9.9946E-05 9.9946E-05 9.9946E-05 9.9946E-05 0.931925
9.9946E-05 9.9946E-05 9.9946E-05 0.0411055 9.9946E-05 9.9946E-05 9.9946E-05 0.958295
9.9955E-05 9.9955E-05 0.0140366 9.9955E-05 0.064592 9.9955E-05 9.9955E-05 0.920872
0.0243461 9.9964E-05 9.9964E-05 0.00261565 0.112191 9.9964E-05 9.9964E-05 0.860447
9.9955E-05 9.9955E-05 0.0915774 0.0237618 9.9955E-05 9.9955E-05 9.9955E-05 0.884161
0.0911853 0.0110225 9.9964E-05 0.000552621 9.9964E-05 9.9964E-05 9.9964E-05 0.89684
0.170109 9.9964E-05 0.00237654 0.0306469 9.9964E-05 9.9964E-05 9.9964E-05 0.796467
0.866796 9.9964E-05 0.0747871 0.0357374 9.9964E-05 0.0222796 9.9964E-05 9.9964E-05
0.704123 9.9964E-05 0.101573 0.101971 9.9964E-05 9.9964E-05 9.9964E-05 0.0919337
0.833796 9.9973E-05 9.9973E-05 0.0787853 0.0486711 0.0270401 9.9973E-05 0.0114081
0.766123 9.9964E-05 0.0676123 0.0431194 9.9964E-05 9.9964E-05 9.9964E-05 0.122745
0.880185 9.9964E-05 9.9964E-05 0.0217016 0.0762945 9.9964E-05 9.9964E-05 0.0214189
0.827973 9.9973E-05 0.0132429 0.046548 9.9973E-05 9.9973E-05 0.0196266 0.0923094
0.602349 0.078666 0.011813 0.114033 0.108284 0.0368983 0.00997781 0.0379782
0.850195 9.9964E-05 9.9964E-05 0.0684069 0.0540843 9.9964E-05 0.0269136 9.9964E-05
0.598896 9.9973E-05 0.0648858 0.0803479 0.0734786 9.9973E-05 9.9973E-05 0.182092
0.857281 9.9973E-05 9.9973E-05 0.0378225 0.0516012 0.0116304 0.0413652 9.9973E-05
0.836875 9.9955E-05 9.9955E-05 0.0902255 9.9955E-05 9.9955E-05 0.0723992 9.9955E-05
0.83464 0.0287037 9.999E-05 0.0392009 0.0519448 9.999E-05 0.0144452 0.030865
0.948514 0.0294098 0.00048087 0.0142188 0.00707646 9.9973E-05 9.9973E-05 9.9973E-05
0.847305 9.9973E-05 0.0481855 0.0542994 0.0307728 9.9973E-05 9.9973E-05 0.0191374
0.819099 9.9964E-05 0.0927563 0.0731138 9.9964E-05 9.9964E-05 9.9964E-05 0.0146311
0.795045 9.9964E-05 0.14863 0.021914 0.0340113 9.9964E-05 9.9964E-05 9.9964E-05
0.778981 9.9955E-05 0.0980955 9.9955E-05 0.122424 9.9955E-05 9.9955E-05 9.9955E-05
0.746237 9.9964E-05 0.145542 0.0539817 0.0538387 9.9964E-05 9.9964E-05 9.9964E-05
0.749674 9.9964E-05 0.082527 0.0505282 0.11687 9.9964E-05 9.9964E-05 9.9964E-05
0.111766 0.233916 0.445208 9.9973E-05 9.9973E-05 0.0573069 9.9973E-05 0.151502
0.103142 0.111855 0.720775 9.9964E-05 9.9964E-05 0.0638274 9.9964E-05 9.9964E-05
9.9964E-05 0.652632 0.18123 9.9964E-05 9.9964E-05 0.140273 9.9964E-05 0.0254647
0.127209 0.151221 0.636468 0.00998909 9.9973E-05 9.9973E-05 9.9973E-05 0.0748134
0.0557938 0.755907 0.18448 9.9964E-05 9.9964E-05 9.9964E-05 9.9964E-05 0.00341891
0.0559946 0.301122 0.593523 9.9964E-05 0.0489596 9.9964E-05 9.9964E-05 9.9964E-05
0.0402934 0.250822 0.495071 9.9973E-05 9.9973E-05 0.0814936 9.9973E-05 0.132021
0.080175 0.191262 0.542268 0.0363419 9.9982E-05 0.0606445 9.9982E-05 0.0891084
0.10994 9.9982E-05 0.550104 0.0084668 9.9982E-05 0.246958 0.0306029 0.053729
0.00773016 0.35886 0.481821 0.0131964 9.9973E-05 9.9973E-05 9.9973E-05 0.138092
0.0156972 0.169803 0.615326 0.0387561 9.9973E-05 9.9973E-05 9.9973E-05 0.160117
9.9991E-05 0.128055 0.0278532 0.000521537 0.0266411 0.20678 0.203917 0.406132
9.9973E-05 0.74324 0.00935213 9.9973E-05 9.9973E-05 0.0474545 0.0842653 0.115388
0.00699193 0.661137 0.285608 9.9973E-05 9.9973E-05 0.00538599 9.9973E-05 0.0405767
9.9964E-05 0.390081 0.549469 0.00317328 0.0568773 9.9964E-05 9.9964E-05 9.9964E-05
0.12045 0.307213 0.546535 9.9964E-05 9.9964E-05 9.9964E-05 9.9964E-05 0.0254019
0.173582 9.9973E-05 0.549652 0.0167952 0.0959624 9.9973E-05 0.163709 9.9973E-05
0.0750722 9.9991E-05 0.36771 0.0072117 0.216765 0.145984 0.0918909 0.0952661
0.457537 0.0215509 0.0995677 9.9991E-05 0.104633 0.100622 0.11508 0.10091
0.17202 0.0783777 0.491568 0.0291663 0.139321 9.9982E-05 9.9982E-05 0.0893478
0.299474 0.401091 9.9973E-05 0.00505347 0.223568 9.9973E-05 0.0705136 9.9973E-05
0.265461 0.156329 0.325519 9.9973E-05 0.196077 9.9973E-05 0.0563136 9.9973E-05
0.308266 0.0740268 0.395113 0.042758 0.121531 0.0417258 9.9991E-05 0.0164798
0.313603 0.00213594 0.48946 0.0503936 0.040809 0.0370445 9.9991E-05 0.0664547
0.113346 0.0788446 0.524502 0.0323396 0.215779 0.00143274 0.0294999 0.00425618
0.120365 0.2425 0.283164 0.055276 0.205279 0.0462391 9.9991E-05 0.0470771
0.392563 0.0670965 0.302889 0.0630399 0.145321 0.0237821 9.9991E-05 0.00520852
