0.018809 9.9946E-05 9.9946E-05 9.9946E-05 0.109496 0.810184 9.9946E-05 9.9946E-05 0.0609108 9.9946E-05
9.9955E-05 0.00905245 9.9955E-05 9.9955E-05 0.108573 0.797524 0.0645215 9.9955E-05 9.9955E-05 0.0198291
0.0211673 0.00943627 9.9964E-05 9.9964E-05 0.0508402 0.744908 0.0425684 9.9964E-05 0.13068 9.9964E-05
0.0158958 0.0503444 0.0575197 9.9964E-05 9.9964E-05 0.79432 0.0591959 9.9964E-05 0.022324 9.9964E-05
0.0127005 9.9946E-05 0.00720236 9.9946E-05 9.9946E-05 0.874352 9.9946E-05 9.9946E-05 0.105145 9.9946E-05
0.00840227 0.0462291 9.9973E-05 0.28799 9.9973E-05 0.588797 9.9973E-05 0.0276898 0.0385665 0.00202497
0.0119546 9.9937E-05 9.9937E-05 0.19971 9.9937E-05 0.787636 9.9937E-05 9.9937E-05 9.9937E-05 9.9937E-05
0.0605006 0.0361272 9.9955E-05 0.204641 9.9955E-05 0.665229 0.033002 9.9955E-05 9.9955E-05 9.9955E-05
0.0435603 9.99549E-05 9.99549E-05 9.99549E-05 0.0708385 0.765276 9.99549E-05 0.0890992 9.99549E-05 0.030726
0.0141982 0.110822 0.0556375 0.182688 9.9955E-05 0.636155 9.9955E-05 9.9955E-05 9.9955E-05 9.9955E-05
9.9946E-05 9.9946E-05 9.9946E-05 0.18839 9.9946E-05 0.701762 9.9946E-05 0.0701612 9.9946E-05 0.0390868
9.9964E-05 0.029603 9.9964E-05 0.0376804 9.9964E-05 9.9964E-05 0.087478 0.436658 0.2652 0.142981
0.0257591 0.0544153 9.9991E-05 0.0657273 0.00900161 0.0063219 0.118256 0.188569 0.527805 0.00404525
9.9964E-05 0.0177668 0.141835 9.9964E-05 0.108745 9.9964E-05 0.118212 0.387674 0.225368 9.9964E-05
9.9973E-05 0.0974755 0.085486 9.9973E-05 0.139924 9.9973E-05 0.0138364 0.313842 0.295012 0.0541235
0.00227493 0.1096 9.9991E-05 0.0647495 0.0167086 0.0852845 0.0695378 0.283344 0.315991 0.0524096
0.0539386 0.139792 0.0346591 0.154318 9.9991E-05 0.0178238 0.0601057 0.131554 0.276692 0.131017
9.9955E-05 0.0489485 9.9955E-05 9.9955E-05 0.0972235 9.9955E-05 9.9955E-05 0.407384 0.323938 0.122007
9.999E-05 0.041936 0.0111342 0.0568023 0.005167 0.0550155 0.145896 0.591109 0.0332931 0.059547
0.0531348 0.0480198 0.0130991 9.9982E-05 0.0113876 9.9982E-05 0.229767 0.135686 0.370145 0.138561
9.9973E-05 0.0202306 0.0842323 0.00546167 0.134943 9.9973E-05 0.26368 0.114624 0.376528 9.9973E-05
9.9973E-05 0.015246 9.9973E-05 0.0807679 0.0108322 9.9973E-05 0.0346611 0.197891 0.599156 0.0611459
9.9964E-05 0.0707274 9.9964E-05 0.0691007 0.0807687 9.9964E-05 9.9964E-05 0.382312 0.327062 0.0696291
9.9964E-05 0.0793588 9.9964E-05 9.9964E-05 0.0770764 9.9964E-05 0.0790598 0.298382 0.449531 0.0161915
9.9964E-05 0.11793 9.9964E-05 9.9964E-05 9.9964E-05 0.000708194 0.0590243 0.512138 0.219358 0.090441
0.00797514 0.163838 9.9982E-05 0.0484313 9.9982E-05 0.0137584 0.121333 0.348117 0.246222 0.0501254
0.0279535 0.0400217 0.0413317 0.0728313 0.0204822 9.9991E-05 0.271822 0.317425 0.171373 0.0366596
9.9937E-05 0.0366207 9.9937E-05 9.9937E-05 9.9937E-05 0.805092 9.9937E-05 9.9937E-05 0.157587 9.9937E-05
9.9928E-05 9.9928E-05 9.9928E-05 9.9928E-05 9.9928E-05 0.811881 9.9928E-05 9.9928E-05 0.18732 9.9928E-05
9.9946E-05 0.0184275 9.9946E-05 9.9946E-05 9.9946E-05 0.74359 9.9946E-05 0.0268886 0.210494 9.9946E-05
9.9973E-05 0.038306 9.9973E-05 0.0270255 0.0244771 0.682706 0.00886439 9.9973E-05 0.214857 0.00346423
0.0939019 9.9955E-05 0.101633 9.9955E-05 9.9955E-05 9.9955E-05 0.152149 9.9955E-05 0.520491 0.131326
0.0118129 0.0310525 0.0175083 0.0643718 9.9973E-05 0.00868521 9.9973E-05 9.9973E-05 0.597404 0.268865
9.9955E-05 9.9955E-05 9.9955E-05 0.0436763 9.9955E-05 0.0921973 0.293465 0.370884 0.199278 9.9955E-05
9.9964E-05 0.0690685 0.0263246 9.9964E-05 9.9964E-05 0.0515308 0.168607 9.9964E-05 0.25007 0.434
0.0384938 0.0205757 9.9982E-05 0.00804765 0.0640255 0.000159772 9.9982E-05 0.000726004 0.694017 0.173754
0.0984002 0.0059624 9.9964E-05 0.264422 9.9964E-05 0.0758121 9.9964E-05 9.9964E-05 0.482629 0.0723744
0.0117017 0.0613946 0.0772759 0.148275 9.9991E-05 0.105673 0.0536165 0.0425225 0.471848 0.027593
0.0384795 9.9946E-05 9.9946E-05 9.9946E-05 9.9946E-05 9.9946E-05 9.9946E-05 0.182913 0.217137 0.560871
9.9964E-05 0.00390234 9.9964E-05 0.319652 0.0533555 9.9964E-05 9.9964E-05 0.014115 0.571265 0.03731
9.9946E-05 9.9946E-05 9.9946E-05 9.9946E-05 0.0179565 9.9946E-05 0.107996 9.9946E-05 0.299424 0.574024
9.9955E-05 9.9955E-05 9.9955E-05 0.023046 0.0483946 0.0539145 0.117049 9.9955E-05 9.9955E-05 0.757097
0.0426956 9.9982E-05 0.10086 9.9982E-05 0.0152513 0.000301009 0.196225 0.33433 0.147999 0.162139
0.0120468 9.9982E-05 0.0173835 0.284277 0.100435 9.9982E-05 0.239544 0.0953176 0.0879449 0.162851
0.0861727 9.9973E-05 0.0088759 9.9973E-05 9.9973E-05 0.113552 0.272548 0.242288 0.128471 0.147792
0.0965029 9.9964E-05 9.9964E-05 9.9964E-05 0.056291 9.9964E-05 0.171976 0.0947101 0.554985 0.0251357
0.0423354 9.9982E-05 9.9982E-05 0.084346 0.100849 0.0720912 0.111625 0.175792 0.333205 0.0795565
0.0911868 9.9982E-05 9.9982E-05 0.0305548 0.201556 0.104906 0.179511 0.161385 0.149884 0.0808166
0.0689944 9.99665E-05 9.99665E-05 9.99665E-05 0.147987 9.99665E-05 0.121395 0.19209 0.445006 0.0241279
0.0338102 9.9991E-05 0.0406204 0.0908562 0.0645197 0.0388414 0.0603177 0.429775 0.0941643 0.146995
9.9964E-05 9.9964E-05 0.0680303 9.9964E-05 0.00270502 9.9964E-05 0.184443 0.166562 0.529728 0.0481319
9.9973E-05 0.040539 0.117865 9.9973E-05 0.0784301 9.9973E-05 0.109284 0.0365099 0.558819 0.0582531
9.9982E-05 0.0178766 0.159943 9.9982E-05 0.091562 0.000624144 0.0994861 0.2446 0.267575 0.118133
0.0250651 9.9973E-05 9.9973E-05 0.0258204 0.0653587 9.9973E-05 0.201239 0.0942804 0.525061 0.0628756
9.9982E-05 9.9982E-05 0.0742908 0.0500115 0.0082328 0.0642535 0.322459 0.248624 0.144154 0.0877749
0.00297177 9.9946E-05 9.9946E-05 9.9946E-05 9.9946E-05 9.9946E-05 9.9946E-05 0.0477139 0.522661 0.426054
0.00150676 9.9955E-05 9.9955E-05 9.9955E-05 9.9955E-05 0.00783641 9.9955E-05 0.0958508 0.171641 0.722665
0.00354709 0.0244729 9.9946E-05 0.0879871 9.9946E-05 9.9946E-05 9.9946E-05 9.9946E-05 9.9946E-05 0.883393
0.0119091 0.00396559 0.0468606 0.0145486 0.0281587 9.9982E-05 0.0612195 9.9982E-05 0.0364284 0.79671
0.0396571 9.9937E-05 9.9937E-05 9.9937E-05 9.9937E-05 9.9937E-05 9.9937E-05 9.9937E-05 0.295626 0.664018
0.0450946 9.9955E-05 9.9955E-05 9.9955E-05 9.9955E-05 0.00290865 9.9955E-05 0.00428292 0.509467 0.437747
9.9955E-05 0.0603216 9.9955E-05 9.9955E-05 9.9955E-05 9.9955E-05 0.0312977 0.0842823 0.453862 0.369737
0.0185461 0.0166432 9.9964E-05 9.9964E-05 9.9964E-05 0.0241355 9.9964E-05 0.164694 0.232775 0.542806
0.0848933 9.9946E-05 9.9946E-05 9.9946E-05 9.9946E-05 9.9946E-05 9.9946E-05 0.223541 0.272912 0.418055
9.9955E-05 0.0202377 9.9955E-05 9.9955E-05 9.9955E-05 0.032625 9.9955E-05 0.120809 0.342389 0.48344
0.0337119 9.9973E-05 9.9973E-05 0.00637947 0.0150802 0.00900583 9.9973E-05 0.0845042 0.463564 0.387455
9.9955E-05 9.9955E-05 0.128796 0.0599487 9.9955E-05 9.9955E-05 9.9955E-05 0.0202199 0.339678 0.450857
9.9955E-05 0.00406497 0.119791 0.112183 0.0887245 9.9955E-05 9.9955E-05 9.9955E-05 9.9955E-05 0.674736
9.9946E-05 9.9946E-05 9.9946E-05 9.9946E-05 9.9946E-05 0.774675 0.0897781 0.0503814 0.0845662 9.9946E-05
9.9946E-05 9.9946E-05 9.9946E-05 9.9946E-05 0.0251078 0.85793 9.9946E-05 0.0101958 0.106167 9.9946E-05
0.00950025 0.0248463 9.9955E-05 9.9955E-05 0.0273079 0.881198 9.9955E-05 9.9955E-05 0.0566478 9.9955E-05
9.9946E-05 9.9946E-05 9.9946E-05 9.9946E-05 0.125784 0.810342 9.9946E-05 9.9946E-05 0.0404034 0.0228712
0.0303126 0.0740423 9.9946E-05 9.9946E-05 0.105017 0.790028 9.9946E-05 9.9946E-05 9.9946E-05 9.9946E-05
0.0158213 0.0778032 0.0141673 9.9964E-05 0.0420658 0.838082 9.9964E-05 9.9964E-05 9.9964E-05 0.0116601
9.9964E-05 0.0249882 0.0379758 0.00683785 0.00277352 0.885905 9.9964E-05 9.9964E-05 0.0411201 9.9964E-05
9.99459E-05 9.99459E-05 9.99459E-05 9.99459E-05 9.99459E-05 0.0484121 9.99459E-05 0.063654 0.152637 0.734698
9.9946E-05 9.9946E-05 9.9946E-05 9.9946E-05 9.9946E-05 0.0354274 9.9946E-05 0.0667258 0.478202 0.419045
0.015771 0.0165154 0.107215 0.00603317 9.9973E-05 0.033436 9.9973E-05 9.9973E-05 0.575848 0.244881
9.9973E-05 0.0395137 0.0613259 0.165591 9.9973E-05 0.0198935 0.118858 9.9973E-05 0.474456 0.120062
9.9937E-05 0.0882196 9.9937E-05 9.9937E-05 9.9937E-05 9.9937E-05 9.9937E-05 9.9937E-05 0.478752 0.432329
0.0977189 9.9955E-05 0.0310749 9.9955E-05 9.9955E-05 0.0419527 9.9955E-05 0.106133 9.9955E-05 0.722621
9.9964E-05 0.117836 9.9964E-05 0.112495 0.00225553 9.9964E-05 0.227491 9.9964E-05 0.126136 0.413386
9.9964E-05 9.9964E-05 0.0744259 0.0160933 0.0291308 0.0432968 9.9964E-05 9.9964E-05 0.525283 0.31137
0.00262594 9.9964E-05 0.0273723 9.9964E-05 9.9964E-05 0.0115551 9.9964E-05 0.132577 0.468874 0.356596
0.023742 0.112672 9.9955E-05 0.0343241 9.9955E-05 9.9955E-05 9.9955E-05 9.9955E-05 0.223438 0.605324
9.9946E-05 9.9946E-05 9.9946E-05 9.9946E-05 9.9946E-05 0.0214043 9.9946E-05 0.14276 0.478487 0.356749
9.9964E-05 9.9964E-05 0.0854182 9.9964E-05 0.0984622 0.0261485 0.423449 0.142861 0.223261 9.9964E-05
0.0737406 9.9973E-05 9.9973E-05 0.00328544 0.0154259 0.106587 0.149627 0.197514 0.45352 9.9973E-05
9.9946E-05 9.9946E-05 9.9946E-05 9.9946E-05 9.9946E-05 0.0590456 0.20982 0.258277 0.472257 9.9946E-05
0.105501 0.0185787 0.0597826 9.9973E-05 0.0559501 9.9973E-05 0.123417 0.130241 0.50623 9.9973E-05
0.0842452 9.9973E-05 0.0559619 9.9973E-05 9.9973E-05 0.0208619 0.178826 0.182145 0.43895 0.0387101
9.9973E-05 9.9973E-05 0.00296221 0.134437 9.9973E-05 0.0475897 0.115729 0.0864935 0.546213 0.0662754
0.0396909 9.9955E-05 9.9955E-05 9.9955E-05 9.9955E-05 0.0362629 0.266391 0.13388 0.523275 9.9955E-05
0.0749947 0.0133959 9.9964E-05 9.9964E-05 9.9964E-05 9.9964E-05 0.2388 0.124414 0.546191 0.00180462
0.0251424 0.028739 0.0405643 0.0141731 9.9991E-05 0.0231713 0.263365 0.0660025 0.525661 0.0130814
0.0151729 9.9973E-05 0.00418259 0.0770377 0.184225 9.9973E-05 0.199895 0.192793 0.326395 9.9973E-05
9.9964E-05 0.0254454 9.9964E-05 9.9964E-05 9.9964E-05 0.0588411 0.25978 0.0785375 0.571141 0.00585576
9.9955E-05 0.0198861 0.100024 9.9955E-05 0.0793861 9.9955E-05 9.9955E-05 0.17593 0.624274 9.9955E-05
9.9973E-05 0.0375763 0.128737 0.0181524 9.9973E-05 9.9973E-05 0.0685696 0.385559 0.278509 0.0825975
0.036559 0.0153054 0.0676893 0.0784332 0.019238 0.0964464 0.608774 9.9991E-05 0.0180291 0.0594259
0.108857 0.0151645 0.0835868 0.0134452 0.0387038 9.9982E-05 0.6769 0.0239802 9.9982E-05 0.039162
9.9964E-05 9.9964E-05 0.0747956 0.0356861 9.9964E-05 9.9964E-05 0.0985643 0.436334 0.270825 0.0833949
0.0469095 9.9964E-05 9.9964E-05 9.9964E-05 9.9964E-05 0.0104232 0.162564 0.228017 0.419822 0.131864
0.0914337 9.9964E-05 0.0959083 9.9964E-05 9.9964E-05 9.9964E-05 0.254013 0.228181 0.266842 0.0632224
0.00951715 0.0210785 0.0711809 9.9982E-05 9.9982E-05 0.00549544 0.233855 0.365164 0.233274 0.0602355
0.0549953 0.0402935 9.9982E-05 0.0494265 9.9982E-05 0.00860028 0.0827895 0.0920126 0.57614 0.0955424
9.9955E-05 0.0462862 9.9955E-05 0.00956139 9.9955E-05 0.00625938 0.887347 9.9955E-05 9.9955E-05 0.050046
0.0304548 0.0355034 0.0722731 0.145726 0.100389 0.00463958 0.0225217 0.0545247 0.44856 0.0854074
0.00491638 9.9982E-05 0.0132154 0.345676 0.160907 0.0698968 0.168012 0.0750705 9.9982E-05 0.162105
0.00569878 0.00558431 0.0252121 0.119845 0.115542 0.0552402 0.0858804 9.9991E-05 0.344191 0.242706
9.9973E-05 0.0658408 0.0623915 9.9973E-05 0.116321 0.102064 0.154631 9.9973E-05 0.396271 0.102181
0.083297 9.9982E-05 0.126603 0.241796 0.212039 0.0119375 0.0628936 9.9982E-05 0.158897 0.102336
0.0534615 9.9991E-05 0.0837775 0.390278 0.0721518 0.0258702 0.101363 0.123456 0.133147 0.0163948
0.0355466 9.9982E-05 0.111023 0.260593 9.9982E-05 0.0145699 0.0847826 0.0745194 0.385078 0.0336878
9.9982E-05 0.117348 0.0495772 0.138722 0.146835 0.0564357 0.236935 9.9982E-05 0.0365322 0.217415
0.0634934 9.9955E-05 9.9955E-05 0.259971 9.9955E-05 9.9955E-05 0.204822 9.9955E-05 0.300412 0.170802
0.0341457 9.9982E-05 0.0980251 0.0625015 0.0551475 9.9982E-05 0.178784 0.0624513 0.422801 0.0859439
9.9973E-05 0.275043 9.9973E-05 0.142434 0.0709395 0.246962 0.163834 9.9973E-05 0.0396448 0.0608423
9.9946E-05 0.0702557 9.9946E-05 0.0610682 0.556605 0.311472 9.9946E-05 9.9946E-05 9.9946E-05 9.9946E-05
9.9964E-05 0.0281257 0.0254959 0.0607987 0.61246 0.255503 0.0172174 9.9964E-05 9.9964E-05 9.9964E-05
9.9973E-05 0.292383 9.9973E-05 0.0184188 0.280294 0.201661 0.17909 0.0106964 0.017157 9.9973E-05
9.9946E-05 9.9946E-05 9.9946E-05 0.229036 9.9946E-05 9.9946E-05 0.191587 9.9946E-05 0.523562 0.0552151
9.9946E-05 0.706512 9.9946E-05 9.9946E-05 9.9946E-05 9.9946E-05 0.0171045 0.039292 0.236491 9.9946E-05
9.9955E-05 0.0416655 9.9955E-05 0.544248 9.9955E-05 9.9955E-05 0.171826 9.9955E-05 0.145342 0.0964184
9.9955E-05 0.0486676 0.162237 0.52484 9.9955E-05 9.9955E-05 0.224322 9.9955E-05 0.0394335 9.9955E-05
0.0588834 9.9982E-05 0.0281836 0.174038 0.0480038 0.0234992 0.146431 9.9982E-05 0.445275 0.075487
9.9982E-05 0.0210657 0.213516 0.213861 9.9982E-05 0.0195926 0.033651 0.0278262 0.398356 0.0719311
9.9946E-05 0.0730799 9.9946E-05 0.400721 9.9946E-05 9.9946E-05 0.155013 9.9946E-05 0.370586 9.9946E-05
9.9964E-05 0.0208535 0.0743141 0.587046 9.9964E-05 9.9964E-05 0.246139 9.9964E-05 0.0205563 0.0506912
9.9937E-05 0.976395 9.9937E-05 9.9937E-05 0.00605607 9.9937E-05 0.0168497 9.9937E-05 9.9937E-05 9.9937E-05
9.9955E-05 0.850435 0.0384328 0.0163355 9.9955E-05 9.9955E-05 9.9955E-05 9.9955E-05 0.0497226 0.0445747
0.0143981 0.692112 9.9937E-05 9.9937E-05 9.9937E-05 9.9937E-05 9.9937E-05 9.9937E-05 0.292791 9.9937E-05
0.0267038 0.718936 9.9973E-05 0.0744832 0.0310092 9.9973E-05 9.9973E-05 0.0147947 0.116006 0.0177674
9.99281E-05 0.976199 9.99281E-05 9.99281E-05 0.023002 9.99281E-05 9.99281E-05 9.99281E-05 9.99281E-05 9.99281E-05
0.0131789 0.954304 0.0165933 9.9946E-05 9.9946E-05 9.9946E-05 0.0153243 9.9946E-05 9.9946E-05 9.9946E-05
9.9937E-05 0.820827 9.9937E-05 9.9937E-05 9.9937E-05 9.9937E-05 0.0225928 9.9937E-05 0.155881 9.9937E-05
9.9937E-05 0.923261 9.9937E-05 9.9937E-05 9.9937E-05 9.9937E-05 9.9937E-05 0.0602971 0.0157427 9.9937E-05
9.99201E-05 0.999101 9.99201E-05 9.99201E-05 9.99201E-05 9.99201E-05 9.99201E-05 9.99201E-05 9.99201E-05 9.99201E-05
9.99201E-05 0.999101 9.99201E-05 9.99201E-05 9.99201E-05 9.99201E-05 9.99201E-05 9.99201E-05 9.99201E-05 9.99201E-05
9.9955E-05 0.695713 0.0232223 9.9955E-05 9.9955E-05 0.0515225 9.9955E-05 0.0323028 0.196739 9.9955E-05
0.0612938 0.728858 9.9955E-05 9.9955E-05 0.00145963 0.0750523 9.9955E-05 9.9955E-05 0.132836 9.9955E-05
9.9937E-05 0.944468 9.9937E-05 0.00253885 9.9937E-05 9.9937E-05 9.9937E-05 9.9937E-05 9.9937E-05 0.0522938
0.0320757 0.65513 9.9964E-05 0.00943592 0.0753336 0.0348999 9.9964E-05 9.9964E-05 0.192725 9.9964E-05
0.0227037 0.800521 9.9964E-05 9.9964E-05 0.0157953 0.0202497 9.9964E-05 0.00834942 0.131981 9.9964E-05
9.9946E-05 0.908816 9.9946E-05 0.0179498 0.0259067 9.9946E-05 9.9946E-05 9.9946E-05 0.0467275 9.9946E-05
9.9955E-05 0.8706 9.9955E-05 9.9955E-05 0.0396182 0.0262391 9.9955E-05 9.9955E-05 0.0420674 0.0209758
9.99201E-05 0.999101 9.99201E-05 9.99201E-05 9.99201E-05 9.99201E-05 9.99201E-05 9.99201E-05 9.99201E-05 9.99201E-05
0.0111033 0.530322 9.9982E-05 0.00606728 0.00495947 0.105833 9.9982E-05 0.0565419 0.235227 0.0497463
0.0259142 0.87195 9.9973E-05 9.9973E-05 0.0400517 0.00929734 0.00442111 0.0159163 9.9973E-05 0.0321498
9.9964E-05 0.000647272 0.0345589 0.479452 0.270967 0.208617 9.9964E-05 0.00535852 9.9964E-05 9.9964E-05
0.0283716 0.0362746 0.0141583 0.219239 0.0890788 0.123119 9.9991E-05 0.0993844 0.383079 0.00719592
0.0659564 0.0801504 0.00803149 0.235275 0.00490482 0.201951 9.9982E-05 9.9982E-05 0.367724 0.035806
0.0493962 0.0564227 0.0168493 0.270079 0.169606 0.205925 0.0419532 9.9991E-05 0.138024 0.0516447
9.9982E-05 0.0669947 0.0265638 0.291972 0.247029 0.118417 0.0473581 9.9982E-05 0.160244 0.0412223
0.0233593 0.167006 9.9982E-05 0.290079 0.0932747 0.0966464 0.0203091 9.9982E-05 0.239847 0.0692787
9.9982E-05 0.185841 0.00678322 0.175323 0.0940497 0.0791096 0.076912 0.0470106 0.334771 9.9982E-05
9.9964E-05 0.085992 0.0324025 0.252139 0.0948907 0.163981 9.9964E-05 9.9964E-05 0.370194 9.9964E-05
0.066775 9.9973E-05 0.00892523 0.0597591 0.0490065 0.784937 9.9973E-05 0.0159895 9.9973E-05 0.0143075
9.9946E-05 0.0352194 0.0383033 9.9946E-05 9.9946E-05 0.877534 9.9946E-05 0.0483432 9.9946E-05 9.9946E-05
9.9937E-05 9.9937E-05 9.9937E-05 9.9937E-05 0.0546251 0.88142 9.9937E-05 0.0632558 9.9937E-05 9.9937E-05
0.0305478 9.9955E-05 9.9955E-05 9.9955E-05 0.0267319 0.884263 0.0429173 0.0150404 9.9955E-05 9.9955E-05
9.9946E-05 9.9946E-05 9.9946E-05 9.9946E-05 0.0238678 0.852109 0.101266 9.9946E-05 0.022157 9.9946E-05
9.9955E-05 0.0580287 0.00965144 9.9955E-05 0.082077 0.837828 9.9955E-05 9.9955E-05 0.0119149 9.9955E-05
9.9946E-05 0.0946024 9.9946E-05 9.9946E-05 0.00975683 0.84036 9.9946E-05 9.9946E-05 0.0546815 9.9946E-05
9.9955E-05 9.9955E-05 0.0227624 0.0305263 0.053992 0.843518 9.9955E-05 9.9955E-05 9.9955E-05 0.0487018
9.9946E-05 9.9946E-05 0.0547638 9.9946E-05 0.129093 0.811643 9.9946E-05 9.9946E-05 0.00390069 9.9946E-05
9.9946E-05 0.0322349 9.9946E-05 9.9946E-05 0.194426 0.73648 9.9946E-05 0.0362594 9.9946E-05 9.9946E-05
0.127172 9.9964E-05 0.0514108 9.9964E-05 9.9964E-05 0.579056 0.027649 0.114035 9.9964E-05 0.100277
0.189626 9.9955E-05 9.9955E-05 9.9955E-05 0.122902 0.499586 9.9955E-05 0.167285 9.9955E-05 0.0201014
0.0664872 9.9964E-05 0.0956779 9.9964E-05 0.0732541 0.524367 9.9964E-05 0.182967 9.9964E-05 0.0568471
0.154389 9.9973E-05 0.0993482 0.021661 9.9973E-05 0.462886 0.00604266 0.210393 9.9973E-05 0.0449805
0.16508 0.0668057 0.151336 9.9964E-05 9.9964E-05 9.9964E-05 0.017428 9.9964E-05 0.347215 0.251735
0.0410483 9.9982E-05 0.000958015 0.0423142 0.0123208 0.0264777 9.9982E-05 0.212481 0.527743 0.136456
0.0086806 9.9964E-05 9.9964E-05 9.9964E-05 9.9964E-05 0.0689781 0.30227 0.0576506 0.39988 0.162141
0.0696281 9.9964E-05 0.0301437 9.9964E-05 9.9964E-05 9.9964E-05 0.302831 0.424094 0.121935 0.0509692
9.9982E-05 0.0330294 0.124231 0.0270366 9.9982E-05 0.0111317 0.0311858 0.0528307 0.568422 0.151933
9.9955E-05 9.9955E-05 0.0213091 9.9955E-05 9.9955E-05 9.9955E-05 0.124114 0.067987 0.53117 0.254921
0.0540677 9.9964E-05 0.0109665 0.0672687 9.9964E-05 9.9964E-05 0.203009 9.9964E-05 0.467772 0.196516
9.9946E-05 0.0930124 9.9946E-05 9.9946E-05 9.9946E-05 9.9946E-05 0.163832 9.9946E-05 0.298731 0.443825
0.0704199 9.9973E-05 9.9973E-05 0.0254406 9.9973E-05 0.0191432 0.054156 0.0331148 0.397808 0.399618
0.0558783 9.9946E-05 0.0691431 9.9946E-05 9.9946E-05 9.9946E-05 0.122841 9.9946E-05 9.9946E-05 0.751538
0.00970163 9.9973E-05 0.0305298 9.9973E-05 0.0614437 0.00632946 0.0726526 9.9973E-05 0.283064 0.535979
9.9973E-05 0.0188773 0.0491027 0.0226005 9.9973E-05 9.9973E-05 0.132244 0.0314521 0.398608 0.346816
0.0299997 9.9955E-05 9.9955E-05 9.9955E-05 9.9955E-05 0.0662404 9.9955E-05 0.123499 0.131082 0.648678
0.859186 9.9946E-05 9.9946E-05 9.9946E-05 9.9946E-05 0.0616868 9.9946E-05 0.0487954 0.0297325 9.9946E-05
0.987982 0.0112182 9.9928E-05 9.9928E-05 9.9928E-05 9.9928E-05 9.9928E-05 9.9928E-05 9.9928E-05 9.9928E-05
0.999101 9.99201E-05 9.99201E-05 9.99201E-05 9.99201E-05 9.99201E-05 9.99201E-05 9.99201E-05 9.99201E-05 9.99201E-05
0.94834 9.9937E-05 9.9937E-05 9.9937E-05 9.9937E-05 9.9937E-05 9.9937E-05 0.036406 9.9937E-05 0.0145544
0.906989 9.99369E-05 9.99369E-05 9.99369E-05 9.99369E-05 9.99369E-05 0.0825222 9.99369E-05 0.00978878 9.99369E-05
0.891789 0.0972298 9.9937E-05 9.9937E-05 9.9937E-05 9.9937E-05 9.9937E-05 9.9937E-05 0.0102818 9.9937E-05
0.0166123 0.0190151 0.0103319 9.9955E-05 9.9955E-05 0.837194 9.9955E-05 9.9955E-05 0.116347 9.9955E-05
0.00116001 0.0277595 9.9964E-05 9.9964E-05 9.9964E-05 0.787611 0.073374 0.031687 0.0780084 9.9964E-05
0.0171489 0.0983925 9.9955E-05 0.0372801 9.9955E-05 0.734021 9.9955E-05 9.9955E-05 0.112658 9.9955E-05
9.9955E-05 0.0380028 9.9955E-05 9.9955E-05 0.0314587 0.718077 9.9955E-05 0.0786015 0.13336 9.9955E-05
0.00973061 0.0521215 9.9973E-05 0.0250418 9.9973E-05 0.742687 9.9973E-05 0.06045 0.0839711 0.0256978
0.0661707 9.9964E-05 9.9964E-05 0.06807 0.0337087 0.339188 9.9964E-05 0.484878 9.9964E-05 0.00758445
0.153611 9.9964E-05 0.109754 0.00575858 9.9964E-05 0.410414 9.9964E-05 0.279333 9.9964E-05 0.0407292
0.188603 9.9955E-05 0.0956833 9.9955E-05 0.0438416 0.403807 9.9955E-05 0.267566 9.9955E-05 9.9955E-05
9.9937E-05 9.9937E-05 9.9937E-05 9.9937E-05 9.9937E-05 0.780407 0.0520077 9.9937E-05 0.166885 9.9937E-05
0.296199 9.9955E-05 9.9955E-05 9.9955E-05 0.152658 0.196631 9.9955E-05 0.273004 9.9955E-05 0.0810089
0.00721244 0.233475 9.9955E-05 9.9955E-05 0.439654 0.0253095 9.9955E-05 9.9955E-05 0.29385 9.9955E-05
0.0173432 0.272029 9.9955E-05 9.9955E-05 0.105651 0.0924097 9.9955E-05 9.9955E-05 0.512067 9.9955E-05
0.0842943 0.177277 9.9973E-05 0.0999318 0.166305 0.123948 0.0302113 9.9973E-05 0.317733 9.9973E-05
9.9955E-05 0.237199 9.9955E-05 0.098174 0.344678 0.260654 0.058796 9.9955E-05 9.9955E-05 9.9955E-05
0.0849074 9.9982E-05 0.0561756 0.0112951 9.9982E-05 0.020317 0.215079 0.17019 0.406496 0.0353401
9.9973E-05 9.9973E-05 0.0777606 0.0741211 0.0740835 9.9973E-05 0.342809 0.107666 0.278929 0.0443304
0.0611471 9.9964E-05 9.9964E-05 9.9964E-05 0.00561215 0.0272709 0.229149 0.314223 0.362198 9.9964E-05
9.99557E-05 9.99557E-05 0.142246 0.00705347 9.99557E-05 9.99557E-05 0.431582 9.99557E-05 0.372496 0.0461228
9.9955E-05 9.9955E-05 0.175466 0.00684816 0.0477368 9.9955E-05 0.519298 9.9955E-05 9.9955E-05 0.250151
0.0145857 9.9982E-05 0.141732 0.0562313 9.9982E-05 0.0798715 0.156971 0.145587 0.356487 0.048334
9.9964E-05 9.9964E-05 0.0136305 9.9964E-05 9.9964E-05 0.0977755 0.376115 0.182348 0.303546 0.0261853
9.9973E-05 9.9973E-05 0.0226581 0.0679573 0.0528531 9.9973E-05 0.552688 0.0554039 0.0440228 0.204117
0.0895396 0.0371194 0.0845764 0.0274847 0.101123 9.9982E-05 0.239642 9.9982E-05 0.341502 0.0788122
0.0671034 0.0223758 0.0330204 9.9973E-05 9.9973E-05 9.9973E-05 0.168599 0.200588 0.503043 0.00497022
0.0529291 0.0760915 9.9982E-05 9.9982E-05 0.157876 0.0683411 0.103408 0.0589516 0.439244 0.0429587
0.0154969 9.9973E-05 0.188527 0.0113923 0.0482679 9.9973E-05 0.316059 0.109648 0.310309 9.9973E-05
0.0491671 0.0058163 0.114401 9.9982E-05 0.0231569 9.9982E-05 0.325364 0.120728 0.354144 0.00702306
0.0772408 0.0616684 0.0895679 0.104716 0.0423121 9.9982E-05 0.131238 0.0871383 0.405919 9.9982E-05
0.0659986 9.9982E-05 0.0238223 9.9982E-05 0.0976054 0.00436009 0.196487 0.00654552 0.481579 0.123402
0.0113458 0.0924358 0.0726803 0.0669554 9.9982E-05 9.9982E-05 0.125766 0.0496107 0.568118 0.0128876
9.9955E-05 0.0776208 0.0153141 0.0520961 9.9955E-05 0.753736 9.9955E-05 9.9955E-05 0.100733 9.9955E-05
9.9955E-05 0.0762092 0.063327 9.9955E-05 9.9955E-05 0.821687 9.9955E-05 9.9955E-05 0.0306756 0.00760159
9.9973E-05 0.0646983 0.0216359 0.0825449 0.00276172 0.736737 9.9973E-05 0.0545585 9.9973E-05 0.0367643
0.00335473 0.0291354 0.0389326 0.0162876 9.9964E-05 0.808063 9.9964E-05 9.9964E-05 9.9964E-05 0.103827
0.0109941 0.00741577 0.0226544 0.0470717 9.9964E-05 0.792821 9.9964E-05 9.9964E-05 0.118643 9.9964E-05
0.0182588 9.9973E-05 9.9973E-05 9.9973E-05 0.0309007 0.0300486 0.329598 0.406256 0.180059 0.00457904
9.9982E-05 0.0741679 0.00827651 0.0462561 9.9982E-05 0.00374475 0.203359 0.0963675 0.538412 0.0292158
0.0347264 9.9955E-05 9.9955E-05 9.9955E-05 9.9955E-05 9.9955E-05 0.350251 0.111099 0.462014 0.0414092
0.0320139 0.0664358 0.111857 9.9964E-05 0.124272 9.9964E-05 0.609721 9.9964E-05 0.0553005 9.9964E-05
0.0156847 9.9964E-05 9.9964E-05 9.9964E-05 0.0744109 0.105871 0.470525 0.302083 9.9964E-05 0.0310259
0.0901497 9.9955E-05 9.9955E-05 9.9955E-05 9.9955E-05 9.9955E-05 0.159636 0.170438 0.540923 0.0383529
0.0402231 9.9982E-05 0.127487 0.0300682 9.9982E-05 0.104507 0.209486 0.288806 0.16959 0.0296333
9.9982E-05 0.0298297 0.0487176 0.10016 9.9982E-05 0.110884 0.347091 0.00692153 0.211209 0.144987
0.0242213 9.9973E-05 0.113367 9.9973E-05 0.0031384 0.155454 0.364834 0.2828 0.0558855 9.9973E-05
9.9946E-05 9.9946E-05 9.9946E-05 9.9946E-05 9.9946E-05 0.0658191 0.352681 0.406979 0.17392 9.9946E-05
0.0694026 0.0492581 9.9982E-05 0.139671 9.9982E-05 0.0307825 0.253249 0.140496 0.261851 0.0550897
0.0223164 9.9964E-05 9.9964E-05 0.616999 9.9964E-05 0.0135965 0.122865 0.00760503 0.216218 9.9964E-05
0.0961096 9.9955E-05 9.9955E-05 0.172333 9.9955E-05 0.0557261 0.214054 9.9955E-05 0.461278 9.9955E-05
0.0218834 9.9964E-05 0.120064 0.539761 9.9964E-05 9.9964E-05 0.0447581 0.046064 0.22707 9.9964E-05
0.0180317 9.9964E-05 0.00424685 0.331684 0.0811455 9.9964E-05 9.9964E-05 9.9964E-05 0.449269 0.115223
9.9937E-05 9.9937E-05 9.9937E-05 0.767159 9.9937E-05 9.9937E-05 0.188077 9.9937E-05 9.9937E-05 0.0440644
0.0466136 9.9964E-05 0.0796397 0.611949 0.0233965 9.9964E-05 9.9964E-05 9.9964E-05 0.121533 0.116469
0.0021092 9.9973E-05 0.0602931 0.393473 0.0116931 9.9973E-05 0.0971985 0.0575785 0.377355 9.9973E-05
0.0686157 9.9973E-05 0.136558 0.540495 9.9973E-05 9.9973E-05 0.0709421 0.0462972 0.0193324 0.11746
9.9955E-05 9.9955E-05 9.9955E-05 0.364532 9.9955E-05 9.9955E-05 0.00299684 0.136465 0.400528 0.094978
0.0541524 0.00352464 9.9973E-05 9.9973E-05 9.9973E-05 0.0534557 0.519746 0.263603 0.0524514 0.0527665
0.000150914 0.0892243 0.0683841 9.9973E-05 9.9973E-05 9.9973E-05 0.74024 0.0186251 0.0104513 0.0726242
0.0419639 0.0520313 9.9973E-05 9.9973E-05 9.9973E-05 0.107513 0.28832 0.190673 0.270679 0.048521
9.9964E-05 0.0145805 9.9964E-05 9.9964E-05 0.048105 9.9964E-05 0.173933 0.126997 0.537395 0.0985889
0.0411285 9.9955E-05 9.9955E-05 9.9955E-05 9.9955E-05 9.9955E-05 0.272634 0.325203 0.3024 0.0581352
0.036221 0.078227 9.9964E-05 9.9964E-05 9.9964E-05 9.9964E-05 0.359226 0.130657 0.320902 0.0743673
0.0617783 0.0690185 9.9982E-05 0.00406435 9.9982E-05 0.0181372 0.366369 0.0390012 0.375804 0.0656278
9.9955E-05 0.0854705 9.9955E-05 9.9955E-05 9.9955E-05 9.9955E-05 0.336118 0.285417 0.132465 0.16003
0.0390969 0.145036 0.0188884 0.0108426 9.9982E-05 9.9982E-05 0.224092 0.256303 0.261185 0.0443566
0.0253147 0.0847632 9.9955E-05 9.9955E-05 9.9955E-05 9.9955E-05 0.321397 0.0640419 0.503984 9.9955E-05
0.00941959 9.9973E-05 0.0234414 0.00865695 0.148967 9.9973E-05 0.329652 0.100505 0.379059 9.9973E-05
0.0613425 0.0700004 9.9964E-05 9.9964E-05 0.010793 9.9964E-05 0.473747 0.0334779 0.350239 9.9964E-05
9.9955E-05 9.9955E-05 9.9955E-05 0.0467725 9.9955E-05 0.0660996 0.198374 0.315296 0.372958 9.9955E-05
0.00307304 0.0325315 0.0675449 0.0463231 9.9982E-05 0.113436 0.213106 0.0900303 0.433755 9.9982E-05
9.9973E-05 0.0319802 9.9973E-05 0.00621169 0.161218 0.266418 9.9973E-05 0.050514 0.458676 0.0246812
9.9973E-05 0.147258 9.9973E-05 0.0133296 0.153813 0.077193 0.0497159 9.9973E-05 0.4725 0.0858903
0.123968 0.105297 0.071886 0.0179117 0.0940638 9.9982E-05 0.064123 9.9982E-05 0.492205 0.0303454
9.9973E-05 0.0685285 0.0305272 9.9973E-05 0.205317 0.0782659 0.129117 9.9973E-05 0.466327 0.0216177
0.0117409 0.0658407 9.9955E-05 0.139385 9.9955E-05 9.9955E-05 0.525489 9.9955E-05 0.257044 9.9955E-05
9.9982E-05 0.0456645 9.9982E-05 0.106655 0.398643 0.0796335 0.0983648 0.00669102 0.0163993 0.247749
0.0468828 0.0992591 0.0266805 0.0693296 0.0564004 0.122345 9.9991E-05 0.0655854 0.48486 0.0285569
0.0377864 0.256813 9.9982E-05 9.9982E-05 0.0198163 0.13414 0.206894 0.00740098 0.324352 0.0125967
9.9964E-05 9.9964E-05 9.9964E-05 9.9964E-05 0.300085 0.111828 0.118851 0.0358676 0.347231 0.0857381
0.00590747 0.160939 0.0396654 0.0528246 0.00733434 0.197158 0.110343 9.9982E-05 0.425629 9.9982E-05
9.9955E-05 0.09538 9.9955E-05 9.9955E-05 0.577605 0.21508 0.0508516 9.9955E-05 9.9955E-05 0.0605833
0.0400164 0.161856 9.9973E-05 0.034375 0.00491801 0.20386 0.0481444 9.9973E-05 0.506531 9.9973E-05
0.000360635 0.130375 0.0445172 0.0147744 0.0841114 0.137051 9.9982E-05 0.0897655 0.498844 9.9982E-05
0.0756714 0.0770816 0.278704 0.0242673 9.9991E-05 0.0353103 0.0456755 0.0507868 0.238095 0.174309
0.0523297 9.9964E-05 0.732828 0.014929 9.9964E-05 9.9964E-05 0.0850125 0.0464719 9.9964E-05 0.0680296
9.9946E-05 9.9946E-05 0.841451 9.9946E-05 9.9946E-05 9.9946E-05 0.00567925 0.103915 9.9946E-05 0.0483545
9.9955E-05 0.245093 0.0932088 9.9955E-05 0.23586 9.9955E-05 9.9955E-05 0.0444829 0.380855 9.9955E-05
9.9946E-05 0.260285 0.170954 9.9946E-05 0.226875 9.9946E-05 9.9946E-05 9.9946E-05 0.341287 9.9946E-05
9.9955E-05 0.145942 0.120978 9.9955E-05 0.304622 0.122916 9.9955E-05 9.9955E-05 0.305041 9.9955E-05
9.9955E-05 0.127489 0.186775 9.9955E-05 0.293495 0.0644135 9.9955E-05 9.9955E-05 0.327329 9.9955E-05
9.9946E-05 0.0207666 0.648041 9.9946E-05 0.258948 9.9946E-05 9.9946E-05 9.9946E-05 0.071644 9.9946E-05
9.9946E-05 9.9946E-05 0.592574 9.9946E-05 0.178613 0.0383497 9.9946E-05 9.9946E-05 0.189863 9.9946E-05
9.9937E-05 0.135523 0.444441 9.9937E-05 9.9937E-05 9.9937E-05 9.9937E-05 9.9937E-05 0.419337 9.9937E-05
9.9946E-05 0.0874487 0.472099 9.9946E-05 9.9946E-05 0.0481027 9.9946E-05 9.9946E-05 0.39175 9.9946E-05
9.9946E-05 0.0487231 0.664675 9.9946E-05 0.144539 9.9946E-05 9.9946E-05 9.9946E-05 0.141463 9.9946E-05
9.9973E-05 0.109644 0.257281 0.0180065 9.9973E-05 0.103362 0.0422967 9.9973E-05 0.419185 0.0499246
9.9964E-05 0.0389507 0.367866 9.9964E-05 0.0677919 0.0059849 9.9964E-05 0.000737141 0.51827 9.9964E-05
9.9964E-05 9.9964E-05 0.556307 0.0616123 9.9964E-05 9.9964E-05 0.00270773 0.0291836 0.333639 0.0161496
9.9964E-05 0.0592125 0.508325 0.0282671 9.9964E-05 9.9964E-05 9.9964E-05 0.0815998 0.27448 0.0477159
0.0382578 0.127801 0.3444 0.103435 9.9991E-05 0.0188901 0.00975801 0.0965686 0.24684 0.0139496
0.00558573 9.99549E-05 0.21395 0.260636 9.99549E-05 9.99549E-05 0.178032 9.99549E-05 0.341297 9.99549E-05
0.0356715 9.9964E-05 0.72164 0.0448168 9.9964E-05 9.9964E-05 0.0240829 0.0246977 0.148691 9.9964E-05
0.0490382 9.9955E-05 0.338875 0.0464234 9.9955E-05 9.9955E-05 9.9955E-05 9.9955E-05 0.494856 0.0703078
0.0456678 0.0218042 0.760785 9.9964E-05 9.9964E-05 9.9964E-05 0.00613124 9.9964E-05 0.154847 0.0103657
0.0161695 9.9937E-05 0.650845 9.9937E-05 9.9937E-05 9.9937E-05 9.9937E-05 9.9937E-05 0.332286 9.9937E-05
0.0591853 0.205076 9.9982E-05 9.9982E-05 0.147927 0.0445961 0.114433 0.0153108 0.393912 0.01936
0.0429673 0.14678 0.0526629 0.0441609 0.0708047 0.122975 0.075696 0.0692387 0.374614 9.9991E-05
0.0516679 0.0848634 0.520081 9.9964E-05 0.209778 0.106607 0.0266023 9.9964E-05 9.9964E-05 9.9964E-05
0.0341303 0.102291 0.126306 0.0234899 0.108855 0.0239591 9.9973E-05 9.9973E-05 0.580669 9.9973E-05
9.9946E-05 0.0261295 0.419794 9.9946E-05 0.330719 0.222758 9.9946E-05 9.9946E-05 9.9946E-05 9.9946E-05
9.9955E-05 0.171389 0.26267 9.9955E-05 0.107049 0.0343745 9.9955E-05 9.9955E-05 0.424017 9.9955E-05
9.9937E-05 9.9937E-05 0.851199 9.9937E-05 0.0146611 9.9937E-05 9.9937E-05 9.9937E-05 9.9937E-05 0.133441
9.9937E-05 9.9937E-05 0.929145 9.9937E-05 9.9937E-05 9.9937E-05 9.9937E-05 0.0069201 9.9937E-05 0.0632353
9.9955E-05 9.9955E-05 0.442947 0.0041758 9.9955E-05 9.9955E-05 0.0111361 9.9955E-05 0.442669 0.0985722
9.9937E-05 0.00127047 0.451434 9.9937E-05 9.9937E-05 9.9937E-05 9.9937E-05 9.9937E-05 0.546596 9.9937E-05
9.9955E-05 9.9955E-05 0.679216 0.0136947 9.9955E-05 9.9955E-05 9.9955E-05 0.0382336 0.262242 0.0061136
0.0289519 9.9946E-05 0.552279 9.9946E-05 9.9946E-05 9.9946E-05 9.9946E-05 9.9946E-05 0.377429 0.0407404
9.9937E-05 0.0428297 0.534107 9.9937E-05 9.9937E-05 9.9937E-05 9.9937E-05 9.9937E-05 0.422364 9.9937E-05
9.9955E-05 0.0426068 0.100388 0.0384723 9.9955E-05 0.753632 9.9955E-05 9.9955E-05 0.0644018 9.9955E-05
0.0491484 0.118024 0.0278652 9.9964E-05 0.0539215 0.62972 9.9964E-05 0.120921 9.9964E-05 9.9964E-05
0.0181336 0.0678804 9.9946E-05 9.9946E-05 9.9946E-05 0.863811 9.9946E-05 0.0495756 9.9946E-05 9.9946E-05
9.9955E-05 9.9955E-05 0.041454 9.9955E-05 0.0738532 0.876624 0.00502474 9.9955E-05 0.00254411 9.9955E-05
0.101834 9.9973E-05 0.0136176 9.9973E-05 0.0151873 0.0198171 9.9973E-05 0.00356903 0.478872 0.366803
9.9946E-05 9.9946E-05 0.0854783 9.9946E-05 9.9946E-05 9.9946E-05 9.9946E-05 0.0677052 0.528154 0.318063
0.0593792 0.00151808 0.0530586 9.9973E-05 9.9973E-05 0.0331948 9.9973E-05 0.124527 0.325704 0.402319
9.9946E-05 0.0405858 0.0282065 9.9946E-05 9.9946E-05 9.9946E-05 9.9946E-05 9.9946E-05 0.580353 0.350255
0.0132129 9.9964E-05 0.143119 0.112078 9.9964E-05 0.00597512 9.9964E-05 9.9964E-05 0.31831 0.406905
9.9964E-05 0.119949 0.0176177 9.9964E-05 0.0140765 0.278253 0.159611 9.9964E-05 0.410093 9.9964E-05
0.0316058 9.9973E-05 0.0869463 9.9973E-05 0.0525165 9.9973E-05 0.0941922 0.051457 0.452187 0.230795
9.9946E-05 0.000928735 9.9946E-05 9.9946E-05 9.9946E-05 9.9946E-05 9.9946E-05 0.148569 0.414791 0.435111
0.0386219 0.0131872 0.134815 9.9982E-05 9.9982E-05 0.00980346 0.0104773 0.0208528 0.569651 0.202391
9.9955E-05 9.9955E-05 0.0200246 9.9955E-05 9.9955E-05 0.042283 9.9955E-05 0.106721 0.434667 0.395805
0.0234332 0.041631 0.152627 0.000309401 9.9964E-05 9.9964E-05 9.9964E-05 9.9964E-05 0.547618 0.233982
9.9946E-05 9.9946E-05 0.00738725 9.9946E-05 9.9946E-05 9.9946E-05 0.04766 9.9946E-05 0.112077 0.832276
9.9955E-05 0.0621242 9.9955E-05 0.115445 9.9955E-05 9.9955E-05 0.0060984 9.9955E-05 0.193092 0.622741
9.9946E-05 9.9946E-05 9.9946E-05 9.9946E-05 0.0508808 9.9946E-05 9.9946E-05 0.0562964 0.320533 0.57169
9.9955E-05 9.9955E-05 0.00971764 0.063106 0.0266136 9.9955E-05 0.0256314 9.9955E-05 9.9955E-05 0.874432
0.103383 9.9982E-05 0.00953558 9.9982E-05 0.0329692 0.0274622 0.0223578 0.03759 0.395556 0.370946
9.9946E-05 9.9946E-05 9.9946E-05 0.357707 0.00559867 9.9946E-05 0.117311 9.9946E-05 9.9946E-05 0.518783
9.9946E-05 9.9946E-05 0.00494307 9.9946E-05 0.145822 9.9946E-05 0.0157263 9.9946E-05 9.9946E-05 0.832909
9.9964E-05 0.0166442 0.100135 9.9964E-05 0.0181139 9.9964E-05 9.9964E-05 0.026826 0.585159 0.252722
9.9955E-05 9.9955E-05 0.0330314 9.9955E-05 9.9955E-05 0.0474713 9.9955E-05 0.13814 0.310407 0.470451
0.044724 0.0190361 9.9973E-05 0.124308 9.9973E-05 9.9973E-05 0.032534 0.0623834 0.419109 0.297606
0.0230381 9.9955E-05 9.9955E-05 9.9955E-05 0.0583528 9.9955E-05 9.9955E-05 0.0135258 0.531925 0.372658
9.99369E-05 0.00722659 9.99369E-05 9.99369E-05 9.99369E-05 9.99369E-05 0.848375 9.99369E-05 0.143699 9.99369E-05
9.9955E-05 0.0421271 9.9955E-05 9.9955E-05 9.9955E-05 0.0144728 9.9955E-05 0.0956219 0.509248 0.33803
0.0225972 0.0327274 0.0232509 0.032999 9.9982E-05 0.0332214 9.9982E-05 0.104931 0.504691 0.245382
0.0140578 0.00161845 9.9982E-05 0.0846174 0.00108198 9.9982E-05 0.00571862 0.0138939 0.304485 0.574326
9.9955E-05 9.9955E-05 9.9955E-05 0.0180001 9.9955E-05 0.618065 0.0214489 0.288672 9.9955E-05 0.0533144
0.0399981 9.9973E-05 0.0393527 9.9973E-05 0.0436713 0.686987 9.9973E-05 0.0995377 0.0819007 0.00825262
9.9946E-05 9.9946E-05 9.9946E-05 0.0512019 0.00442774 0.796703 9.9946E-05 0.147068 9.9946E-05 9.9946E-05
0.122403 9.9946E-05 0.0408827 9.9946E-05 9.9946E-05 0.780266 9.9946E-05 9.9946E-05 9.9946E-05 0.0558493
0.105238 9.9955E-05 9.9955E-05 0.0377043 9.9955E-05 0.685015 9.9955E-05 0.0978619 0.0736807 9.9955E-05
0.0372976 9.9964E-05 9.9964E-05 9.9964E-05 9.9964E-05 0.0873676 0.0117193 0.0870263 0.166621 0.609569
0.00466844 9.9964E-05 9.9964E-05 0.0410906 9.9964E-05 0.0534721 9.9964E-05 0.174937 0.154358 0.571074
9.9946E-05 9.9946E-05 9.9946E-05 0.0811042 9.9946E-05 9.9946E-05 0.0631139 9.9946E-05 0.172438 0.682744
9.9964E-05 9.9964E-05 0.0482846 0.0324482 0.101891 9.9964E-05 0.017342 9.9964E-05 0.325339 0.474296
0.0402968 0.0879825 9.9955E-05 9.9955E-05 9.9955E-05 9.9955E-05 0.0458824 9.9955E-05 0.521506 0.303832
0.0213371 0.0440897 0.0122173 0.129925 0.0407592 0.0326762 0.00680563 9.9991E-05 0.293531 0.418559
9.9973E-05 0.037917 0.0571338 0.0348673 9.9973E-05 0.0491129 9.9973E-05 0.0694831 0.464154 0.287032
9.9955E-05 0.0153836 9.9955E-05 0.13861 9.9955E-05 9.9955E-05 9.9955E-05 0.124395 0.240194 0.480918
0.0312526 9.9946E-05 9.9946E-05 9.9946E-05 9.9946E-05 9.9946E-05 9.9946E-05 0.0877686 0.424267 0.456112
0.0258882 0.00881553 9.9964E-05 0.0399186 9.9964E-05 9.9964E-05 9.9964E-05 0.191761 0.288312 0.444904
0.128577 9.9955E-05 9.9955E-05 0.196989 0.0676579 0.0122189 9.9955E-05 9.9955E-05 0.594058 9.9955E-05
0.0730049 9.9937E-05 9.9937E-05 9.9937E-05 9.9937E-05 9.9937E-05 9.9937E-05 9.9937E-05 0.46711 0.459186
0.0212849 0.0713734 9.9964E-05 9.9964E-05 9.9964E-05 0.0549535 9.9964E-05 0.0810484 0.421435 0.349505
0.0446633 0.255056 9.9955E-05 9.9955E-05 0.120506 0.0728417 9.9955E-05 9.9955E-05 0.506433 9.9955E-05
9.9946E-05 0.349927 9.9946E-05 9.9946E-05 0.193661 0.0414201 9.9946E-05 9.9946E-05 0.414393 9.9946E-05
0.00237691 0.00799703 0.0250663 0.264687 9.9973E-05 0.0228273 9.9973E-05 9.9973E-05 0.44443 0.232316
9.9946E-05 0.517938 9.9946E-05 9.9946E-05 0.243256 0.138419 9.9946E-05 9.9946E-05 0.0997871 9.9946E-05
0.00623745 0.314786 0.0522476 9.9973E-05 0.100982 0.115379 9.9973E-05 0.0414862 0.368582 9.9973E-05
9.9973E-05 0.0929159 9.9973E-05 0.158391 0.161773 0.0519236 9.9973E-05 0.0200283 0.423899 0.0907702
9.9964E-05 0.0347857 0.0150231 0.324036 9.9964E-05 0.0513626 0.025393 9.9964E-05 0.549 9.9964E-05
0.0328107 0.0131279 9.9973E-05 0.437668 0.0200634 0.0788742 9.9973E-05 0.0302269 0.386929 9.9973E-05
9.9946E-05 0.350835 9.9946E-05 9.9946E-05 0.0293258 0.199979 9.9946E-05 9.9946E-05 0.41926 9.9946E-05
9.9946E-05 0.384921 9.9946E-05 9.9946E-05 0.190164 0.00139908 9.9946E-05 9.9946E-05 0.422916 9.9946E-05
9.9946E-05 0.337384 9.9946E-05 9.9946E-05 0.199685 0.0309644 9.9946E-05 9.9946E-05 0.431366 9.9946E-05
9.9955E-05 0.367428 0.0162464 9.9955E-05 0.204848 0.060653 9.9955E-05 9.9955E-05 0.350324 9.9955E-05
0.0401721 9.9964E-05 9.9964E-05 0.369086 0.0981704 9.9964E-05 9.9964E-05 0.014687 0.475978 0.00150749
0.0259278 0.481988 9.9955E-05 9.9955E-05 0.186678 0.0716465 9.9955E-05 9.9955E-05 0.23326 9.9955E-05
0.06549 0.0333035 9.99639E-05 0.563503 9.99639E-05 0.0705934 9.99639E-05 0.169209 0.0975011 9.99639E-05
9.9946E-05 0.0528333 9.9946E-05 0.332496 9.9946E-05 9.9946E-05 9.9946E-05 0.0652702 0.548801 9.9946E-05
9.9964E-05 0.0690667 0.00403076 0.231668 9.9964E-05 0.0583853 9.9964E-05 0.0950764 0.541373 9.9964E-05
9.9973E-05 0.00464197 9.9973E-05 0.300471 0.0466521 0.136499 9.9973E-05 0.0199188 0.423178 0.0683395
9.9982E-05 0.202829 0.0170087 9.9982E-05 0.215101 0.10493 0.0249387 0.0724861 0.270051 0.0924543
0.036774 0.252049 0.00413943 9.9973E-05 0.112636 0.178027 0.0971022 9.9973E-05 0.318973 9.9973E-05
9.9946E-05 0.425451 9.9946E-05 9.9946E-05 0.149746 0.195331 9.9946E-05 9.9946E-05 0.228873 9.9946E-05
9.9946E-05 9.9946E-05 9.9946E-05 0.445555 9.9946E-05 0.0680581 9.9946E-05 0.0849616 0.400826 9.9946E-05
0.0206386 0.00897608 0.0184511 0.719284 0.126632 9.9964E-05 9.9964E-05 9.9964E-05 0.105618 9.9964E-05
0.0478462 9.9991E-05 0.00356265 0.0124465 0.185004 0.0128593 0.043205 0.18798 0.3603 0.146697
0.0846553 0.0409345 9.9955E-05 9.9955E-05 0.209337 0.0964033 9.9955E-05 9.9955E-05 0.56817 9.9955E-05
0.0431297 0.00228522 9.9955E-05 9.9955E-05 0.867381 9.9955E-05 9.9955E-05 9.9955E-05 0.0564664 0.0302383
0.00828039 9.99459E-05 9.99459E-05 0.0179089 0.949672 9.99459E-05 9.99459E-05 9.99459E-05 0.023539 9.99459E-05
0.00557149 0.0165613 0.0233588 0.123281 0.428823 9.9982E-05 0.0812804 0.0104593 0.310465 9.9982E-05
9.9964E-05 0.0191712 0.0326471 9.9964E-05 0.753885 0.0210254 9.9964E-05 9.9964E-05 0.14139 0.0314821
9.9946E-05 0.0522896 9.9946E-05 9.9946E-05 0.795408 0.0484702 9.9946E-05 9.9946E-05 0.103232 9.9946E-05
0.0615114 0.0586404 0.0844449 9.9982E-05 0.339097 0.00792542 0.0355746 0.0500196 0.362587 9.9982E-05
9.9973E-05 0.0516992 0.038408 9.9973E-05 0.247967 0.111639 0.196501 0.0190129 0.334473 9.9973E-05
0.0626718 0.0798921 9.9991E-05 0.0891379 0.387152 0.124565 0.0114084 0.00105429 0.230742 0.0132772
9.9937E-05 9.9937E-05 9.9937E-05 9.9937E-05 0.816255 9.9937E-05 9.9937E-05 0.0200738 0.162972 9.9937E-05
0.00415676 0.0373128 9.9964E-05 9.9964E-05 0.367951 9.9964E-05 9.9964E-05 0.0591256 0.474566 0.0564874
9.9955E-05 9.9955E-05 9.9955E-05 0.0552311 0.569192 9.9955E-05 9.9955E-05 0.0360891 0.240342 0.0986458
9.9937E-05 9.9937E-05 9.9937E-05 9.9937E-05 0.975816 0.0231738 9.9937E-05 0.000311043 9.9937E-05 9.9937E-05
9.9946E-05 0.0305095 9.9946E-05 9.9946E-05 0.425561 9.9946E-05 9.9946E-05 0.107062 0.436267 9.9946E-05
