0.937302 0.0329653 9.9991E-05 0.0296327
0.969125 9.9982E-05 9.9982E-05 0.0306751
0.865403 0.000663815 0.133834 9.9991E-05
0.865041 0.033831 0.0808587 0.020269
0.928012 0.0173928 0.0422541 0.0123406
0.70281 0.0340997 0.103433 0.159657
0.905431 9.9991E-05 0.0130219 0.0814471
0.761477 0.0658112 9.9991E-05 0.172612
0.834239 9.9982E-05 9.9982E-05 0.165561
0.733681 0.103167 0.0623735 0.100779
0.805526 0.000804838 0.0798451 0.113824
0.0611926 0.0597001 0.470829 0.408278
0.0841791 0.113317 0.623036 0.179468
0.162718 0.0473254 0.40803 0.381926
0.118705 0.107896 0.489391 0.284009
0.172367 0.117859 0.529296 0.180478
0.0498207 0.197296 0.620233 0.13265
0.0389296 0.136216 0.62811 0.196744
0.221914 0.107861 0.496869 0.173356
0.137309 0.0334472 0.150603 0.678641
0.0953692 0.132195 0.490549 0.281887
0.00345356 0.0743914 0.597618 0.324537
0.0711838 0.0603844 0.714439 0.153993
0.0910361 0.0587178 0.486383 0.363863
0.136433 0.0978516 0.700844 0.0648711
0.0712953 0.00361161 0.871492 0.0536012
0.144799 0.0269581 0.432448 0.395795
0.0897585 0.198946 0.33965 0.371646
0.0572106 0.055401 0.387982 0.499407
0.873412 0.100043 0.0264447 9.9991E-05
0.854508 0.0624926 0.082899 9.9991E-05
0.801578 0.0843346 0.113988 9.9991E-05
0.754184 0.0812888 0.164427 9.9991E-05
0.0418584 0.0453401 0.753984 0.158818
0.0976274 0.00327583 0.734791 0.164305
9.9991E-05 0.037149 0.865067 0.0976841
0.185831 9.9991E-05 0.301878 0.512191
0.0115072 9.9991E-05 0.6457 0.342693
0.0881764 0.125043 0.606311 0.18047
0.0057287 0.205457 0.788714 9.9991E-05
0.199063 0.0283607 0.763966 0.0086101
0.108162 0.0541169 0.775737 0.0619842
0.0234549 9.9991E-05 0.4669 0.509545
0.054957 0.147375 0.695353 0.102315
0.0966763 0.183594 0.684752 0.0349772
0.114377 0.126128 0.74238 0.0171143
9.9982E-05 9.9982E-05 0.662519 0.337281
0.0877709 0.0248737 0.846498 0.0408573
0.194022 0.115791 0.624777 0.0654104
0.0982534 9.9991E-05 0.106976 0.79467
9.9991E-05 0.0662912 0.321346 0.612263
0.0451265 0.0777147 0.23696 0.640198
0.202543 0.081782 0.59909 0.116584
0.0496598 0.174323 0.6703 0.105718
0.0853299 0.154802 0.632591 0.127277
0.166384 9.9991E-05 0.344521 0.488995
0.0678487 0.0749752 0.668422 0.188754
0.0576338 0.252662 0.589042 0.100663
0.204322 0.0722446 0.4763 0.247133
0.253488 0.0552825 0.137403 0.553826
0.12273 0.0981723 0.743427 0.0356709
0.076422 0.124624 0.473749 0.325205
0.124254 9.9991E-05 0.227249 0.648397
0.0131695 0.0607083 0.640215 0.285907
0.033545 0.134823 0.755947 0.0756847
0.121758 0.152687 0.553986 0.17157
0.0666764 0.0767361 0.428097 0.428491
0.102218 0.0623164 0.648245 0.18722
0.113434 0.0459366 0.682872 0.157757
0.104 9.9991E-05 0.346765 0.549135
0.00305154 9.9991E-05 0.896046 0.100802
9.9982E-05 9.9982E-05 0.549213 0.450587
0.173511 0.0320236 0.692791 0.101675
9.9982E-05 9.9982E-05 0.360232 0.639568
9.9982E-05 9.9982E-05 0.327112 0.672688
9.9982E-05 9.9982E-05 0.594089 0.405711
0.0314926 9.9991E-05 0.753726 0.214681
0.142255 0.102131 0.646914 0.1087
9.9991E-05 0.0533254 0.717957 0.228617
0.0329211 0.0222011 0.495856 0.449022
0.0727747 9.9991E-05 0.513179 0.413946
0.0207877 0.192758 0.607767 0.178687
0.0393518 0.00477407 0.648991 0.306883
0.0584976 9.9991E-05 0.751058 0.190345
0.0419023 9.9991E-05 0.738717 0.219281
0.00248491 0.0386825 0.25727 0.701563
0.0244229 0.0411332 0.865201 0.0692426
0.850304 0.0268388 0.122758 9.9991E-05
0.952299 9.9982E-05 0.0475011 9.9982E-05
0.863652 0.0724379 0.0638101 9.9991E-05
0.949069 0.0488311 0.00199955 9.9991E-05
0.888915 0.0485718 0.0624129 9.9991E-05
0.916103 0.0764935 9.9991E-05 0.00730311
0.940464 0.0347404 0.0246958 9.9991E-05
0.143454 0.112453 0.644521 0.0995722
0.113335 0.12557 0.649272 0.111824
0.00838089 9.9991E-05 0.426434 0.565085
0.078324 0.15029 0.610867 0.16052
0.0311323 9.9991E-05 0.752212 0.216555
0.112043 0.0144403 0.77936 0.0941564
0.0266052 0.0183123 0.823369 0.131713
0.00851107 0.0844239 0.744871 0.162194
0.0338556 9.9991E-05 0.250188 0.715856
0.112045 0.104471 0.680469 0.103015
0.0625694 0.0526629 0.845387 0.0393805
0.167194 0.0961816 0.723452 0.0131725
0.0358671 0.00591792 0.626893 0.331322
0.059153 9.9991E-05 0.81321 0.127537
0.0456489 9.9991E-05 0.763025 0.191226
9.9991E-05 0.0556482 0.657803 0.286449
0.0930985 9.9991E-05 0.696167 0.210635
0.130178 0.111274 0.614292 0.144255
0.0969487 0.0766798 0.299317 0.527054
0.203721 0.0920606 0.549448 0.154771
0.166797 0.0301477 0.68648 0.116575
0.106161 0.11291 0.653329 0.127599
0.137369 0.0361458 0.64637 0.180115
9.9991E-05 0.220185 0.569279 0.210436
0.0753797 0.0486593 0.649357 0.226604
0.169169 0.0821616 0.588066 0.160603
0.0802017 0.104784 0.586062 0.228953
0.117915 0.0346454 0.653588 0.193851
0.0658835 9.9991E-05 0.63304 0.300976
0.115697 0.182116 0.611661 0.0905252
0.0631442 0.205263 0.624461 0.107132
0.0739402 0.0574916 0.769602 0.0989666
0.0767885 0.156378 0.561778 0.205056
0.0195161 0.166396 0.578371 0.235717
0.170449 0.0521701 0.423841 0.35354
0.0453129 0.175822 0.630114 0.14875
0.0550838 0.12793 0.660103 0.156883
0.040472 0.0217844 0.439647 0.498097
0.048728 0.110167 0.173905 0.6672
0.10741 0.0347717 0.695114 0.162705
9.9991E-05 0.122813 0.221934 0.655153
0.135529 9.9991E-05 0.415419 0.448952
0.0422723 9.9991E-05 0.649358 0.30827
0.124362 9.9991E-05 0.521106 0.354433
0.0541985 9.9991E-05 0.515902 0.429799
0.0900173 0.0863474 0.705653 0.117982
0.110254 0.0817436 0.687053 0.12095
0.172216 0.0536154 0.690419 0.0837499
9.9991E-05 0.13663 0.235817 0.627452
0.261006 0.0149339 0.653224 0.0708364
0.0802598 0.129961 0.599808 0.189971
0.193172 0.0210023 0.124886 0.66094
0.16504 0.119137 0.691424 0.0243996
0.140788 0.060154 0.497411 0.301647
0.113616 0.104582 0.709525 0.0722767
0.0988146 0.114558 0.318832 0.467796
0.119502 9.9991E-05 0.356159 0.524239
0.0919138 0.00856152 0.609373 0.290152
0.0483861 0.153626 0.634237 0.163751
0.172104 0.0849859 0.522603 0.220307
0.086506 0.245107 0.101605 0.566782
0.127794 0.0915276 0.650618 0.13006
9.9982E-05 9.9982E-05 0.642523 0.357277
9.9991E-05 0.0389725 0.636083 0.324845
0.0886571 0.247482 0.523791 0.14007
0.35474 0.310526 0.140672 0.194062
0.585132 0.222494 9.9991E-05 0.192274
0.519034 0.20879 9.9991E-05 0.272076
0.3885 0.425434 9.9991E-05 0.185967
0.00736822 0.0906512 0.763462 0.138518
0.147571 0.0295453 0.79712 0.0257639
9.9982E-05 0.741345 0.258455 9.9982E-05
0.0780262 0.485816 0.367709 0.0684493
0.109313 0.513122 0.307471 0.0700942
0.0134623 0.105222 0.41575 0.465566
0.0602669 0.12795 0.676496 0.135287
9.9991E-05 0.146024 0.243379 0.610497
9.9991E-05 0.147941 0.694946 0.157013
0.0508538 0.0656376 0.615266 0.268243
0.0662176 0.0859431 0.719111 0.128728
9.9991E-05 0.0617876 0.321391 0.616721
0.0263508 0.117132 0.782443 0.0740751
0.121344 0.150576 0.567053 0.161027
9.998E-05 0.9997 9.998E-05 9.998E-05
9.9982E-05 0.884117 0.115683 9.9982E-05
0.0194 0.667885 0.250842 0.061873
0.0203471 0.738048 0.241505 9.9991E-05
0.0440885 0.850667 0.105145 9.9991E-05
9.998E-05 0.9997 9.998E-05 9.998E-05
9.9982E-05 0.996228 9.9982E-05 0.00357161
9.9982E-05 0.899693 0.100107 9.9982E-05
9.9982E-05 0.982101 0.0176988 9.9982E-05
9.998E-05 0.9997 9.998E-05 9.998E-05
9.998E-05 0.9997 9.998E-05 9.998E-05
0.0361455 0.77927 0.184485 9.9991E-05
0.0545206 0.74133 0.204049 9.9991E-05
9.998E-05 0.9997 9.998E-05 9.998E-05
9.9991E-05 0.511345 0.356203 0.132352
0.0230473 0.705392 0.123723 0.147838
0.024358 0.781456 0.194086 9.9991E-05
9.9991E-05 0.919902 0.041541 0.0384572
9.998E-05 0.9997 9.998E-05 9.998E-05
0.0381179 0.939341 0.0224406 9.9991E-05
9.998E-05 0.9997 9.998E-05 9.998E-05
0.0412884 0.640059 0.220395 0.0982575
0.0111976 0.900985 0.0305874 0.0572304
0.427705 0.117859 9.9991E-05 0.454335
0.146306 0.226737 0.358781 0.268177
0.25336 0.180076 0.386249 0.180315
0.272051 0.217061 0.144205 0.366683
0.160134 0.177349 0.570943 0.0915735
0.267313 0.161016 0.257859 0.313813
0.212622 0.138228 0.51222 0.13693
0.131232 0.33028 0.337165 0.201322
0.172909 0.202973 0.550362 0.0737565
0.216964 0.281662 0.365828 0.135547
0.210787 0.128415 0.58606 0.0747381
0.876811 9.9991E-05 0.03359 0.0894991
0.924716 0.0750844 9.9982E-05 9.9982E-05
0.9997 9.998E-05 9.998E-05 9.998E-05
0.971987 9.9982E-05 0.0278126 9.9982E-05
0.933138 0.0386605 0.0228488 0.00535251
0.913004 0.0867961 9.9982E-05 9.9982E-05
0.903722 0.0960785 9.9982E-05 9.9982E-05
0.940322 9.9991E-05 0.00156846 0.0580092
0.95593 0.00417496 0.0397948 9.9991E-05
0.895078 0.0949675 9.9991E-05 0.00985468
0.65932 0.00903452 9.9991E-05 0.331546
0.672386 9.9991E-05 0.037575 0.289939
0.568951 9.9982E-05 9.9982E-05 0.430849
0.583091 9.9991E-05 0.0460245 0.370785
0.128439 9.9991E-05 0.792076 0.0793849
0.0256132 0.080698 0.744841 0.148848
0.078489 0.0460987 0.725845 0.149568
0.0893749 0.024183 0.624303 0.262139
0.0541398 0.0123606 0.339379 0.59412
0.0401622 0.0914112 0.738045 0.130382
9.9991E-05 0.101298 0.728925 0.169677
9.9991E-05 0.0477727 0.749494 0.202633
9.9991E-05 0.0649336 0.633013 0.301954
0.043184 0.0361296 0.833899 0.0867874
0.0107448 9.9991E-05 0.721375 0.26778
9.9982E-05 9.9982E-05 0.161281 0.838519
0.0541465 0.0833157 0.590685 0.271853
9.9991E-05 0.0190329 0.537597 0.44327
9.9991E-05 0.0756241 0.72614 0.198135
0.0591368 9.9991E-05 0.411613 0.52915
0.229751 9.9991E-05 0.0770257 0.693123
0.212526 9.9991E-05 0.152656 0.634718
0.159508 9.9991E-05 0.102938 0.737454
0.256251 9.9991E-05 0.0465186 0.697131
0.135705 0.017404 0.163229 0.683662
0.198294 0.00911263 0.182124 0.61047
0.884625 0.0829165 0.0323585 9.9991E-05
0.922296 0.0116588 0.0659452 9.9991E-05
0.781967 0.192 0.025321 0.000712554
0.812702 0.0928443 0.0744783 0.0199758
0.810089 0.109035 0.0807754 9.9991E-05
0.468529 9.9982E-05 9.9982E-05 0.531271
0.573843 9.9982E-05 9.9982E-05 0.425957
0.527755 0.00690825 0.00499349 0.460344
0.84722 0.0856145 0.0670654 9.9991E-05
0.483263 9.9982E-05 9.9982E-05 0.516537
0.246675 0.417848 0.283765 0.0517126
0.154327 0.353207 0.481958 0.0105084
0.168354 0.30243 0.529116 9.9991E-05
0.310065 0.22058 0.400317 0.0690382
0.178427 0.170939 0.621207 0.0294267
0.509119 0.332577 9.9991E-05 0.158203
0.0798897 9.9991E-05 0.607881 0.31213
0.0230696 0.0437996 0.515805 0.417326
0.169793 9.9991E-05 0.392399 0.437709
0.0238874 0.100895 0.573907 0.30131
9.9991E-05 0.00981778 0.00361806 0.986464
0.0502134 0.134856 0.588092 0.226839
0.0491454 0.0492269 0.621258 0.280369
0.101788 9.9991E-05 0.505764 0.392348
0.0876807 0.0455064 0.714094 0.152719
9.9991E-05 0.0128509 0.332161 0.654888
0.00340203 0.180386 0.502529 0.313683
9.9991E-05 0.102273 0.606041 0.291586
0.166296 0.215802 0.489099 0.128803
9.9991E-05 0.0720363 0.520887 0.406977
0.0261659 0.0640972 0.547301 0.362436
9.9991E-05 0.136591 0.639312 0.223997
0.0471473 0.0519712 0.661338 0.239543
0.0220562 0.198004 0.661587 0.118353
0.107013 0.158295 0.560678 0.174014
0.111452 0.1055 0.648493 0.134554
0.796405 0.127396 0.0760993 9.9991E-05
0.878888 0.0635652 0.0574472 9.9991E-05
0.812646 0.0423548 0.0422196 0.10278
0.853021 0.0221534 0.0697356 0.0550897
0.869701 0.0155726 0.114627 9.9991E-05
0.0985705 0.0610409 0.304423 0.535966
0.122281 0.0828815 0.633172 0.161665
0.20521 0.301213 0.370903 0.122674
0.0827938 0.0790908 0.778555 0.0595603
0.130925 0.000376258 0.703762 0.164937
0.0318289 0.19479 0.288071 0.48531
0.203522 9.9991E-05 0.0673163 0.729062
0.099717 0.0270801 0.633447 0.239756
0.141171 0.00141363 0.314082 0.543333
0.0446217 0.12053 0.512909 0.32194
0.213206 9.9991E-05 0.211089 0.575605
0.128454 0.12676 0.684272 0.0605131
0.156767 9.9991E-05 0.362424 0.48071
0.0905796 0.12199 0.421704 0.365726
0.102785 0.101765 0.680674 0.114777
0.0790277 0.0352093 0.381983 0.50378
0.114687 0.0701434 0.737528 0.077641
0.141668 0.114364 0.606417 0.137551
0.0122129 0.0671527 0.412885 0.507749
0.0649701 0.120947 0.645502 0.168581
0.0832054 0.0877132 0.639243 0.189838
9.9991E-05 0.0578241 0.205072 0.737004
9.9991E-05 0.0463435 0.398296 0.55526
0.0366743 0.0990641 0.666 0.198262
0.0602844 0.0128557 0.32843 0.598429
0.0278213 0.0659849 0.628572 0.277621
0.112158 9.9991E-05 0.219912 0.66783
9.9991E-05 0.0726431 0.391076 0.53618
0.0898008 0.185636 0.445689 0.278874
0.00668155 0.179363 0.679023 0.134932
0.0110019 0.0229236 0.433248 0.532826
0.0554648 0.289508 0.374921 0.280106
0.0932877 0.186996 0.522617 0.197099
9.9991E-05 0.193959 0.518333 0.287608
0.0376332 0.157023 0.54792 0.257423
0.103142 0.0985682 0.503435 0.294856
9.9991E-05 0.0980936 0.411568 0.490238
0.0316464 0.0927164 0.468831 0.406806
0.00926112 0.175966 0.612798 0.201975
0.11674 0.0583722 0.746561 0.0783271
0.117104 0.0557302 0.488426 0.338739
9.9991E-05 0.228804 0.518762 0.252333
0.0950581 0.123581 0.452285 0.329077
0.121712 0.0141007 0.822571 0.0416163
0.053896 0.101528 0.661149 0.183427
0.101329 0.215437 0.545029 0.138205
0.386568 0.160645 0.452686 9.9991E-05
0.128955 0.304064 0.410613 0.156368
0.190314 0.195633 0.566483 0.0475711
0.123645 0.182852 0.657482 0.0360204
0.265409 0.227948 0.424875 0.0817687
9.9991E-05 0.104704 0.531994 0.363203
0.208069 0.161453 0.577788 0.0526904
0.239717 0.246388 0.0633954 0.450499
0.193636 0.221205 0.545382 0.0397769
0.104637 0.24227 0.599634 0.0534581
0.0277667 0.330467 0.553552 0.0882142
0.200123 0.171438 0.348241 0.280198
0.21358 0.194786 0.586258 0.00537593
0.153948 0.242411 0.578127 0.0255145
0.509201 0.241173 9.9991E-05 0.249526
0.132794 0.349149 0.511098 0.00695948
0.162972 0.300289 0.536639 9.9991E-05
0.131472 0.174943 0.693485 9.9991E-05
0.274836 0.190724 0.53434 9.9991E-05
0.143463 0.237441 0.508167 0.110929
0.0127906 0.0950375 0.573655 0.318517
0.0457343 0.197441 0.531094 0.22573
9.9991E-05 0.00835358 0.221293 0.770253
9.9991E-05 0.0228377 0.165172 0.81189
0.0398715 0.154376 0.559646 0.246106
0.121995 0.357064 0.481885 0.0390562
0.111869 0.474697 0.30402 0.109414
0.217488 0.35254 0.152055 0.277918
0.193056 0.384726 0.324887 0.0973315
0.0667154 0.206668 0.149061 0.577556
0.113994 0.201808 0.230712 0.453486
0.00773551 0.186938 0.641066 0.164261
0.0612823 0.155336 0.584422 0.19896
0.0148705 0.224312 0.283935 0.476883
0.0673904 0.20113 0.600197 0.131282
0.00290904 0.188719 0.59776 0.210612
0.114888 0.192914 0.471974 0.220223
9.9991E-05 0.0482078 0.508794 0.442898
9.9991E-05 0.0958342 0.500948 0.403118
0.0437363 0.12226 0.565653 0.26835
0.078624 0.0845748 0.531894 0.304907
0.0374428 0.217916 0.545956 0.198685
0.0303531 0.0789332 0.599253 0.291461
9.9991E-05 0.0374702 0.403637 0.558793
0.0350398 0.109204 0.700385 0.155371
9.9991E-05 0.0961698 0.350689 0.553041
9.9991E-05 0.178932 0.426646 0.394322
0.0140076 0.108218 0.713314 0.16446
0.0678684 0.010754 0.672386 0.248992
0.145148 0.274028 0.490391 0.0904331
0.187581 0.220351 0.41822 0.173847
0.175012 0.319728 0.362957 0.142303
0.113511 0.301112 0.363248 0.22213
0.130467 0.326661 0.379486 0.163385
0.185702 0.202982 0.493275 0.118041
0.190432 0.257893 9.9991E-05 0.551575
0.0643141 0.303744 0.57727 0.0546717
0.376004 0.238027 9.9991E-05 0.385869
0.0245343 0.280942 0.638883 0.0556411
9.9991E-05 0.01955 0.303138 0.677212
9.9991E-05 0.0677185 0.0869084 0.845273
9.9991E-05 0.0797259 0.66335 0.256824
0.038571 0.00394636 0.836838 0.120645
9.9991E-05 0.0182555 0.616233 0.365412
0.0793736 0.011469 0.740017 0.16914
9.9991E-05 0.075104 0.683364 0.241432
0.796125 0.0989707 0.0547657 0.0501385
0.781288 0.0980846 9.9991E-05 0.120528
0.941995 0.057805 9.9982E-05 9.9982E-05
0.958073 9.9982E-05 0.041727 9.9982E-05
0.0611131 0.0486324 0.72465 0.165605
0.0503816 0.00483351 0.742908 0.201877
9.9982E-05 9.9982E-05 0.820845 0.178955
0.167741 0.0393127 0.781284 0.011663
0.120186 0.0153984 0.741838 0.122578
0.0233857 9.9991E-05 0.527716 0.448798
9.9991E-05 0.0477625 0.831834 0.120304
9.9982E-05 9.9982E-05 0.661739 0.338061
0.269643 0.24905 0.481207 9.9991E-05
9.9991E-05 0.0856089 0.614491 0.2998
0.0475786 9.9991E-05 0.604102 0.348219
9.9991E-05 0.011917 0.820184 0.167799
9.9982E-05 9.9982E-05 0.697321 0.302479
9.9991E-05 0.00890342 0.858053 0.132944
0.0993637 0.0125131 0.785233 0.10289
9.9982E-05 9.9982E-05 0.506588 0.493212
0.0296988 9.9991E-05 0.596906 0.373295
0.0200694 9.9991E-05 0.632738 0.347092
9.9982E-05 9.9982E-05 0.218183 0.781617
0.0265746 0.0505703 0.630804 0.292051
9.9991E-05 0.0165234 0.365985 0.617391
9.9991E-05 0.01541 0.187492 0.796998
0.0417912 0.117911 0.671143 0.169154
0.0358661 9.9991E-05 0.534451 0.429583
0.039789 0.0268069 0.692325 0.241079
0.0136999 0.172746 0.736576 0.0769776
9.9991E-05 0.015096 0.815704 0.1691
9.9991E-05 0.113247 0.460802 0.425851
0.040981 0.0263257 0.770478 0.162216
0.0693309 9.9991E-05 0.721027 0.209542
9.9982E-05 9.9982E-05 0.682597 0.317203
0.0686895 0.0701431 0.714979 0.146188
0.694727 9.9991E-05 0.066047 0.239126
0.831322 9.9991E-05 0.110226 0.0583517
0.885083 9.9982E-05 9.9982E-05 0.114717
0.838886 9.9982E-05 9.9982E-05 0.160914
0.81315 9.9991E-05 0.018763 0.167987
0.0274878 9.9991E-05 0.492768 0.479644
0.0349727 9.9991E-05 0.409225 0.555702
9.9982E-05 9.9982E-05 0.52085 0.47895
0.132624 0.0872748 0.753149 0.0269522
0.151941 0.111654 0.712812 0.0235931
0.0252959 0.0190345 0.622944 0.332726
9.9991E-05 0.129694 0.780013 0.0901923
0.0462618 0.0497053 0.70059 0.203443
0.0317365 0.0573016 0.810617 0.100345
0.0623677 0.0174079 0.878003 0.0422218
9.9982E-05 9.9982E-05 0.603061 0.396739
0.000574312 9.9991E-05 0.684345 0.314981
9.9982E-05 9.9982E-05 0.673905 0.325895
0.156128 0.0487182 0.615014 0.180141
0.0012658 9.9991E-05 0.67966 0.318974
0.0395455 0.0296586 0.73942 0.191376
0.113526 0.506642 0.379732 9.9991E-05
0.0884988 0.53722 0.313369 0.0609121
0.0682514 0.549023 0.379167 0.00355892
0.158319 0.584182 0.251262 0.0062374
0.17086 0.418984 0.374066 0.0360906
0.0227387 0.0592936 0.669294 0.248674
0.267457 0.72081 0.0116332 9.9991E-05
0.12356 0.664757 0.211583 9.9991E-05
0.192693 0.186204 0.488891 0.132211
0.22304 9.9991E-05 0.747376 0.0294835
0.210865 0.0617655 0.507784 0.219586
0.161345 0.0823911 0.698752 0.0575123
0.0972037 0.0659594 0.76584 0.0709971
0.11759 0.539934 0.342376 9.9991E-05
0.180141 0.391737 0.428021 9.9991E-05
0.0550713 0.644421 0.300408 9.9991E-05
0.105312 0.380874 0.435443 0.0783706
0.091305 0.612978 0.279599 0.0161183
0.103936 0.440443 0.368324 0.0872966
0.126447 0.610103 0.26335 9.9991E-05
0.0491158 0.443843 0.43037 0.0766708
0.156372 0.0603196 0.654942 0.128367
0.133436 0.477878 0.267259 0.121426
0.155122 0.704738 0.14004 9.9991E-05
0.11933 0.405385 0.389812 0.0854727
0.208783 9.9991E-05 0.351056 0.440061
0.033096 0.208559 0.575149 0.183197
0.160983 0.367677 0.426175 0.0451653
0.206394 0.0154512 0.761831 0.0163241
0.218391 0.0225644 0.649802 0.109243
0.196023 0.266202 0.372823 0.164952
0.291271 0.307787 0.369544 0.0313972
0.173338 0.125655 0.700907 9.9991E-05
0.11835 0.466528 0.394263 0.0208595
0.0893109 0.588543 0.322047 9.9991E-05
0.215704 0.659121 0.107858 0.0173176
0.113224 0.115899 0.701883 0.0689946
0.1479 9.9991E-05 0.6617 0.1903
0.13949 0.16654 0.167096 0.526874
0.18601 0.152482 0.60555 0.055958
0.0806768 0.125178 0.434423 0.359722
0.253519 0.183071 0.56331 9.9991E-05
0.163674 0.15556 0.51722 0.163546
0.328812 0.315549 9.9991E-05 0.355539
0.360023 0.245887 9.9991E-05 0.39399
0.101177 0.248447 0.2566 0.393775
0.343421 0.291836 0.0187071 0.346036
0.473055 0.309824 9.9991E-05 0.217021
0.124793 0.284363 0.347671 0.243173
0.220277 0.261325 0.326616 0.191782
0.297916 0.308353 0.128328 0.265403
0.28179 0.333873 9.9991E-05 0.384236
0.0814839 0.246572 0.544956 0.126988
0.182052 0.266246 0.150531 0.401171
0.507076 0.173911 9.9991E-05 0.318913
0.182557 0.223672 0.547939 0.0458314
0.260338 0.234049 0.40352 0.102093
0.336184 0.197278 0.421981 0.044557
0.125553 0.421148 0.453199 9.9991E-05
0.167922 0.236166 0.585988 0.00992325
0.121198 0.394482 0.48422 9.9991E-05
0.392887 0.234365 0.372648 9.9991E-05
0.185732 0.23356 0.580608 9.9991E-05
0.249886 0.31897 0.431044 9.9991E-05
0.293988 0.267032 0.384402 0.0545787
0.155943 0.197331 0.334265 0.312461
0.153002 0.230804 0.470469 0.145726
0.208653 0.21871 0.506684 0.0659532
0.16133 0.182454 0.649504 0.0067121
0.297978 0.337853 0.364069 9.9991E-05
0.235728 0.206955 0.539674 0.0176431
0.398145 0.322704 0.158336 0.120815
0.147485 0.31327 0.539145 9.9991E-05
0.314019 0.404837 0.17029 0.110854
0.856434 9.9982E-05 9.9982E-05 0.143366
0.183195 9.9991E-05 0.214321 0.602385
0.156634 9.9982E-05 9.9982E-05 0.843166
0.187236 9.9991E-05 0.101917 0.710748
0.109139 9.9991E-05 0.158929 0.731831
0.161094 0.0287434 0.129542 0.680621
0.0788932 9.9991E-05 0.224467 0.696539
0.211516 9.9982E-05 9.9982E-05 0.788284
0.363122 9.9991E-05 0.106001 0.530777
0.934659 0.0651408 9.9982E-05 9.9982E-05
0.884419 9.9991E-05 0.081868 0.0336126
0.909461 0.0529182 9.9991E-05 0.0375208
0.84056 0.00225005 0.0143126 0.142877
0.929257 0.0374424 0.0332005 9.9991E-05
0.979629 9.9982E-05 9.9982E-05 0.0201709
0.767044 0.143287 0.051858 0.0378116
0.889096 0.110704 9.9982E-05 9.9982E-05
0.767166 0.00947646 0.127971 0.0953863
0.941261 0.0585387 9.9982E-05 9.9982E-05
0.991367 9.9982E-05 9.9982E-05 0.00843293
0.840755 0.090895 0.0204413 0.047909
0.967425 0.0323753 9.9982E-05 9.9982E-05
0.927194 0.0697574 0.00294902 9.9991E-05
0.885776 0.0637781 0.0254347 0.0250114
0.87402 0.0719138 0.0539665 9.9991E-05
0.806817 0.175573 0.0175108 9.9991E-05
0.79607 0.118805 0.0850254 9.9991E-05
0.83602 0.10795 0.0559304 9.9991E-05
0.230667 0.0629943 0.544919 0.16142
0.0829131 0.0169888 0.838445 0.0616532
0.112207 0.217629 0.620681 0.0494827
0.0904855 0.0658376 0.28418 0.559497
0.186057 0.0174127 0.647343 0.149187
0.156949 0.146465 0.143816 0.552769
0.140722 0.104451 0.654073 0.100754
0.164387 9.9991E-05 0.576402 0.25911
0.105685 0.0387105 0.646423 0.209182
0.100423 9.9991E-05 0.823361 0.0761163
0.154722 9.9991E-05 0.690963 0.154215
0.0509206 0.144722 0.724405 0.0799526
0.163205 0.0338063 0.76479 0.0381987
9.9991E-05 0.110399 0.167217 0.722284
0.0472909 0.0502696 0.0570077 0.845432
0.0930311 0.146421 0.1663 0.594248
0.104461 0.102211 0.762135 0.0311924
0.138121 0.0763998 0.632423 0.153057
0.183233 9.9991E-05 0.702571 0.114096
0.110798 0.0882758 0.800827 9.9991E-05
0.234689 0.216312 0.511622 0.0373775
0.163188 0.272264 0.564449 9.9991E-05
0.461092 0.159677 0.216788 0.162444
0.101101 0.103706 0.737087 0.0581058
0.280633 0.136776 0.478039 0.104552
0.460027 0.216588 9.9991E-05 0.323285
0.25397 0.336331 0.252617 0.157082
0.378314 0.177454 0.369544 0.0746883
0.372686 0.125841 0.448857 0.0526159
0.186302 0.246007 0.486522 0.0811684
0.200117 0.290938 0.462055 0.0468907
0.213224 0.251451 0.535225 9.9991E-05
0.235327 0.192574 0.518748 0.0533517
0.48262 0.199632 0.317648 9.9991E-05
