0.0625587 0.0134677 9.9991E-05 0.908852 0.0150213
0.057937 9.9973E-05 9.9973E-05 0.941763 9.9973E-05
0.00475973 0.13081 9.9991E-05 0.843817 0.0205127
0.0667575 0.0733403 9.9991E-05 0.815117 0.0446851
0.00283171 9.9991E-05 0.0262339 0.863636 0.107198
0.0695156 0.0748979 0.156828 0.662823 0.0359353
0.0489008 9.9991E-05 0.0549478 0.889004 0.00704777
0.20448 0.0113521 9.9991E-05 0.760174 0.0238943
0.0880919 9.9982E-05 0.0896272 0.822081 9.9982E-05
0.0747526 0.0571721 0.0727192 0.733899 0.0614572
0.18492 0.0147166 0.0270593 0.773204 9.9991E-05
0.511127 0.352296 0.0593436 9.9991E-05 0.0771333
0.237658 0.596416 0.0291427 0.0926985 0.0440849
0.453166 0.323635 0.107088 0.0753795 0.040731
0.334833 0.344815 0.0761609 0.0987638 0.145428
0.15424 0.379093 0.111081 0.189914 0.165672
0.116665 0.625983 0.0295089 0.0677069 0.160136
0.154968 0.521137 0.16775 0.0281762 0.127969
0.290091 0.442021 0.0579293 0.143301 0.0666582
0.705041 0.0281417 0.176405 0.0210256 0.0693863
0.228147 0.534806 0.173892 0.019286 0.0438689
0.264324 0.518153 0.140219 9.9991E-05 0.0772039
0.200362 0.629085 0.0353248 0.0550675 0.080161
0.360296 0.349678 0.165423 0.035563 0.0890403
0.137923 0.630263 0.0536789 0.0630334 0.115102
0.298073 0.593229 9.9982E-05 9.9982E-05 0.108498
0.538026 0.237382 0.0933945 0.0282554 0.102942
0.418754 0.243003 0.0776174 0.0862946 0.17433
0.437232 0.311498 0.202655 0.0329278 0.0156868
9.9982E-05 0.06557 9.9982E-05 0.851455 0.0827747
9.9982E-05 0.165669 9.9982E-05 0.828667 0.00546417
9.9982E-05 0.163621 9.9982E-05 0.812076 0.0241034
9.9982E-05 0.209178 9.9982E-05 0.774397 0.0162258
0.115612 0.630778 0.213557 0.0354602 0.00459319
0.0960079 0.609542 0.155472 0.0179619 0.121016
9.9982E-05 0.761687 0.197395 9.9982E-05 0.0407178
0.618452 0.207073 0.0661101 0.0748884 0.0334763
0.0380514 0.53562 0.38956 0.0234141 0.0133543
0.138488 0.555577 0.164217 0.0602235 0.081495
9.9991E-05 0.787562 0.0718467 0.0599785 0.0805133
0.0282776 0.69756 0.0987356 0.175327 9.9991E-05
0.0643141 0.787651 0.0481931 0.0997415 9.9991E-05
0.21238 0.334051 0.4288 0.0246688 9.9991E-05
0.0100246 0.653285 0.160567 0.101215 0.0749091
0.130876 0.572315 0.104454 0.0346135 0.157742
0.085804 0.547433 0.0511424 0.141518 0.174102
0.0201352 0.547082 0.432583 9.9982E-05 9.9982E-05
9.9991E-05 0.727684 0.132238 0.0497892 0.0901887
9.9991E-05 0.680168 0.153928 0.137823 0.0279818
0.0169756 9.9982E-05 0.852286 0.130538 9.9982E-05
0.460029 0.274737 0.265034 9.9982E-05 9.9982E-05
0.237322 0.149927 0.537203 0.0282055 0.0473423
0.131059 0.503449 0.107104 0.126024 0.132365
0.0700939 0.62547 0.105193 0.0769121 0.122331
0.15502 0.587839 0.0584113 0.0591931 0.139537
0.359057 0.234113 0.292536 0.0936989 0.0205951
0.303526 0.553648 0.0671247 9.9991E-05 0.0756011
0.149658 0.557584 0.0520046 0.1207 0.120055
0.205159 0.348819 0.24278 0.131072 0.0721693
0.392738 0.0249439 0.287999 0.193979 0.10034
0.191068 0.571342 0.0353249 0.0797344 0.12253
0.319343 0.371856 0.149554 0.0446575 0.11459
0.555596 0.100157 0.302509 0.0416383 9.9991E-05
0.259139 0.554933 0.124765 9.9991E-05 0.0610631
0.128266 0.639065 0.103415 0.0332602 0.0959937
0.180529 0.577336 0.0437552 0.0917671 0.106613
0.321625 0.345822 0.223373 0.0152502 0.0939295
0.258005 0.50826 0.104316 0.00911335 0.120305
0.138802 0.653608 0.0157357 0.120432 0.0714219
0.358128 0.274374 0.331014 0.0363844 9.9991E-05
0.0951556 0.771037 0.133607 9.9982E-05 9.9982E-05
0.152741 0.438407 0.396976 0.0117757 9.9991E-05
0.153121 0.56152 0.100583 0.0884758 0.0963004
0.01516 0.202874 0.781766 9.9982E-05 9.9982E-05
0.0182294 0.227479 0.754092 9.9982E-05 9.9982E-05
0.0252303 0.48755 0.48702 9.9982E-05 9.9982E-05
0.058926 0.651608 0.237164 0.0377389 0.0145633
0.102996 0.618587 0.132128 0.0791797 0.0671094
0.0734156 0.603321 0.272994 9.9991E-05 0.0501691
0.239849 0.384546 0.337133 0.010403 0.028069
0.31875 0.404128 0.245671 0.0313514 9.9991E-05
0.120464 0.658002 0.0860174 0.056979 0.078537
0.110826 0.497307 0.371718 0.0103828 0.0097658
0.0928208 0.595953 0.287344 0.023782 9.9991E-05
9.9982E-05 0.569448 0.428803 0.00154943 9.9982E-05
0.0371942 0.191865 0.762722 0.00811839 9.9991E-05
0.0598696 0.693186 0.140929 9.9991E-05 0.105915
0.0688249 0.0849128 9.9991E-05 0.82563 0.0205321
9.9973E-05 0.0687116 9.9973E-05 0.930988 9.9973E-05
9.9982E-05 0.11668 9.9982E-05 0.875428 0.00769217
9.9991E-05 0.0122041 0.0298006 0.934509 0.0233862
9.9982E-05 0.0803556 0.0441125 0.875332 9.9982E-05
9.9991E-05 0.040544 0.0296797 0.904513 0.0251632
9.9973E-05 0.0720171 9.9973E-05 0.927683 9.9973E-05
0.0978976 0.6008 0.0746069 0.143471 0.0832241
0.166162 0.483871 0.139594 0.0698171 0.140557
0.165132 0.261962 0.572707 9.9982E-05 9.9982E-05
0.0440658 0.622982 0.171107 0.0745298 0.0873152
0.168626 0.622853 0.200231 0.00818969 9.9991E-05
9.9982E-05 0.781609 0.173677 0.0445137 9.9982E-05
0.0778782 0.700309 0.212443 9.9991E-05 0.00927001
9.9991E-05 0.621948 0.279917 0.00496683 0.0930677
0.328761 0.130955 0.540085 9.9982E-05 9.9982E-05
0.0701328 0.5923 0.125952 0.137084 0.0745304
0.143997 0.665587 0.0785286 0.0380618 0.0738263
0.0645423 0.548832 0.133214 0.0814814 0.17193
0.00126283 0.54256 0.454143 0.00193389 9.9991E-05
9.9973E-05 0.693148 0.306552 9.9973E-05 9.9973E-05
0.208899 0.651446 0.121392 0.018164 9.9991E-05
0.039082 0.533061 0.366748 9.9991E-05 0.0610089
0.0796817 0.593345 0.237056 0.0898169 9.9991E-05
0.118576 0.700334 0.05779 0.123201 9.9991E-05
0.322822 0.304972 0.268779 0.0391554 0.0642708
0.350529 0.386578 9.9991E-05 0.143173 0.11962
0.13355 0.5269 0.0811535 0.134742 0.123654
0.190128 0.618222 0.00909923 0.123998 0.0585528
0.321236 0.53562 0.0832751 0.0154636 0.0444058
0.208337 0.475723 0.0410518 0.0429608 0.231927
0.372299 0.514122 9.9991E-05 0.0638887 0.0495899
0.253209 0.50297 0.0787759 0.0984132 0.0666324
0.195588 0.63746 0.0312805 0.0668989 0.0687727
0.165827 0.630107 0.110712 0.00587774 0.0874756
0.313183 0.636464 0.0401644 0.0100894 9.9991E-05
0.166506 0.592062 0.0572912 0.109177 0.0749643
0.0990951 0.617698 0.043989 0.0830305 0.156187
0.295817 0.553754 0.0305738 9.9991E-05 0.119755
0.175845 0.60895 0.0558048 0.0358285 0.123572
0.167512 0.559811 0.115927 0.0208534 0.135896
0.266647 0.358393 0.21419 0.157891 0.00287866
0.191893 0.651193 0.058011 9.9991E-05 0.0988034
0.166087 0.605251 0.0943161 0.00464354 0.129703
0.448083 0.24319 0.164249 0.0178748 0.126603
0.334066 0.116203 0.39119 0.0619529 0.0965887
0.199079 0.615429 0.0535439 0.118043 0.0139044
0.278865 0.153021 0.485083 9.9991E-05 0.082931
0.454564 0.283484 0.185379 0.0610258 0.0155471
0.292353 0.57858 0.124928 0.00403935 9.9991E-05
0.431754 0.47198 0.0874658 0.00870093 9.9991E-05
0.562154 0.335121 0.0452919 0.00384243 0.0535906
0.183422 0.597545 0.0801466 0.0125242 0.126363
0.141848 0.61274 0.0517058 0.111058 0.0826485
0.214957 0.559325 0.0623262 0.0946289 0.0687632
0.341452 0.151063 0.424533 9.9991E-05 0.0828522
0.0829749 0.56722 0.0991891 0.250516 9.9991E-05
0.0384588 0.451001 0.26799 0.096442 0.146108
0.166188 0.0215896 0.631395 0.161936 0.0188912
9.9991E-05 0.688396 0.0975469 0.174534 0.0394226
0.0725961 0.417411 0.392369 0.102942 0.0146827
0.0284205 0.572814 0.213143 0.0790478 0.106574
0.106985 0.325738 0.428377 0.136055 0.00284437
0.154269 0.238483 0.492797 0.114351 9.9991E-05
0.0802337 0.516509 0.298771 0.104387 9.9991E-05
0.129686 0.428896 0.209864 0.0916489 0.139905
0.115022 0.435076 0.300347 0.0293846 0.120171
0.0945708 0.0578428 0.582927 0.0645095 0.200149
0.010914 0.561147 0.18108 0.130677 0.116181
0.0964639 0.465962 0.418801 0.0186739 9.9991E-05
0.0848289 0.531686 0.332264 9.9991E-05 0.0511212
9.9991E-05 0.679507 0.152738 0.121698 0.0459573
9.9991E-05 0.126079 0.25306 0.353904 0.266857
9.9982E-05 9.9982E-05 0.237922 0.58962 0.172257
9.9982E-05 9.9982E-05 0.308709 0.516204 0.174887
0.0215099 0.0888522 0.0992899 0.417994 0.372354
9.9991E-05 0.680258 0.254896 0.0289577 0.0357884
9.9991E-05 0.705852 0.0610209 0.162716 0.0703111
9.9973E-05 0.278692 9.9973E-05 9.9973E-05 0.721008
0.113646 0.330018 0.0583917 9.9991E-05 0.497844
0.0771208 0.336139 0.0650899 0.0964279 0.425222
9.9991E-05 0.379773 0.570073 0.0223872 0.0276671
0.156418 0.445711 0.197863 0.043546 0.156462
0.0482496 0.20997 0.639153 0.0231737 0.0794541
0.0474224 0.62947 0.191793 0.0683418 0.0629726
0.0285051 0.497219 0.3811 0.0757363 0.01744
0.0480638 0.558953 0.26589 0.0500333 0.0770597
0.0895684 0.246247 0.631045 0.0182269 0.0149121
9.9991E-05 0.654936 0.130428 0.113005 0.101532
0.0857645 0.513673 0.246851 0.0722479 0.0814636
0.0020506 9.9982E-05 0.0452003 9.9982E-05 0.952549
0.00751808 0.159713 9.9982E-05 9.9982E-05 0.832569
0.0695518 0.180222 9.9991E-05 0.0765403 0.673586
0.0192936 0.244553 9.9991E-05 0.025426 0.710627
9.9991E-05 0.174332 0.0189094 0.0163788 0.790279
9.997E-05 9.997E-05 9.997E-05 9.997E-05 0.9996
0.014031 9.9982E-05 9.9982E-05 0.0246913 0.961078
9.9973E-05 0.0876177 9.9973E-05 9.9973E-05 0.912082
0.0524281 0.0104131 9.9982E-05 9.9982E-05 0.936959
9.997E-05 9.997E-05 9.997E-05 9.997E-05 0.9996
9.997E-05 9.997E-05 9.997E-05 9.997E-05 0.9996
9.9982E-05 0.175018 9.9982E-05 0.0662316 0.758551
0.0131845 0.110637 9.9991E-05 0.108576 0.767502
9.997E-05 9.997E-05 9.997E-05 9.997E-05 0.9996
0.0954933 0.470718 0.0028645 0.0355139 0.395411
0.0773404 0.211543 9.9991E-05 0.0230503 0.687966
0.00393808 0.178812 0.00494148 0.0646867 0.747621
0.0524378 0.0119373 9.9982E-05 9.9982E-05 0.935425
9.9982E-05 0.00366566 9.9982E-05 0.010186 0.985948
9.9982E-05 0.0521149 9.9982E-05 0.0735242 0.874161
9.997E-05 9.997E-05 9.997E-05 9.997E-05 0.9996
0.026032 0.273566 9.9991E-05 0.0208465 0.679456
0.00143451 0.0754589 0.0236825 0.0036822 0.895742
9.9982E-05 9.9982E-05 0.55705 0.406096 0.0366538
0.0804268 0.465369 0.213094 0.182949 0.0581616
9.9991E-05 0.460264 0.156613 0.291393 0.09163
9.9991E-05 0.0970521 0.500681 0.224899 0.177268
0.0388941 0.506269 0.167764 0.145719 0.141354
9.9991E-05 0.184632 0.372082 0.308746 0.134441
0.0768441 0.39714 0.143688 0.185782 0.196546
9.9991E-05 0.266607 0.285832 0.185338 0.262123
0.0100524 0.500858 0.169537 0.213444 0.106109
9.9991E-05 0.361348 0.212159 0.140468 0.285925
0.0514634 0.4984 0.178782 0.165487 0.105868
0.0841412 0.0535179 0.0196027 0.842638 9.9991E-05
9.9973E-05 9.9973E-05 9.9973E-05 0.948908 0.0507924
0.0355338 0.00343861 0.00129833 0.959629 9.9991E-05
0.0388872 0.015127 9.9982E-05 0.945786 9.9982E-05
0.078212 9.9982E-05 9.9982E-05 0.870701 0.050887
9.9982E-05 9.9982E-05 0.0065092 0.917499 0.0757917
0.00359175 0.0282802 9.9991E-05 0.880121 0.087907
0.0146894 0.000392104 0.0847862 0.900032 9.9991E-05
9.9982E-05 0.0555496 9.9982E-05 0.936613 0.00763707
0.0558374 9.9991E-05 0.0066711 0.859043 0.0783488
0.245006 9.9982E-05 0.142205 0.612589 9.9982E-05
0.3186 0.00324015 0.0695859 0.605275 0.00329924
0.289726 9.9982E-05 0.189061 0.521013 9.9982E-05
0.338149 9.9982E-05 0.145881 0.51577 9.9982E-05
0.148629 0.575399 0.132742 0.0651962 0.0780337
0.14392 0.56157 0.201191 0.000315694 0.0930036
0.199755 0.587399 0.158062 0.0183402 0.0364445
0.180405 0.565678 0.19979 0.0540265 9.9991E-05
0.672207 0.233856 0.0671552 9.9991E-05 0.0266816
0.0167688 0.679712 0.169091 9.9991E-05 0.134329
0.0684266 0.751474 0.134344 9.9991E-05 0.0456554
0.165129 0.616751 0.161133 9.9991E-05 0.0568863
9.9973E-05 0.528308 0.471392 9.9973E-05 9.9973E-05
0.0752901 0.672621 0.104833 0.0771367 0.0701191
0.168154 0.53638 0.28465 0.0107158 9.9991E-05
0.145594 0.0881375 0.766069 9.9982E-05 9.9982E-05
0.203336 0.543269 0.0915833 0.0755856 0.086227
9.9991E-05 0.385701 0.601057 0.000507015 0.0126348
0.0133698 0.703218 0.283213 9.9982E-05 9.9982E-05
0.263881 0.315527 0.420392 9.9982E-05 9.9982E-05
0.752622 9.9982E-05 0.103719 0.14346 9.9982E-05
0.738465 0.11032 0.0332391 0.117876 9.9991E-05
0.837287 0.0145703 0.113892 0.0341508 9.9991E-05
0.823568 9.9982E-05 0.0523204 0.123912 9.9982E-05
0.79242 0.0893709 0.0710308 0.0470785 9.9991E-05
0.798509 0.0602921 0.0150571 0.0809042 0.0452377
9.9982E-05 0.0669529 9.9982E-05 0.873989 0.058858
0.104308 9.9982E-05 9.9982E-05 0.797899 0.0975925
9.9982E-05 0.0807109 9.9982E-05 0.804624 0.114465
0.145667 9.9982E-05 9.9982E-05 0.742641 0.111492
0.00861442 0.0731064 9.9991E-05 0.812367 0.105813
0.521197 9.9982E-05 0.0584638 0.42014 9.9982E-05
0.390283 9.9982E-05 0.117288 0.492228 9.9982E-05
0.479927 9.9982E-05 0.084688 0.435185 9.9982E-05
0.0252287 0.132471 9.9991E-05 0.815667 0.0265331
0.464491 9.9991E-05 0.136833 0.394682 0.00389353
9.9991E-05 0.273316 0.093122 0.227403 0.406058
0.0422687 0.529931 9.9991E-05 0.145815 0.281885
9.9982E-05 0.520743 9.9982E-05 0.176205 0.302852
9.9991E-05 0.344962 0.135661 0.279138 0.240139
0.0245934 0.391164 0.15884 0.179292 0.24611
9.9982E-05 9.9982E-05 0.191582 0.513495 0.294723
0.329779 0.551807 0.118215 9.9982E-05 9.9982E-05
0.237809 0.426958 0.306805 9.9991E-05 0.0283274
0.550941 0.350185 9.9991E-05 0.096552 0.00222199
0.180192 0.520076 0.273183 9.9991E-05 0.0264487
0.177537 9.9973E-05 0.822163 9.9973E-05 9.9973E-05
0.212639 0.60182 0.0286589 0.0675785 0.0893034
0.25103 0.526886 0.106999 0.043516 0.071569
0.428827 0.43665 0.133222 0.0012013 9.9991E-05
0.21734 0.538993 0.0525177 0.103405 0.0877437
0.258289 0.207261 0.489643 9.9991E-05 0.0447068
0.187693 0.428877 0.283294 9.9991E-05 0.100036
0.292409 0.631627 0.0141673 9.9991E-05 0.0616969
0.124977 0.404855 0.126956 0.123193 0.22002
0.318317 0.422452 0.211237 9.9991E-05 0.047894
0.262091 0.467809 0.161215 0.0460166 0.0628687
0.123976 0.525212 0.173443 9.9991E-05 0.177269
0.156795 0.699467 0.0915602 0.0520781 9.9991E-05
0.110721 0.646168 0.0658699 0.0389474 0.138293
0.0561517 0.563849 0.123471 0.10575 0.150779
0.179732 0.621988 0.0588094 0.078642 0.0608281
9.9982E-05 0.0776763 9.9982E-05 0.781944 0.14018
9.9991E-05 0.0581653 0.0230143 0.882924 0.0357967
0.0854721 0.105676 0.0169326 0.791819 9.9991E-05
0.0606121 0.0526969 0.0413177 0.828897 0.0164765
9.9982E-05 0.115983 9.9982E-05 0.860982 0.0228349
0.639892 0.257049 9.9982E-05 9.9982E-05 0.10286
0.198061 0.489442 0.121846 0.024683 0.165968
0.153726 0.251169 0.0824435 0.149067 0.363595
0.18446 0.68727 0.00448143 0.0211948 0.102594
0.294279 0.572308 9.9991E-05 0.0722657 0.0610476
0.326233 0.263309 0.288907 0.00251306 0.119038
0.630817 0.0376163 0.204307 0.12716 9.9991E-05
0.386679 0.521249 0.0473106 0.0248893 0.0198726
0.575693 0.192308 0.118074 0.0510457 0.0628791
0.185129 0.392412 0.23676 0.0450836 0.140616
0.609929 0.0697692 0.153608 0.0588451 0.107848
0.242037 0.540898 9.9991E-05 0.056135 0.16083
0.527352 0.301654 0.0823875 0.0885065 9.9991E-05
0.297994 0.320023 0.239395 9.9991E-05 0.142488
0.201834 0.50901 0.121287 0.0229547 0.144915
0.10756 0.298659 0.533929 0.0206421 0.0392098
0.0863588 0.6348 0.142715 0.0914419 0.0446837
9.9982E-05 0.631985 0.155091 0.212724 9.9982E-05
0.0345988 0.398161 0.492583 0.0745565 9.9991E-05
0.0348371 0.570065 0.187656 0.0923764 0.115066
9.9991E-05 0.558636 0.319691 0.0989561 0.0226168
0.0893708 0.191835 0.718594 9.9982E-05 9.9982E-05
9.9982E-05 0.336671 0.63958 0.0235489 9.9982E-05
0.0112291 0.601098 0.353869 0.0337044 9.9991E-05
0.116696 0.234242 0.602225 0.0467372 9.9991E-05
0.0921332 0.537283 0.2915 0.0789832 9.9991E-05
0.67237 0.174911 0.137247 9.9991E-05 0.0153714
0.369393 0.288524 0.337099 9.9991E-05 0.00488395
0.38634 0.401233 0.0247658 0.0344583 0.153203
0.254332 0.60217 9.9991E-05 0.0312183 0.112179
0.533107 0.314752 0.104808 9.9991E-05 0.0472338
0.222974 0.563154 0.0822726 0.0622014 0.0693986
0.27468 0.526592 0.0245191 0.0742169 0.0999917
0.27833 0.513431 0.051824 0.0572641 0.0991517
0.321501 0.472939 0.0644518 9.9991E-05 0.141009
0.302927 0.545575 0.0584821 0.0303054 0.0627103
0.521247 0.271426 0.0938422 9.9991E-05 0.113385
0.506786 0.252982 0.11855 9.9991E-05 0.121583
0.258234 0.577691 0.0619967 9.9991E-05 0.101979
0.138746 0.642334 0.0533422 0.0485902 0.116987
0.251319 0.445501 0.172138 0.0752357 0.0558066
0.334781 0.413014 0.0913769 9.9991E-05 0.160727
0.425869 0.339406 0.00300147 0.087111 0.144612
0.273048 0.608323 9.9991E-05 0.00545196 0.113077
0.215481 0.606997 9.9991E-05 0.0819285 0.0954937
0.176003 0.510592 0.0384787 0.13114 0.143787
0.0273159 0.500357 0.00207948 0.404656 0.0655923
0.046157 0.471824 0.114076 0.0904159 0.277527
0.0218989 0.495019 0.164473 0.08937 0.229239
0.0735997 0.649128 0.0395347 0.101824 0.135913
0.0638389 0.3584 0.097813 0.176479 0.303468
0.154616 0.509126 0.236055 9.9991E-05 0.100103
0.093705 0.561712 0.037192 0.141079 0.166312
9.9991E-05 0.0171289 0.526964 0.257534 0.198273
0.0962334 0.458075 0.119752 0.07497 0.25097
0.0467987 0.568092 9.9991E-05 0.109498 0.275511
0.158992 0.481036 0.0118975 0.0660637 0.282011
0.120018 0.379759 0.187888 0.178766 0.133569
9.9982E-05 0.609872 9.9982E-05 0.295249 0.0946796
0.0715969 0.564037 0.0317964 0.153154 0.179415
9.9982E-05 9.9982E-05 0.314238 0.493319 0.192243
9.9991E-05 0.478466 0.0458429 0.233507 0.242083
0.0432961 0.540013 0.0204338 0.155971 0.240287
0.108412 0.566405 0.0741208 0.106773 0.144289
9.9991E-05 0.49807 0.059548 0.226494 0.215788
0.0277709 0.607713 0.102126 0.188903 0.0734865
0.0697145 0.499044 0.290032 0.0402395 0.10097
0.205833 0.521172 0.0640668 0.11533 0.093599
0.107674 0.126965 0.757705 9.9991E-05 0.00755588
0.0697579 0.0558681 0.874174 9.9982E-05 9.9982E-05
9.9991E-05 0.573488 0.199581 0.118541 0.10829
9.9991E-05 0.375848 0.155471 0.109087 0.359494
9.9991E-05 0.237456 0.221556 0.0973085 0.44358
9.9991E-05 0.146893 0.291809 0.187541 0.373657
0.0243984 0.34097 0.11379 0.220779 0.300063
9.9991E-05 0.0649538 0.708027 0.0649588 0.161961
9.9991E-05 0.168456 0.533778 0.0886714 0.208995
0.0351102 0.58445 0.237306 9.9991E-05 0.143033
0.0215118 0.444985 0.274653 0.0747732 0.184077
0.058993 0.203529 0.516658 0.0571166 0.163704
0.0405456 0.532824 0.209728 0.0795286 0.137373
0.0917161 0.53056 0.163568 0.0182498 0.195906
0.0577308 0.44168 0.178508 0.121272 0.200809
0.0795898 0.474802 0.407828 0.0376803 9.9991E-05
0.0944107 0.401375 0.460706 9.9991E-05 0.0434088
0.0646471 0.577574 0.25678 0.0406801 0.0603181
0.163773 0.467168 0.246963 0.0699565 0.05214
0.0885823 0.470455 0.193894 0.121108 0.125961
9.9991E-05 0.491821 0.371742 0.021092 0.115245
0.107826 0.321374 0.552925 9.9991E-05 0.017775
9.9991E-05 0.622173 0.213885 0.0395519 0.12429
0.0855807 0.368457 0.539044 9.9991E-05 0.00681883
9.9991E-05 0.481021 0.408132 0.0467741 0.0639729
0.0164485 0.623558 0.198569 0.114737 0.0466872
0.106255 0.613354 0.249976 0.0303145 9.9991E-05
0.033985 0.465583 0.10121 0.1765 0.222723
0.111418 0.430779 0.166428 0.0606949 0.230681
0.0727949 0.356078 0.14306 0.149432 0.278635
0.0602066 0.377954 0.156601 0.205015 0.200224
0.158087 0.380216 9.9991E-05 0.249128 0.212469
0.10629 0.358933 0.137709 0.188408 0.20866
0.0214764 9.9991E-05 0.5703 0.20755 0.200573
0.0555868 0.517447 0.0378527 0.155798 0.233316
9.9982E-05 9.9982E-05 0.46191 0.388028 0.149862
9.9991E-05 0.518935 0.175891 0.0775442 0.22753
9.9973E-05 0.214174 0.785526 9.9973E-05 9.9973E-05
0.141369 0.00754608 0.826696 9.9991E-05 0.0242886
0.0700583 0.582834 0.295255 9.9991E-05 0.0517527
9.9991E-05 0.735061 0.207317 0.0306507 0.0268719
0.0267206 0.520565 0.452514 9.9982E-05 9.9982E-05
0.0285743 0.546615 0.367811 0.00714252 0.0498575
0.0872491 0.582295 0.2691 9.9991E-05 0.0612562
9.9991E-05 0.072688 0.0380783 0.826032 0.0631014
0.153887 0.00730112 0.0132759 0.724515 0.10102
0.0382751 9.9982E-05 9.9982E-05 0.902211 0.0593141
9.9973E-05 0.047868 9.9973E-05 0.951832 9.9973E-05
0.0387464 0.594377 0.273025 0.0653258 0.0285261
9.9991E-05 0.645026 0.242938 0.0766803 0.0352562
0.0999488 0.748393 0.104495 0.0470629 9.9991E-05
0.0676605 0.7069 0.126519 0.0988205 9.9991E-05
0.117627 0.55725 0.186686 0.0933376 0.0451003
0.133679 0.466014 0.380937 0.0192696 9.9991E-05
0.00986969 0.748627 0.20406 9.9991E-05 0.0373424
9.9982E-05 0.535807 0.430103 0.03389 9.9982E-05
0.0709032 0.519892 9.9991E-05 0.212591 0.196515
0.0167506 0.490546 0.421774 9.9991E-05 0.07083
0.173304 0.533364 0.293132 9.9982E-05 9.9982E-05
0.0306575 0.679026 0.259544 0.00517048 0.0256015
0.091575 0.660056 0.244939 0.00332937 9.9991E-05
9.9973E-05 0.790019 0.209681 9.9973E-05 9.9973E-05
0.108308 0.747232 0.0919469 0.0458831 0.00662952
9.9973E-05 0.369898 0.629802 9.9973E-05 9.9973E-05
0.0156193 0.45647 0.520581 9.9991E-05 0.00722934
0.122673 0.416075 0.457882 9.9991E-05 0.00326988
9.9973E-05 0.0635459 0.936154 9.9973E-05 9.9973E-05
0.146771 0.57175 0.195239 0.0550575 0.0311827
0.0189693 0.282113 0.698717 9.9982E-05 9.9982E-05
0.0305921 0.0612983 0.90791 9.9982E-05 9.9982E-05
9.9991E-05 0.717366 0.21628 0.0559222 0.0103318
0.168524 0.419863 0.383196 0.0283171 9.9991E-05
0.14563 0.618412 0.235758 9.9982E-05 9.9982E-05
9.9991E-05 0.73653 0.134563 0.125108 0.00369963
0.155571 0.67669 0.167539 9.9982E-05 9.9982E-05
0.315295 0.356045 0.215451 9.9991E-05 0.113109
0.131985 0.66882 0.158805 0.0240524 0.0163382
0.205054 0.641703 0.108358 0.0447851 9.9991E-05
0.0457271 0.507053 0.44702 9.9982E-05 9.9982E-05
0.024542 0.573848 0.19184 0.139826 0.0699438
0.29379 9.9991E-05 0.0674044 0.626416 0.0122891
0.102183 0.0751005 0.0492379 0.773379 9.9991E-05
0.111468 9.9982E-05 0.0575124 0.83082 9.9982E-05
0.175765 9.9982E-05 0.0490586 0.774977 9.9982E-05
0.177884 9.9982E-05 0.0495051 0.772411 9.9982E-05
0.212924 0.389795 0.374297 0.0228842 9.9991E-05
0.213817 0.290061 0.467217 0.0288045 9.9991E-05
9.9973E-05 0.40734 0.59236 9.9973E-05 9.9973E-05
0.00433281 0.555012 0.11133 0.191151 0.138174
0.078487 0.66986 0.0912649 0.133849 0.0265388
9.9982E-05 0.490514 0.495478 0.013808 9.9982E-05
0.0636054 0.70755 0.135436 0.0061278 0.0872803
9.9982E-05 0.577323 0.306371 0.116106 9.9982E-05
0.127841 0.696302 0.159082 0.000179704 0.0165954
0.0547838 0.681462 0.187353 9.9991E-05 0.0763013
0.206741 0.424782 0.364187 0.00419025 9.9991E-05
0.0835114 0.60999 0.306298 9.9982E-05 9.9982E-05
0.259431 0.515619 0.22475 9.9982E-05 9.9982E-05
0.084908 0.593385 0.142898 0.144188 0.0346219
0.103299 0.600788 0.295713 9.9982E-05 9.9982E-05
0.0823393 0.640741 0.239409 0.0374107 9.9991E-05
9.9982E-05 0.516527 9.9982E-05 0.139822 0.343451
9.9991E-05 0.3342 0.0411029 0.115395 0.509203
9.9991E-05 0.471507 0.0187237 0.0779972 0.431672
9.9991E-05 0.30473 0.037404 0.13872 0.519046
0.143357 0.357103 9.9991E-05 0.121371 0.378069
9.9982E-05 0.658967 0.293118 0.0477157 9.9982E-05
9.9991E-05 0.0330771 0.00941698 0.261976 0.695429
9.9991E-05 0.27393 0.0504835 0.191711 0.483776
0.0681892 0.356455 0.219597 0.195569 0.160189
0.0171599 0.647006 0.13273 0.203005 9.9991E-05
0.0793663 0.454499 0.254912 0.171885 0.0393374
0.0816552 0.619383 0.113134 0.149433 0.0363944
0.0412509 0.696509 0.0881147 0.135788 0.0383371
0.00496428 0.285549 9.9991E-05 0.176662 0.532724
0.131232 0.373481 9.9991E-05 0.0608878 0.434299
0.0266402 0.361415 0.0102083 0.0637733 0.537963
0.0254091 0.417942 0.0745191 0.131819 0.35031
9.9991E-05 0.248598 0.0475149 0.123462 0.580326
0.0619494 0.431097 0.00406469 0.169623 0.333266
0.0107515 0.287496 9.9991E-05 0.139434 0.562219
0.0829658 0.465221 9.9991E-05 0.0598607 0.391853
9.9991E-05 0.576113 0.202892 0.125689 0.0952061
0.0375858 0.365027 0.0485277 0.218329 0.330531
9.9982E-05 0.149018 9.9982E-05 0.169776 0.681006
0.0801401 0.298826 0.0637345 0.115244 0.442056
0.300743 0.22267 0.295793 0.180693 9.9991E-05
0.0837558 0.590491 0.155572 0.0460387 0.124143
0.14421 0.274314 0.00483307 0.133841 0.442801
0.191534 0.623111 9.9991E-05 0.161477 0.0237783
0.10009 0.552005 0.139024 0.199878 0.00900308
0.0689509 0.337428 0.12622 0.159876 0.307524
0.0430457 0.324287 0.0760733 0.242632 0.313962
0.0242107 0.569484 0.147399 0.0692208 0.189686
9.9991E-05 0.406273 0.0531612 0.127048 0.413418
9.9982E-05 0.382109 9.9982E-05 0.167 0.45069
0.0280831 0.106351 9.9991E-05 0.228508 0.636957
0.14138 0.609254 0.0541062 0.0551326 0.140127
0.112229 0.569533 0.183698 0.134441 9.9991E-05
0.0230493 0.118006 0.573969 0.157319 0.127656
0.0499167 0.67943 0.0431022 0.151584 0.0759669
0.285332 0.302731 0.207143 0.0402904 0.164504
9.9991E-05 0.404681 0.234616 0.176754 0.183848
9.9991E-05 0.512318 0.25877 0.168379 0.0604335
9.9982E-05 9.9982E-05 0.459312 0.295512 0.244976
9.9982E-05 9.9982E-05 0.490257 0.365717 0.143826
0.102611 0.242285 0.307328 0.125169 0.222606
9.9991E-05 0.0326832 0.358914 0.384667 0.223637
9.9982E-05 9.9982E-05 0.311688 0.460626 0.227486
0.0334404 0.357601 0.248919 0.112447 0.247592
0.0133118 0.367399 0.14324 0.253082 0.222967
0.0556939 0.164953 0.256659 0.291799 0.230895
9.9991E-05 0.0150438 0.419994 0.355728 0.209134
0.0613278 0.46944 0.141748 0.173975 0.15351
9.9991E-05 0.150559 0.440579 0.260318 0.148444
9.9982E-05 9.9982E-05 0.414854 0.498388 0.0865581
0.107362 0.552348 0.0154397 0.149961 0.174889
0.0670839 0.298633 0.163713 0.157916 0.312654
0.0853765 0.429506 0.00420055 0.296764 0.184153
9.9982E-05 0.537224 9.9982E-05 0.159117 0.303459
0.0686363 0.539133 0.00333426 0.202818 0.186078
9.9991E-05 0.449107 0.0683278 0.204341 0.278124
0.0949752 0.358875 9.9991E-05 0.36391 0.18214
0.0314476 0.549725 0.000844421 0.214336 0.203647
0.0066859 0.508594 9.9991E-05 0.200999 0.283621
9.9991E-05 0.284573 0.161687 0.295979 0.257661
0.15651 0.419751 0.128995 0.172891 0.121853
0.0581538 0.511446 0.0611696 0.26599 0.10324
0.108769 0.460478 0.0156818 0.133525 0.281546
0.0387469 0.549546 0.0388995 0.174903 0.197905
0.0419107 0.345674 0.000418538 0.315504 0.296492
9.9982E-05 0.575656 9.9982E-05 0.285854 0.138291
9.9991E-05 0.163492 0.177809 0.39199 0.266609
0.0512048 0.584125 9.9991E-05 0.161888 0.202682
9.9991E-05 0.255642 0.101794 0.313863 0.328601
0.106932 9.9982E-05 0.125072 0.767796 9.9982E-05
0.800524 0.0992379 0.0124622 0.0442952 0.0434807
0.990479 9.9973E-05 0.00922066 9.9973E-05 9.9973E-05
0.974123 9.9973E-05 9.9973E-05 0.0255771 9.9973E-05
0.964435 0.0108356 9.9982E-05 9.9982E-05 0.0245294
0.960621 9.9973E-05 9.9973E-05 9.9973E-05 0.0390792
0.888591 0.111109 9.9973E-05 9.9973E-05 9.9973E-05
0.957325 9.9973E-05 9.9973E-05 0.0423747 9.9973E-05
0.798583 9.9982E-05 9.9982E-05 0.160598 0.0406193
0.0265943 0.036534 9.9991E-05 0.894342 0.0424302
0.0957708 0.0735482 9.9982E-05 0.830481 9.9982E-05
0.0480951 0.0215885 9.9991E-05 0.919571 0.0106458
0.101533 0.0400645 0.0397447 0.814988 0.00366921
0.0422579 0.0130288 9.9991E-05 0.89386 0.0507532
0.0634927 9.9982E-05 9.9982E-05 0.907959 0.0283481
0.120409 0.0113586 9.9991E-05 0.696936 0.171196
0.000760503 0.0542452 9.9991E-05 0.864823 0.0800713
0.140496 0.0707057 0.0135018 0.737812 0.0374845
9.9982E-05 0.0312643 9.9982E-05 0.936743 0.0317923
0.0292522 9.9973E-05 9.9973E-05 0.970448 9.9973E-05
0.0866584 0.0315188 9.9991E-05 0.850246 0.0314765
0.0162871 0.0106382 9.9991E-05 0.959222 0.0137526
9.9982E-05 0.0542894 9.9982E-05 0.929656 0.0158545
0.0231434 0.0586409 9.9991E-05 0.87984 0.0382752
9.9982E-05 0.106188 9.9982E-05 0.855039 0.0385734
9.9982E-05 0.0604839 9.9982E-05 0.787827 0.151489
9.9982E-05 0.120467 9.9982E-05 0.804595 0.074738
9.9982E-05 0.136334 9.9982E-05 0.822366 0.0410999
0.0565708 0.448703 0.263303 0.202546 0.0288778
0.0430644 0.756233 0.101269 0.0993332 9.9991E-05
0.084315 0.596076 0.0705189 0.151166 0.0979232
9.9991E-05 0.155026 0.708714 0.089539 0.0466201
0.16368 0.54926 0.107691 0.118899 0.0604702
9.9991E-05 0.129128 0.634923 0.184322 0.0515269
9.9991E-05 0.702411 0.155661 0.0809284 0.0608995
0.146524 0.495186 0.229757 0.128433 9.9991E-05
0.116578 0.663779 0.107198 0.112345 9.9991E-05
0.0606541 0.645842 0.221492 0.0719115 9.9991E-05
0.131945 0.543336 0.155528 0.169092 9.9991E-05
9.9991E-05 0.701434 0.124884 0.157067 0.0165158
0.125265 0.631655 0.0517741 0.118793 0.0725127
0.431832 0.100561 0.390034 9.9991E-05 0.077473
0.126016 9.9982E-05 0.787523 0.086261 9.9982E-05
0.0829248 0.162574 0.590326 0.122044 0.0421322
0.0849947 0.578387 0.127242 0.0802392 0.129137
0.00748595 0.611164 0.187431 0.190575 0.00334446
0.0408087 0.572284 0.235375 0.151432 9.9991E-05
9.9991E-05 0.675872 0.160381 0.0659783 0.0976685
9.9991E-05 0.532362 0.0294508 0.224792 0.213296
9.9982E-05 0.572913 9.9982E-05 0.178744 0.248143
0.181139 0.127354 0.109116 0.393604 0.188787
0.0954634 0.49704 0.0809467 0.184854 0.141696
0.0665097 0.408281 0.118368 0.240955 0.165886
9.9982E-05 9.9982E-05 0.340062 0.478582 0.181156
9.9991E-05 0.299042 0.147525 0.311439 0.241894
0.0426259 0.318731 0.0702735 0.378746 0.189623
0.10489 0.425658 9.9991E-05 0.36891 0.100442
0.122865 0.495004 0.0391632 0.130243 0.212726
0.0672308 0.555172 0.0243385 0.217205 0.136054
9.9982E-05 0.647504 9.9982E-05 0.169746 0.18255
0.0345828 0.366914 0.23615 0.15464 0.207714
0.0270345 0.28149 0.0403492 0.458173 0.192953
