9.9982E-05 0.0285721 9.9982E-05 0.938878 0.03235
0.0073528 0.0402137 9.9991E-05 0.944687 0.00764622
0.0185946 0.0376939 0.0392004 0.873749 0.0307619
0.0192243 9.9991E-05 0.0618197 0.852921 0.0659346
0.0281761 9.9991E-05 0.0323299 0.91363 0.0257642
0.235928 0.0433545 0.0488219 0.671796 9.9991E-05
0.125114 0.036406 9.9991E-05 0.834557 0.00382299
0.141403 9.9991E-05 0.00984627 0.716936 0.131715
9.9973E-05 9.9973E-05 9.9973E-05 0.836974 0.162727
0.192148 0.0233407 0.0715547 0.703164 0.00979293
0.111575 0.0439464 9.9991E-05 0.751335 0.0930435
9.999E-05 0.60615 0.118906 0.0301059 0.244738
0.105349 0.480739 0.123813 0.0725994 0.2175
0.00149734 0.456806 0.210093 0.155518 0.176085
0.0360092 0.40665 0.076547 0.116831 0.363962
9.999E-05 0.522407 0.195791 0.0660489 0.215653
9.9991E-05 0.614143 0.144153 0.0515128 0.190091
9.999E-05 0.52307 0.184612 0.11661 0.175608
9.9991E-05 0.541557 0.112401 0.0638462 0.282095
9.9982E-05 0.0138424 0.142913 0.843044 9.9982E-05
9.9982E-05 0.0279111 0.105013 0.866876 9.9982E-05
0.00198911 0.118911 0.0755406 0.759031 0.0445288
9.999E-05 0.0951789 0.118189 0.779873 0.00665945
0.112566 0.344054 0.0477655 0.0648276 0.430787
9.9982E-05 0.846304 9.9982E-05 0.0792102 0.074286
0.0867664 0.837474 0.0755601 9.9982E-05 9.9982E-05
0.301339 0.644972 9.9982E-05 0.053489 9.9982E-05
0.117779 0.439612 0.0625877 9.9991E-05 0.379921
0.469449 0.39556 9.9982E-05 9.9982E-05 0.134792
0.184586 0.469408 9.9991E-05 0.101024 0.244882
0.147212 0.341749 0.0484658 0.265136 0.197437
0.039391 0.531351 9.9991E-05 0.103964 0.325194
0.12339 0.435499 0.148914 0.103017 0.18918
0.107604 0.458956 0.0692384 0.0664812 0.29772
9.9982E-05 0.913788 0.0385249 0.0474872 9.9982E-05
0.166043 0.833657 9.9973E-05 9.9973E-05 9.9973E-05
0.12524 0.870879 9.9982E-05 0.00368164 9.9982E-05
0.0846023 0.88906 0.0208129 0.00542436 9.9991E-05
9.9991E-05 0.766182 0.100661 0.0472671 0.0857904
9.9991E-05 0.727888 0.0546413 0.0567114 0.160659
0.353042 0.635019 9.9982E-05 9.9982E-05 0.0117389
9.9991E-05 0.0394995 0.0871494 0.79448 0.0787708
9.9982E-05 0.00454996 0.0309214 0.964329 9.9982E-05
9.9982E-05 0.0344639 0.0364759 0.92886 9.9982E-05
0.0182704 9.9973E-05 9.9973E-05 0.98143 9.9973E-05
0.0404288 9.9982E-05 0.0677334 0.891638 9.9982E-05
9.9982E-05 0.0246795 0.0593155 0.915805 9.9982E-05
0.00218737 0.0301139 0.0185756 0.949023 9.9991E-05
9.9973E-05 0.940648 9.9973E-05 0.0590521 9.9973E-05
9.9982E-05 0.89096 9.9982E-05 0.0410798 0.0677598
9.9982E-05 0.718221 0.186281 9.9982E-05 0.0952981
0.222808 0.277018 0.129494 0.0556999 0.31498
0.115763 0.441193 0.0998787 0.0362033 0.306962
0.2285 0.400505 0.0843281 0.0473035 0.239363
0.389035 0.304986 0.0494342 9.9991E-05 0.256444
0.0753624 0.46175 0.0541832 0.0902451 0.31846
9.9982E-05 0.483525 0.141528 9.9982E-05 0.374747
0.262408 0.375553 0.0876287 0.00419423 0.270216
0.538013 0.151077 9.9991E-05 0.148184 0.162626
0.505027 0.193468 0.0321651 0.127113 0.142227
0.550974 0.243887 9.9991E-05 0.0702134 0.134825
0.28891 0.361255 0.107688 0.0863285 0.155817
0.416953 0.352049 0.0626504 0.151735 0.016613
0.319026 0.515952 0.0334539 9.9991E-05 0.131468
0.328571 0.0149582 0.315987 0.292157 0.0483277
0.393896 9.9982E-05 0.0765373 0.529367 9.9982E-05
0.458352 9.9982E-05 0.0994414 0.442006 9.9982E-05
0.25156 0.0816618 0.32436 0.336343 0.00607578
0.594843 0.3101 0.0693468 0.0213797 0.0043309
0.738721 0.163901 0.0486313 9.9991E-05 0.0486468
0.566191 0.322004 9.9982E-05 9.9982E-05 0.111605
0.0388037 0.00203812 0.941277 0.0177807 9.9991E-05
0.0193977 0.0691642 0.894017 9.9991E-05 0.0173208
9.997E-05 9.997E-05 0.9996 9.997E-05 9.997E-05
0.00305702 9.9982E-05 0.926291 9.9982E-05 0.0704516
9.9973E-05 9.9973E-05 0.934387 9.9973E-05 0.0653136
9.997E-05 9.997E-05 0.9996 9.997E-05 9.997E-05
9.997E-05 9.997E-05 0.9996 9.997E-05 9.997E-05
9.997E-05 9.997E-05 0.9996 9.997E-05 9.997E-05
0.0483908 9.9973E-05 0.951309 9.9973E-05 9.9973E-05
9.9982E-05 0.0450888 0.873561 0.0811501 9.9982E-05
9.997E-05 9.997E-05 0.9996 9.997E-05 9.997E-05
9.9991E-05 0.0405547 0.841981 0.0946962 0.0226677
0.636569 0.0289587 0.0169145 0.317457 9.9991E-05
0.621057 0.0214113 0.121418 0.213065 0.0230484
0.468262 0.141862 0.132063 0.257713 9.9991E-05
0.0669785 0.0128361 9.9991E-05 0.847212 0.0728729
9.9973E-05 9.9973E-05 0.0663616 0.933338 9.9973E-05
9.9982E-05 0.018144 9.9982E-05 0.980586 0.00106989
9.9973E-05 9.9973E-05 9.9973E-05 0.94523 0.0544698
9.9982E-05 9.9982E-05 0.0224266 0.930256 0.0471178
9.9982E-05 0.0322251 0.0448341 0.922741 9.9982E-05
9.9982E-05 0.0263673 0.0741462 0.899287 9.9982E-05
0.142563 9.9973E-05 9.9973E-05 0.857137 9.9973E-05
9.9982E-05 0.0363035 9.9982E-05 0.937326 0.0261702
0.0571732 9.9991E-05 0.0662257 0.847162 0.0293392
9.9982E-05 0.152318 9.9982E-05 0.606865 0.240616
9.9982E-05 0.122724 9.9982E-05 0.557179 0.319896
0.0205865 0.197743 9.9991E-05 0.567568 0.214003
0.000170549 0.238573 9.9991E-05 0.493491 0.267666
0.0166053 0.436502 0.0807534 9.9991E-05 0.466039
0.045649 0.7439 0.195956 9.9991E-05 0.0143946
0.255299 0.744401 9.9973E-05 9.9973E-05 9.9973E-05
0.302429 0.616307 0.0427292 0.0384348 9.9991E-05
9.9982E-05 0.811523 9.9982E-05 0.0586664 0.12961
0.0486995 9.9982E-05 9.9982E-05 0.0613898 0.889711
0.0669608 9.9982E-05 0.00321261 9.9982E-05 0.929627
9.997E-05 9.997E-05 9.997E-05 9.997E-05 0.9996
9.9973E-05 9.9973E-05 9.9973E-05 0.0388005 0.9609
0.0524939 9.9973E-05 9.9973E-05 9.9973E-05 0.947206
0.0184848 9.9982E-05 0.0702198 9.9982E-05 0.911095
0.0616152 9.9991E-05 0.059628 0.875668 0.00298928
0.0642538 9.9991E-05 0.0342298 0.852186 0.0492308
0.0948454 9.9991E-05 0.11953 0.749617 0.0359071
9.9991E-05 0.0109522 0.160164 0.760438 0.0683457
0.0638221 0.0313746 0.138671 0.75025 0.0158831
0.0113339 0.0557669 9.9991E-05 0.382468 0.550331
9.9982E-05 0.113013 9.9982E-05 0.479584 0.407203
9.9991E-05 0.0985254 0.00612363 0.439416 0.455835
9.9991E-05 0.00883931 0.14701 0.804096 0.0399541
0.0161951 0.0932079 9.9991E-05 0.411135 0.479362
0.29718 0.045912 0.390826 0.218877 0.0472051
0.317732 9.9982E-05 0.311205 0.370862 9.9982E-05
0.389324 0.319776 0.133768 9.9991E-05 0.157032
9.9991E-05 0.395238 0.097215 0.13671 0.370737
0.276661 0.417011 0.124517 0.00491435 0.176897
0.501219 0.341434 9.9982E-05 9.9982E-05 0.157148
0.195086 0.43812 0.0502954 0.0462038 0.270295
0.368559 0.486526 9.9982E-05 9.9982E-05 0.144715
0.224846 0.402646 0.160273 9.9991E-05 0.212135
0.158188 0.463592 0.118662 0.0963339 0.163224
0.0294211 9.9982E-05 0.119712 0.850667 9.9982E-05
0.00947616 0.0433554 0.0534647 0.893604 9.9991E-05
0.0768456 0.0199786 0.00424785 0.844458 0.0544703
0.014534 0.077034 0.0449535 0.766733 0.0967458
0.0332114 0.0399665 0.0526374 0.845789 0.0283962
0.0253411 0.417074 0.0596136 0.062308 0.435663
0.0454703 0.394634 9.9991E-05 0.136626 0.42317
0.078599 0.282661 0.116846 0.0612561 0.460638
0.117757 0.254784 0.100452 0.11994 0.407067
9.9991E-05 0.421278 0.0852304 0.0672212 0.426171
0.282321 0.346888 0.11138 0.111337 0.148075
0.519356 0.212246 0.0806763 9.9991E-05 0.187621
0.779204 0.117496 9.9982E-05 9.9982E-05 0.103101
0.697335 0.25056 9.9982E-05 9.9982E-05 0.0519041
0.569811 0.287948 9.9991E-05 0.0284763 0.113665
0.0823413 0.421338 0.0215855 0.0645964 0.410139
0.32277 0.381579 0.0789585 9.9991E-05 0.216593
0.0198144 0.443832 0.159211 9.9991E-05 0.377043
9.9982E-05 0.443338 0.130973 9.9982E-05 0.425488
0.583692 0.125957 0.0903805 0.19987 9.9991E-05
0.35772 9.9982E-05 0.125698 0.516382 9.9982E-05
0.561275 0.323746 9.9982E-05 9.9982E-05 0.114779
0.618795 0.286506 9.9982E-05 9.9982E-05 0.0944993
0.261557 0.17729 0.414229 0.146824 9.9991E-05
0.325035 0.130398 0.326601 0.203094 0.0148713
0.72164 0.075097 0.122272 0.028022 0.0529694
0.622891 0.142592 0.0833451 0.151072 9.9991E-05
0.376451 0.202511 0.313037 0.0190815 0.088919
0.619564 0.159985 0.172645 0.00167938 0.0461261
0.619462 0.188091 0.0365593 9.9991E-05 0.155788
0.482685 0.303903 0.0562693 0.000585837 0.156557
0.679869 9.9991E-05 0.0973389 0.161806 0.0608858
0.609689 9.9982E-05 0.100223 0.289888 9.9982E-05
0.715343 0.284358 9.9973E-05 9.9973E-05 9.9973E-05
0.637743 0.361957 9.9973E-05 9.9973E-05 9.9973E-05
0.375822 0.468108 0.121275 9.9991E-05 0.0346953
0.538539 0.349638 0.0565782 9.9991E-05 0.0551444
0.0611923 0.0227463 0.0705489 0.828187 0.0173256
0.0510712 0.00315838 0.0711 0.763961 0.110709
9.9982E-05 9.9982E-05 0.0657388 0.901361 0.0326997
0.0321906 9.9973E-05 9.9973E-05 0.96751 9.9973E-05
9.997E-05 0.9996 9.997E-05 9.997E-05 9.997E-05
0.108023 0.793606 0.0820028 0.0162678 9.9991E-05
0.203526 0.796174 9.9973E-05 9.9973E-05 9.9973E-05
0.371061 0.57123 0.0074879 0.00972339 0.0404979
0.312874 0.686826 9.9973E-05 9.9973E-05 9.9973E-05
9.9991E-05 0.811303 0.0519728 0.0909232 0.0457015
0.118249 0.765154 0.0881578 9.9991E-05 0.0283394
9.9982E-05 0.051375 9.9982E-05 0.66088 0.287545
0.016451 0.0606988 0.0379345 0.71756 0.167356
0.0327003 9.9982E-05 9.9982E-05 0.82231 0.14479
9.9973E-05 9.9973E-05 9.9973E-05 0.821123 0.178578
0.006742 0.0156186 0.0123434 0.727371 0.237925
9.9982E-05 0.860053 9.9982E-05 0.108933 0.0308136
0.0509534 0.756465 9.9991E-05 0.0982077 0.0942742
0.148638 0.844664 0.00649782 9.9982E-05 9.9982E-05
0.0808701 0.686174 0.0396831 0.0275749 0.165698
9.9991E-05 0.718985 0.140242 0.0454412 0.0952312
0.146335 0.0016605 0.541093 0.310811 9.9991E-05
0.31463 0.233137 9.9991E-05 0.202647 0.249486
0.734203 0.054799 0.0369347 0.168699 0.00536407
0.564609 9.9982E-05 0.102642 0.33255 9.9982E-05
0.682455 9.9982E-05 0.0196455 0.2977 9.9982E-05
0.524129 0.0366504 0.11429 0.324831 9.9991E-05
0.393271 9.9982E-05 0.194951 0.411578 9.9982E-05
0.341281 0.0679761 0.202729 0.300936 0.0870767
0.554648 0.0423436 0.0970498 0.305859 9.9991E-05
0.496653 0.158498 0.107184 0.237565 9.9991E-05
0.562243 9.9973E-05 9.9973E-05 0.437457 9.9973E-05
0.341235 0.0372324 0.23867 0.382762 9.9991E-05
0.267226 0.0954183 0.341896 0.29536 9.9991E-05
0.0319062 0.0248932 9.9991E-05 0.791689 0.151412
9.9982E-05 0.0545865 9.9982E-05 0.00139923 0.943814
9.9973E-05 0.0563849 9.9973E-05 9.9973E-05 0.943315
9.9973E-05 9.9973E-05 0.0370854 9.9973E-05 0.962615
9.9982E-05 0.00276594 0.0725591 9.9982E-05 0.924475
9.9973E-05 0.107059 9.9973E-05 9.9973E-05 0.892641
9.9982E-05 0.00779164 9.9982E-05 0.0562449 0.935764
9.9973E-05 9.9973E-05 9.9973E-05 0.183894 0.815806
9.9991E-05 0.0463193 0.0251152 0.918993 0.00947218
0.00735835 0.0530797 0.0216469 0.79498 0.122935
9.9991E-05 0.00126582 0.0387698 0.910163 0.0497015
0.046761 0.0206029 9.9991E-05 0.86077 0.0717657
9.9991E-05 0.0264442 0.0433282 0.903911 0.0262167
9.9982E-05 9.9982E-05 0.00360562 0.8684 0.127795
0.00193802 9.9991E-05 0.0639143 0.896762 0.0372856
9.9982E-05 0.0363242 0.0630745 0.900401 9.9982E-05
9.9973E-05 0.050697 9.9973E-05 0.949003 9.9973E-05
0.0114652 0.0237307 0.0646927 0.874514 0.0255978
9.9973E-05 9.9973E-05 9.9973E-05 0.988132 0.0115682
0.0253615 9.9991E-05 0.0402804 0.916814 0.0174445
9.9991E-05 0.0292911 0.0792466 0.874381 0.016981
9.9982E-05 0.0121056 0.118203 0.869492 9.9982E-05
9.9982E-05 0.0316487 0.17048 0.797671 9.9982E-05
9.9982E-05 0.0660972 0.108682 0.825021 9.9982E-05
9.9982E-05 0.0285511 0.133407 0.837841 9.9982E-05
0.297619 0.301516 0.121419 0.206505 0.0729411
0.73309 0.151184 0.045296 9.9991E-05 0.0703307
0.801046 0.0561361 9.9991E-05 0.111172 0.0315454
0.212804 0.394921 0.0646017 9.9991E-05 0.327573
0.742869 0.0349782 9.9982E-05 9.9982E-05 0.221953
0.75927 0.070075 0.0347531 0.040699 0.0952028
0.356095 0.242178 0.198515 0.113796 0.0894167
0.114988 0.20067 0.170993 0.460296 0.0530537
0.468696 9.9982E-05 0.196598 0.334506 9.9982E-05
0.0634663 0.189013 0.300101 0.310008 0.137411
0.0208747 0.258707 0.237065 0.483253 9.9991E-05
