0.045091 0.951254 0.00365532
0.00314709 0.996753 9.9991E-05
0.00128094 0.894137 0.104582
0.0127395 0.880346 0.106914
0.0156566 0.9217 0.0626432
0.216681 0.663963 0.119356
0.0717718 0.869221 0.059007
0.170549 0.755615 0.073836
0.0735658 0.926334 9.9991E-05
0.133526 0.740496 0.125977
0.184736 0.782111 0.0331534
0.777593 0.0585706 0.163837
0.749478 0.0770995 0.173423
0.595388 0.204565 0.200046
0.73586 0.188392 0.0757484
0.716019 0.111478 0.172503
0.740439 0.107233 0.152328
0.628456 0.139063 0.232481
0.771335 0.106805 0.12186
9.9991E-05 0.822667 0.177233
9.9991E-05 0.862854 0.137046
0.0777669 0.787785 0.134449
0.0753689 0.806061 0.11857
0.766402 0.203719 0.0298792
0.90162 0.0138404 0.0845399
0.834821 9.9991E-05 0.165079
0.908904 0.0909962 9.9991E-05
0.890657 0.0697297 0.0396129
0.855357 0.0579238 0.0867194
0.77579 0.18129 0.04292
0.598742 0.289745 0.111513
0.800494 0.199406 9.9991E-05
0.754758 0.135101 0.110141
0.821265 0.136192 0.0425431
0.855038 0.0461581 0.0988037
0.975602 9.9991E-05 0.024298
0.981889 0.000606298 0.0175049
0.854383 9.9991E-05 0.145517
0.833373 0.035625 0.131002
0.807026 0.0713051 0.121669
0.900469 9.9991E-05 0.0994312
0.0543738 0.852518 0.0931078
9.9991E-05 0.932496 0.067404
9.9991E-05 0.894249 0.105651
9.9991E-05 0.957652 0.0422479
9.9991E-05 0.915705 0.0841946
9.9991E-05 0.906982 0.0929185
9.9991E-05 0.926354 0.0735457
0.947759 0.0382657 0.0139757
0.926264 0.0736361 9.9991E-05
0.784621 9.9991E-05 0.215279
0.74085 0.167764 0.0913858
0.730178 0.160797 0.109025
0.818133 0.0910952 0.0907715
0.90665 9.9991E-05 0.0932505
0.814493 0.150729 0.0347779
0.780357 0.0619336 0.15771
0.751986 0.0926182 0.155396
0.702688 0.243668 0.053644
0.709227 0.175095 0.115678
0.708839 0.187034 0.104127
0.766121 0.0280482 0.205831
0.635591 0.201448 0.162961
0.858235 9.9991E-05 0.141665
0.248633 0.334364 0.417003
0.133244 0.621683 0.245072
0.178488 0.521331 0.300181
0.193877 0.399156 0.406968
0.828395 0.0222319 0.149373
0.816097 0.0106023 0.173301
0.794237 0.00799068 0.197772
0.0313625 0.012296 0.956342
0.0571098 9.9991E-05 0.94279
9.999E-05 9.999E-05 0.9998
9.9991E-05 0.01711 0.98279
9.9991E-05 0.0257637 0.974136
9.999E-05 9.999E-05 0.9998
9.999E-05 9.999E-05 0.9998
9.999E-05 9.999E-05 0.9998
0.00807434 0.0136551 0.978271
0.0181582 0.0909222 0.89092
9.999E-05 9.999E-05 0.9998
0.0484284 0.0757329 0.875839
0.520471 0.3586 0.120929
0.475958 0.311575 0.212467
0.463004 0.230146 0.30685
0.0786522 0.898026 0.0233221
9.9991E-05 0.933788 0.0661118
9.999E-05 0.9998 9.999E-05
9.9991E-05 0.970949 0.0289511
9.9991E-05 0.954659 0.0452405
9.9991E-05 0.906124 0.0937757
9.9991E-05 0.899198 0.100702
0.0786345 0.910279 0.0110865
9.9991E-05 0.952839 0.0470613
0.00612869 0.867392 0.126479
0.297042 0.702858 9.9991E-05
0.309884 0.690016 9.9991E-05
0.354787 0.645113 9.9991E-05
0.437136 0.562764 9.9991E-05
0.89905 0.0894813 0.0114691
0.813138 9.9991E-05 0.186762
0.997017 9.9991E-05 0.00288304
0.849792 0.0223264 0.127882
0.945914 0.0539864 9.9991E-05
0.688487 0.311413 9.9991E-05
0.694026 0.305874 9.9991E-05
0.758557 0.241343 9.9991E-05
0.711928 0.287972 9.9991E-05
0.77194 0.22796 9.9991E-05
0.738562 0.254424 0.00701364
0.030579 0.897575 0.071846
0.0334413 0.889799 0.0767594
0.0458212 0.787229 0.166949
0.0308711 0.779374 0.189755
0.0500276 0.783526 0.166446
0.457237 0.542663 9.9991E-05
0.381307 0.618593 9.9991E-05
0.395583 0.604317 9.9991E-05
9.9991E-05 0.825707 0.174193
0.488126 0.511774 9.9991E-05
0.297504 0.200792 0.501703
0.131142 0.446359 0.422499
0.788431 0.0427597 0.168809
0.692254 0.235586 0.0721601
0.780379 0.0126106 0.207011
0.9998 9.999E-05 9.999E-05
0.786522 0.124984 0.0884945
0.952534 9.9991E-05 0.0473658
0.801002 9.9991E-05 0.198898
0.726869 0.0691668 0.203964
9.9991E-05 0.820519 0.179381
9.9991E-05 0.860912 0.138988
0.110806 0.840292 0.0489018
0.0756405 0.818923 0.105436
0.0217796 0.878562 0.0996585
0.762844 0.185896 0.0512607
0.783538 0.216362 9.9991E-05
0.752154 0.201295 0.0465511
0.723678 0.219523 0.0567996
0.726343 0.203703 0.0699538
0.68014 0.161641 0.158219
0.838865 9.9991E-05 0.161035
0.961143 9.9991E-05 0.0387566
0.895878 0.00526666 0.0988551
0.921037 0.0464933 0.0324693
0.767717 0.161526 0.070757
0.809148 9.9991E-05 0.190752
0.834808 0.0489566 0.116235
0.818602 0.00154964 0.179849
0.516059 0.253055 0.230886
0.19605 0.512274 0.291676
0.949683 9.9991E-05 0.0502171
0.900685 0.0316605 0.0676541
0.367759 0.0871524 0.545089
0.341591 0.197987 0.460422
0.682504 0.0834261 0.23407
0.626966 0.178524 0.19451
0.531577 0.0719186 0.396504
0.662503 0.0520688 0.285428
0.833896 0.00723902 0.158865
0.822167 0.0329864 0.144847
0.607591 0.184513 0.207896
0.320252 0.413396 0.266352
0.932618 9.9991E-05 0.0672823
0.950178 0.00343157 0.04639
0.750562 9.9991E-05 0.249338
0.791952 9.9991E-05 0.207948
0.0733989 0.797977 0.128624
0.0781354 0.792192 0.129673
9.9991E-05 0.906579 0.0933207
9.9991E-05 0.968336 0.0315645
0.938647 9.9991E-05 0.0612533
0.819752 9.9991E-05 0.180148
0.971667 9.9991E-05 0.0282331
0.897777 9.9991E-05 0.102123
0.980967 9.9991E-05 0.0189334
0.861053 0.047014 0.0919328
0.856739 9.9991E-05 0.143161
0.237517 0.762383 9.9991E-05
0.15901 0.787297 0.0536928
0.0967528 0.903147 9.9991E-05
0.113407 0.886493 9.9991E-05
0.204764 0.787974 0.00726185
0.79975 0.11055 0.0896999
0.871518 0.103917 0.0245649
0.899179 9.9991E-05 0.100721
0.854274 0.0501896 0.0955368
0.810258 0.0290194 0.160723
0.0456322 0.321942 0.632425
0.676079 0.256748 0.0671733
0.667804 0.150544 0.181652
0.376495 0.403747 0.219758
0.42028 0.407528 0.172192
0.366591 0.375368 0.258042
0.178292 0.487582 0.334127
0.357709 0.376753 0.265538
0.372153 0.398919 0.228927
0.530814 0.237698 0.231488
0.320169 0.50117 0.178661
0.237189 0.368704 0.394106
0.276078 0.25357 0.470352
0.145804 0.854096 9.9991E-05
0.74931 0.25059 9.9991E-05
0.76593 0.23397 9.9991E-05
0.782155 0.217745 9.9991E-05
0.723719 0.276181 9.9991E-05
0.774619 0.225281 9.9991E-05
0.735174 0.264726 9.9991E-05
0.551207 0.448693 9.9991E-05
0.0455872 0.941678 0.0127347
0.0881358 0.851974 0.0598902
9.9991E-05 0.947689 0.0522115
0.0834076 0.904487 0.0121058
0.0296521 0.954978 0.0153703
0.0508824 0.891952 0.057166
9.9991E-05 0.899981 0.0999192
0.00107608 0.894514 0.10441
9.999E-05 0.9998 9.999E-05
9.9991E-05 0.9028 0.0971001
9.9991E-05 0.97237 0.02753
9.9991E-05 0.932105 0.0677947
9.9991E-05 0.882013 0.117887
9.9991E-05 0.853349 0.146551
9.9991E-05 0.815372 0.184528
9.9991E-05 0.858004 0.141896
9.9991E-05 0.847808 0.152092
0.632506 0.18172 0.185774
0.802283 0.051309 0.146408
0.676262 0.171705 0.152033
0.846424 0.0539895 0.0995867
0.824107 0.144449 0.0314437
0.754641 0.102647 0.142712
0.63005 0.0894756 0.280474
0.298028 0.508058 0.193914
0.261111 0.400615 0.338274
0.345238 0.303758 0.351003
0.27561 0.484342 0.240049
