0.909754 0.0114214 0.0237734 0.0246697 9.9982E-05 0.0301818 9.9982E-05
0.92631 9.9973E-05 0.0549986 9.9973E-05 0.0157601 9.9973E-05 0.00263136
0.797739 0.019087 0.0155158 0.142886 0.0205799 0.0040919 9.9991E-05
0.757917 0.0660576 0.1072 0.0666688 9.9982E-05 0.00195642 9.9982E-05
0.843752 0.0444382 0.0189954 0.0923536 9.9982E-05 9.9982E-05 0.000260736
0.559575 0.0911514 0.106426 0.0349877 0.0401166 9.9991E-05 0.167644
0.80314 9.9964E-05 9.9964E-05 9.9964E-05 9.9964E-05 0.102717 0.093743
0.664872 0.0551355 0.16457 9.9982E-05 9.9982E-05 0.0312587 0.083964
0.807813 9.99729E-05 0.0852716 9.99729E-05 0.0514268 9.99729E-05 0.0551883
0.718767 0.0414593 0.0645329 0.117406 9.9982E-05 9.9982E-05 0.0576352
0.711079 9.9973E-05 0.14024 0.0761454 9.9973E-05 9.9973E-05 0.0722358
9.9973E-05 0.0898596 9.9973E-05 0.109206 0.0925882 0.708046 9.9973E-05
9.9964E-05 0.0529206 9.9964E-05 0.447438 9.9964E-05 0.499241 9.9964E-05
0.0694261 0.0564268 0.00466613 0.136962 9.9991E-05 0.722275 0.0101446
0.0486447 0.11074 9.9973E-05 0.266324 9.9973E-05 0.573991 9.9973E-05
0.127269 0.137503 9.9982E-05 0.337004 9.9982E-05 0.395696 0.0023273
0.0480403 0.0515259 9.9973E-05 0.535371 9.9973E-05 0.364763 9.9973E-05
9.999E-05 0.0309522 0.0326732 0.432972 0.0139094 0.382188 0.107205
0.154429 0.0384854 9.9973E-05 0.293385 9.9973E-05 0.5134 9.9973E-05
0.0749229 9.9973E-05 0.0422967 9.9973E-05 9.9973E-05 0.839061 0.0434196
0.0157714 0.0922039 9.9991E-05 0.291111 0.1376 0.440251 0.0229638
9.999E-05 0.0439587 0.123987 0.386767 0.118242 0.159813 0.167132
0.116999 9.9991E-05 0.0187538 0.476495 0.0668206 0.313586 0.00724603
0.0577121 0.103296 9.9991E-05 0.221904 0.0335096 0.55975 0.0237283
0.0515295 9.9991E-05 0.00593529 0.630305 0.0475499 0.157098 0.107482
0.00853369 0.0750341 0.0330825 0.459247 0.0260189 0.389265 0.00881844
0.0775687 0.0374351 9.9973E-05 0.119763 9.9973E-05 0.764933 9.9973E-05
0.0690285 0.161959 9.9973E-05 0.0839761 9.9973E-05 0.684737 9.9973E-05
9.9973E-05 9.9973E-05 0.0379168 0.136721 9.9973E-05 0.67323 0.151832
0.846817 0.0352086 9.9964E-05 0.117575 9.9964E-05 9.9964E-05 9.9964E-05
0.816811 9.9964E-05 9.9964E-05 0.179273 9.9964E-05 0.00351611 9.9964E-05
0.775373 0.0750877 9.9982E-05 0.116533 0.0245355 0.00827028 9.9982E-05
0.755068 0.082937 9.9973E-05 0.136409 0.0252862 9.9973E-05 9.9973E-05
0.0497527 0.0542579 0.0589988 0.502716 0.213301 0.120873 9.9991E-05
0.0911666 0.00134171 0.0198073 0.49017 0.321242 0.076173 9.9991E-05
9.9973E-05 0.0991438 0.0320562 0.522278 0.346222 9.9973E-05 9.9973E-05
0.086939 9.9982E-05 0.0882851 0.0783582 9.9982E-05 0.721848 0.0243696
9.9964E-05 0.0540984 9.9964E-05 0.300636 0.644865 9.9964E-05 9.9964E-05
0.104148 0.0665328 0.0212893 0.447427 0.104458 0.256045 9.9991E-05
0.010475 0.0424422 0.0482369 0.62345 0.275195 9.9982E-05 9.9982E-05
0.129653 9.9991E-05 0.0566054 0.583683 0.132167 0.0217548 0.0760359
0.143413 0.0164749 0.0859493 0.593297 0.160666 9.9982E-05 9.9982E-05
0.0435667 9.9973E-05 9.9973E-05 0.0831871 0.742432 0.130515 9.9973E-05
0.0566499 0.0142191 9.9991E-05 0.641523 0.0277191 0.0387258 0.221063
0.0519372 0.0859438 9.9991E-05 0.499857 0.198038 0.051267 0.112857
0.0950229 0.0476458 0.137283 0.556993 0.162855 9.9982E-05 9.9982E-05
9.9973E-05 0.00145054 0.0488056 0.253159 0.696285 9.9973E-05 9.9973E-05
0.0376085 0.0800613 9.9991E-05 0.485025 0.345619 0.0291269 0.0224595
0.0824052 0.0972563 9.9982E-05 0.516685 0.197716 9.9982E-05 0.105737
0.0896264 9.9964E-05 9.9964E-05 9.9964E-05 0.574137 9.9964E-05 0.335837
9.9991E-05 0.00990916 0.214168 0.116035 0.0994264 0.454676 0.105686
0.0354677 9.9991E-05 0.0130879 0.0888603 0.134852 0.392519 0.335113
0.0667964 0.0676537 9.9991E-05 0.55989 0.00296449 0.267253 0.0353428
0.0899419 9.9973E-05 9.9973E-05 0.630871 9.9973E-05 0.194045 0.0848419
0.0919374 0.014125 0.0413153 0.663333 0.0513654 0.0828822 0.0550417
0.101653 9.9991E-05 0.218197 0.120716 0.328793 0.203266 0.027276
0.0312597 0.0077729 0.0760274 0.575159 9.9982E-05 0.309581 9.9982E-05
0.110289 0.0503183 0.0240945 0.551213 0.00930046 0.211912 0.0428721
0.128597 9.9991E-05 0.0555654 0.356212 0.130939 0.239729 0.0888574
0.181251 0.0725021 0.044062 9.9991E-05 0.051979 0.457795 0.192311
9.9991E-05 0.0461084 0.0538073 0.500463 0.154352 0.212847 0.0323231
0.11662 0.0226364 0.0495968 0.418287 0.0338943 0.347816 0.0111488
0.057127 9.9982E-05 0.137756 9.9982E-05 0.0664793 0.62355 0.114888
9.9973E-05 0.0303138 9.9973E-05 0.441667 9.9973E-05 0.502797 0.0249219
0.00798867 0.0870346 0.0491268 0.651564 0.0153766 0.024843 0.164066
0.04228 0.0866816 9.9991E-05 0.52932 0.0651017 0.233448 0.0430683
0.0336698 0.0917202 0.0288934 0.18602 0.217401 0.328244 0.114052
0.016988 0.0687789 9.9991E-05 0.413029 0.0362017 0.421375 0.0435277
0.011897 0.110923 0.0568659 0.480001 0.0810857 0.230512 0.0287152
0.0211954 9.9991E-05 0.0109956 0.121153 0.114613 0.570758 0.161185
9.9964E-05 9.9964E-05 0.0307056 0.526412 0.442482 9.9964E-05 9.9964E-05
0.000108986 0.00862117 9.9982E-05 0.19333 0.713037 0.0847031 9.9982E-05
0.118268 0.0156046 9.9991E-05 0.532412 0.204199 0.10458 0.0248361
9.9955E-05 9.9955E-05 9.9955E-05 9.9955E-05 0.853504 9.9955E-05 0.145996
9.9964E-05 9.9964E-05 0.0119049 9.9964E-05 0.851881 9.9964E-05 0.135815
9.9973E-05 9.9973E-05 9.9973E-05 0.228355 0.751713 0.0111739 0.00845779
0.0197552 9.9973E-05 0.11998 0.384935 0.475031 9.9973E-05 9.9973E-05
0.122939 0.0735934 0.0446869 0.564652 0.0750139 0.0340143 0.0851004
0.0303339 0.00446197 9.9982E-05 0.43079 0.450657 0.0835572 9.9982E-05
0.0472926 0.0323442 0.100054 0.0908091 0.654384 0.0750156 9.9991E-05
0.0156942 9.9982E-05 0.191484 0.169275 0.546669 0.0766781 9.9982E-05
0.00609082 0.168169 0.0898564 0.368212 0.331616 0.0359557 9.9991E-05
0.0292751 0.00360094 9.9982E-05 0.203676 0.640068 0.12318 9.9982E-05
0.0810482 9.9973E-05 9.9973E-05 0.356128 0.53305 0.0294743 9.9973E-05
9.9964E-05 9.9964E-05 9.9964E-05 0.377274 0.554171 9.9964E-05 0.0681556
9.9964E-05 0.00190418 9.9964E-05 9.9964E-05 0.647002 9.9964E-05 0.350694
9.9991E-05 0.0225781 0.0187663 0.589132 0.273363 0.0187636 0.0772969
0.800484 0.00521796 9.9973E-05 0.133983 9.9973E-05 0.0600149 9.9973E-05
0.906855 9.9955E-05 9.9955E-05 0.0926452 9.9955E-05 9.9955E-05 9.9955E-05
0.856604 0.0342492 0.010194 0.0986532 9.9973E-05 9.9973E-05 9.9973E-05
0.898442 0.00418151 9.9973E-05 0.0809252 9.9973E-05 9.9973E-05 0.0161515
0.861545 0.020637 9.9973E-05 0.114844 9.9973E-05 9.9973E-05 0.00267352
0.854298 0.0732571 0.0317267 0.0112724 9.9982E-05 9.9982E-05 0.0292457
0.891285 0.0528993 9.9964E-05 0.0554154 9.9964E-05 9.9964E-05 9.9964E-05
0.108543 0.110773 0.00327203 0.438747 0.271165 0.00128981 0.0662098
0.0868544 0.0956643 0.0376062 0.584524 0.137794 0.0431959 0.0143621
0.0265113 9.9982E-05 9.9982E-05 0.0287815 0.781788 0.132099 0.030621
0.0768933 0.0670362 0.0796694 0.505114 0.13762 9.9991E-05 0.133567
0.0651664 9.9982E-05 0.00848338 0.278646 0.500699 0.146805 9.9982E-05
0.0363029 9.9982E-05 9.9982E-05 0.667141 0.176332 0.0195473 0.100476
0.0412361 0.0308737 9.9991E-05 0.47977 0.327649 0.0833 0.0370703
0.0512655 0.0771221 9.9973E-05 0.436354 0.434958 9.9973E-05 9.9973E-05
0.0482038 9.9982E-05 0.0804899 9.9982E-05 0.684347 0.167521 0.0192379
0.11066 0.105691 0.0481309 0.415516 0.2822 0.0377024 9.9991E-05
9.9991E-05 0.0806485 0.0354365 0.64723 0.218739 0.00965008 0.00819584
0.0394056 0.113691 0.0227586 0.540567 0.0547404 0.161032 0.0678055
0.047173 0.0185758 9.9991E-05 0.260604 0.547551 0.0383109 0.0876858
9.9973E-05 0.00359261 9.9973E-05 0.51462 0.445113 9.9973E-05 0.0363746
0.0289847 9.9991E-05 0.0836597 0.437098 0.311921 0.136726 0.00151116
9.9973E-05 0.0690349 0.0258613 0.270227 0.634577 9.9973E-05 9.9973E-05
0.0915361 9.9982E-05 0.0396528 0.418685 0.365173 0.0847531 9.9982E-05
0.10046 0.02792 0.00596263 0.526087 0.23874 0.0165856 0.0842451
0.0837298 9.9973E-05 9.9973E-05 0.193868 9.9973E-05 0.561945 0.160157
0.171336 0.0491721 0.0793501 0.370618 9.9991E-05 0.309536 0.0198879
0.171367 0.0430391 0.048239 0.406419 0.0955801 0.235256 9.9991E-05
0.130718 0.012084 0.0470078 0.508977 0.0666534 0.233701 0.000858512
0.07227 9.9973E-05 9.9973E-05 0.396674 9.9973E-05 0.496061 0.0346948
9.99863E-05 0.0750352 0.0188643 0.511471 0.0600409 0.334388 9.99863E-05
0.0585339 9.9982E-05 0.17724 0.466493 0.000429974 0.297103 9.9982E-05
0.0482297 9.9991E-05 0.0796256 0.556272 0.0438129 0.186574 0.0853865
0.110631 9.9982E-05 0.0364171 0.614928 0.10363 0.134194 9.9982E-05
0.00835804 0.0283501 0.0582649 0.579265 0.029474 0.224952 0.0713355
9.9982E-05 9.9982E-05 0.0598844 0.465493 0.0989696 0.366077 0.00937586
9.9991E-05 0.0010455 0.0810163 0.687643 0.0249974 0.0758287 0.129369
0.000378194 0.178888 0.0141766 0.479832 0.141177 0.185449 9.9991E-05
9.9982E-05 0.0490201 0.0826995 0.505714 0.0687629 0.293604 9.9982E-05
0.101372 0.0155718 0.0841059 0.552399 0.0358747 0.141736 0.0689398
9.9991E-05 0.0905737 0.0768143 0.482857 0.156617 0.183262 0.00977598
0.110711 0.0128815 9.9982E-05 0.331298 9.9982E-05 0.370455 0.174455
0.0226465 0.0340604 0.00229736 0.613323 9.9982E-05 0.327473 9.9982E-05
0.0299325 0.0729629 0.0168504 0.565268 9.9991E-05 0.195051 0.119835
0.0129299 0.0738295 0.0911181 0.118247 0.226195 0.434814 0.042867
0.0292959 0.0430524 0.001799 0.107084 0.0878797 0.488037 0.242853
0.00595001 0.0906303 0.0967825 0.43242 0.024612 0.169773 0.179832
9.9991E-05 0.0314835 0.135453 0.0931506 0.169071 0.292315 0.278427
0.0535251 0.0274257 9.9991E-05 0.156069 0.0824457 0.640099 0.0403362
9.9973E-05 9.9973E-05 0.0533791 0.361567 0.242408 0.342346 9.9973E-05
0.0315536 9.9982E-05 0.118795 0.273458 0.126925 0.449069 9.9982E-05
0.0234821 9.9991E-05 0.046218 0.251336 0.110696 0.553285 0.0148829
0.0220521 0.110452 0.113517 0.574644 0.0441678 0.135067 9.9991E-05
0.106868 0.0757516 0.0879931 0.527053 9.9991E-05 0.197572 0.00466201
0.0231477 0.0153181 9.9991E-05 0.436342 0.113932 0.280137 0.131023
9.9982E-05 0.107818 9.9982E-05 0.0548875 0.111657 0.507496 0.217942
0.128155 0.0772864 0.0929673 0.478484 0.0924543 9.9991E-05 0.130553
0.0442458 0.036659 0.082394 0.46067 0.130375 0.0388011 0.206855
0.11121 9.9991E-05 0.0829767 0.0359446 0.0448548 0.15006 0.574854
0.153383 0.0416306 9.9991E-05 0.515316 0.152741 0.0803278 0.0565017
0.11891 0.0421056 0.0326663 0.325891 0.218458 0.0421466 0.219822
0.0221311 0.118724 0.017546 0.466158 0.0562074 0.0576808 0.261552
0.0822868 9.9991E-05 0.0871834 0.342862 0.0655044 0.0444789 0.377584
0.0338963 9.9991E-05 0.165731 0.195557 0.0569158 0.0482169 0.499583
9.9982E-05 9.9982E-05 0.126654 0.48641 0.0576126 0.0395338 0.28959
0.179723 0.0544933 0.0455783 0.391625 0.131326 0.108172 0.0890824
0.10635 0.058611 0.0829987 0.34291 0.0986511 0.102935 0.207544
0.0345945 0.162474 9.9982E-05 9.9982E-05 0.158235 0.244948 0.399548
0.0291794 0.0508585 0.00668012 0.588769 9.9991E-05 0.139483 0.18493
9.9982E-05 9.9982E-05 0.0141266 0.381934 0.0927623 0.159408 0.351569
9.9982E-05 0.0203165 9.9982E-05 0.441112 0.127532 0.199984 0.210856
0.0478376 0.147793 0.0276148 0.515312 0.0291247 0.201883 0.0304347
0.332636 0.281537 0.0238657 0.11687 9.9991E-05 0.0388981 0.206092
0.523839 0.136326 9.9964E-05 9.9964E-05 9.9964E-05 9.9964E-05 0.339435
0.464368 0.123834 9.9964E-05 9.9964E-05 9.9964E-05 9.9964E-05 0.411398
0.347092 0.303611 0.0411256 0.148147 9.9982E-05 9.9982E-05 0.159825
9.9973E-05 9.9973E-05 0.00930675 0.69818 0.0236892 9.9973E-05 0.268524
0.109953 0.174385 0.0138163 0.409705 0.254982 9.9991E-05 0.0370599
9.9964E-05 0.710962 9.9964E-05 0.176376 9.9964E-05 0.112262 9.9964E-05
0.0307014 0.434262 0.0207632 0.277267 0.0377021 0.199204 9.9991E-05
0.0482428 0.496602 0.0242722 0.293456 0.0138325 0.107997 0.0155974
9.9991E-05 0.000253734 0.0502291 0.359142 0.126954 0.0131323 0.450189
0.0665129 0.0676615 9.9991E-05 0.573915 0.0553102 0.0869891 0.149512
9.9973E-05 9.9973E-05 9.9973E-05 0.269689 0.0373207 0.0933077 0.599382
9.9982E-05 9.9982E-05 0.0290866 0.657607 0.0820547 0.00658319 0.224469
9.9982E-05 0.056867 9.9982E-05 0.443952 0.138745 0.0430817 0.317155
9.9982E-05 0.0634789 0.0758092 0.591306 9.9982E-05 0.00878639 0.260419
9.9973E-05 9.9973E-05 9.9973E-05 0.223667 0.105505 0.105571 0.564957
9.9991E-05 0.0997255 0.0278834 0.633332 0.0675694 0.0764163 0.0949738
0.0398131 0.0458556 9.9991E-05 0.546495 0.0397075 0.156533 0.171496
9.9964E-05 0.958089 9.9964E-05 9.9964E-05 0.0397065 9.9964E-05 0.00180447
9.9982E-05 0.838629 0.00420483 0.0839247 0.0658191 9.9982E-05 0.00722209
0.0185759 0.550151 9.9982E-05 0.250629 0.111637 0.0688075 9.9982E-05
9.9964E-05 0.691212 0.0630507 0.245337 9.9964E-05 9.9964E-05 9.9964E-05
9.9973E-05 0.777785 0.0246569 0.109697 0.0875613 9.9973E-05 9.9973E-05
9.995E-05 0.9994 9.995E-05 9.995E-05 9.995E-05 9.995E-05 9.995E-05
9.9955E-05 0.973097 0.0264031 9.9955E-05 9.9955E-05 9.9955E-05 9.9955E-05
9.9955E-05 0.799667 9.9955E-05 0.199833 9.9955E-05 9.9955E-05 9.9955E-05
9.9982E-05 0.950943 0.0302042 0.00542209 0.0122083 0.00102259 9.9982E-05
9.995E-05 0.9994 9.995E-05 9.995E-05 9.995E-05 9.995E-05 9.995E-05
9.995E-05 0.9994 9.995E-05 9.995E-05 9.995E-05 9.995E-05 9.995E-05
0.0680046 0.731471 9.9973E-05 0.174301 9.9973E-05 0.025923 9.9973E-05
0.0343307 0.737533 0.0414419 0.118674 0.0678205 9.9982E-05 9.9982E-05
9.9955E-05 0.975238 9.9955E-05 9.9955E-05 0.0242623 9.9955E-05 9.9955E-05
0.0895647 0.369914 0.063455 0.407394 0.028357 0.0412154 9.9991E-05
0.0385936 0.6945 0.000260169 0.100394 0.0340477 0.132104 9.9991E-05
9.9982E-05 0.806166 0.0288442 0.113997 0.0228993 0.0278935 9.9982E-05
9.9964E-05 0.86111 0.06847 0.0700204 9.9964E-05 9.9964E-05 9.9964E-05
9.9964E-05 0.933354 0.0378653 0.0283806 9.9964E-05 9.9964E-05 9.9964E-05
0.0343382 0.895978 0.012289 0.0268117 9.9982E-05 0.0303833 9.9982E-05
9.995E-05 0.9994 9.995E-05 9.995E-05 9.995E-05 9.995E-05 9.995E-05
0.0798539 0.624021 9.9991E-05 0.187662 0.0310486 0.0467589 0.0305551
0.00825 0.890538 0.0626665 0.0320579 0.00628741 9.9982E-05 9.9982E-05
0.350076 0.0537866 9.9973E-05 9.9973E-05 0.0661895 9.9973E-05 0.529648
0.15652 9.9982E-05 0.0136332 0.491069 9.9982E-05 0.108113 0.230464
0.195895 0.0639411 0.0847688 0.43885 0.0173055 9.9991E-05 0.19914
0.217093 0.0729857 0.0799194 0.193873 9.9982E-05 9.9982E-05 0.435929
0.113531 0.137951 0.0852357 0.446235 0.0541137 9.9991E-05 0.162833
0.249565 0.0611336 9.9982E-05 0.253885 0.0326702 9.9982E-05 0.402546
0.186792 0.0608475 0.0475645 0.532534 0.0114943 9.9991E-05 0.160668
0.107755 0.163152 9.9982E-05 0.323748 0.0722435 9.9982E-05 0.332902
0.157208 0.0910862 9.9973E-05 0.547218 9.9973E-05 9.9973E-05 0.204188
0.162861 0.207201 9.9973E-05 0.387306 9.9973E-05 9.9973E-05 0.242332
0.174442 0.123775 9.9991E-05 0.350125 0.108983 0.106257 0.136317
0.791951 9.9973E-05 0.117929 0.0589524 9.9973E-05 9.9973E-05 0.0308672
0.888345 0.0865276 9.9964E-05 9.9964E-05 9.9964E-05 9.9964E-05 0.0247279
0.94318 9.9973E-05 0.0523754 0.00217472 9.9973E-05 9.9973E-05 0.00197025
0.913186 9.9973E-05 0.0705524 9.9973E-05 0.00275278 9.9973E-05 0.0132093
0.865397 0.0511547 0.0265664 0.0185869 9.9982E-05 0.0380946 9.9982E-05
0.900255 0.0594697 9.9982E-05 9.9982E-05 0.0110682 0.0152776 0.0137294
0.851543 0.0597029 0.00848696 0.0799667 9.9973E-05 9.9973E-05 9.9973E-05
0.891793 9.9982E-05 0.0125412 9.9982E-05 0.0384193 0.0265895 0.0304567
0.907728 0.0236805 9.9973E-05 0.0566528 0.0116385 9.9973E-05 9.9973E-05
0.829736 0.0834192 0.00795652 0.035404 9.9991E-05 0.00938255 0.0340016
0.606403 9.9973E-05 0.0634682 9.9973E-05 0.0684235 0.261406 9.9973E-05
0.608198 9.9973E-05 0.164355 9.9973E-05 0.0918712 0.135276 9.9973E-05
0.518952 9.9973E-05 0.071299 9.9973E-05 9.9973E-05 0.285479 0.123971
0.519447 9.9982E-05 0.0822599 9.9982E-05 0.0545109 0.325783 0.0177985
0.0868899 9.9973E-05 9.9973E-05 0.522565 0.292762 0.0974838 9.9973E-05
9.9991E-05 0.0411402 0.0982388 0.46181 0.349981 0.00484903 0.043881
9.9982E-05 0.0567074 0.097187 0.477826 0.217935 0.150144 9.9982E-05
0.0161413 9.9982E-05 0.138348 0.348902 0.186678 0.309731 9.9982E-05
9.9991E-05 0.0111947 0.239619 0.0784925 0.11523 0.540014 0.0153495
0.0448133 0.0436675 9.9982E-05 0.601149 0.239336 0.0708342 9.9982E-05
9.9982E-05 9.9982E-05 0.0393562 0.571093 0.28239 0.0601444 0.0468163
9.9973E-05 9.9973E-05 9.9973E-05 0.428537 0.310093 0.162516 0.0985544
9.9973E-05 0.0661557 9.9973E-05 0.290546 0.54746 9.9973E-05 0.0955385
0.0230005 9.9991E-05 0.122517 0.695452 0.0747401 0.0193847 0.0648058
9.9973E-05 9.9973E-05 0.0687286 0.401689 0.438882 0.0904013 9.9973E-05
9.9964E-05 9.9964E-05 0.0312837 9.9964E-05 0.778712 9.9964E-05 0.189604
0.0500759 0.074975 0.0299402 0.448791 0.102731 0.238481 0.055006
0.0129183 9.9982E-05 0.022915 0.254075 0.497278 9.9982E-05 0.212614
9.9964E-05 9.9964E-05 9.9964E-05 0.549567 0.387695 9.9964E-05 0.0623385
0.0249807 9.9982E-05 0.10787 0.0538611 0.689923 0.123165 9.9982E-05
0.049316 0.00423039 0.842076 0.0260584 9.9982E-05 9.9982E-05 0.0781197
0.0256393 9.9973E-05 0.822951 0.0506786 9.9973E-05 9.9973E-05 0.100431
9.9982E-05 0.00185423 0.932129 0.0329168 0.0030236 9.9982E-05 0.0298767
0.0566821 9.9973E-05 0.858963 9.9973E-05 0.0828658 9.9973E-05 0.0011895
9.9991E-05 0.0196639 0.821156 0.0327374 0.0125245 0.0363606 0.0774578
9.9964E-05 0.071358 0.857928 0.0703142 9.9964E-05 9.9964E-05 9.9964E-05
0.858123 0.0400288 9.9964E-05 0.101448 9.9964E-05 9.9964E-05 9.9964E-05
0.817814 0.0442276 0.035259 0.0531419 9.9982E-05 0.0493572 9.9982E-05
0.750816 0.0962839 9.9973E-05 0.126354 9.9973E-05 9.9973E-05 0.0262453
0.750935 0.0993984 0.00841244 0.0227991 9.9982E-05 0.118255 9.9982E-05
0.761106 0.0876401 9.9982E-05 0.106728 9.9982E-05 0.00331576 0.0410108
0.374425 9.9973E-05 0.424836 9.9973E-05 9.9973E-05 0.163616 0.0368237
0.451948 9.9982E-05 0.39694 9.9982E-05 0.0539574 0.0160466 0.0809086
0.414485 0.00330646 0.361723 9.9991E-05 0.0559292 0.125798 0.0386581
0.814435 9.9964E-05 9.9964E-05 0.159392 9.9964E-05 0.025773 9.9964E-05
0.355656 9.9982E-05 0.463512 9.9982E-05 0.0917326 0.0762249 0.012675
0.170808 0.347635 9.9973E-05 0.286595 9.9973E-05 9.9973E-05 0.194661
0.136421 0.283276 0.0460138 0.388268 0.0562981 0.0896233 9.9991E-05
0.190936 0.21901 9.9964E-05 0.589654 9.9964E-05 9.9964E-05 9.9964E-05
0.201083 0.263809 0.0156455 0.32099 0.107499 9.9991E-05 0.0908731
0.186111 0.110386 0.0809175 0.464843 0.0639243 0.0428731 0.050945
0.453896 0.2645 9.9964E-05 9.9964E-05 9.9964E-05 9.9964E-05 0.281204
9.9982E-05 9.9982E-05 0.129014 0.417084 0.097334 0.33619 0.0201787
9.9991E-05 0.000785541 0.0588456 0.34685 0.102446 0.262203 0.228769
0.114382 9.9973E-05 0.0292763 0.157591 9.9973E-05 0.698451 9.9973E-05
9.9982E-05 9.9982E-05 0.0129654 0.489913 0.147708 0.226104 0.123109
9.9973E-05 9.9973E-05 0.00286349 9.9973E-05 0.185264 0.236685 0.574887
0.16275 0.0341586 0.0650754 0.528905 9.9991E-05 0.119668 0.0893436
0.0848424 9.9982E-05 0.0428254 0.442259 9.9982E-05 0.319655 0.110219
0.0298166 9.9982E-05 0.0372128 0.240431 0.0842016 0.608138 9.9982E-05
0.0848412 0.0736423 0.0944238 0.432065 0.0808612 0.202938 0.0312285
9.9973E-05 9.9973E-05 9.9973E-05 0.11577 0.112317 0.504581 0.267032
9.9991E-05 0.0977997 0.0450716 0.413016 0.0322819 0.260233 0.151497
9.9991E-05 0.0121255 0.088741 0.489932 0.114881 0.262537 0.0316839
0.103897 0.210896 0.0612289 0.294783 0.0639889 0.180891 0.0843148
9.9973E-05 9.9973E-05 0.0622192 0.382201 9.9973E-05 0.427727 0.127554
9.9982E-05 0.0195115 0.166918 0.433059 9.9982E-05 0.30725 0.0730618
9.9982E-05 0.0226372 0.0288196 0.487582 9.9982E-05 0.239593 0.221168
0.0312685 9.9991E-05 0.0717911 0.538221 0.0972592 0.146216 0.115144
9.9982E-05 0.171924 0.0363719 0.479951 0.184144 0.127409 9.9982E-05
0.053239 0.107788 0.0109443 0.437931 0.0921114 0.297886 9.9991E-05
0.101838 9.9982E-05 0.0270612 0.585636 0.015033 0.270232 9.9982E-05
0.716557 0.161208 9.9964E-05 0.121835 9.9964E-05 9.9964E-05 9.9964E-05
0.828925 0.0367538 9.9973E-05 0.111728 9.9973E-05 9.9973E-05 0.0222937
0.744145 0.0101939 0.0511039 0.0547533 0.0284881 0.0379426 0.0733731
0.795951 0.0220773 0.0710936 0.0141315 0.0965466 9.9982E-05 9.9982E-05
0.842081 9.9964E-05 9.9964E-05 0.140279 9.9964E-05 9.9964E-05 0.0172408
9.9973E-05 0.0630089 0.116095 0.100799 9.9973E-05 0.719797 9.9973E-05
0.0929008 0.0236864 9.9991E-05 0.455582 0.0105555 0.283409 0.133766
0.191376 0.17114 0.0246263 0.380817 0.0386259 9.9991E-05 0.193315
0.0695553 9.9982E-05 0.0213379 0.679626 9.9982E-05 0.185397 0.0438838
0.0331053 0.0314166 0.149856 0.470884 0.0899787 0.224659 9.9991E-05
9.9982E-05 0.057712 0.0916555 0.170389 9.9982E-05 0.397943 0.282101
0.150503 9.9973E-05 0.0807584 9.9973E-05 9.9973E-05 0.643895 0.124544
0.0198652 0.043281 0.193801 0.42575 0.0220677 0.295135 9.9991E-05
0.0889879 0.00251991 0.181354 0.0796389 0.0944326 0.524782 0.0282842
0.0202763 0.205203 0.0451757 0.294837 0.100718 0.244432 0.0893578
0.16048 9.9982E-05 0.0502491 0.0212081 0.0709406 0.696922 9.9982E-05
0.0712169 0.0157513 0.0314294 0.637999 0.0843976 0.159105 9.9991E-05
0.0830468 0.00100695 0.076114 0.12738 0.0529237 0.659429 9.9991E-05
0.0359727 9.9982E-05 9.9982E-05 0.345038 0.0231432 0.497826 0.0978199
0.0263753 0.121162 0.107826 0.464263 0.012562 0.145379 0.122433
9.9973E-05 9.9973E-05 0.0869975 0.322607 9.9973E-05 0.0977319 0.492363
0.0364415 9.9991E-05 0.00974211 0.552985 0.0366188 0.153753 0.21036
0.156271 0.0286941 0.0406832 0.488932 0.0382625 0.0815439 0.165613
9.9982E-05 9.9982E-05 0.150173 0.355273 0.0463759 0.0503237 0.397654
0.00879256 0.100964 0.0975369 0.555538 9.9991E-05 0.101299 0.13577
9.9973E-05 9.9973E-05 0.0497171 0.569002 0.0882604 9.9973E-05 0.29272
9.9982E-05 9.9982E-05 0.135619 0.175499 0.0425244 0.011562 0.634596
9.9964E-05 9.9964E-05 0.0394639 0.321454 9.9964E-05 9.9964E-05 0.638683
9.9964E-05 9.9964E-05 0.17571 0.48585 9.9964E-05 9.9964E-05 0.338041
9.9982E-05 9.9982E-05 0.108644 0.161056 0.177605 0.0564325 0.496063
9.9973E-05 9.9973E-05 0.117341 0.518952 9.9973E-05 0.140146 0.223261
0.0525624 0.051661 0.0232496 9.9982E-05 0.110704 0.761622 9.9982E-05
9.9982E-05 9.9982E-05 0.0356956 0.155201 0.127637 0.439292 0.241974
0.048922 0.0952442 0.0437919 0.308589 0.0464269 0.456926 9.9991E-05
0.0314307 0.0883743 0.0825769 0.532169 0.0661183 0.199231 9.9991E-05
9.9982E-05 9.9982E-05 0.10024 0.184555 0.160613 0.527838 0.0265537
0.0968016 0.0809745 9.9991E-05 0.443161 0.00512727 0.165647 0.208188
0.00113674 0.108822 0.206331 0.510452 0.0630343 0.110124 9.9991E-05
9.9982E-05 0.0761944 0.0437278 0.456277 9.9982E-05 0.348711 0.0748893
0.00937895 0.101868 0.0866362 0.404081 0.0593125 0.338623 9.9991E-05
0.0129402 0.0151576 0.144646 0.396766 0.0646482 0.365743 9.9991E-05
9.9982E-05 0.0656784 0.0929891 0.171522 0.0902598 0.579351 9.9982E-05
9.9982E-05 0.0789121 0.101746 0.278401 0.0259969 0.514744 9.9982E-05
9.9982E-05 0.0742083 0.0250159 0.552825 0.0803357 0.267415 9.9982E-05
0.0347275 0.0739909 0.0359367 0.559329 0.0127214 0.283195 9.9991E-05
0.0612526 9.9991E-05 0.0797713 0.37841 0.0424704 0.285826 0.15217
9.9982E-05 0.103964 0.0328945 0.422458 0.12558 0.314904 9.9982E-05
0.0563641 0.148172 0.0639888 0.203011 9.9982E-05 0.528264 9.9982E-05
0.0374804 0.0531695 0.0233144 0.603063 0.0035104 0.254225 0.0252372
0.0352249 0.109355 0.104858 0.39907 0.0437489 0.294874 0.0128692
0.045539 0.0671626 0.0865192 0.467093 9.9991E-05 0.270749 0.0628375
0.353003 0.0970713 9.9982E-05 0.396903 0.050006 0.102817 9.9982E-05
0.126658 0.266738 9.9991E-05 0.374596 0.200003 0.0127385 0.0191667
0.129303 0.0997958 9.9991E-05 0.484986 0.035745 0.143918 0.106153
0.0347043 0.131533 9.9991E-05 0.61571 0.0115627 0.11114 0.0952497
0.213629 0.124289 9.9982E-05 0.476594 9.9982E-05 0.166638 0.0186495
9.9982E-05 0.0130126 9.9982E-05 0.381898 0.0886729 0.369697 0.146519
0.179429 0.111437 0.0260697 0.506808 0.00209966 0.115494 0.058663
0.223207 0.172645 9.9982E-05 9.9982E-05 0.100151 0.0646037 0.439193
0.0965712 0.211027 9.9991E-05 0.419251 0.0491596 0.197174 0.026718
0.0636201 0.209808 0.0212303 0.447897 0.0654398 0.100211 0.0917939
0.0705543 0.190966 9.9982E-05 0.475918 9.9982E-05 0.202305 0.0600564
0.169018 0.129732 9.9991E-05 0.269167 0.0181627 0.187429 0.226391
0.219025 0.057752 0.0662936 0.592724 9.9982E-05 9.9982E-05 0.0640054
0.180882 0.0927741 0.0181735 0.577847 9.9991E-05 0.0520227 0.0782006
0.438764 0.178017 9.9964E-05 9.9964E-05 9.9964E-05 9.9964E-05 0.382819
0.23327 0.170175 9.9982E-05 0.447785 0.0128488 0.135721 9.9982E-05
0.192384 0.127287 0.0202894 0.569436 0.0214152 9.9991E-05 0.0690882
0.081663 0.0956236 9.9991E-05 0.643809 0.0502964 0.0662652 0.0622426
0.218125 0.129171 9.9982E-05 0.592425 9.9982E-05 0.0109519 0.0491272
0.168328 0.13275 0.0523838 0.492601 0.0235212 0.115311 0.0151059
0.0333686 9.9991E-05 0.0150168 0.471375 0.158682 0.0882812 0.233176
0.105974 0.0839003 9.9991E-05 0.491334 0.165985 0.0421067 0.1106
9.9973E-05 9.9973E-05 9.9973E-05 0.00359536 0.216715 0.279604 0.499786
9.9973E-05 9.9973E-05 0.0190329 9.9973E-05 0.243572 0.19474 0.542355
0.033754 0.0756451 9.9991E-05 0.461257 0.04672 0.303427 0.0790974
0.155682 0.330007 9.9982E-05 0.350333 9.9982E-05 0.0211559 0.142623
0.105019 0.289175 9.9991E-05 0.357879 0.0586334 0.00279281 0.186401
0.216072 0.255683 9.9982E-05 0.203621 9.9982E-05 0.0291029 0.295322
0.197487 0.199499 9.9973E-05 0.422711 9.9973E-05 9.9973E-05 0.180003
0.0477905 0.0749312 9.9991E-05 0.140707 0.0128528 0.0478369 0.675782
0.104228 0.0751391 9.9982E-05 0.307163 0.0359958 9.9982E-05 0.477274
9.9982E-05 0.0889638 9.9982E-05 0.550865 0.109942 0.105239 0.14479
0.0377584 0.0853433 0.0121075 0.549341 0.0675368 9.9991E-05 0.247813
0.0175529 0.0664196 9.9991E-05 0.340839 0.00219099 0.107144 0.465754
0.0416264 0.0790994 9.9991E-05 0.526821 0.0400691 0.0718166 0.240467
9.9982E-05 0.110405 0.0333317 0.514338 0.107401 9.9982E-05 0.234325
0.151931 0.131992 9.9982E-05 0.443739 9.9982E-05 0.136679 0.135458
9.9982E-05 9.9982E-05 0.042823 0.360775 0.167249 0.102368 0.326586
9.9982E-05 0.0013775 9.9982E-05 0.346133 0.157031 0.23732 0.257939
0.0261715 0.0614723 0.0540119 0.489309 0.0312458 0.132401 0.205389
0.0497452 0.0402974 0.181645 0.410384 0.162122 0.00125042 0.154556
0.0189356 0.0902455 0.0184307 0.475528 0.076322 0.118683 0.201856
9.9982E-05 9.9982E-05 0.00592096 0.478233 0.140512 0.0212659 0.353868
9.9982E-05 9.9982E-05 0.0944651 0.280124 0.0808284 0.0803205 0.464062
0.027416 9.9982E-05 0.0172324 0.630046 0.184036 9.9982E-05 0.14107
9.9973E-05 9.9973E-05 9.9973E-05 0.257464 0.190974 0.181617 0.369645
9.9973E-05 9.9973E-05 0.0920193 0.490161 0.124005 9.9973E-05 0.293515
0.109832 9.9991E-05 0.037735 0.59136 0.144003 0.000831615 0.116138
9.9982E-05 9.9982E-05 0.0772455 0.534345 0.207559 0.0103123 0.170339
0.161636 0.168734 9.9982E-05 0.495097 9.9982E-05 0.110691 0.0636418
0.109308 0.0770916 0.0852245 0.361854 0.0398246 0.10277 0.223927
0.115064 0.277882 0.0864954 0.283326 0.0301194 0.0299282 0.177186
0.092545 0.219255 0.0857401 0.299925 9.9991E-05 0.171609 0.130827
0.129232 0.187861 0.0223367 0.403397 9.9991E-05 0.134363 0.12271
0.188282 0.0958925 0.0437097 0.411868 0.10381 9.9991E-05 0.156338
0.128488 0.161314 0.083969 9.9982E-05 0.0579617 9.9982E-05 0.568067
0.0385607 0.193069 0.0857543 0.577207 9.9982E-05 9.9982E-05 0.105209
0.335939 0.142638 9.9964E-05 9.9964E-05 9.9964E-05 9.9964E-05 0.521023
0.0522755 0.187503 9.9991E-05 0.522141 0.0777587 0.0451685 0.115054
9.9964E-05 9.9964E-05 9.9964E-05 0.157181 0.311583 9.9964E-05 0.530836
9.9964E-05 9.9964E-05 9.9964E-05 9.9964E-05 0.356517 0.149985 0.493097
9.9973E-05 9.9973E-05 9.9973E-05 0.491195 0.157579 0.177283 0.173643
0.00841171 0.0425694 9.9991E-05 0.531558 0.125061 0.0873808 0.204919
9.9973E-05 9.9973E-05 9.9973E-05 0.408107 0.133909 0.154714 0.30297
9.9982E-05 0.031337 9.9982E-05 0.495936 0.279768 0.0101862 0.182573
9.9982E-05 9.9982E-05 0.0274922 0.561847 0.183444 0.00602543 0.220991
0.788131 0.0566287 0.0363295 0.104799 9.9991E-05 0.00713226 0.00688
0.719482 0.120513 0.102293 9.9982E-05 9.9982E-05 0.0257349 0.0317766
0.892095 0.075232 0.0322732 9.9964E-05 9.9964E-05 9.9964E-05 9.9964E-05
0.935593 9.9964E-05 9.9964E-05 0.0606283 9.9964E-05 9.9964E-05 0.0033788
0.0384449 0.0638612 0.0111491 0.414914 0.347401 0.0817986 0.0424305
0.0502312 0.0818579 9.9982E-05 0.373341 0.474597 0.019773 9.9982E-05
0.0151213 9.9982E-05 0.031175 0.477096 0.433806 0.0426025 9.9982E-05
0.0867393 9.9982E-05 9.9982E-05 0.546738 0.198081 0.158323 0.00991984
0.0241544 0.0755902 0.123849 0.434697 0.261351 0.0150525 0.0653064
0.0143991 0.0258779 0.0440341 0.180161 0.55187 0.129989 0.0536688
9.9973E-05 0.0231862 0.0421076 0.500148 0.434258 9.9973E-05 9.9973E-05
9.9964E-05 9.9964E-05 9.9964E-05 0.350354 0.485623 9.9964E-05 0.163623
0.329807 0.168373 9.9973E-05 0.49507 0.00645019 9.9973E-05 9.9973E-05
9.9991E-05 0.0923273 0.0378297 0.361518 0.380449 0.0360952 0.0916815
0.0316854 9.9982E-05 0.0653229 0.289458 0.612267 0.00106654 9.9982E-05
9.9982E-05 0.00560309 9.9982E-05 0.51422 0.328833 0.110932 0.0402113
0.0271783 9.9982E-05 0.0352075 0.379676 0.549175 0.00856301 9.9982E-05
9.9973E-05 9.9973E-05 0.0169656 0.627253 0.322317 9.9973E-05 0.0331643
0.0287209 0.0489247 9.9982E-05 0.4978 0.416409 0.00794533 9.9982E-05
9.9964E-05 9.9964E-05 9.9964E-05 0.0407702 0.91479 9.9964E-05 0.0440399
0.0173867 0.0132325 9.9982E-05 0.271409 0.510784 9.9982E-05 0.186988
9.9973E-05 0.0154863 0.0806067 0.313841 0.589766 9.9973E-05 9.9973E-05
9.9955E-05 9.9955E-05 9.9955E-05 9.9955E-05 0.703854 9.9955E-05 0.295646
9.9982E-05 9.9982E-05 0.0239375 0.395153 0.447439 0.0634518 0.0698185
9.9973E-05 9.9973E-05 0.00418771 0.0804219 0.64701 9.9973E-05 0.26808
9.9955E-05 9.9955E-05 9.9955E-05 9.9955E-05 0.682222 9.9955E-05 0.317278
0.0605299 0.038773 9.9982E-05 0.500934 0.352948 0.0466152 9.9982E-05
0.0707998 0.0298974 9.9982E-05 0.112391 0.667097 0.119615 9.9982E-05
9.9982E-05 0.0334879 0.0721964 0.342964 0.479373 0.0717788 9.9982E-05
0.0643057 0.106774 9.9982E-05 0.544788 0.239213 0.0447197 9.9982E-05
9.9982E-05 9.9982E-05 0.0432105 0.498865 0.442339 0.000940685 0.0144445
9.9973E-05 0.0881123 9.9973E-05 0.292183 9.9973E-05 0.466611 0.152793
9.9982E-05 0.0693792 0.0235401 0.502603 0.333408 0.0708702 9.9982E-05
0.0564961 0.0108214 0.066777 0.388333 0.365897 0.111575 9.9991E-05
9.9973E-05 9.9973E-05 0.00419557 0.270116 0.695223 9.9973E-05 0.0301657
0.0662499 0.0565 0.164616 0.396908 0.290966 9.9991E-05 0.0246597
0.647694 9.9982E-05 0.159616 0.00522818 9.9982E-05 0.147261 0.0400007
0.762148 9.9991E-05 0.0476821 0.0749648 0.0305584 0.0297229 0.0548236
0.828516 9.9973E-05 0.059745 9.9973E-05 9.9973E-05 0.0677338 0.0437057
0.787632 9.9973E-05 0.125072 9.9973E-05 9.9973E-05 0.067882 0.0191146
0.713851 9.9982E-05 0.15608 9.9982E-05 0.033989 0.0548645 0.0410164
9.9982E-05 0.112625 0.0127576 0.0144939 0.680701 0.179222 9.9982E-05
0.0820832 9.9991E-05 0.0249878 0.0796085 0.73038 0.00669515 0.0761452
9.9964E-05 9.9964E-05 9.9964E-05 0.0938663 0.817861 9.9964E-05 0.0878731
0.0458795 0.120726 0.0806909 0.446604 0.203421 0.070541 0.0321373
0.0905747 0.0343569 0.117304 0.549019 0.208545 9.9982E-05 9.9982E-05
9.9973E-05 0.00852181 9.9973E-05 0.347074 0.553664 9.9973E-05 0.0904398
0.0194383 0.0672696 0.0116899 0.505096 0.395781 0.000625231 9.9991E-05
0.0259309 0.012835 0.0145501 0.458599 0.487885 9.9982E-05 9.9982E-05
9.9973E-05 9.9973E-05 9.9973E-05 0.512251 0.254706 0.147064 0.0856798
0.0151761 0.0181373 0.125798 0.529298 0.311391 9.9982E-05 9.9982E-05
9.9982E-05 0.028817 0.0712794 0.167822 0.651344 0.0805376 9.9982E-05
9.9973E-05 9.9973E-05 0.0423926 0.337116 0.583601 0.0365905 9.9973E-05
9.9982E-05 0.0130188 0.118516 0.288601 0.555886 0.0237768 9.9982E-05
0.0734417 9.9982E-05 0.081016 0.604905 9.9982E-05 0.0393619 0.201076
0.0470869 9.9982E-05 0.0138525 0.336447 0.574087 0.028326 9.9982E-05
0.041314 0.0584983 0.0098254 0.322397 0.557449 0.0104165 9.9991E-05
0.0307306 0.354976 0.0932477 0.486794 9.9982E-05 9.9982E-05 0.0340511
0.103736 0.395967 9.9973E-05 0.3599 9.9973E-05 9.9973E-05 0.140097
0.175318 0.377667 9.9964E-05 0.446615 9.9964E-05 9.9964E-05 9.9964E-05
0.10621 0.416991 9.9982E-05 0.348852 9.9982E-05 0.0262494 0.101498
0.0939091 0.297998 0.101534 0.445881 9.9991E-05 0.0108103 0.0497678
0.00519674 0.0895293 9.9982E-05 0.399284 0.351776 9.9982E-05 0.154014
0.277438 0.637844 0.0241723 0.0602456 9.9973E-05 9.9973E-05 9.9973E-05
0.166214 0.458958 0.0406992 0.279914 0.0159463 9.9991E-05 0.038168
0.100993 0.163002 0.0986135 0.370925 0.101286 0.0634115 0.101769
0.121514 9.9982E-05 9.9982E-05 0.56106 0.0226736 0.0912579 0.203295
0.117253 9.9991E-05 0.0938666 0.447297 0.0412809 0.053642 0.24656
0.169577 0.0411119 0.128592 0.601391 9.9991E-05 0.012177 0.0470514
0.0327547 0.0838223 0.122329 0.558814 0.0798219 0.0171815 0.105276
0.213954 0.423099 9.9964E-05 0.362547 9.9964E-05 9.9964E-05 9.9964E-05
0.137822 0.347583 9.9982E-05 0.330099 0.0404936 0.143802 9.9982E-05
0.0769763 0.447365 9.9964E-05 0.475259 9.9964E-05 9.9964E-05 9.9964E-05
0.134033 0.186978 0.0602358 0.486188 0.0637155 9.9991E-05 0.0687493
0.171746 0.469672 9.9973E-05 0.303741 9.9973E-05 9.9973E-05 0.0545409
0.11032 0.271896 0.0387222 0.436425 0.131346 9.9991E-05 0.0111911
0.156776 0.571976 9.9982E-05 0.189237 9.9982E-05 0.00362609 0.0781856
0.0820833 0.379499 9.9982E-05 0.400657 9.9982E-05 0.10478 0.0327807
0.0448304 0.0280945 0.0409527 0.526515 0.0696824 9.9991E-05 0.289825
0.171297 0.377646 0.0295085 0.342139 0.0422824 0.0357029 0.00142353
0.189782 0.631937 0.00745935 0.158139 9.9982E-05 9.9982E-05 0.0124827
0.136905 0.371292 0.0986279 0.258835 0.0946762 0.039564 9.9991E-05
0.153315 9.9991E-05 0.191666 0.21079 0.097361 0.144542 0.202227
0.0254679 0.0262465 9.9982E-05 0.612413 9.9982E-05 0.141713 0.19396
0.122994 0.292731 0.0679634 0.384615 9.9982E-05 0.131496 9.9982E-05
0.0755588 0.00933216 0.0590022 0.67246 9.9991E-05 0.0473934 0.136154
0.157905 9.9982E-05 0.080996 0.568449 0.0629956 9.9982E-05 0.129454
0.188142 0.221568 0.00363877 0.356698 0.0733511 9.9991E-05 0.156503
0.270805 0.217656 9.9991E-05 0.358797 0.033638 0.101392 0.0176119
0.0499393 0.0978474 0.176109 0.478129 0.0937055 9.9991E-05 0.10417
0.142819 0.336372 9.9982E-05 0.35073 0.02504 0.144839 9.9982E-05
0.0695212 0.485445 9.9973E-05 0.318818 9.9973E-05 9.9973E-05 0.125916
0.239765 0.534664 9.9973E-05 0.192407 9.9973E-05 9.9973E-05 0.0328643
0.18621 0.0631083 0.0658752 0.54755 0.0636241 9.9991E-05 0.0735323
0.0970975 9.9991E-05 0.121563 0.461258 0.168177 0.0016733 0.150132
0.0740525 0.0430804 0.0765428 0.156085 0.0839454 9.9991E-05 0.566194
0.10087 0.0317346 0.112373 0.608526 9.9982E-05 9.9982E-05 0.146296
0.10957 0.0956531 0.0500294 0.293649 0.016321 0.304213 0.130564
0.22071 0.0719027 9.9991E-05 0.516215 0.0157414 0.0289103 0.146421
0.106117 0.0295966 0.0772584 0.417653 0.0249976 0.179057 0.165321
0.273607 0.197383 9.9964E-05 9.9964E-05 9.9964E-05 9.9964E-05 0.52861
0.266787 0.121675 9.9964E-05 9.9964E-05 9.9964E-05 9.9964E-05 0.611139
0.0955924 0.195818 9.9982E-05 0.201179 9.9982E-05 0.073493 0.433718
0.281601 0.216348 9.9982E-05 0.0256948 9.9982E-05 0.0182339 0.457922
0.394853 0.218933 9.9964E-05 9.9964E-05 9.9964E-05 9.9964E-05 0.385814
0.113972 0.0978169 0.0594056 0.430743 9.9982E-05 9.9982E-05 0.297862
0.200026 0.164945 9.9982E-05 0.373881 0.110243 9.9982E-05 0.150705
0.260835 0.205419 0.00723831 0.166387 0.0383958 9.9991E-05 0.321624
0.254596 0.183407 9.9973E-05 0.097102 9.9973E-05 9.9973E-05 0.464595
0.114731 0.130361 0.0239208 0.494436 9.9991E-05 0.12194 0.114511
0.210087 0.113022 9.9982E-05 0.197383 9.9982E-05 0.00310062 0.476208
0.423851 0.0612857 9.9964E-05 9.9964E-05 9.9964E-05 9.9964E-05 0.514463
0.1933 0.0493258 9.9982E-05 0.558407 9.9982E-05 0.184383 0.0143835
0.139002 0.261579 9.9982E-05 0.281655 9.9982E-05 0.0608657 0.256698
0.303803 0.196962 9.9991E-05 0.37377 0.0591831 0.0542205 0.0119618
0.128988 0.255571 0.00350226 0.576175 9.9991E-05 0.00604658 0.0296171
0.112273 0.170237 0.00959359 0.538162 0.0195046 0.107518 0.0427116
0.131895 0.294372 0.0116915 0.413715 9.9991E-05 0.0674059 0.0808196
0.369931 0.203424 9.9982E-05 0.324673 9.9982E-05 0.0907145 0.0110573
0.208904 0.14497 9.9982E-05 0.551433 9.9982E-05 0.0680596 0.026433
0.254007 0.154558 0.0358924 0.555243 9.9973E-05 9.9973E-05 9.9973E-05
0.21909 0.240344 0.069637 0.33624 9.9991E-05 0.060881 0.073707
0.209612 0.106875 0.0145468 0.260077 0.330806 0.0717495 0.00633308
0.172401 0.0970438 0.111641 0.511758 0.106956 9.9982E-05 9.9982E-05
0.169984 0.0813067 0.0285772 0.598571 9.9991E-05 0.0782092 0.0432519
0.106076 0.147683 0.00227756 0.534011 0.137091 0.0727603 9.9991E-05
0.247409 0.236711 0.0707761 0.387623 9.9982E-05 9.9982E-05 0.057281
0.16709 0.195669 0.0511588 0.510016 0.015198 9.9991E-05 0.0607679
0.345792 0.26569 9.9991E-05 0.121149 0.0317912 0.00397475 0.231503
0.156891 0.263967 0.11216 0.416376 0.050406 9.9982E-05 9.9982E-05
0.283725 0.305042 9.9982E-05 0.226558 9.9982E-05 0.000419546 0.184056
0.754249 0.0115323 0.111958 9.9982E-05 0.0470903 9.9982E-05 0.0749703
0.044646 0.0203982 0.574062 0.0795664 9.9991E-05 0.271378 0.00984914
9.9955E-05 9.9955E-05 0.828589 9.9955E-05 9.9955E-05 0.170911 9.9955E-05
9.99622E-05 9.99622E-05 0.786193 9.99622E-05 9.99622E-05 0.213307 9.99622E-05
9.9964E-05 9.9964E-05 0.807276 0.0321207 9.9964E-05 0.160203 9.9964E-05
9.9973E-05 0.0439023 0.840934 0.018311 9.9973E-05 0.0965528 9.9973E-05
9.9964E-05 9.9964E-05 0.842469 0.0777388 9.9964E-05 0.0793924 9.9964E-05
0.0527753 9.9964E-05 0.716898 9.9964E-05 9.9964E-05 0.229927 9.9964E-05
0.142732 0.0216755 0.695145 9.9973E-05 9.9973E-05 0.140148 9.9973E-05
0.880409 0.0177195 0.000827076 0.0913449 9.9982E-05 0.00949953 9.9982E-05
0.800009 9.9973E-05 0.0813553 0.0810438 9.9973E-05 0.037292 9.9973E-05
0.877926 0.0334865 0.0383749 0.0483845 0.0016284 9.9982E-05 9.9982E-05
0.806578 9.9973E-05 9.9973E-05 0.0255207 9.9973E-05 0.117663 0.0499383
0.87436 0.0542172 9.998E-05 0.0504252 9.998E-05 0.0206975 9.998E-05
0.885459 0.0177312 0.0668118 9.9973E-05 0.0296978 9.9973E-05 9.9973E-05
0.704459 0.154885 0.0310416 9.9982E-05 0.0888876 9.9982E-05 0.0205275
0.879708 0.0478077 9.9964E-05 0.0720846 9.9964E-05 9.9964E-05 9.9964E-05
0.676592 0.108947 0.104721 9.9991E-05 0.0819868 0.0222312 0.00542261
0.920222 0.0591342 9.9964E-05 9.9964E-05 0.0202441 9.9964E-05 9.9964E-05
0.953902 9.9964E-05 0.028402 9.9964E-05 0.0172966 9.9964E-05 9.9964E-05
0.853008 0.0300543 0.00984018 0.0782512 0.0286459 9.9982E-05 9.9982E-05
0.925851 0.00353319 0.0702161 9.9964E-05 9.9964E-05 9.9964E-05 9.9964E-05
0.886691 0.0175398 0.0271819 0.0682877 9.9973E-05 9.9973E-05 9.9973E-05
0.844824 0.0499938 0.0110276 0.0486091 0.0453454 9.9982E-05 9.9982E-05
0.851537 0.04528 9.9964E-05 0.102783 9.9964E-05 9.9964E-05 9.9964E-05
0.790073 0.117854 0.00271653 0.0890566 9.9973E-05 9.9973E-05 9.9973E-05
0.775349 0.104451 9.9964E-05 0.1198 9.9964E-05 9.9964E-05 9.9964E-05
0.781902 0.0900577 9.9973E-05 0.0490488 0.078692 9.9973E-05 9.9973E-05
0.15435 9.9982E-05 0.137632 0.450443 0.048205 9.9982E-05 0.20917
9.9973E-05 9.9973E-05 0.128908 0.702299 0.0562028 9.9973E-05 0.112291
0.151546 0.065529 0.104746 0.513681 0.0603559 0.049327 0.054816
0.00330566 9.9982E-05 0.0767879 0.205884 0.0344339 9.9982E-05 0.679388
0.0877814 9.9982E-05 0.0776099 0.589608 9.9982E-05 0.108031 0.13677
0.117397 9.9973E-05 0.0825765 0.134594 9.9973E-05 9.9973E-05 0.665132
0.0534352 0.00110237 0.0843484 0.684461 9.9982E-05 9.9982E-05 0.176453
0.115711 9.9991E-05 0.107332 0.448847 0.0874758 0.059131 0.181404
0.050396 9.9982E-05 0.185018 0.539604 0.0863479 9.9982E-05 0.138434
0.0639962 0.0318399 9.9991E-05 0.39025 0.428069 0.061365 0.0243802
0.0548114 9.9982E-05 0.204855 0.528104 0.0353177 9.9982E-05 0.176711
0.0494252 9.9982E-05 0.0328898 0.586308 0.0916553 9.9982E-05 0.239521
0.0507673 9.9982E-05 0.216235 0.597878 9.9982E-05 0.0441086 0.0908108
9.9982E-05 0.0419113 0.114019 9.9982E-05 0.173771 0.449834 0.220265
9.9973E-05 9.9973E-05 0.177384 0.00449617 0.0174243 9.9973E-05 0.800396
9.9964E-05 9.9964E-05 0.185842 0.191753 9.9964E-05 9.9964E-05 0.622005
0.0463629 0.124875 0.0574511 0.544844 0.0809808 0.0210785 0.124408
0.0957664 9.9982E-05 9.9982E-05 0.555343 0.00679724 0.0711981 0.270695
0.101737 9.9991E-05 0.0782088 0.507403 0.0166944 0.0149598 0.280897
0.0448502 0.0266029 9.9982E-05 0.689535 0.127567 9.9982E-05 0.111245
