0.825483 0.0371701 0.0311028 0.0189246 9.9982E-05 0.0871191 9.9982E-05
0.908455 0.0334931 9.9973E-05 9.9973E-05 9.9973E-05 0.0449418 0.0128104
0.778847 0.047161 9.9982E-05 0.0624298 0.0488247 0.0625378 9.9982E-05
0.742827 0.0886903 9.9982E-05 0.127236 0.00031089 0.0407356 9.9982E-05
0.863449 9.9964E-05 9.9964E-05 0.0229734 0.113177 9.9964E-05 9.9964E-05
0.620615 0.041555 0.0287757 0.0330041 0.104157 0.00351087 0.168382
0.818999 0.0377424 9.9973E-05 9.9973E-05 9.9973E-05 0.0450093 0.0979494
0.692111 0.104961 9.9982E-05 0.0188095 9.9982E-05 0.0663365 0.117582
0.801748 0.0381265 0.0293993 9.9982E-05 9.9982E-05 0.0356354 0.0948908
0.648434 9.9982E-05 9.9982E-05 0.0378536 0.139883 0.0523092 0.121321
0.723063 0.0928364 9.9982E-05 9.9982E-05 0.00854467 0.00652646 0.16883
9.9982E-05 0.4131 0.236916 0.0939142 0.250515 0.00535549 9.9982E-05
9.999E-05 0.292265 0.0406436 0.133477 0.488074 0.0107099 0.0347309
9.999E-05 0.402905 0.123283 0.121375 0.225984 0.0439179 0.0824349
0.0208292 0.306364 0.147372 0.203373 0.274413 0.00863633 0.0390126
0.0997098 0.216953 0.171525 0.13352 0.304356 0.024948 0.0489887
0.0398072 0.175715 0.0823381 0.127619 0.503439 0.0246462 0.0464361
9.9991E-05 0.163511 0.232793 0.0578652 0.424213 0.0402485 0.0812685
0.0752985 0.349855 0.133671 0.156505 0.249568 0.0319428 0.00316028
0.0263805 0.597089 0.159012 0.0879035 0.0033893 0.062328 0.0638982
9.999E-05 0.265534 0.214393 0.137254 0.337499 0.00589467 0.039326
0.0727379 0.140633 0.230476 0.128244 0.337683 0.0110583 0.0791683
0.0725368 0.155465 0.182656 0.0338417 0.514173 0.0086453 0.0326823
0.0129421 0.335188 0.205109 0.124596 0.226608 0.0451257 0.0504328
0.0372293 0.176805 0.11117 0.0689434 0.464668 0.0821009 0.0590832
9.999E-05 0.339733 0.0111043 0.117698 0.486094 0.022645 0.0226258
0.0592303 0.378614 0.258663 0.0706834 0.147864 0.0848456 9.9991E-05
0.0219858 0.35478 0.246283 0.215953 0.1051 0.0373355 0.0185626
0.0499545 0.433691 0.0998452 0.0595494 0.271583 9.9991E-05 0.0852771
9.995E-05 9.995E-05 9.995E-05 9.995E-05 9.995E-05 0.9994 9.995E-05
9.995E-05 9.995E-05 9.995E-05 9.995E-05 9.995E-05 0.9994 9.995E-05
0.483551 9.9982E-05 0.0158717 0.031624 0.135381 0.333372 9.9982E-05
0.503623 9.9982E-05 0.094567 0.0985506 0.0113209 0.291739 9.9982E-05
0.0330708 0.121807 0.225026 0.043137 0.515451 0.00989641 0.0516124
0.0378153 0.0767384 0.463868 0.121781 0.251716 0.0479807 9.9991E-05
9.9973E-05 9.9973E-05 0.336457 9.9973E-05 0.623261 0.00983145 0.0301512
0.0262403 0.512847 0.132137 9.9991E-05 0.175376 0.0583924 0.0949072
9.9982E-05 0.0750542 0.628431 0.103061 0.179724 9.9982E-05 0.0135305
0.0787987 0.0680435 0.271088 9.9982E-05 0.564815 0.0170548 9.9982E-05
9.9982E-05 0.057594 0.247797 0.0854046 0.55617 9.9982E-05 0.0528338
0.100494 0.0837255 0.125077 9.9991E-05 0.569897 0.0471349 0.0735715
0.0806076 0.0683107 0.168114 9.9991E-05 0.595258 0.0423724 0.0452367
9.9982E-05 0.112005 0.777482 0.00821295 0.0587201 0.0433796 9.9982E-05
0.0331102 0.070309 0.0898779 0.11617 0.534407 0.0132962 0.142829
0.0391769 0.0365233 0.167467 0.0379792 0.632007 0.00272513 0.0841211
0.142067 9.9991E-05 0.115262 0.0909412 0.549943 0.0456252 0.0560614
9.9964E-05 9.9964E-05 0.760644 9.9964E-05 0.237619 9.9964E-05 0.00133633
0.0412453 9.9982E-05 0.215656 0.0550685 0.659819 0.0280104 9.9982E-05
0.161565 0.0105069 0.179323 0.0162612 0.533807 0.055797 0.042739
0.0765632 9.9964E-05 0.608154 9.9964E-05 9.9964E-05 9.9964E-05 0.314883
9.9973E-05 0.391431 0.157223 9.9973E-05 0.232561 9.9973E-05 0.218485
0.046439 0.149749 0.22546 0.025414 0.0900789 9.9991E-05 0.462759
0.0551355 0.0792505 9.9991E-05 0.0277169 0.616342 0.0187434 0.202712
0.0674851 9.9982E-05 9.9982E-05 0.025907 0.638994 0.0267523 0.240661
0.00314396 0.0729676 0.0837306 0.149191 0.504843 9.9991E-05 0.186024
0.0949302 0.328898 0.18957 9.9991E-05 0.174861 0.0337447 0.177896
0.000102406 0.216576 0.103367 9.9982E-05 0.660541 9.9982E-05 0.0192139
0.00683443 0.135968 0.0679983 0.208469 0.470713 0.00530272 0.104714
0.0456148 0.257382 0.201043 0.00763492 0.355289 0.0549939 0.0780427
0.209265 0.249029 0.148243 0.0342063 0.112163 0.0149647 0.232129
0.0513309 0.0944943 0.132221 0.0132916 0.557804 0.0584829 0.0923752
0.0294553 0.260943 0.0625081 0.0677013 0.360641 0.0423871 0.176364
9.9982E-05 0.437413 0.263226 9.9982E-05 0.0447603 0.0828075 0.171593
9.9991E-05 0.239415 0.117134 0.083994 0.432419 0.0678539 0.0590843
9.9982E-05 0.122035 0.0344476 0.0574452 0.623082 9.9982E-05 0.162789
0.0317699 0.205571 9.9982E-05 9.9982E-05 0.504532 0.10464 0.153287
9.9991E-05 0.255292 0.32923 0.131558 0.195607 0.0469099 0.0413029
9.9991E-05 0.102 0.162478 0.0247725 0.483817 0.0738578 0.152975
0.0621031 0.147507 0.0760876 0.0310764 0.529065 0.067502 0.0866592
9.9982E-05 0.338001 0.278868 9.9982E-05 0.15603 0.0790608 0.14784
9.9964E-05 0.0239033 0.480706 9.9964E-05 0.494991 9.9964E-05 9.9964E-05
9.9982E-05 0.0960693 0.736574 0.00937421 0.143866 0.0139163 9.9982E-05
0.0498117 0.0429608 0.180438 0.103481 0.547884 9.9991E-05 0.0753242
0.00023051 9.9964E-05 0.826008 9.9964E-05 9.9964E-05 9.9964E-05 0.173361
9.9955E-05 9.9955E-05 0.831321 9.9955E-05 9.9955E-05 9.9955E-05 0.16818
9.9955E-05 9.9955E-05 0.732625 9.9955E-05 0.266876 9.9955E-05 9.9955E-05
0.032625 9.9973E-05 0.559726 9.9973E-05 0.392482 0.0148663 9.9973E-05
0.156901 9.9991E-05 0.11182 0.0157581 0.52487 0.0639144 0.126637
9.9982E-05 0.0450911 0.488538 0.0522526 0.343817 0.0701014 9.9982E-05
0.0632614 0.206002 0.635644 0.0486776 0.0462153 9.9982E-05 9.9982E-05
0.0658137 0.203772 0.500594 0.014491 0.21513 9.9982E-05 9.9982E-05
0.0234743 0.135066 0.207977 0.066389 0.507449 0.0432632 0.0163808
9.9973E-05 0.103981 0.585508 0.0344315 0.27578 9.9973E-05 9.9973E-05
9.9973E-05 0.0796937 0.443907 9.9973E-05 0.434034 0.0420652 9.9973E-05
9.9964E-05 9.9964E-05 0.59166 9.9964E-05 0.37134 0.0366003 9.9964E-05
0.0338513 9.9964E-05 0.691593 9.9964E-05 9.9964E-05 9.9964E-05 0.274155
9.9973E-05 9.9973E-05 0.255759 9.9973E-05 0.614067 0.0140898 0.115784
0.795155 0.0404161 9.9982E-05 0.0358747 0.11062 0.017734 9.9982E-05
0.840649 9.9964E-05 9.9964E-05 9.9964E-05 0.0707364 0.0882148 9.9964E-05
0.773103 9.9973E-05 9.9973E-05 0.0450198 0.0570991 0.124478 9.9973E-05
0.81128 9.9982E-05 0.0281406 0.0578521 0.00647568 0.096052 9.9982E-05
0.750415 9.9991E-05 0.00150256 0.0831354 0.0235075 0.123876 0.0174634
0.831431 9.9973E-05 0.0522673 0.0319374 9.9973E-05 0.0840647 9.9973E-05
0.859051 9.9973E-05 9.9973E-05 0.0253082 0.0523671 0.0629737 9.9973E-05
0.0757092 0.00172664 0.218265 0.0160915 0.554584 0.030744 0.102879
0.109258 0.0503745 0.268213 0.0202357 0.504751 9.9991E-05 0.0470677
0.0628574 0.0330679 0.878121 9.9982E-05 0.0182765 9.9982E-05 0.00747686
0.0357297 0.060251 0.274284 0.0221406 0.538116 0.0693785 9.9991E-05
0.0313548 0.0734881 0.474396 9.9973E-05 0.420461 9.9973E-05 9.9973E-05
0.0347113 9.9982E-05 0.367972 0.0136809 0.564291 0.0191452 9.9982E-05
0.0392699 9.9991E-05 0.297785 0.035806 0.479447 0.0132365 0.134356
9.9982E-05 9.9982E-05 0.431816 0.1134 0.430332 0.0147122 0.00953916
0.0757219 0.170623 0.753255 9.9964E-05 9.9964E-05 9.9964E-05 9.9964E-05
0.0186461 0.0898391 0.195075 0.10787 0.452026 0.0109922 0.125551
0.0618397 0.0069989 0.22058 9.9982E-05 0.685325 9.9982E-05 0.025057
0.0440459 0.0423124 0.168478 0.101561 0.600603 0.0429007 9.9991E-05
9.9973E-05 9.9973E-05 0.517378 9.9973E-05 0.312746 0.051834 0.117743
9.9982E-05 9.9982E-05 0.453058 0.0438288 0.408876 0.000658832 0.0933784
0.0456745 0.116968 0.372181 9.9982E-05 0.45647 0.00850539 9.9982E-05
9.9964E-05 9.9964E-05 0.621796 0.116463 0.261341 9.9964E-05 9.9964E-05
0.0661228 0.0962692 0.39041 9.9982E-05 0.428286 0.0187121 9.9982E-05
0.0767395 0.0417652 0.222016 0.00537625 0.601495 0.0525077 9.9991E-05
9.9991E-05 0.320118 0.186996 0.116009 0.171452 0.00148967 0.203835
0.126166 0.288405 0.0354536 0.0663404 0.423005 0.00427169 0.0563577
0.140399 0.22475 9.9982E-05 0.0808772 0.515606 9.9982E-05 0.0381679
0.0768465 0.162256 0.0743972 9.9982E-05 0.615893 9.9982E-05 0.0704072
9.9973E-05 0.362146 9.9973E-05 9.9973E-05 0.520526 0.0565684 0.0604604
9.9982E-05 0.220019 9.9982E-05 0.0912594 0.546568 0.0298684 0.112085
0.0387625 0.332698 0.0485849 9.9982E-05 0.513273 9.9982E-05 0.0664817
0.140565 0.14405 0.0601135 9.9991E-05 0.484602 0.00858297 0.161986
0.143333 0.142948 0.0556386 9.9982E-05 0.645267 9.9982E-05 0.0126132
9.9982E-05 0.176717 0.113238 9.9982E-05 0.62529 0.029121 0.0554335
9.9982E-05 0.344633 0.0552908 9.9982E-05 0.561102 0.0260825 0.0126925
0.0389853 0.0908195 9.9982E-05 0.0669296 0.644628 9.9982E-05 0.158438
0.0483528 0.266136 9.9991E-05 0.0226697 0.607573 0.0318452 0.0233239
9.9982E-05 0.252866 0.164996 0.0327802 0.548057 9.9982E-05 0.00110011
0.0877052 0.230095 9.9973E-05 9.9973E-05 0.572256 9.9973E-05 0.109644
9.9991E-05 0.200247 0.0159184 0.130964 0.510812 0.0497866 0.0921711
0.0977673 0.258233 0.0116216 9.9991E-05 0.37964 0.0245675 0.228071
0.039436 0.140575 0.0443454 0.0777198 0.638506 9.9991E-05 0.0593178
9.9982E-05 0.122789 9.9982E-05 0.0334755 0.714182 0.00808651 0.121267
9.9991E-05 0.417317 0.22587 0.0638529 0.2651 0.0181264 0.00963317
0.0344814 0.229564 0.185615 0.056059 0.147507 0.0210323 0.32574
0.0477892 0.176432 0.136895 9.9982E-05 0.587488 9.9982E-05 0.0511952
9.9982E-05 0.32355 0.133463 0.0332706 0.104162 9.9982E-05 0.405355
0.0532798 0.398728 0.170662 9.9991E-05 0.298256 0.0192011 0.0597731
0.0341002 0.266358 0.251793 9.9982E-05 0.4378 9.9982E-05 0.0097495
9.9982E-05 0.354531 0.21096 9.9982E-05 0.328604 0.0242995 0.0814067
0.000692017 0.422768 0.192809 0.0198914 0.351584 9.9991E-05 0.0121556
9.9991E-05 0.0713237 0.166611 0.0906872 0.499112 0.0605384 0.111627
0.122415 0.170537 0.125263 0.102253 0.479331 9.9982E-05 9.9982E-05
0.0334989 0.190177 0.0697007 0.0182635 0.582644 0.026675 0.0790402
9.9982E-05 0.344837 0.116919 0.0608338 0.177502 9.9982E-05 0.299708
0.155404 0.11795 0.060605 0.0273143 0.524823 9.9991E-05 0.113803
0.0883655 0.0246291 0.0717193 0.0287001 0.498991 9.9991E-05 0.287495
0.135118 0.137503 0.0814334 9.9982E-05 9.9982E-05 0.0112672 0.634479
0.0159653 9.9991E-05 0.104403 0.0480459 0.670972 0.0341224 0.126391
0.148766 0.0174319 0.200771 0.0250185 0.355319 9.9991E-05 0.252593
9.9991E-05 0.093241 0.134545 0.00411373 0.498331 0.0217405 0.247928
0.0458633 0.130953 0.01939 0.0601221 0.235745 0.0281835 0.479743
0.0570908 0.150647 0.0483487 9.9991E-05 0.244519 0.0180563 0.481238
0.0112563 0.12528 0.0819151 9.9982E-05 0.489337 9.9982E-05 0.292012
0.0405023 0.0192957 0.0488311 0.0805281 0.51685 0.0213501 0.272642
0.140358 0.0309831 0.115149 0.0896272 0.348011 0.00216291 0.273708
0.0834197 0.0713771 0.237539 0.174818 9.9991E-05 0.0190445 0.413701
0.0536703 0.0508183 0.166107 0.138056 0.346729 0.0475961 0.197024
9.9973E-05 0.0870906 0.171273 9.9973E-05 0.387999 9.9973E-05 0.353338
9.9982E-05 0.0979279 0.146104 0.00333091 0.535673 9.9982E-05 0.216764
0.223425 0.0509756 0.11411 9.9982E-05 0.566053 9.9982E-05 0.0452355
0.243053 0.0296238 0.0508017 0.283775 0.0885986 0.0684458 0.235702
0.572351 9.9973E-05 9.9973E-05 0.096625 9.9973E-05 0.0104298 0.320294
0.472568 9.9973E-05 9.9973E-05 0.121912 9.9973E-05 0.0148341 0.390386
0.402867 0.0667991 9.9991E-05 0.370272 0.0628013 0.0163528 0.0808072
9.9955E-05 9.9955E-05 9.9955E-05 9.9955E-05 0.734717 9.9955E-05 0.264783
0.08177 0.0746038 0.0189804 9.9991E-05 0.615837 0.00653959 0.202169
9.9973E-05 0.024603 0.0437552 0.739493 0.191849 9.9973E-05 9.9973E-05
9.9982E-05 0.0656896 0.117988 0.439502 0.351133 0.025488 9.9982E-05
0.129134 0.0274107 0.0371959 0.361316 0.367708 0.04523 0.0320058
9.9973E-05 9.9973E-05 0.124936 9.9973E-05 0.322184 0.0489354 0.503645
9.9991E-05 0.0454054 0.0215417 0.0566564 0.484066 0.0344473 0.357783
9.9973E-05 0.0243734 9.9973E-05 0.0315871 0.232687 9.9973E-05 0.711053
0.00865349 0.0337757 0.101656 0.0417909 0.563159 9.9991E-05 0.250865
9.9991E-05 0.0651839 0.0704932 0.073124 0.44456 0.00458694 0.341952
9.9973E-05 0.113651 9.9973E-05 0.0116907 0.599818 9.9973E-05 0.27454
9.9973E-05 0.0591542 0.0274483 9.9973E-05 0.241468 9.9973E-05 0.671629
0.0529125 0.0210351 0.0901191 0.0537108 0.647784 0.0188543 0.115584
0.0646989 0.0156428 9.9991E-05 0.0476257 0.616539 0.0547234 0.200671
9.9955E-05 9.9955E-05 0.022625 0.976875 9.9955E-05 9.9955E-05 9.9955E-05
9.9964E-05 9.9964E-05 0.0208588 0.921893 0.0568481 9.9964E-05 9.9964E-05
0.00437727 0.0210181 0.0968617 0.569061 0.227069 0.0248081 0.0568051
9.9955E-05 9.9955E-05 9.9955E-05 0.701256 0.298244 9.9955E-05 9.9955E-05
9.9973E-05 0.0410233 0.0501195 0.847031 0.061526 9.9973E-05 9.9973E-05
9.995E-05 9.995E-05 9.995E-05 0.9994 9.995E-05 9.995E-05 9.995E-05
9.9955E-05 0.0228474 9.9955E-05 0.976653 9.9955E-05 9.9955E-05 9.9955E-05
9.9955E-05 9.9955E-05 9.9955E-05 0.871327 0.128173 9.9955E-05 9.9955E-05
9.9973E-05 9.9973E-05 0.00934851 0.968286 0.0207371 0.00132887 9.9973E-05
9.995E-05 9.995E-05 9.995E-05 0.9994 9.995E-05 9.995E-05 9.995E-05
9.9955E-05 9.9955E-05 9.9955E-05 0.983975 9.9955E-05 0.0155253 9.9955E-05
0.0144571 0.000393973 9.9982E-05 0.711087 0.218972 0.0548902 9.9982E-05
0.0420981 0.0503354 0.022396 0.820113 0.0648571 9.9982E-05 9.9982E-05
9.9955E-05 9.9955E-05 0.0234769 0.976023 9.9955E-05 9.9955E-05 9.9955E-05
0.115398 0.077908 0.0174893 0.328882 0.402016 0.0227916 0.0355162
9.9973E-05 0.0861117 9.9973E-05 0.698341 0.173589 0.0416583 9.9973E-05
9.9982E-05 0.000699703 9.9982E-05 0.757555 0.200073 0.0305845 0.0108884
9.9973E-05 0.0164135 9.9973E-05 0.920469 0.0495571 0.01326 9.9973E-05
9.9955E-05 9.9955E-05 9.9955E-05 0.96685 0.0326501 9.9955E-05 9.9955E-05
0.0395777 0.0323564 9.9982E-05 0.857538 0.0610449 0.00928317 9.9982E-05
9.9955E-05 9.9955E-05 9.9955E-05 0.998745 9.9955E-05 0.00075545 9.9955E-05
0.0992415 0.0694189 9.9973E-05 0.615595 0.215445 9.9973E-05 9.9973E-05
9.9964E-05 9.9964E-05 0.0698861 0.92063 9.9964E-05 0.00908446 9.9964E-05
0.309064 9.9973E-05 9.9973E-05 0.0686231 9.9973E-05 0.0209842 0.601029
0.172934 0.150351 9.9991E-05 0.0474208 0.436967 0.00776289 0.184464
0.26492 0.00658581 0.0429953 0.0755225 0.388321 0.0120719 0.209584
0.191443 0.0801523 0.0211011 0.0625609 0.23221 0.0334339 0.379099
0.138079 0.0537128 0.0569293 0.144536 0.410711 9.9991E-05 0.195933
0.249206 9.9991E-05 0.061749 0.11403 0.166831 0.0696603 0.338424
0.213933 0.0607054 0.0410713 0.0747466 0.413507 0.0431721 0.152864
0.171335 9.9973E-05 9.9973E-05 0.133259 0.404871 9.9973E-05 0.290236
0.0632916 0.000855756 9.9991E-05 0.112179 0.440434 0.115366 0.267774
0.106733 9.9982E-05 9.9982E-05 0.150427 0.413199 0.0475381 0.281903
0.130575 0.0707337 0.0286649 0.0826168 0.471793 0.0443881 0.171229
0.842265 0.0614667 9.9973E-05 9.9973E-05 0.0351792 9.9973E-05 0.0607889
0.865566 9.9973E-05 9.9973E-05 0.0186443 9.9973E-05 0.110034 0.00545574
0.900394 0.0403111 9.9964E-05 9.9964E-05 9.9964E-05 0.0588946 9.9964E-05
0.918615 9.9964E-05 9.9964E-05 9.9964E-05 0.019564 0.0614207 9.9964E-05
0.783066 0.0474178 9.9982E-05 0.00188003 0.0484054 0.11903 9.9982E-05
0.790859 9.9973E-05 9.9973E-05 0.0881222 9.9973E-05 0.0891567 0.0315623
0.85344 9.9973E-05 9.9973E-05 0.0809922 0.0193581 0.0459094 9.9973E-05
0.86678 0.00221611 0.00583622 9.9991E-05 0.0306081 0.0304029 0.0640568
0.874538 0.00748999 0.0493583 0.0147389 9.9991E-05 0.05008 0.00369462
0.859322 0.01245 9.9991E-05 0.104647 0.000125152 0.00772735 0.0156288
0.555798 0.219866 0.15077 9.9973E-05 9.9973E-05 0.0732666 9.9973E-05
0.523369 0.345021 0.0809415 0.00611401 9.9982E-05 0.0443547 9.9982E-05
0.482588 0.282282 0.0766824 9.9982E-05 9.9982E-05 0.0532726 0.104975
0.489792 0.278324 0.14267 9.9982E-05 9.9982E-05 0.00393335 0.0850811
0.0451887 0.0896597 0.327333 0.00596473 0.468125 0.0434812 0.0202477
0.00368415 0.131525 0.312406 9.9991E-05 0.461564 0.0277028 0.0630185
9.9973E-05 0.234671 0.173793 9.9973E-05 0.580765 9.9973E-05 0.0104712
0.0613761 0.25717 0.233346 9.9982E-05 0.399376 9.9982E-05 0.0485322
9.9973E-05 0.556416 0.173421 9.9973E-05 0.201896 9.9973E-05 0.0679671
0.0895326 0.00450072 0.228978 9.9982E-05 0.651824 9.9982E-05 0.024965
9.9982E-05 0.0798799 0.345348 0.0569484 0.453176 9.9982E-05 0.0644479
9.9991E-05 0.104393 0.29061 0.0504652 0.44415 0.0273339 0.0829477
9.9973E-05 9.9973E-05 0.548756 0.0611296 0.330584 9.9973E-05 0.05923
0.0724405 0.0299228 0.195226 9.9982E-05 0.622766 9.9982E-05 0.079445
9.9973E-05 0.150347 0.49419 9.9973E-05 0.33484 0.0203224 9.9973E-05
9.9973E-05 0.0883703 0.753553 9.9973E-05 9.9973E-05 0.0041791 0.153598
9.9991E-05 0.113809 0.206214 0.0449823 0.514866 0.0531605 0.0668685
0.0329523 0.0185234 0.514927 9.9982E-05 0.203051 9.9982E-05 0.230346
9.9982E-05 0.0698702 0.3636 9.9982E-05 0.472335 0.0159727 0.078022
0.0487244 0.134237 0.760851 9.9973E-05 0.0558875 9.9973E-05 9.9973E-05
0.114009 0.795463 9.9973E-05 9.9973E-05 9.9973E-05 0.0152859 0.0749415
0.0823859 0.775883 9.9973E-05 9.9973E-05 0.0350215 9.9973E-05 0.10641
0.0304908 0.856198 9.9964E-05 9.9964E-05 9.9964E-05 9.9964E-05 0.112912
0.112172 0.815928 0.00809596 9.9973E-05 9.9973E-05 9.9973E-05 0.0635037
9.9973E-05 0.883085 9.9973E-05 0.016057 0.00767789 9.9973E-05 0.0928805
0.0684348 0.789413 9.9982E-05 0.0540558 0.0788072 9.9982E-05 0.00908912
0.80544 9.9973E-05 0.0295664 9.9973E-05 0.083713 0.0809802 9.9973E-05
0.798619 0.0831022 9.9982E-05 0.0441212 0.0732186 0.000738812 9.9982E-05
0.703265 9.9982E-05 9.9982E-05 0.11464 0.112794 0.0684498 0.000650623
0.695482 0.093176 9.9982E-05 0.144299 0.0283812 0.0384609 9.9982E-05
0.764918 0.0300054 9.9982E-05 0.0890571 0.0899184 0.0259015 9.9982E-05
0.332234 0.628514 9.9964E-05 9.9964E-05 9.9964E-05 0.0388517 9.9964E-05
0.480893 0.414446 0.0245609 9.9973E-05 9.9973E-05 9.9973E-05 0.079801
0.401112 0.473052 0.061143 0.0140931 9.9982E-05 0.0504008 9.9982E-05
9.995E-05 9.995E-05 9.995E-05 9.995E-05 9.995E-05 0.9994 9.995E-05
0.305602 0.506841 0.151153 9.9973E-05 9.9973E-05 0.0361044 9.9973E-05
0.256673 9.9982E-05 0.0371521 0.349005 0.214512 9.9982E-05 0.142458
0.147494 9.9973E-05 9.9973E-05 0.246179 0.497747 9.9973E-05 0.108281
0.20229 9.9973E-05 9.9973E-05 0.250358 0.53961 0.00744238 9.9973E-05
0.243575 0.0312019 0.0493888 0.270643 0.275474 0.0195372 0.110179
0.133155 9.9991E-05 0.117746 0.106593 0.559218 0.0492378 0.0339504
0.457409 9.9964E-05 9.9964E-05 0.310977 9.9964E-05 9.9964E-05 0.231214
0.0127008 0.351708 0.105356 9.9982E-05 0.438006 9.9982E-05 0.0920296
0.00565057 0.188354 0.0768729 0.0305024 0.362739 9.9991E-05 0.335781
0.099702 0.411899 0.0997214 9.9991E-05 0.286386 0.0475324 0.0546593
9.9973E-05 0.109174 0.192857 9.9973E-05 0.484111 9.9973E-05 0.213558
9.9964E-05 0.127156 0.205361 9.9964E-05 9.9964E-05 9.9964E-05 0.667083
0.0255591 0.219213 0.00410684 0.0592693 0.474608 0.00619012 0.211054
0.0222941 0.203609 0.0732345 9.9982E-05 0.504466 9.9982E-05 0.196196
0.0240639 0.39479 0.149155 9.9991E-05 0.321229 0.0373775 0.0732844
0.0948805 0.13738 0.052602 0.0634264 0.523913 9.9991E-05 0.127699
9.9982E-05 0.216811 0.226074 9.9982E-05 0.123462 0.0267704 0.406683
9.9991E-05 0.270551 0.00864383 0.0674015 0.429836 0.0169939 0.206473
9.9991E-05 0.190537 0.172807 0.0792355 0.486385 0.0241416 0.0467945
0.169947 0.043394 0.162595 0.130916 0.40263 9.9991E-05 0.0904175
9.9982E-05 0.221072 0.0858932 0.00996887 0.367935 9.9982E-05 0.314931
0.0364082 0.248592 0.118543 0.0186473 0.444006 0.000118735 0.133684
9.9982E-05 0.0498307 0.127792 0.0858536 0.476818 9.9982E-05 0.259506
0.00985758 0.210462 0.196941 9.9982E-05 0.476742 9.9982E-05 0.105798
9.9991E-05 0.128049 0.145449 0.0885782 0.547356 0.0251733 0.065295
0.165249 0.113988 0.128918 0.0218779 0.464554 0.0206085 0.0848037
0.0242944 0.0909762 0.140917 0.0410347 0.574135 0.0396317 0.0890118
0.825495 9.9964E-05 9.9964E-05 0.0370896 0.137015 9.9964E-05 9.9964E-05
0.864034 9.9973E-05 0.0307818 9.9973E-05 0.100194 0.00469098 9.9973E-05
0.780024 0.0834562 0.0275179 0.0444317 0.0156379 9.9991E-05 0.0488321
0.786459 0.0643902 0.0947993 0.0402444 0.0108823 0.00312486 9.9991E-05
0.805285 9.9973E-05 9.9973E-05 9.9973E-05 0.128521 0.0402747 0.0256193
0.00695674 0.56579 0.0740183 0.0419989 0.20901 0.0112844 0.0909423
0.0251725 0.136912 0.0836023 0.00825261 0.549922 0.0689265 0.127212
0.200361 0.0117352 0.0685822 0.13181 0.36625 0.0606945 0.160567
9.9982E-05 0.193036 9.9982E-05 0.054847 0.598754 0.0576235 0.0955398
0.0774081 0.230671 0.105413 0.00653284 0.574532 0.00534238 9.9991E-05
9.9982E-05 0.424951 9.9982E-05 0.0378722 0.279451 0.0399036 0.217623
0.0778178 0.621454 0.110201 9.9982E-05 9.9982E-05 0.0666412 0.123685
0.0077059 0.208997 0.199567 9.99894E-05 0.509805 0.0737254 9.99894E-05
0.0775039 0.507206 0.0743788 0.00690161 0.186196 0.0390226 0.108791
0.0106398 0.163737 0.111208 0.0211552 0.385255 0.0426406 0.265364
0.0894309 0.517144 0.100219 0.0287071 0.11535 0.0328536 0.116297
0.0753885 0.190108 9.9991E-05 0.0203619 0.641117 0.0376321 0.0352926
9.9982E-05 0.507105 0.0973072 9.9982E-05 0.25393 0.0687636 0.0726947
9.9991E-05 0.255207 0.0999116 0.12657 0.306303 0.0181041 0.193804
0.10086 0.144746 0.0474827 0.021157 0.462875 9.9991E-05 0.22278
0.0409723 0.0952986 9.9973E-05 9.9973E-05 0.353982 9.9973E-05 0.509447
0.0125389 0.0721005 0.110893 9.9991E-05 0.588698 0.0594326 0.156236
0.0948513 0.0955979 9.9982E-05 9.9982E-05 0.617759 0.0425901 0.149002
9.9973E-05 0.138176 0.00747064 9.9973E-05 0.35632 9.9973E-05 0.497733
0.0453077 0.0115268 0.169272 0.0774226 0.526519 0.0185505 0.151401
9.9982E-05 0.0687807 0.128864 9.9982E-05 0.500252 0.0491988 0.252704
9.9973E-05 0.046377 0.0366819 9.9973E-05 0.193082 9.9973E-05 0.723559
9.9964E-05 9.9964E-05 9.9964E-05 9.9964E-05 0.308761 0.00319852 0.687641
0.0140112 0.0408833 9.9982E-05 9.9982E-05 0.474483 0.0213453 0.449078
0.0076418 0.126529 0.142284 9.9991E-05 0.184359 0.00205427 0.537032
9.9973E-05 0.0767163 0.127229 9.9973E-05 0.49596 9.9973E-05 0.299795
9.9982E-05 0.547738 0.21075 9.9982E-05 0.177866 0.0313625 0.0320838
9.9973E-05 0.307926 0.0809142 9.9973E-05 0.305174 9.9973E-05 0.305685
0.00695456 0.379932 0.176841 0.135722 0.274605 0.0258447 9.9991E-05
9.9982E-05 0.253145 0.00626395 0.137054 0.596509 0.00682839 9.9982E-05
9.9991E-05 0.532375 0.190986 0.00943009 0.201535 0.0180266 0.0475466
0.0350608 0.219313 9.9991E-05 0.128861 0.45276 0.018469 0.145436
9.9991E-05 0.171551 0.0081504 0.11712 0.5773 0.0429521 0.0828269
9.9991E-05 0.261484 0.126751 0.139044 0.426406 0.00931552 0.036899
9.9991E-05 0.288547 0.00948084 0.0457045 0.508104 0.0453299 0.102733
0.0339772 0.294424 0.162771 0.0724086 0.436218 9.9982E-05 9.9982E-05
9.9973E-05 0.518126 0.164834 0.13756 0.17918 9.9973E-05 9.9973E-05
0.0017981 0.469514 0.0862171 0.0524293 0.307946 0.0134675 0.0686282
9.9982E-05 0.18044 0.128667 0.0841199 0.56001 9.9982E-05 0.0465634
9.9991E-05 0.0654317 0.108343 0.0054424 0.652421 0.07166 0.096602
9.9973E-05 0.231578 9.9973E-05 9.9973E-05 0.500376 0.0681524 0.199593
9.9991E-05 0.245947 0.144887 0.0597054 0.485872 0.00245283 0.0610352
9.9982E-05 0.359621 0.0482255 9.9982E-05 0.412779 0.0691302 0.110045
9.9982E-05 0.265712 0.0816472 0.0408515 0.588911 9.9982E-05 0.0226781
0.0453572 0.262178 0.0351778 0.0233257 0.600038 9.9991E-05 0.0338232
9.9982E-05 0.175316 9.9982E-05 0.109482 0.540387 0.00737009 0.167246
0.362378 9.9991E-05 0.0987191 0.121451 0.360251 0.0470315 0.0100695
0.10683 0.000741466 0.10924 0.327219 0.335958 0.0250676 0.0949431
0.139966 0.0387698 0.0127086 0.218549 0.491128 0.00757217 0.0913068
9.9991E-05 0.0547876 0.0457389 0.115247 0.574601 0.0689354 0.14059
0.138805 9.9991E-05 0.0773308 0.214862 0.490635 0.0320151 0.046252
9.9973E-05 0.173399 9.9973E-05 0.0051974 0.487623 9.9973E-05 0.333481
0.0850834 0.0809402 0.0189422 0.0540816 0.624959 0.0440577 0.0919362
0.250327 9.9982E-05 0.0411916 0.148644 0.0599981 9.9982E-05 0.499639
0.0186314 0.138244 0.0902766 0.209327 0.478133 0.0652885 9.9991E-05
0.0814463 0.00380273 0.0883296 0.101482 0.573062 0.0318663 0.120011
0.0684393 0.0386811 0.0871336 0.301244 0.417065 9.9991E-05 0.0873369
0.159065 0.120009 9.9991E-05 0.181605 0.311741 0.0565352 0.170945
0.164351 0.0501306 0.109997 0.117374 0.557948 9.9982E-05 9.9982E-05
0.13676 9.9982E-05 9.9982E-05 0.155072 0.51422 0.0255533 0.168194
0.414444 9.9973E-05 9.9973E-05 0.204848 9.9973E-05 0.043653 0.336756
0.0489267 0.104938 0.0791851 0.202215 0.460864 0.103771 9.9991E-05
0.158908 9.9982E-05 0.00561584 0.16659 0.606509 9.9982E-05 0.0621774
0.127339 9.9982E-05 0.0552266 0.0991922 0.637289 9.9982E-05 0.0807534
0.236885 0.0279287 9.9973E-05 0.196736 0.53815 9.9973E-05 9.9973E-05
0.137993 0.0848722 9.9991E-05 0.142314 0.454219 0.10418 0.0763219
9.9991E-05 0.0558021 0.159878 0.0549378 0.440768 0.0221851 0.26633
0.0617088 0.0417255 0.054158 0.037069 0.510891 9.9991E-05 0.294347
9.9973E-05 0.127234 0.111993 9.9973E-05 0.132494 9.9973E-05 0.62798
9.9973E-05 0.088011 0.185451 9.9973E-05 0.0295287 9.9973E-05 0.696709
0.051789 0.0690656 0.122767 0.0867036 0.471964 0.0149645 0.182746
0.117244 9.9982E-05 9.9982E-05 0.271198 0.442866 0.00796744 0.160524
0.0850501 9.9973E-05 9.9973E-05 0.321422 0.32688 9.9973E-05 0.266348
0.221313 9.9982E-05 0.0952818 0.278692 0.137761 9.9982E-05 0.266752
0.112014 9.9982E-05 9.9982E-05 0.246467 0.33356 0.0637501 0.244009
0.0974129 9.9982E-05 9.9982E-05 0.043793 0.159492 0.0064393 0.692663
0.0118843 9.9991E-05 0.0638967 0.128971 0.152018 0.0410621 0.602067
9.9982E-05 9.9982E-05 0.172922 0.161385 0.477221 0.0719658 0.116306
0.0569637 0.00451014 0.111032 0.148429 0.436167 9.9991E-05 0.242798
9.9982E-05 9.9982E-05 0.131119 0.119712 0.182782 0.0624203 0.503766
0.0930268 0.0124981 0.123699 0.13692 0.458619 0.0186239 0.156613
9.9973E-05 0.0425935 9.9973E-05 0.110084 0.57078 9.9973E-05 0.276243
0.0409594 0.0906045 0.142442 0.243111 0.349558 9.9991E-05 0.133225
9.9973E-05 0.214285 0.160018 9.9973E-05 0.309482 9.9973E-05 0.315916
9.9982E-05 0.174541 0.0782567 9.9982E-05 0.379277 0.00631818 0.361407
9.9991E-05 0.0430205 0.148169 0.00675239 0.618818 0.0227645 0.160376
9.9991E-05 0.0984187 0.0571171 0.0659773 0.402548 0.0466817 0.329157
0.0577386 0.119561 0.0414122 0.0881386 0.381672 0.0242815 0.287197
9.9973E-05 0.0227172 0.0842528 9.9973E-05 0.465149 9.9973E-05 0.427581
9.9973E-05 0.124757 9.9973E-05 9.9973E-05 0.28018 0.00937912 0.585384
0.0440463 9.9982E-05 0.109338 0.013512 0.582032 9.9982E-05 0.250871
0.0384837 0.0761411 0.033094 0.118443 0.500028 9.9991E-05 0.23371
9.9973E-05 0.0607295 0.178873 9.9973E-05 0.244229 9.9973E-05 0.515869
9.9982E-05 0.0287378 0.0564085 9.9982E-05 0.441552 0.0336523 0.43945
0.0753179 0.0906892 0.153856 0.0831157 0.444651 9.9991E-05 0.15227
9.9973E-05 9.9973E-05 0.257958 0.0874346 0.469084 9.9973E-05 0.185223
0.0577564 0.0421573 0.0337556 0.231511 0.500381 0.037728 0.0967103
0.0322027 0.0671013 0.0588252 0.176131 0.377717 0.065055 0.222968
0.149067 9.9982E-05 0.105995 0.26934 0.299651 9.9982E-05 0.175746
0.147503 0.0377097 9.9991E-05 0.277793 0.333995 0.0431001 0.1598
0.142587 0.151584 9.9982E-05 0.246801 0.349605 9.9982E-05 0.109223
0.0501831 0.0979377 0.0892417 0.218032 0.353659 0.0451548 0.145792
0.165533 0.0281527 0.0475791 0.177748 9.9991E-05 0.010473 0.570414
0.0640262 0.00794902 9.9991E-05 0.181921 0.576129 0.0725409 0.0973341
0.330684 9.9973E-05 9.9973E-05 0.124113 9.9973E-05 0.0386763 0.506227
0.00883851 0.0201422 0.0647948 0.185402 0.507161 9.9991E-05 0.213561
9.9964E-05 9.9964E-05 0.25924 9.9964E-05 0.104633 9.9964E-05 0.635727
9.9964E-05 9.9964E-05 0.326388 9.9964E-05 9.9964E-05 0.016651 0.656561
9.9973E-05 9.9973E-05 0.204366 9.9973E-05 0.513826 0.00774446 0.273763
9.9973E-05 9.9973E-05 0.0590183 9.9973E-05 0.630182 0.0299902 0.28051
9.9964E-05 9.9964E-05 0.104507 9.9964E-05 0.45717 9.9964E-05 0.437923
9.9964E-05 9.9964E-05 0.156278 9.9964E-05 0.515869 9.9964E-05 0.327453
9.9973E-05 9.9973E-05 0.149715 0.0566543 0.446822 9.9973E-05 0.346509
0.689098 0.0257483 0.0296201 0.0680019 0.0435291 0.0839883 0.0600147
0.663427 0.139663 9.9982E-05 0.136111 9.9982E-05 0.0376306 0.0229681
0.891845 9.9964E-05 9.9964E-05 0.0664263 9.9964E-05 0.0413286 9.9964E-05
0.783247 9.9973E-05 9.9973E-05 9.9973E-05 0.0332566 0.170888 0.0123086
9.9982E-05 0.00825844 0.443187 0.0132055 0.455419 0.0797295 9.9982E-05
0.0483446 0.0629807 0.32316 0.0619173 0.457753 0.00701106 0.0388333
0.0104526 9.9973E-05 0.460581 9.9973E-05 0.470914 0.057752 9.9973E-05
0.0948203 0.0218324 0.298151 0.0276677 0.512648 0.0447813 9.9991E-05
0.126607 0.0718473 0.217443 0.0104828 0.563795 0.00972535 9.9991E-05
0.023899 0.0980408 0.657197 0.00925384 0.189595 9.9991E-05 0.0219148
9.9973E-05 9.9973E-05 0.390537 0.0582245 0.513275 0.0376638 9.9973E-05
9.9973E-05 9.9973E-05 0.429079 9.9973E-05 0.324483 0.0388618 0.207276
0.191766 0.0187163 9.9991E-05 0.232273 0.412888 0.0590178 0.0852385
9.9991E-05 0.0349511 0.429015 0.0464096 0.368863 0.00326434 0.117397
9.9973E-05 0.0279645 0.60629 9.9973E-05 0.288316 0.0771289 9.9973E-05
0.0157851 0.0419713 0.379762 9.9982E-05 0.558065 0.00421683 9.9982E-05
9.9973E-05 0.0246298 0.520812 9.9973E-05 0.434437 0.0198214 9.9973E-05
0.00135807 9.9973E-05 0.410651 0.149403 0.438288 9.9973E-05 9.9973E-05
0.117441 0.00142307 0.30119 9.9982E-05 0.568838 0.0109081 9.9982E-05
9.9964E-05 9.9964E-05 0.87936 9.9964E-05 0.0165738 9.9964E-05 0.103666
0.0101232 0.0009427 0.553742 0.0122915 0.226736 0.0237536 0.172411
0.0136416 9.9991E-05 0.555066 0.0302111 0.275121 0.0168391 0.109021
9.9955E-05 9.9955E-05 0.831625 9.9955E-05 9.9955E-05 9.9955E-05 0.167876
0.0150157 0.102675 0.432267 0.0446903 0.363884 0.041368 9.9991E-05
9.9973E-05 9.9973E-05 0.587116 0.0576834 0.058947 9.9973E-05 0.295954
9.9955E-05 9.9955E-05 0.683197 9.9955E-05 9.9955E-05 9.9955E-05 0.316303
0.0345162 9.9982E-05 0.452499 0.017664 0.48557 9.9982E-05 0.00955109
0.00910558 0.0345544 0.782062 9.9982E-05 0.118851 0.0552266 9.9982E-05
0.0403814 0.00229879 0.570948 0.121138 0.232031 0.0260761 0.00712635
0.0320414 9.9991E-05 0.263669 0.0944703 0.567068 0.0404993 0.00215119
9.9964E-05 0.0265364 0.466029 9.9964E-05 0.507035 9.9964E-05 9.9964E-05
9.9964E-05 0.316944 9.9964E-05 9.9964E-05 0.466246 9.9964E-05 0.21641
0.00460007 0.0586624 0.365213 0.0160477 0.555277 9.9982E-05 9.9982E-05
9.9991E-05 0.137713 0.33943 0.050155 0.382951 0.0526797 0.0369717
9.9973E-05 9.9973E-05 0.66647 9.9973E-05 0.26629 0.0355396 0.0314001
0.0659403 0.0568765 0.176765 0.0187503 0.575525 0.0400555 0.0660873
0.559651 0.261785 0.00149294 0.0340464 9.9991E-05 0.0421101 0.100814
0.682489 0.118383 0.0173063 0.00189894 0.0372758 0.0886982 0.0539485
0.66122 0.126109 9.9973E-05 9.9973E-05 9.9973E-05 0.159266 0.0531055
0.661843 0.149129 9.9973E-05 9.9973E-05 9.9973E-05 0.161499 0.0272293
0.653672 0.245553 9.9982E-05 9.9982E-05 0.0426913 0.0568577 0.00102615
0.0567492 0.0389297 0.831463 0.0455145 0.0271436 9.9982E-05 9.9982E-05
0.0552242 0.0762109 0.729153 9.9991E-05 0.110598 0.028073 0.000640866
9.9973E-05 9.9973E-05 0.713516 0.0112038 0.114903 9.9973E-05 0.160076
0.16138 9.9973E-05 0.26982 9.9973E-05 0.56261 0.00588958 9.9973E-05
0.127462 0.130293 0.172579 0.126851 0.436017 0.00669802 9.9991E-05
0.0365959 9.9982E-05 0.516205 0.00205148 0.292196 9.9982E-05 0.152752
9.9982E-05 9.9982E-05 0.3029 0.0780417 0.538836 0.00673503 0.0732873
0.0725885 9.9982E-05 0.444765 0.0514871 0.33592 9.9982E-05 0.0950399
0.0535578 0.0545449 0.366525 9.9973E-05 0.525072 9.9973E-05 9.9973E-05
0.016445 0.0893432 0.336337 0.0608206 0.496855 9.9982E-05 9.9982E-05
0.0143785 0.145276 0.613069 0.0368479 0.162689 9.9991E-05 0.0276401
0.00261927 0.125605 0.502559 9.9991E-05 0.290999 0.031979 0.0461387
9.9973E-05 0.141164 0.595327 9.9973E-05 0.261167 0.0020421 9.9973E-05
0.104113 0.0622401 9.9982E-05 9.9982E-05 0.572284 0.0330186 0.228145
9.9964E-05 9.9964E-05 0.585115 9.9964E-05 0.390324 0.0241612 9.9964E-05
0.0518739 0.0361082 0.474588 0.0191904 0.403248 0.0148916 9.9991E-05
0.0435499 0.0830163 0.0153797 0.41885 0.312606 0.0146089 0.111989
0.0181025 0.0150187 0.0194563 0.475527 0.292696 0.107938 0.0712616
0.0861882 9.9973E-05 9.9973E-05 0.453646 0.399653 9.9973E-05 0.0602133
0.0919032 9.9982E-05 9.9982E-05 0.489937 0.249508 0.0585586 0.109894
0.136692 9.9982E-05 9.9982E-05 0.252915 0.577043 0.0190164 0.014134
0.0605922 9.9973E-05 0.266741 9.9973E-05 0.483249 9.9973E-05 0.189118
0.216911 9.9982E-05 9.9982E-05 0.67441 0.0388839 0.0412122 0.0283836
0.10192 0.0297162 0.0260163 0.507428 0.227764 0.0729548 0.0342007
0.158367 9.9982E-05 0.069116 0.141426 0.402074 9.9982E-05 0.228817
0.0842642 0.0445348 9.9982E-05 9.9982E-05 0.603005 0.0553246 0.212671
0.0856871 0.0447467 9.9982E-05 9.9982E-05 0.458484 0.105815 0.305068
0.210895 0.11852 9.9982E-05 9.9982E-05 0.628675 0.00997185 0.0317372
0.088326 0.0233399 0.118857 0.00526785 0.598408 0.0565724 0.109229
0.170631 9.9973E-05 9.9973E-05 0.44403 0.364483 0.0205563 9.9973E-05
0.10232 9.9991E-05 0.0561889 0.309499 0.408406 0.109629 0.0138583
0.118961 9.9982E-05 9.9982E-05 0.518439 0.344854 0.00867468 0.00887202
0.0774603 0.0780003 0.0593754 0.337444 0.370852 0.0767677 9.9991E-05
0.0877824 9.9973E-05 9.9973E-05 0.536779 0.256304 9.9973E-05 0.118834
0.147289 9.9982E-05 9.9982E-05 0.352346 0.378525 0.0166822 0.104958
0.073822 9.9982E-05 9.9982E-05 0.567545 0.242586 0.0447574 0.0710898
0.104625 0.10481 0.0437022 0.312029 0.434633 9.9982E-05 9.9982E-05
0.0768773 9.9991E-05 0.0990562 0.0148253 0.530595 0.0284851 0.250062
0.173702 0.0353371 0.0492708 0.321095 0.28063 0.041065 0.0988991
0.18006 9.9982E-05 9.9982E-05 0.656836 0.113674 0.003186 0.0460439
0.0507793 0.130265 0.0180474 0.366296 0.369502 0.0650097 9.9991E-05
0.152625 0.158526 0.178991 9.9991E-05 0.162591 0.0502097 0.296958
0.0411 0.00048133 0.0234881 0.0410334 0.631091 0.023045 0.239761
0.183874 0.114531 9.9973E-05 0.261122 0.440173 9.9973E-05 9.9973E-05
0.115857 0.0355948 0.10464 0.0115274 0.560316 0.0591388 0.112926
0.103997 9.9982E-05 0.122935 9.9982E-05 0.558233 0.078633 0.136003
0.102025 0.0780087 0.165429 0.211576 0.261078 0.0676953 0.114188
0.181552 0.0718231 9.9982E-05 0.360029 0.294278 9.9982E-05 0.0921184
0.0136157 0.170235 0.114302 0.0977371 0.436519 0.0719834 0.0956076
0.105487 9.9982E-05 0.0751422 0.381556 0.361454 9.9982E-05 0.0761613
0.0989088 9.9973E-05 9.9973E-05 0.461092 0.439193 0.000506033 9.9973E-05
0.219304 9.9973E-05 9.9973E-05 0.592106 0.14971 9.9973E-05 0.0385795
0.0445164 0.0889293 0.0549011 0.051134 0.515341 0.00567345 0.239505
0.0459952 0.1116 0.135964 9.9991E-05 0.457457 0.0498155 0.199069
0.147429 9.9973E-05 9.9973E-05 9.9973E-05 0.196255 0.0269066 0.62911
0.109273 0.0134285 0.143926 0.0442519 0.65433 9.9991E-05 0.0346902
0.0928362 0.155173 0.0736456 0.0437811 0.426091 0.0478561 0.160617
0.119592 9.9991E-05 0.140807 0.192542 0.356897 0.0597216 0.130341
0.19147 9.9991E-05 0.0828316 0.0442641 0.51838 0.0727974 0.0901571
0.35068 9.9964E-05 9.9964E-05 0.183758 9.9964E-05 9.9964E-05 0.465162
0.247508 9.9973E-05 9.9973E-05 0.11327 9.9973E-05 0.0338521 0.60507
0.1479 0.00525603 0.0475064 0.0374401 0.353885 0.0639573 0.344055
0.336783 9.9982E-05 9.9982E-05 0.231994 0.0033417 0.0311787 0.396503
0.420092 9.9973E-05 9.9973E-05 0.228248 9.9973E-05 0.0537059 0.297655
0.0364613 0.0312546 9.9991E-05 0.153886 0.312561 0.0590687 0.406668
0.135059 9.9991E-05 0.0242136 0.181872 0.35663 0.0381348 0.263991
0.254054 0.00241845 0.0854572 0.187721 0.123323 0.013548 0.333478
0.212149 9.9982E-05 9.9982E-05 0.181833 0.0685915 0.0283269 0.5089
0.107798 0.00748427 0.031401 0.0964292 0.488187 0.0355866 0.233114
0.158159 9.9991E-05 0.0379375 0.130484 0.130151 0.0905658 0.452603
0.373499 9.9973E-05 9.9973E-05 0.0792468 9.9973E-05 0.067086 0.479868
0.125331 0.099814 0.130476 0.134915 0.492342 0.0170215 9.9991E-05
0.117725 9.9982E-05 9.9982E-05 0.243159 0.307608 0.0551157 0.276192
0.275005 0.0713883 9.9982E-05 0.182358 0.442453 0.0285962 9.9982E-05
0.199212 9.9964E-05 9.9964E-05 0.233127 0.567261 9.9964E-05 9.9964E-05
0.0601693 0.136315 0.0887609 0.147525 0.445905 0.0659175 0.0554075
0.183688 9.9973E-05 0.173673 0.177954 0.464386 9.9973E-05 9.9973E-05
0.149643 9.9982E-05 0.0893188 0.27982 0.438409 9.9982E-05 0.0426101
0.375751 0.0160281 9.9991E-05 0.192777 0.379053 0.0252913 0.0109992
0.142997 0.0296453 0.0459388 0.137508 0.60772 0.0318435 0.00434702
0.210374 9.9982E-05 0.0705492 0.257111 0.420406 0.0413607 9.9982E-05
0.221329 9.9991E-05 0.0225483 0.205309 0.33155 0.100395 0.118769
0.162259 0.0671944 0.255006 0.123414 0.241635 9.9991E-05 0.150391
0.157825 0.0588969 0.0728554 0.0842236 0.575255 0.0508445 9.9991E-05
0.23656 0.0235932 0.0508671 0.10559 0.511109 0.0191532 0.053128
0.094783 9.9991E-05 0.11954 0.159808 0.541859 0.0402313 0.0436775
0.298804 0.0276229 9.9991E-05 0.228106 0.382572 0.0210229 0.041772
0.164139 9.9991E-05 0.0440213 0.116079 0.517335 0.113517 0.0448092
0.401107 9.9973E-05 9.9973E-05 0.17954 0.166043 9.9973E-05 0.253011
0.171522 0.0523814 9.9991E-05 0.134357 0.544703 0.0795936 0.0173428
0.247671 9.9991E-05 0.00187771 0.383564 0.131128 0.0192236 0.216435
0.80856 0.0948457 0.0803273 0.00976048 0.00402213 9.9991E-05 0.00238476
0.0949345 0.746964 9.9964E-05 9.9964E-05 0.157702 9.9964E-05 9.9964E-05
0.0316569 0.967314 0.000629743 9.9964E-05 9.9964E-05 9.9964E-05 9.9964E-05
9.9955E-05 0.939524 9.9955E-05 9.9955E-05 9.9955E-05 0.0599759 9.9955E-05
9.9955E-05 0.95674 9.9955E-05 9.9955E-05 0.0427606 9.9955E-05 9.9955E-05
9.9973E-05 0.873239 9.9973E-05 0.0332095 0.0721709 0.0210808 9.9973E-05
9.9964E-05 0.870002 9.9964E-05 9.9964E-05 0.0847903 0.0448084 9.9964E-05
0.00214971 0.964619 9.9964E-05 9.9964E-05 9.9964E-05 0.0328314 9.9964E-05
0.150835 0.789552 9.9964E-05 9.9964E-05 9.9964E-05 0.0592129 9.9964E-05
0.811983 0.0280023 0.0585761 0.036496 9.9982E-05 0.0647424 9.9982E-05
0.749589 0.0797112 9.9991E-05 0.0161551 0.0620816 0.0837826 0.00858037
0.814054 9.9973E-05 0.0207104 0.0644245 9.9973E-05 0.100511 9.9973E-05
0.74454 0.116661 9.9982E-05 9.9982E-05 0.0350777 0.06098 0.0425419
0.853277 0.0590065 0.00662046 0.0490994 0.0275782 0.00431873 9.9991E-05
0.875877 0.076102 0.00204361 9.9973E-05 9.9973E-05 0.0456776 9.9973E-05
0.543022 0.0995572 9.9991E-05 0.17294 0.0389333 0.0828101 0.0626383
0.853451 9.9973E-05 9.9973E-05 0.0252108 0.0783049 0.042733 9.9973E-05
0.684012 0.16035 0.0398213 0.0802415 9.9982E-05 0.0353746 9.9982E-05
0.854652 9.9973E-05 0.0296221 0.0666665 9.9973E-05 0.0487594 9.9973E-05
0.909861 0.0212659 9.9964E-05 9.9964E-05 9.9964E-05 0.0684732 9.9964E-05
0.783474 0.070478 0.0215659 0.0583697 0.00391695 0.0536573 0.00853777
0.890193 0.065632 9.9964E-05 9.9964E-05 9.9964E-05 0.0437749 9.9964E-05
0.812412 0.00519474 0.0132156 0.0636216 0.0177559 0.0867494 0.00105048
0.759574 9.9973E-05 0.0793438 0.0735149 9.9973E-05 0.0872679 9.9973E-05
0.76256 9.9973E-05 9.9973E-05 0.0388846 0.132619 0.0656365 9.9973E-05
0.77713 9.9973E-05 9.9973E-05 0.0992426 0.11935 0.00397773 9.9973E-05
0.726812 9.9973E-05 9.9973E-05 0.114769 0.0923238 0.0657957 9.9973E-05
0.75637 9.9973E-05 9.9973E-05 0.112193 0.0772758 0.0538609 9.9973E-05
0.176839 9.9973E-05 0.0840012 9.9973E-05 0.436581 9.9973E-05 0.302279
0.10253 0.00385096 0.0473835 9.9982E-05 0.692099 9.9982E-05 0.153936
0.131754 0.107164 0.106102 9.9991E-05 0.576225 0.0190151 0.0596394
0.0549615 0.00799182 9.9973E-05 9.9973E-05 0.164557 9.9973E-05 0.77219
0.0782581 0.133882 9.9982E-05 9.9982E-05 0.556569 0.0353685 0.195723
0.198136 9.9964E-05 9.9964E-05 9.9964E-05 0.136982 9.9964E-05 0.664482
0.0428834 0.0309229 9.9991E-05 0.0461628 0.593273 0.00565169 0.281007
0.0898874 0.11865 0.127576 9.9982E-05 0.444249 9.9982E-05 0.219438
0.0615203 0.0450175 0.0933225 9.9991E-05 0.543561 0.0452794 0.211199
0.0538424 9.9982E-05 0.354911 9.9982E-05 0.50687 0.0247407 0.059436
0.0615529 0.172687 0.0682979 9.9991E-05 0.446092 0.06142 0.18985
0.0406967 0.0330731 0.12862 9.9982E-05 0.592394 9.9982E-05 0.205016
0.0267716 0.205403 0.0307151 9.9991E-05 0.561954 0.0625568 0.1125
9.9982E-05 0.468929 0.261798 0.0616892 0.0148214 9.9982E-05 0.192563
0.0430874 0.120889 9.9973E-05 9.9973E-05 0.0454015 9.9973E-05 0.790322
0.0875353 0.0720982 9.9973E-05 9.9973E-05 0.223186 9.9973E-05 0.616881
0.0923838 0.121607 0.0567439 0.0613226 0.568763 0.0114572 0.0877219
0.109689 0.0544809 9.9982E-05 9.9982E-05 0.562257 0.0178323 0.255541
0.0988078 9.9982E-05 0.0517484 9.9982E-05 0.556201 0.0187398 0.274303
