9.9973E-05 0.847662 0.0473568 0.0384344 9.9973E-05 9.9973E-05 0.0541867 0.0120605
0.0127648 0.925438 0.0449294 0.0114866 9.9973E-05 9.9973E-05 0.00508105 9.9973E-05
9.999E-05 0.733953 0.0768209 0.0136575 0.0529993 0.045803 0.00778616 0.0688798
0.00170787 0.779301 0.0487587 9.9982E-05 0.0342228 9.9982E-05 0.0118828 0.123927
0.0630491 0.900442 0.0214669 9.9964E-05 9.9964E-05 9.9964E-05 9.9964E-05 0.0146424
0.0160197 0.657551 9.9991E-05 0.0698571 0.0414596 0.109527 0.0458997 0.0595863
0.0272654 0.79824 0.0355908 0.0244275 0.00775901 0.0520722 0.0325669 0.0220782
0.104381 0.724996 0.0103343 9.9991E-05 0.0331701 0.00327726 0.0967886 0.0269527
9.99639E-05 0.824067 9.99639E-05 9.99639E-05 0.0584011 0.0470156 0.0701165 9.99639E-05
0.0468356 0.676784 0.0104708 0.0688876 0.0206553 0.0209195 0.0675783 0.0878686
0.0802271 0.751204 9.9973E-05 0.00685887 9.9973E-05 9.9973E-05 0.14649 0.0149205
0.00414036 9.9964E-05 9.9964E-05 0.296723 9.9964E-05 9.9964E-05 0.552208 0.146528
0.167065 9.9982E-05 0.0245915 0.112203 9.9982E-05 0.0357231 0.496761 0.163456
9.9982E-05 0.0871075 0.0281578 0.237732 9.9982E-05 0.0388359 0.473921 0.134047
0.0367716 9.9982E-05 0.0331996 0.157251 9.9982E-05 0.0746261 0.665067 0.0328854
0.0735386 9.9982E-05 0.0345229 0.195652 9.9982E-05 0.0241638 0.457392 0.214531
9.9964E-05 9.9964E-05 0.0265686 0.27415 9.9964E-05 9.9964E-05 0.559474 0.139408
9.9973E-05 0.00720337 9.9973E-05 0.189329 9.9973E-05 0.036396 0.512599 0.254172
0.0577813 9.9973E-05 9.9973E-05 0.322765 9.9973E-05 0.0243025 0.462539 0.132312
9.994E-05 9.994E-05 0.9993 9.994E-05 9.994E-05 9.994E-05 9.994E-05 9.994E-05
9.994E-05 9.994E-05 0.9993 9.994E-05 9.994E-05 9.994E-05 9.994E-05 9.994E-05
0.0131461 0.486426 0.362863 0.0618082 9.9982E-05 9.9982E-05 0.0158211 0.0597358
9.9982E-05 0.564051 0.233259 0.0652778 9.9982E-05 0.0741349 0.00755259 0.0555242
0.0860009 0.0306652 9.9973E-05 0.118146 9.9973E-05 9.9973E-05 0.668107 0.096781
9.9964E-05 0.0635015 0.0543557 0.770157 9.9964E-05 9.9964E-05 0.111586 9.9964E-05
0.0594699 9.9982E-05 9.9982E-05 0.751918 0.0400693 0.0152991 0.021408 0.111636
9.9964E-05 0.0465814 9.9964E-05 0.761126 9.9964E-05 0.173236 0.0186573 9.9964E-05
0.0761002 9.9982E-05 9.9982E-05 0.301529 0.0491149 0.060052 0.497266 0.0157382
0.250998 9.9982E-05 9.9982E-05 0.313084 0.0117472 0.207996 0.208577 0.00739753
0.0424565 0.0704918 0.0476469 0.411764 0.117302 0.0453598 0.244351 0.0206278
0.0102636 0.123966 0.0219681 0.235313 0.112502 0.149389 0.277446 0.0691522
9.9982E-05 0.0512016 0.0362813 0.32062 0.0915761 0.0584484 0.441673 9.9982E-05
0.137033 0.0782241 0.0359388 0.292514 0.0500563 0.0540287 0.268593 0.0836121
0.135134 9.9982E-05 0.0755137 0.210211 9.9982E-05 0.103524 0.452009 0.0234085
9.9964E-05 9.9964E-05 0.0280084 0.739415 9.9964E-05 9.9964E-05 0.185415 0.046761
9.9964E-05 0.00033543 0.0165392 0.954413 0.0283124 9.9964E-05 9.9964E-05 9.9964E-05
0.00701045 0.0480334 9.9973E-05 0.909126 0.0164522 9.9973E-05 0.0190784 9.9973E-05
9.9955E-05 0.0208993 9.9955E-05 0.943097 9.9955E-05 9.9955E-05 9.9955E-05 0.0355042
9.9964E-05 9.9964E-05 9.9964E-05 0.599657 0.0846353 9.9964E-05 0.206828 0.10848
9.9982E-05 0.0330248 0.013192 0.585571 0.155671 9.9982E-05 0.146398 0.0659442
0.093788 9.9964E-05 9.9964E-05 0.719304 9.9964E-05 0.156773 0.0297356 9.9964E-05
9.9982E-05 0.762008 0.0404522 0.0724187 0.0281767 9.9982E-05 0.0302186 0.0665256
9.9964E-05 0.858592 0.0880648 0.00512555 9.9964E-05 9.9964E-05 9.9964E-05 0.0478174
9.9973E-05 0.808735 0.120158 0.0352507 9.9973E-05 0.000384364 9.9973E-05 0.0351725
9.9964E-05 0.83986 0.103066 0.0170175 9.9964E-05 9.9964E-05 9.9964E-05 0.0396574
9.9964E-05 0.810296 0.122743 0.0580318 9.9964E-05 9.9964E-05 9.9964E-05 0.00852962
9.9964E-05 0.843731 0.0820293 9.9964E-05 0.0294756 9.9964E-05 9.9964E-05 0.0443641
0.0141346 0.91505 0.0492162 0.0211992 9.99708E-05 9.99708E-05 9.99708E-05 9.99708E-05
9.9955E-05 0.0628081 9.9955E-05 0.867289 9.9955E-05 9.9955E-05 0.0694027 9.9955E-05
9.9973E-05 0.107407 9.9973E-05 0.758593 0.0838835 0.00487251 0.0449446 9.9973E-05
0.0130998 9.9973E-05 9.9973E-05 0.653448 0.0701719 9.9973E-05 0.0462797 0.2167
0.165398 0.0326899 0.0116575 0.275579 0.0593708 0.120946 0.272076 0.0622833
0.130497 9.9991E-05 0.0318859 0.307316 0.0393636 0.0172818 0.309248 0.164308
0.276647 0.0144813 0.0373715 0.211335 0.100306 0.122383 0.189135 0.0483407
0.202425 9.9982E-05 9.9982E-05 0.291823 0.118211 0.122287 0.200401 0.0646525
0.274432 0.0556596 9.9973E-05 0.150498 9.9973E-05 9.9973E-05 0.483324 0.0357872
0.103845 9.9964E-05 9.9964E-05 0.212958 9.9964E-05 9.9964E-05 0.572652 0.110145
0.183111 0.00737765 0.0219631 0.249414 0.0299997 0.0853898 0.31664 0.106105
0.279601 0.145413 9.9982E-05 0.197948 0.0751615 0.205359 0.096318 9.9982E-05
0.193804 9.9991E-05 0.0409899 0.199822 0.0848854 0.334927 0.106677 0.0387946
0.395691 0.0695438 0.0313658 0.117863 0.0226478 0.214145 0.148643 9.9991E-05
0.350035 0.0411479 0.0308618 0.252121 0.0320531 0.104001 0.0652266 0.124553
0.188034 0.0559017 0.0231414 0.355124 0.0140788 0.216147 0.0282281 0.119345
0.116452 9.9982E-05 9.9982E-05 0.461896 0.0611021 0.189855 0.058956 0.111538
0.0439278 0.239952 0.0333857 0.10753 0.00398252 0.236376 0.0212637 0.313582
9.9964E-05 0.360092 9.9964E-05 9.9964E-05 0.0137351 0.581176 9.9964E-05 0.0445968
9.9964E-05 0.165632 0.0397403 9.9964E-05 9.9964E-05 0.745343 9.9964E-05 0.0488847
9.9973E-05 0.231194 0.0148528 9.9973E-05 9.9973E-05 0.323275 0.138529 0.291849
0.271448 9.9991E-05 0.000142634 0.332078 0.0221707 0.234151 0.0596975 0.0802124
0.514389 9.9973E-05 9.9973E-05 0.168386 0.0528114 0.230209 9.9973E-05 0.0339044
0.199424 9.9982E-05 9.9982E-05 0.371976 0.105985 0.293349 0.0182569 0.0108081
9.9955E-05 9.9955E-05 9.9955E-05 0.0473034 9.9955E-05 0.0120206 9.9955E-05 0.940176
0.0755219 9.9964E-05 9.9964E-05 9.9964E-05 0.013708 0.00308179 9.9964E-05 0.907288
9.9955E-05 9.9955E-05 0.00110019 9.9955E-05 9.9955E-05 0.0151332 9.9955E-05 0.983267
9.9982E-05 0.0308734 0.00254183 0.00187888 0.0142807 9.9982E-05 0.0287857 0.92144
9.9946E-05 9.9946E-05 9.9946E-05 9.9946E-05 0.0158962 9.9946E-05 9.9946E-05 0.983504
9.994E-05 9.994E-05 9.994E-05 9.994E-05 9.994E-05 9.994E-05 9.994E-05 0.9993
9.994E-05 9.994E-05 9.994E-05 9.994E-05 9.994E-05 9.994E-05 9.994E-05 0.9993
9.9946E-05 9.9946E-05 0.0298254 9.9946E-05 9.9946E-05 9.9946E-05 9.9946E-05 0.969575
0.0145 0.0435105 9.9955E-05 9.9955E-05 9.9955E-05 9.9955E-05 9.9955E-05 0.94149
0.00345005 0.0555723 0.00284837 0.030836 9.9991E-05 0.0551719 0.0387705 0.813251
9.9973E-05 0.0405936 0.00595113 0.00154877 9.9973E-05 0.0133173 9.9973E-05 0.938289
0.0508693 0.0784088 0.00246584 0.0247479 0.00338879 9.9982E-05 9.9982E-05 0.839919
0.192898 0.157231 0.0103158 0.0532117 9.9982E-05 0.562582 0.0235611 9.9982E-05
0.148399 0.159886 0.0754728 0.23956 9.9985E-05 0.270386 9.9985E-05 0.106095
0.144055 0.179243 0.0255456 0.161407 9.9991E-05 0.381361 0.0163992 0.0918885
0.0262131 0.80315 9.9973E-05 9.9973E-05 0.0195519 0.116804 0.0339815 9.9973E-05
9.9964E-05 0.833885 0.0772297 9.9964E-05 9.9964E-05 9.9964E-05 0.0127126 0.0757733
9.9964E-05 0.897134 0.0340603 9.9964E-05 9.9964E-05 0.0383021 0.0301037 9.9964E-05
9.9964E-05 0.918864 0.0220887 9.9964E-05 0.0118037 9.9964E-05 0.0468435 9.9964E-05
9.9964E-05 0.749143 0.112521 9.9964E-05 9.9964E-05 0.0592115 0.0787243 9.9964E-05
9.9973E-05 0.782949 0.0657394 9.9973E-05 0.0107219 0.0364182 9.9973E-05 0.103871
9.9955E-05 0.905342 9.9955E-05 9.9955E-05 0.0263616 9.9955E-05 9.9955E-05 0.0677963
0.0374717 0.829304 0.0415187 9.9973E-05 9.9973E-05 0.0607446 0.0306615 9.9973E-05
0.0504202 0.898027 0.032479 9.9964E-05 9.9964E-05 9.9964E-05 9.9964E-05 0.0186737
9.9973E-05 0.808342 0.0109566 9.9973E-05 0.00919551 0.115541 9.9973E-05 0.0556649
0.0159887 0.56012 0.036333 0.118936 0.190495 0.00217456 0.0679516 0.00800154
9.9964E-05 0.593491 9.9964E-05 0.0454231 0.233149 9.9964E-05 0.127537 9.9964E-05
0.0521345 0.516451 0.0269559 0.0837861 0.0458594 0.0560784 0.218635 9.9991E-05
0.0466579 0.497596 9.9973E-05 0.0985033 0.102266 9.9973E-05 0.254677 9.9973E-05
0.097771 9.9982E-05 0.0157946 0.228954 0.051921 9.9982E-05 0.599799 0.0055602
0.0892151 0.0530938 9.9973E-05 0.641036 9.9973E-05 9.9973E-05 0.0398906 0.176464
0.246404 0.0054775 9.9964E-05 0.727371 9.9964E-05 0.0203481 9.9964E-05 9.9964E-05
0.174417 0.00458736 0.0197765 0.682005 0.0363767 0.0193342 9.9991E-05 0.0634036
9.9955E-05 0.0755394 9.9955E-05 0.782312 9.9955E-05 9.9955E-05 0.141648 9.9955E-05
9.9964E-05 0.05649 0.00970547 9.9964E-05 0.85942 9.9964E-05 0.0739847 9.9964E-05
9.9946E-05 9.9946E-05 9.9946E-05 9.9946E-05 0.991087 9.9946E-05 9.9946E-05 0.00831318
9.994E-05 9.994E-05 9.994E-05 9.994E-05 0.9993 9.994E-05 9.994E-05 9.994E-05
0.0232723 0.00930396 0.00641233 9.9973E-05 0.906679 9.9973E-05 0.054032 9.9973E-05
9.9955E-05 9.9955E-05 0.00127821 9.9955E-05 0.963393 9.9955E-05 9.9955E-05 0.0348292
0.00759497 9.9955E-05 9.9955E-05 9.9955E-05 0.948141 9.9955E-05 9.9955E-05 0.0437645
9.9973E-05 0.799709 0.0499214 0.0667168 0.0236941 9.9973E-05 9.9973E-05 0.0596587
0.000196572 0.785532 0.0113206 9.9982E-05 9.9982E-05 0.021593 0.131429 0.0497287
0.0502685 0.720237 0.0530357 9.9982E-05 0.0150234 9.9982E-05 0.0125988 0.148636
9.9973E-05 0.665819 0.0185512 9.9973E-05 9.9973E-05 0.0236918 0.15786 0.133778
9.9973E-05 0.75489 9.9973E-05 0.000210753 9.9973E-05 0.0358482 0.096071 0.11268
9.9973E-05 0.341267 0.00604513 9.9973E-05 0.149012 0.0583352 0.44504 9.9973E-05
0.0509669 0.456405 9.9964E-05 9.9964E-05 0.193306 9.9964E-05 0.298923 9.9964E-05
0.0157039 0.401976 0.0332158 0.0159849 0.272862 9.9982E-05 0.260058 9.9982E-05
9.994E-05 9.994E-05 0.9993 9.994E-05 9.994E-05 9.994E-05 9.994E-05 9.994E-05
9.9982E-05 0.301493 0.0186662 0.0153065 0.272014 0.0224672 0.369853 9.9982E-05
0.0333025 0.132339 0.00558177 0.0794134 9.9991E-05 0.333975 0.0544906 0.360798
9.9964E-05 0.270949 9.9964E-05 9.9964E-05 0.0123879 0.443575 9.9964E-05 0.272689
0.284835 0.0586712 9.9982E-05 0.218414 9.9982E-05 0.0443273 0.315483 0.0780694
0.117161 0.0836427 0.027132 0.176932 0.0316223 9.9991E-05 0.511774 0.0516357
0.262001 0.00962255 0.0150591 0.293177 0.0468655 9.9991E-05 0.173744 0.19943
0.360893 9.9973E-05 9.9973E-05 0.30681 0.0210814 0.142166 0.16875 9.9973E-05
0.0684949 0.0459443 0.0495721 0.282834 9.9982E-05 9.9982E-05 0.498667 0.0542877
0.2534 9.9964E-05 9.9964E-05 0.357151 9.9964E-05 0.123459 0.265591 9.9964E-05
0.320957 9.9982E-05 9.9982E-05 0.240019 0.021522 0.00863051 0.290954 0.117717
0.19328 0.0761387 9.9982E-05 0.266433 0.0716909 9.9982E-05 0.24239 0.149868
9.9955E-05 0.82178 9.9955E-05 0.0620444 9.9955E-05 9.9955E-05 9.9955E-05 0.115675
0.0562405 0.829376 9.9964E-05 0.0358273 9.9964E-05 9.9964E-05 9.9964E-05 0.0781563
0.0409741 0.788546 9.9982E-05 0.0405981 9.9982E-05 0.0582452 0.0422759 0.0291607
0.0789962 0.776501 0.00932844 0.0078319 0.0594394 9.9982E-05 9.9982E-05 0.0677035
9.9973E-05 0.810647 0.0356087 0.0698005 0.0224283 9.9973E-05 9.9973E-05 0.0612154
0.102052 0.0029758 0.00478878 0.112493 0.0018267 0.0720113 0.621028 0.0828244
0.0339559 0.0388026 0.0327355 0.18967 9.9982E-05 0.139097 0.56554 9.9982E-05
0.16373 0.068856 9.9982E-05 0.014188 0.0888082 9.9982E-05 0.551906 0.112312
0.186065 0.0419231 0.0152041 0.0321735 0.059848 0.0638287 0.563549 0.0374087
0.14247 0.0292231 0.0244922 0.143099 9.9991E-05 0.022695 0.572052 0.0658693
0.29766 0.0252549 9.9991E-05 0.135936 0.0298385 0.115679 0.259646 0.135885
0.241061 9.9982E-05 9.9982E-05 0.332389 0.119819 0.174158 0.091558 0.0408147
0.267687 9.9964E-05 9.9964E-05 0.326604 0.0680165 0.337292 9.9964E-05 9.9964E-05
0.292288 9.9964E-05 9.9964E-05 0.318666 0.0428718 0.345775 9.9964E-05 9.9964E-05
0.359817 9.9982E-05 0.00655774 0.288074 0.0295951 0.174832 0.140924 9.9982E-05
0.0256183 0.015767 0.0114827 0.24541 0.0317741 0.0780595 0.568891 0.0229973
0.313925 9.9973E-05 9.9973E-05 0.201003 9.9973E-05 0.111369 0.300194 0.0732095
0.0457245 9.9982E-05 0.0354125 0.22412 0.0657772 9.9982E-05 0.567598 0.0611684
9.9964E-05 9.9964E-05 9.9964E-05 0.297164 0.0489641 9.9964E-05 0.507207 0.146265
0.064502 0.038312 9.9982E-05 0.206026 9.9982E-05 0.598084 0.0102798 0.082596
9.9964E-05 0.264163 0.0657513 9.9964E-05 9.9964E-05 0.547133 9.9964E-05 0.122552
0.893398 9.9964E-05 9.9964E-05 0.0122922 0.0228095 9.9964E-05 0.0711002 9.9964E-05
0.880423 0.0665902 9.9964E-05 0.0259452 9.9964E-05 9.9964E-05 0.0266414 9.9964E-05
0.382907 0.144541 0.00687105 9.9973E-05 9.9973E-05 0.0519047 9.9973E-05 0.413476
0.418607 0.178882 0.0578479 9.9973E-05 9.9973E-05 0.0443889 9.9973E-05 0.299974
0.681505 0.0524621 0.0301099 9.9973E-05 0.0156549 0.219968 9.9973E-05 9.9973E-05
0.633545 0.104383 0.0675737 9.9982E-05 0.00521882 0.115872 9.9982E-05 0.0732078
0.644556 0.112887 9.9955E-05 9.9955E-05 9.9955E-05 9.9955E-05 9.9955E-05 0.242057
0.75207 0.0230081 0.1031 9.9973E-05 9.9973E-05 0.00694269 9.9973E-05 0.114579
0.790277 0.0294745 9.9973E-05 9.9973E-05 0.0780184 9.9973E-05 0.0629478 0.0389824
0.749498 0.0328307 9.9982E-05 0.0157159 0.0672253 9.9982E-05 0.104548 0.0299817
0.535391 0.115436 0.060844 9.9982E-05 0.00451869 0.210187 9.9982E-05 0.0734237
0.362118 0.282834 0.0257483 9.9973E-05 9.9973E-05 0.236959 9.9973E-05 0.0920411
0.901017 9.9946E-05 9.9946E-05 0.0983829 9.9946E-05 9.9946E-05 9.9946E-05 9.9946E-05
0.961978 9.9946E-05 0.037422 9.9946E-05 9.9946E-05 9.9946E-05 9.9946E-05 9.9946E-05
0.674529 9.9973E-05 0.0430435 0.103293 9.9973E-05 9.9973E-05 0.0454248 0.13341
0.72155 0.0260791 9.9973E-05 0.1526 9.9973E-05 9.9973E-05 0.0023675 0.0971034
0.146163 0.7492 0.0419104 9.9964E-05 9.9964E-05 9.9964E-05 9.9964E-05 0.0623268
0.0846716 0.668763 0.0443143 9.9991E-05 0.0338805 0.0189315 0.0606458 0.0886936
9.9964E-05 0.868219 0.0227079 9.9964E-05 9.9964E-05 9.9964E-05 0.0513932 0.0572801
0.0592311 0.812496 0.118237 9.9964E-05 9.9964E-05 0.00963634 9.9964E-05 9.9964E-05
0.00523047 9.9955E-05 0.0105771 0.983693 9.9955E-05 9.9955E-05 9.9955E-05 9.9955E-05
0.118682 0.0356515 9.9991E-05 0.709908 0.0087765 0.0130987 0.0613819 0.0524014
9.99461E-05 9.99461E-05 9.99461E-05 0.95252 9.99461E-05 0.0468806 9.99461E-05 9.99461E-05
0.138246 9.9973E-05 9.9973E-05 0.623479 0.00909768 0.225606 0.00327172 9.9973E-05
0.0221835 9.9964E-05 9.9964E-05 0.813406 0.0116987 0.152312 9.9964E-05 9.9964E-05
9.9982E-05 0.0741027 0.0163119 0.645515 0.0188787 9.9982E-05 0.190533 0.0544592
9.9955E-05 9.9955E-05 0.0552016 0.821928 9.9955E-05 9.9955E-05 9.9955E-05 0.122371
9.9973E-05 0.601948 0.0418652 9.9973E-05 0.0663646 9.9973E-05 0.287051 0.00247134
9.9991E-05 0.693406 0.0517482 0.0379384 0.0621801 0.0198095 0.0997086 0.0351097
9.9973E-05 0.691596 0.145937 9.9973E-05 0.0332861 0.0121991 0.116682 9.9973E-05
9.9973E-05 0.735244 0.102384 9.9973E-05 0.0958578 0.0315754 0.034639 9.9973E-05
9.9973E-05 0.622058 0.0477722 9.9973E-05 0.0629361 0.0841731 0.182761 9.9973E-05
9.9973E-05 0.0352636 9.9973E-05 0.682061 0.0486495 9.9973E-05 0.175858 0.0578681
9.9964E-05 0.100066 0.0292676 0.687379 9.9964E-05 9.9964E-05 0.182887 9.9964E-05
0.018663 9.9964E-05 0.00777989 0.923769 9.9964E-05 9.9964E-05 9.9964E-05 0.049388
9.9973E-05 0.0439681 9.9973E-05 0.674773 0.0186797 9.9973E-05 0.163577 0.0987026
0.0464591 9.9982E-05 0.0581207 0.679111 0.0585516 9.9982E-05 0.0485059 0.109052
9.9973E-05 0.230338 0.0666525 9.9973E-05 9.9973E-05 0.0985537 0.0453903 0.558765
0.0764819 0.0681817 9.9991E-05 0.167975 0.15189 0.17566 0.268346 0.0913642
0.236999 9.9973E-05 0.0583576 0.132974 0.112827 0.458542 9.9973E-05 9.9973E-05
9.99549E-05 9.99549E-05 9.99549E-05 9.99549E-05 0.0549074 0.851659 9.99549E-05 0.0929339
9.99459E-05 9.99459E-05 0.0542815 9.99459E-05 9.99459E-05 0.945119 9.99459E-05 9.99459E-05
0.00208146 0.157472 0.0241906 0.0829141 9.9991E-05 0.639987 0.0179367 0.0753178
9.9964E-05 0.17018 0.0179435 9.9964E-05 9.9964E-05 0.705448 9.9964E-05 0.106028
0.0797354 0.175284 0.0327325 0.151194 0.0131854 0.391166 0.00435285 0.152349
9.9973E-05 9.9973E-05 0.0841567 0.0591691 9.9973E-05 0.781694 0.0572722 0.0174083
9.9991E-05 0.00306418 0.0761456 0.180226 0.00331484 0.662206 0.0197022 0.0552411
9.9955E-05 0.0171977 0.0547048 9.9955E-05 9.9955E-05 0.927598 9.9955E-05 9.9955E-05
0.0144045 0.264106 9.9973E-05 0.108532 9.9973E-05 0.37766 9.9973E-05 0.234998
0.122339 0.24565 9.9982E-05 0.0832479 0.0233374 0.200187 9.9982E-05 0.325038
9.9982E-05 0.760318 0.00922272 0.0658664 0.0748388 0.0415396 0.0480143 9.9982E-05
9.9955E-05 0.0321661 9.9955E-05 9.9955E-05 0.0649004 9.9955E-05 0.902434 9.9955E-05
9.9946E-05 9.9946E-05 0.00157391 9.9946E-05 9.9946E-05 9.9946E-05 0.997826 9.9946E-05
9.9955E-05 9.9955E-05 9.9955E-05 9.9955E-05 0.00340995 0.0427092 0.953381 9.9955E-05
9.9946E-05 9.9946E-05 9.9946E-05 9.9946E-05 0.0252292 9.9946E-05 0.974171 9.9946E-05
9.9955E-05 9.9955E-05 0.0314952 9.9955E-05 0.132489 9.9955E-05 0.835516 9.9955E-05
9.99621E-05 0.0167233 9.99621E-05 9.99621E-05 0.0443454 9.99621E-05 0.938432 9.99621E-05
9.9964E-05 0.157069 0.0158271 9.9964E-05 0.000885954 9.9964E-05 0.825818 9.9964E-05
0.0103958 0.882064 0.0262155 0.0165412 9.9982E-05 9.9982E-05 0.0528095 0.0117743
0.107525 0.772542 0.0353117 9.9982E-05 0.0454421 9.9982E-05 0.0188161 0.0201638
9.9964E-05 0.845301 0.0722565 0.0262421 9.9964E-05 9.9964E-05 9.9964E-05 0.0558006
0.0387673 0.770482 0.0317203 9.9973E-05 9.9973E-05 0.0495831 0.109147 9.9973E-05
9.9973E-05 0.871664 0.00172589 9.9973E-05 0.0278627 0.0558847 9.9973E-05 0.042563
0.0372466 0.837629 9.9984E-05 0.00533211 0.0553662 0.0391002 9.9984E-05 0.0251255
9.9982E-05 0.874424 0.0107056 9.9982E-05 0.0178836 0.00334364 0.0177014 0.0757416
0.0130199 0.876637 0.0244172 9.9973E-05 0.0512629 9.9973E-05 9.9973E-05 0.0343633
9.9964E-05 0.87565 0.0895089 9.9964E-05 0.0324917 9.9964E-05 0.00194969 9.9964E-05
9.9982E-05 0.828693 0.0700749 0.00709807 0.0329161 0.0236106 9.9982E-05 0.0374075
9.9964E-05 0.952706 0.0139013 9.9964E-05 0.0322175 0.000774982 9.9964E-05 9.9964E-05
9.9964E-05 0.870534 0.0671971 9.9964E-05 0.0169324 9.9964E-05 9.9964E-05 0.0449365
9.9982E-05 0.793017 0.0810764 0.00672572 0.0374571 9.9982E-05 0.00193829 0.0795857
0.0149769 0.758185 0.0760149 0.00253152 9.9973E-05 9.9973E-05 9.9973E-05 0.147991
9.9973E-05 0.727574 0.0221237 9.9973E-05 0.0106022 0.042206 9.9973E-05 0.197195
9.9964E-05 0.764996 0.0452569 0.0514913 9.9964E-05 9.9964E-05 9.9964E-05 0.137856
9.9964E-05 0.773813 0.0576 0.0306955 9.9964E-05 9.9964E-05 9.9964E-05 0.137491
0.0840911 0.0967771 0.0212728 0.348762 0.0783905 0.207893 0.0584154 0.104398
0.239532 9.9964E-05 9.9964E-05 0.228995 0.141222 0.389852 9.9964E-05 9.9964E-05
0.166796 9.9964E-05 9.9964E-05 0.23033 0.0572824 0.545192 9.9964E-05 9.9964E-05
0.219318 9.9973E-05 9.9973E-05 0.28307 9.9973E-05 0.0985594 0.353057 0.0456964
0.341663 9.9973E-05 9.9973E-05 0.0561862 0.187866 0.408795 0.00518947 9.9973E-05
0.0860735 9.9973E-05 9.9973E-05 0.335897 0.0331135 0.484119 0.0604978 9.9973E-05
0.230722 0.0207486 9.9982E-05 0.207963 9.9982E-05 0.212596 0.122206 0.205564
0.100362 0.454975 9.9991E-05 0.141957 0.0461457 0.0219892 0.0639515 0.17052
0.0540845 0.140683 9.9973E-05 9.9973E-05 9.9973E-05 0.636877 0.0350783 0.132978
0.122638 0.334171 0.0462422 0.17304 0.0416194 0.001169 0.0274422 0.253678
9.9982E-05 0.394498 0.0375171 0.13637 9.9982E-05 0.110916 0.0895225 0.230976
