9.9991E-05 0.911543 0.088357
9.999E-05 0.960453 0.0394472
9.999E-05 0.816565 0.183335
9.999E-05 0.834995 0.164905
9.9991E-05 0.865668 0.134232
0.199853 0.661885 0.138262
0.0430256 0.855361 0.101613
0.0814879 0.837296 0.0812158
0.0611481 0.938752 9.9991E-05
0.067148 0.738177 0.194675
0.164294 0.775913 0.059793
0.782489 0.0641001 0.153411
0.638856 9.9991E-05 0.361044
0.689017 0.173133 0.13785
0.589962 0.134424 0.275614
0.521382 0.173624 0.304994
0.488726 0.0176207 0.493654
0.68701 9.9991E-05 0.31289
0.556282 0.210214 0.233504
0.728448 0.271452 9.9991E-05
0.610002 0.0841086 0.30589
0.693641 0.0346762 0.271683
0.636232 0.0738574 0.289911
0.695918 0.103588 0.200494
0.535623 0.0122178 0.45216
0.585313 9.9991E-05 0.414587
0.711999 0.158379 0.129622
0.653957 0.104691 0.241352
0.773474 0.130662 0.0958642
9.9991E-05 0.802486 0.197414
9.9991E-05 0.808968 0.190932
0.0157388 0.750958 0.233303
0.0325743 0.702405 0.265021
0.669025 9.9991E-05 0.330875
0.694832 9.9991E-05 0.305068
0.687949 9.9991E-05 0.311951
0.785082 0.188011 0.0269078
0.831749 9.9991E-05 0.168151
0.606558 0.0219124 0.371529
0.564165 9.9991E-05 0.435735
0.556527 0.0614973 0.381976
0.540668 0.116479 0.342853
0.915681 0.0560817 0.0282373
0.593736 0.025535 0.380729
0.566057 9.9991E-05 0.433843
0.514692 0.0162743 0.469034
0.833147 9.9991E-05 0.166753
0.564489 9.9991E-05 0.435411
0.557218 0.000997378 0.441784
0.833861 0.166039 9.9991E-05
0.843401 0.102557 0.0540417
0.819522 0.129793 0.0506853
0.597739 0.0205036 0.381758
0.529804 0.0693096 0.400887
0.511154 9.9991E-05 0.488746
0.797606 0.185284 0.0171107
0.650461 0.0436269 0.305912
0.578506 0.000862372 0.420631
0.639192 0.181426 0.179381
0.622874 0.310377 0.0667497
0.554094 0.0661196 0.379786
0.590296 0.112662 0.297042
0.829978 0.169922 9.9991E-05
0.681747 0.00872896 0.309524
0.566705 9.9991E-05 0.433195
0.532107 0.091883 0.37601
0.714154 0.0902084 0.195638
0.672987 9.9991E-05 0.326913
0.576636 0.0459545 0.377409
0.812671 0.159602 0.0277271
0.723476 9.9991E-05 0.276424
0.894882 0.00525107 0.0998668
0.583805 0.0537031 0.362492
0.943847 0.0560529 9.9991E-05
0.993699 0.00620128 9.9991E-05
0.834808 9.9991E-05 0.165092
0.767531 9.9991E-05 0.232369
0.487695 0.0670925 0.445213
0.737969 0.00532118 0.25671
0.776635 0.107079 0.116286
0.822569 0.0828466 0.0945846
0.548208 0.0290832 0.422709
0.78394 0.0542 0.16186
0.744666 0.0127964 0.242538
0.782183 9.9991E-05 0.217717
0.894716 0.105184 9.9991E-05
0.613731 9.9991E-05 0.386169
0.0219457 0.827546 0.150509
9.9991E-05 0.827442 0.172458
9.9991E-05 0.833034 0.166866
9.9991E-05 0.879767 0.120133
9.9991E-05 0.839049 0.160851
9.9991E-05 0.878251 0.121649
9.9991E-05 0.896088 0.103812
0.511359 0.151549 0.337092
0.402466 0.136513 0.461021
0.930834 0.0690655 9.9991E-05
0.56966 0.0526928 0.377647
0.688326 9.9991E-05 0.311574
0.598066 9.9991E-05 0.401834
0.658377 9.9991E-05 0.341523
0.662022 9.9991E-05 0.337878
0.852404 0.147496 9.9991E-05
0.551588 0.114365 0.334047
0.569855 9.9991E-05 0.430045
0.577814 9.9991E-05 0.422086
0.805148 0.0145982 0.180254
0.743747 9.9991E-05 0.256153
0.75946 9.9991E-05 0.24044
0.759559 9.9991E-05 0.240341
0.721809 9.9991E-05 0.278091
0.532036 0.0565185 0.411446
0.77026 0.126054 0.103687
0.60756 0.121047 0.271394
0.5154 0.104289 0.38031
0.518801 0.0771671 0.404032
0.699072 0.0750706 0.225858
0.600432 0.0348164 0.364751
0.639895 0.0429882 0.317117
0.598659 0.110264 0.291078
0.576789 0.0691399 0.354071
0.67582 0.00930871 0.314872
0.716467 0.00890047 0.274633
0.524011 0.00846348 0.467526
0.51702 0.0534624 0.429518
0.562932 9.9991E-05 0.436968
0.573504 0.0380016 0.388494
0.586939 0.0313074 0.381754
0.610452 0.175444 0.214104
0.55698 9.9991E-05 0.44292
0.591874 0.00145441 0.406672
0.740133 0.076623 0.183244
0.752871 0.171036 0.0760934
0.655756 0.0407674 0.303476
0.91754 0.0695508 0.0129094
0.809176 0.0981934 0.0926303
0.809873 0.0596132 0.130514
0.866289 0.0284522 0.105258
0.809338 0.0931895 0.0974724
0.624134 9.9991E-05 0.375766
0.619575 0.0382326 0.342192
0.585881 0.0932955 0.320823
0.79436 0.110134 0.0955065
0.573765 0.12708 0.299155
0.637637 0.0159071 0.346456
0.712684 0.287216 9.9991E-05
0.433162 0.0930564 0.473782
0.708967 0.0804794 0.210553
0.529911 0.0760445 0.394045
0.640871 0.209737 0.149392
0.741886 0.207196 0.050918
0.719943 0.0273439 0.252713
0.570058 0.0440212 0.385921
0.478387 0.136223 0.38539
0.677424 0.203072 0.119504
0.549575 0.0170399 0.433385
0.798737 0.0401299 0.161133
0.747194 9.9991E-05 0.252706
0.561625 0.052277 0.386098
0.200786 0.401542 0.397672
0.104685 0.713245 0.18207
0.155147 0.687696 0.157156
0.13964 0.446375 0.413986
0.615349 9.9991E-05 0.384551
0.527677 0.100849 0.371474
0.106112 0.0257844 0.868104
0.302181 0.0874061 0.610413
0.332282 0.0591246 0.608593
0.7413 0.0613589 0.197342
0.528168 0.0690785 0.402753
0.77518 0.114214 0.110606
0.68595 9.9991E-05 0.31395
0.692409 0.0378299 0.269762
0.605878 0.015936 0.378186
0.869496 0.0695821 0.0609224
0.546367 9.9991E-05 0.453533
0.591783 9.9991E-05 0.408117
9.9991E-05 0.00958178 0.990318
9.9991E-05 0.0236006 0.976299
0.20118 0.0233287 0.775491
0.0937187 0.0704487 0.835833
0.0373198 0.0681675 0.894513
9.9991E-05 0.0688115 0.931088
9.9991E-05 0.107215 0.892685
9.999E-05 9.999E-05 0.9998
9.9991E-05 0.0455354 0.954365
9.9991E-05 0.0426119 0.957288
9.9991E-05 0.0304458 0.969454
0.0155527 0.0599983 0.924449
0.0421618 0.103396 0.854442
9.9991E-05 0.0488785 0.951022
0.325831 0.0728044 0.601365
0.128737 0.0556056 0.815657
9.9991E-05 0.123549 0.876351
9.9991E-05 0.0967829 0.903117
9.9991E-05 0.044677 0.955223
9.9991E-05 0.0999128 0.899987
9.9991E-05 0.0384918 0.961408
0.148889 0.0417998 0.809311
9.9991E-05 0.103069 0.896831
0.451184 0.478588 0.0702283
0.474215 0.173933 0.351852
0.446018 0.242461 0.311522
0.475813 0.290037 0.234149
0.43083 0.0935969 0.475573
0.409154 0.327397 0.26345
0.432938 0.169585 0.397477
0.358898 0.220325 0.420777
0.344375 0.177293 0.478332
0.288839 0.283741 0.42742
0.46861 0.153312 0.378078
0.0793257 0.87944 0.041234
9.9991E-05 0.919826 0.0800739
9.9991E-05 0.981961 0.0179391
9.9991E-05 0.929763 0.0701366
9.9991E-05 0.890508 0.109392
9.9991E-05 0.867868 0.132032
9.9991E-05 0.866875 0.133025
9.9991E-05 0.89807 0.10183
9.9991E-05 0.912375 0.0875246
9.9991E-05 0.824772 0.175129
0.29309 0.70681 9.9991E-05
0.297174 0.702726 9.9991E-05
0.3337 0.6662 9.9991E-05
0.426185 0.573715 9.9991E-05
0.758642 9.9991E-05 0.241258
0.649964 9.9991E-05 0.349936
0.664661 0.00111929 0.334219
0.736539 0.0639763 0.199484
0.82794 0.152078 0.0199821
0.586077 9.9991E-05 0.413823
0.691639 9.9991E-05 0.308261
0.752641 9.9991E-05 0.247259
0.765735 9.9991E-05 0.234165
0.578987 9.9991E-05 0.420913
0.828638 9.9991E-05 0.171262
0.978572 0.0213276 9.9991E-05
0.635637 0.039252 0.325111
0.844444 9.9991E-05 0.155456
0.646845 9.9991E-05 0.353055
0.924271 0.0756293 9.9991E-05
0.625344 0.374556 9.9991E-05
0.689412 0.310488 9.9991E-05
0.720556 0.279344 9.9991E-05
0.700705 0.299195 9.9991E-05
0.790724 0.209176 9.9991E-05
0.693955 0.296192 0.0098535
9.9991E-05 0.843541 0.156359
0.0274785 0.787919 0.184603
0.00122099 0.738082 0.260697
0.000733709 0.753881 0.245385
0.0384239 0.736868 0.224708
0.472743 0.527157 9.9991E-05
0.35868 0.64122 9.9991E-05
0.439775 0.560125 9.9991E-05
9.9991E-05 0.788319 0.211581
0.486683 0.513217 9.9991E-05
0.184149 0.275059 0.540792
0.341507 0.0822735 0.576219
0.199746 0.111101 0.689153
0.264828 0.302029 0.433143
0.436052 0.0822497 0.481698
0.0605349 0.58217 0.357295
0.782941 0.0311187 0.18594
0.769852 9.9991E-05 0.230048
0.684773 0.194065 0.121162
0.744305 9.9991E-05 0.255595
0.908195 0.0917051 9.9991E-05
0.579606 0.0183254 0.402069
0.658718 0.0569715 0.284311
0.76061 0.124341 0.115049
0.577097 0.0833396 0.339563
0.861609 0.132327 0.00606327
0.676781 0.0162562 0.306963
0.687973 9.9991E-05 0.311927
0.431078 0.156012 0.41291
0.773855 9.9991E-05 0.226045
0.704006 0.00120126 0.294793
0.623357 9.9991E-05 0.376543
0.701013 9.9991E-05 0.298887
0.566622 0.0469696 0.386408
0.554169 0.0372399 0.408591
0.481294 0.049378 0.469328
9.9991E-05 0.762431 0.237469
9.9991E-05 0.819648 0.180252
0.0974064 0.808469 0.0941247
0.0268273 0.836099 0.137074
9.9991E-05 0.824684 0.175216
0.772511 0.162418 0.0650705
0.648254 0.000397299 0.351349
0.348388 0.129689 0.521923
0.547573 9.9991E-05 0.452327
0.612785 0.0464693 0.340746
0.726638 0.119737 0.153626
0.6919 0.308 9.9991E-05
0.657207 0.0476937 0.295099
0.726949 0.235617 0.0374342
0.636908 0.0662705 0.296822
0.671613 0.292359 0.0360284
0.517567 0.0426767 0.439757
0.757188 0.226267 0.0165449
0.642892 0.139925 0.217183
0.567122 0.113926 0.318951
0.744291 0.110869 0.14484
0.649853 0.0500484 0.300099
0.569436 0.135127 0.295437
0.829484 0.0450715 0.125445
0.57391 0.0429992 0.383091
0.721593 0.0378227 0.240584
0.906728 0.0931715 9.9991E-05
0.862822 0.0745059 0.0626722
0.680642 0.0143496 0.305008
0.848334 0.101794 0.0498719
0.781136 9.9991E-05 0.218764
0.800631 0.181372 0.0179973
0.836094 9.9991E-05 0.163806
0.71653 0.0787756 0.204695
0.573801 9.9991E-05 0.426099
0.835691 0.045367 0.118942
0.581193 0.102348 0.31646
0.490522 0.0508914 0.458587
0.667972 9.9991E-05 0.331928
0.57964 0.0115352 0.408825
0.727106 0.0553372 0.217557
0.796508 0.0122474 0.191245
0.646208 0.0789565 0.274835
0.571584 9.9991E-05 0.428316
0.645951 0.0388544 0.315195
0.647866 0.0887559 0.263378
0.673714 9.9991E-05 0.326186
0.64533 0.121293 0.233377
0.636326 9.9991E-05 0.363574
0.596685 0.0340997 0.369215
0.505848 0.0568192 0.437332
0.236574 0.304722 0.458704
0.348076 0.0983957 0.553529
0.438334 0.167798 0.393868
0.508082 0.0519047 0.440013
0.293991 0.157677 0.548332
0.747074 9.9991E-05 0.252826
0.367268 0.11863 0.514103
0.464046 0.361923 0.174032
0.407073 0.0905538 0.502374
0.377664 0.0794511 0.542885
0.401568 0.0246525 0.573779
0.433575 0.215784 0.350641
0.329753 0.13906 0.531187
0.310922 0.108703 0.580375
0.172855 0.638595 0.18855
0.366151 0.115969 0.517881
0.287847 0.139432 0.572721
0.513076 0.0732926 0.413631
0.252378 0.167845 0.579777
0.479971 0.0589448 0.461084
0.725667 0.0165573 0.257775
0.505245 0.054456 0.440299
0.9998 9.999E-05 9.999E-05
0.887663 0.112237 9.9991E-05
0.631207 0.0413934 0.3274
0.286179 0.163064 0.550757
0.257005 0.177023 0.565972
0.324133 0.304552 0.371314
0.281032 0.19684 0.522128
0.635384 0.184008 0.180608
0.609442 0.16168 0.228878
0.543395 9.9991E-05 0.456505
0.576177 0.0151371 0.408686
0.630687 0.118951 0.250362
0.496083 0.02995 0.473967
0.499899 0.0473651 0.452736
0.513689 0.0983392 0.387971
0.852417 0.0360207 0.111562
0.824402 9.9991E-05 0.175498
0.703396 9.9991E-05 0.296504
0.710786 0.0199648 0.269249
0.556512 0.110132 0.333357
0.7661 9.9991E-05 0.2338
0.860028 0.0598591 0.0801133
0.683755 9.9991E-05 0.316145
0.53831 0.113537 0.348154
0.874142 9.9991E-05 0.125758
0.720481 9.9991E-05 0.279419
0.667573 0.046445 0.285982
0.654314 0.0427368 0.302949
0.388709 0.137246 0.474045
0.511602 0.109312 0.379086
0.380549 0.186565 0.432886
0.3869 0.162718 0.450382
0.307143 0.170245 0.522612
0.408531 0.161704 0.429765
0.490191 0.350133 0.159676
0.411748 0.0139729 0.574279
0.300918 0.549558 0.149523
0.44379 0.0382951 0.517915
0.907581 0.0486908 0.0437281
0.903232 0.0966676 9.9991E-05
0.73629 9.9991E-05 0.26361
0.562907 9.9991E-05 0.436993
0.815009 9.9991E-05 0.184891
0.715287 9.9991E-05 0.284613
0.72413 9.9991E-05 0.27577
0.0185301 0.760897 0.220573
0.0196817 0.807749 0.17257
9.9991E-05 0.881409 0.118491
9.9991E-05 0.91012 0.0897805
0.688529 9.9991E-05 0.311371
0.623429 9.9991E-05 0.376471
0.740259 9.9991E-05 0.259641
0.621655 0.00549662 0.372848
0.568196 0.0346513 0.397153
0.827674 0.0373532 0.134973
0.597142 9.9991E-05 0.402758
0.864778 9.9991E-05 0.135122
0.2868 0.245665 0.467535
0.708038 9.9991E-05 0.291862
0.853579 0.0233763 0.123045
0.689128 9.9991E-05 0.310772
0.787968 9.9991E-05 0.211932
0.615694 9.9991E-05 0.384206
0.619546 9.9991E-05 0.380354
0.964677 9.9991E-05 0.0352232
0.844706 0.0188896 0.136404
0.851836 9.9991E-05 0.148064
0.994809 0.00509114 9.9991E-05
0.654129 0.0792803 0.26659
0.858092 0.0866088 0.0552991
0.905077 0.0948229 9.9991E-05
0.607835 9.9991E-05 0.392065
0.849342 0.0737006 0.0769571
0.698683 9.9991E-05 0.301217
0.487214 0.0219254 0.490861
0.70129 9.9991E-05 0.29861
0.7221 9.9991E-05 0.2778
0.661247 9.9991E-05 0.338653
0.675421 0.0301488 0.29443
0.867226 9.9991E-05 0.132674
0.643655 0.0038174 0.352527
0.232706 0.722714 0.0445798
0.149565 0.78773 0.0627052
0.0814487 0.918451 9.9991E-05
0.107161 0.892739 9.9991E-05
0.186371 0.792177 0.0214512
0.871818 0.0613672 0.0668151
0.872535 0.118635 0.00882947
0.959833 9.9991E-05 0.040067
0.551269 0.0459684 0.402763
0.5263 0.114252 0.359448
0.789791 0.00913128 0.201078
0.598556 9.9991E-05 0.401344
0.687659 0.0150064 0.297335
0.692803 9.9991E-05 0.307097
0.66203 9.9991E-05 0.33787
0.868799 0.0423387 0.0888624
0.801956 9.9991E-05 0.197944
0.80077 9.9991E-05 0.19913
0.560717 0.0624971 0.376786
0.813626 9.9991E-05 0.186274
0.647046 9.9991E-05 0.352854
0.180245 0.0484964 0.771258
0.211108 0.095939 0.692953
0.134317 0.0797432 0.78594
0.136147 0.150109 0.713744
0.25406 0.131786 0.614153
0.699036 0.0133782 0.287586
9.9991E-05 0.286778 0.713122
0.173107 0.117887 0.709006
0.447297 0.121079 0.431623
0.550649 0.0903281 0.359023
0.613784 0.12303 0.263186
0.528306 0.0896118 0.382082
0.528378 0.072887 0.398735
0.036284 0.205656 0.75806
0.25573 0.0733268 0.670943
0.11151 0.0720035 0.816486
0.331369 0.113873 0.554758
0.164592 0.116449 0.718959
0.211827 0.126419 0.661753
0.163032 0.112273 0.724694
0.265432 0.0563525 0.678215
0.637688 0.0829616 0.27935
0.27016 0.215605 0.514235
0.000423395 0.266495 0.733081
0.333798 0.0942458 0.571956
0.64535 0.270247 0.0844034
0.515582 9.9991E-05 0.484318
0.216325 0.215497 0.568178
0.554538 0.0625843 0.382878
0.564825 0.0868721 0.348302
0.318458 0.199876 0.481666
0.213495 0.275594 0.510911
0.50177 9.9991E-05 0.49813
0.331798 0.0509778 0.617224
0.181307 0.066658 0.752035
9.9991E-05 0.280541 0.719359
0.544617 0.0556328 0.39975
0.657089 0.111664 0.231247
0.578456 0.273385 0.148159
0.514158 0.0660429 0.419799
0.646589 0.099227 0.254184
0.385252 0.138331 0.476417
0.520534 0.0861929 0.393273
0.320746 0.492719 0.186535
0.351486 0.486165 0.16235
0.466645 0.247591 0.285764
0.251644 0.475344 0.273012
0.119398 0.555825 0.324777
0.474901 0.162248 0.362851
0.392016 0.208437 0.399547
0.347157 0.325182 0.327661
0.376181 0.371968 0.251851
0.458203 0.110161 0.431636
0.422749 0.280661 0.29659
0.275036 0.639416 0.0855477
0.39611 0.162149 0.441742
0.372861 0.167146 0.459993
0.240024 0.332764 0.427212
0.365463 0.0737378 0.560799
0.379852 0.134377 0.485771
0.352171 0.0688437 0.578985
0.274014 0.164212 0.561774
0.159649 0.366604 0.473747
0.349851 0.107157 0.542992
0.285258 0.173937 0.540805
0.321353 0.269412 0.409235
0.52466 0.192573 0.282767
0.435045 0.104771 0.460185
0.380459 0.170764 0.448777
0.477813 0.0174027 0.504785
0.17121 0.26797 0.560821
0.328418 0.150038 0.521544
0.220295 0.413596 0.366109
0.32367 0.131374 0.544956
0.214615 0.272908 0.512477
0.119775 0.840708 0.0395161
0.718188 0.281712 9.9991E-05
0.706543 0.293357 9.9991E-05
0.740262 0.259638 9.9991E-05
0.75789 0.24201 9.9991E-05
0.734894 0.265006 9.9991E-05
0.817631 0.182269 9.9991E-05
0.687783 0.312117 9.9991E-05
0.584162 0.415738 9.9991E-05
9.9991E-05 0.878667 0.121233
0.0565341 0.848043 0.0954229
9.9991E-05 0.862764 0.137136
0.0818974 0.852727 0.0653752
9.9991E-05 0.887422 0.112478
0.0325995 0.924514 0.0428861
0.0561663 0.719445 0.224389
9.9991E-05 0.842967 0.156934
0.0913005 0.762425 0.146275
9.9991E-05 0.872617 0.127283
9.9991E-05 0.950475 0.0494254
0.000520072 0.857114 0.142366
9.9991E-05 0.917235 0.0826647
9.9991E-05 0.887473 0.112427
9.9991E-05 0.855762 0.144138
9.9991E-05 0.791297 0.208603
9.9991E-05 0.758846 0.241054
9.9991E-05 0.761258 0.238642
9.9991E-05 0.801394 0.198506
0.583451 0.152654 0.263895
0.602845 0.00203309 0.395121
0.493639 0.0915052 0.414855
0.774717 0.170234 0.0550487
0.569727 0.111876 0.318397
0.675734 0.268824 0.0554419
0.571345 0.0512832 0.377372
0.663277 0.112038 0.224685
0.638171 0.0977904 0.264038
0.626734 9.9991E-05 0.373166
0.640296 0.0892416 0.270462
0.583451 0.0194669 0.397083
0.592049 0.0312418 0.37671
0.885208 0.111137 0.00365546
0.765127 0.234773 9.9991E-05
0.659864 0.216635 0.1235
0.530314 0.0536738 0.416012
0.565776 0.0638127 0.370411
0.563706 0.117165 0.319129
0.498297 9.9991E-05 0.501603
0.385902 0.141354 0.472743
0.345001 0.100734 0.554265
0.277729 0.47116 0.251111
0.490713 0.088258 0.421029
0.402693 0.207559 0.389747
0.274998 0.540341 0.184661
0.295035 0.236336 0.468629
0.273961 0.359134 0.366905
0.373901 0.262915 0.363185
0.356796 0.173066 0.470138
0.343781 0.174305 0.481915
0.405466 0.115774 0.47876
0.436941 0.203738 0.359321
0.222582 0.436241 0.341177
