9.9991E-05 0.904293 0.0767281 0.0188789
0.00246015 0.973597 0.0238429 9.9991E-05
9.999E-05 0.821803 0.0705815 0.107516
9.999E-05 0.854577 0.079554 0.0657689
9.999E-05 0.912681 0.0666693 0.02055
0.127462 0.689607 0.104098 0.0788339
0.10517 0.89463 9.9982E-05 9.9982E-05
0.101903 0.734648 0.150886 0.0125625
9.9982E-05 0.862867 0.136933 9.9982E-05
0.142961 0.749298 0.0300236 0.0777178
0.11092 0.757546 0.131434 9.9991E-05
0.291474 9.9991E-05 0.523566 0.18486
0.317426 0.0242962 0.454197 0.204081
0.29109 0.0547623 0.397824 0.256324
0.225824 0.0216389 0.639411 0.113127
0.353111 0.0353994 0.415756 0.195733
0.285325 0.0220221 0.496739 0.195914
0.392156 0.0142955 0.343175 0.250373
0.322487 0.0150111 0.507101 0.155401
9.9991E-05 0.819624 0.02916 0.151116
0.0369717 0.824991 0.0171918 0.120846
0.0443968 0.854271 0.0178878 0.0834445
0.0324052 0.846255 9.9991E-05 0.12124
0.283609 0.0936599 0.571362 0.0513695
0.6757 0.0309845 0.253517 0.039798
0.817803 9.9991E-05 0.0908794 0.0912177
0.891984 0.0712734 0.0366428 9.9991E-05
0.515002 9.9991E-05 0.423711 0.0611871
0.732977 0.000578923 0.198282 0.068162
0.391182 0.0761389 0.472296 0.0603831
0.31305 0.238127 0.375665 0.073157
0.423711 0.0879167 0.488272 9.9991E-05
0.51131 0.0132958 0.318709 0.156685
0.473842 0.0796415 0.410166 0.0363505
0.683506 0.0204902 0.233139 0.0628643
0.899743 0.00153877 0.0986181 9.9991E-05
0.886651 0.00040679 0.112842 9.9991E-05
0.907332 9.9991E-05 0.0568175 0.0357509
0.532012 0.0358287 0.302583 0.129577
0.46631 9.9991E-05 0.409242 0.124348
0.937522 0.0622783 9.9982E-05 9.9982E-05
9.9991E-05 0.8157 0.112499 0.0717009
9.9982E-05 0.968137 9.9982E-05 0.031663
9.9991E-05 0.892947 0.0549256 0.0520271
9.9982E-05 0.97239 9.9982E-05 0.0274105
0.0425316 0.905089 9.9991E-05 0.0522791
9.9982E-05 0.904658 9.9982E-05 0.0951416
9.9982E-05 0.983556 9.9982E-05 0.0162442
0.78165 0.0360217 0.182229 9.9991E-05
0.714247 0.0345223 0.251131 9.9991E-05
0.693149 9.9991E-05 0.128736 0.178014
0.50573 0.0955548 0.292858 0.105858
0.415973 9.9991E-05 0.41898 0.164947
0.583344 0.0399269 0.302744 0.0739852
0.544201 9.9991E-05 0.365184 0.0905146
0.444974 0.0210043 0.450025 0.0839963
0.433044 9.9991E-05 0.424751 0.142106
0.541591 0.053438 0.298843 0.106128
0.662588 0.25432 0.0829926 9.9991E-05
0.694656 0.165675 0.0778366 0.0618317
0.701342 0.122517 0.158526 0.0176159
0.620832 0.033648 0.161794 0.183726
0.648535 0.144796 0.0442166 0.162452
0.683722 0.0270812 0.179058 0.110138
0.311117 0.377751 0.0050511 0.306081
0.236131 0.652112 9.9991E-05 0.111658
0.319237 0.535778 9.9991E-05 0.144884
0.138177 0.436656 0.0668509 0.358316
0.792774 0.114417 9.9991E-05 0.0927092
0.860951 0.068016 9.9991E-05 0.0709326
0.781511 0.0446434 0.0989328 0.0749128
0.0489245 0.0323686 9.9991E-05 0.918607
0.0400491 9.9991E-05 0.0374768 0.922374
9.998E-05 9.998E-05 9.998E-05 0.9997
9.9982E-05 9.9982E-05 0.0493824 0.950418
9.9982E-05 9.9982E-05 0.0422514 0.957549
9.998E-05 9.998E-05 9.998E-05 0.9997
9.998E-05 9.998E-05 9.998E-05 0.9997
9.9982E-05 9.9982E-05 0.0130793 0.986721
9.9982E-05 0.00555883 9.9982E-05 0.994241
0.0308925 0.133098 9.9991E-05 0.835909
9.998E-05 9.998E-05 9.998E-05 0.9997
0.0505908 0.0687932 9.9991E-05 0.880516
0.540924 0.439188 9.9991E-05 0.0197883
0.490094 0.303681 0.0143423 0.191883
0.516154 0.307816 9.9991E-05 0.175929
0.0628859 0.853952 0.0830626 9.9991E-05
9.9991E-05 0.944075 0.0150889 0.0407358
9.9982E-05 0.974037 0.025763 9.9982E-05
9.9991E-05 0.96667 0.0317253 0.00150482
9.9991E-05 0.913688 0.0617551 0.0244573
9.9982E-05 0.949076 9.9982E-05 0.0507243
9.9991E-05 0.911373 0.0191486 0.0693784
0.0573218 0.89021 0.0523686 9.9991E-05
0.00471793 0.987749 9.9991E-05 0.0074332
9.9991E-05 0.863709 0.0477952 0.0883963
0.0948745 0.619014 0.286011 9.9991E-05
9.9982E-05 0.549635 0.450165 9.9982E-05
0.135276 0.582729 0.281895 9.9991E-05
0.148702 0.487728 0.36347 9.9991E-05
0.368029 9.9991E-05 0.542719 0.0891521
0.694521 9.9991E-05 0.164266 0.141113
0.967476 9.9982E-05 0.032324 9.9982E-05
0.854091 0.0635112 0.0386105 0.043787
0.597508 0.0282481 0.374144 9.9991E-05
9.9982E-05 0.121616 0.878184 9.9982E-05
9.9991E-05 0.0441144 0.92276 0.0330253
9.998E-05 9.998E-05 0.9997 9.998E-05
9.9982E-05 0.0267393 0.973061 9.9982E-05
9.9982E-05 9.9982E-05 0.950156 0.0496444
9.9982E-05 9.9982E-05 0.930912 0.0688881
0.026424 0.867231 0.0316963 0.0746491
9.9991E-05 0.871916 0.0903549 0.0376292
0.0153999 0.755284 0.0522815 0.177035
0.0253422 0.810263 0.0455961 0.118799
9.9991E-05 0.800302 0.0615927 0.138005
0.0445192 0.386147 0.569233 9.9991E-05
0.0605495 0.453214 0.486136 9.9991E-05
0.0422391 0.442598 0.515063 9.9991E-05
9.9991E-05 0.817646 0.0655316 0.116722
9.9982E-05 0.378478 0.621322 9.9982E-05
0.312405 0.290736 0.0189764 0.377882
0.200795 0.474651 9.9991E-05 0.324454
0.625924 0.00723516 0.201587 0.165255
0.265142 0.0367188 0.588662 0.109477
0.654647 9.9991E-05 0.170277 0.174976
0.85365 9.9982E-05 0.14615 9.9982E-05
0.437251 0.0355729 0.432186 0.0949905
0.724219 0.0316775 0.235008 0.0090956
0.511831 9.9991E-05 0.334237 0.153832
0.504818 0.0182271 0.278884 0.198071
0.0151332 0.82585 0.0263976 0.132619
0.0490851 0.865227 9.9991E-05 0.0855875
0.0807177 0.879386 0.0396146 0.000281211
0.0750814 0.850501 0.0499942 0.0244231
0.0468695 0.85832 9.9991E-05 0.0947106
0.281417 9.9991E-05 0.575834 0.142649
0.309399 0.128851 0.56165 9.9991E-05
0.219661 0.0876284 0.602332 0.0903782
0.286117 0.127255 0.516679 0.0699491
0.221074 0.0399508 0.608098 0.130878
0.522292 0.0511474 0.232265 0.194296
0.678893 0.00871403 0.219283 0.0931097
0.892475 9.9982E-05 0.107325 9.9982E-05
0.860753 0.00771949 0.113626 0.0179012
0.810614 0.0856161 0.10367 9.9991E-05
0.376999 0.0325249 0.548148 0.0423282
0.601098 9.9991E-05 0.269758 0.129044
0.378739 9.9991E-05 0.49827 0.122891
0.342047 9.9991E-05 0.535581 0.122272
0.591176 0.295582 9.9991E-05 0.113141
0.265889 0.578467 9.9991E-05 0.155543
0.86171 9.9982E-05 0.13809 9.9982E-05
0.860605 0.0217994 0.117496 9.9991E-05
0.431249 0.162311 9.9991E-05 0.40634
0.401857 0.23091 9.9991E-05 0.367134
0.732581 0.139175 0.00787163 0.120373
0.64746 0.168839 0.0192694 0.164432
0.577904 0.0531007 0.032978 0.336018
0.703896 0.129949 9.9991E-05 0.166054
0.756834 9.9991E-05 0.164123 0.0789433
0.746072 0.0188793 0.12988 0.105169
0.56561 0.284712 9.9991E-05 0.149577
0.396161 0.422594 9.9991E-05 0.181145
0.9997 9.998E-05 9.998E-05 9.998E-05
0.967584 0.0316645 0.000651595 9.9991E-05
0.756683 9.9991E-05 0.0666177 0.176599
0.845669 9.9991E-05 0.0341452 0.120086
0.113545 0.790233 9.9991E-05 0.0961228
0.00369946 0.744444 0.151405 0.100452
9.9991E-05 0.883659 0.0267406 0.0895007
0.0187739 0.981026 9.9982E-05 9.9982E-05
0.994771 0.00423819 0.000890771 9.9991E-05
0.769633 9.9991E-05 0.128953 0.101314
0.9997 9.998E-05 9.998E-05 9.998E-05
0.910616 0.0129931 0.0426557 0.0337352
0.991493 0.0083074 9.9982E-05 9.9982E-05
0.676845 0.104386 0.16472 0.0540487
0.828183 9.9991E-05 0.0746401 0.0970771
0.0322531 0.646524 0.321123 9.9991E-05
0.0563734 0.760225 0.156225 0.0271772
9.9982E-05 0.851334 0.148466 9.9982E-05
0.0249784 0.846765 0.128156 9.9991E-05
0.0296761 0.746408 0.223569 0.000347478
0.648106 0.0330485 0.247902 0.0709428
0.721387 0.0762701 0.189908 0.0124355
0.96085 9.9982E-05 9.9982E-05 0.0389498
0.595784 9.9991E-05 0.27791 0.126205
0.702673 9.9991E-05 0.187736 0.109491
0.071862 0.309305 0.0379496 0.580883
0.454093 0.217508 0.286574 0.0418251
0.659818 0.263052 9.9991E-05 0.0770302
0.439871 0.424236 9.9991E-05 0.135793
0.463132 0.426255 9.9991E-05 0.110514
0.36999 0.411479 9.9991E-05 0.218431
0.323946 0.442543 9.9991E-05 0.233411
0.395515 0.387416 0.00856258 0.208506
0.412417 0.364242 0.035808 0.187532
0.531681 0.290686 0.0275995 0.150033
0.370492 0.545647 9.9991E-05 0.0837612
0.272207 0.44345 9.9991E-05 0.284243
0.283661 0.383298 9.9991E-05 0.33294
0.0362596 0.842145 0.121496 9.9991E-05
9.9982E-05 0.0272394 0.972561 9.9982E-05
9.998E-05 9.998E-05 0.9997 9.998E-05
9.9982E-05 9.9982E-05 0.983667 0.0161326
9.9982E-05 9.9982E-05 0.930966 0.068834
9.9982E-05 9.9982E-05 0.981396 0.0184039
9.998E-05 9.998E-05 0.9997 9.998E-05
9.9982E-05 0.203761 0.796039 9.9982E-05
0.0645426 0.912448 0.00172369 0.0212853
9.9991E-05 0.832605 0.155949 0.0113457
9.9982E-05 0.941528 0.0582716 9.9982E-05
0.0305507 0.856981 0.112368 9.9991E-05
9.9991E-05 0.886978 0.101116 0.0118063
9.9991E-05 0.891009 0.107965 0.000925555
9.9991E-05 0.896632 0.0153948 0.0878736
0.0135095 0.944003 9.9991E-05 0.0423878
9.9982E-05 0.981766 0.0180345 9.9982E-05
0.000725117 0.911701 0.0403221 0.0472514
9.998E-05 0.9997 9.998E-05 9.998E-05
9.9991E-05 0.951658 0.0234056 0.0248367
9.9991E-05 0.890824 0.017903 0.0911732
9.9982E-05 0.856151 9.9982E-05 0.143649
9.9982E-05 0.828255 9.9982E-05 0.171545
9.9991E-05 0.838791 0.0309803 0.130129
9.9982E-05 0.846492 9.9982E-05 0.153308
0.59006 0.220452 0.065569 0.123919
0.787354 0.111356 0.0460293 0.0552604
0.766302 0.224988 9.9991E-05 0.00860956
0.506518 9.9991E-05 0.390291 0.103091
0.800157 0.117319 0.0824239 9.9991E-05
0.747568 0.139053 0.109952 0.00342735
0.585082 0.134208 0.0654304 0.21528
0.263074 0.501942 0.0885887 0.146396
0.324672 0.441968 9.9991E-05 0.23326
0.265062 0.397461 0.0467206 0.290756
0.206475 0.458833 0.0370285 0.297663
