9.9991E-05 0.0202618 0.948889 0.0307495
9.9982E-05 0.0651748 0.934625 9.9982E-05
0.023035 0.0310383 0.843769 0.102158
9.999E-05 0.0810131 0.806711 0.112176
0.0282015 9.9991E-05 0.912283 0.0594155
0.210478 0.085594 0.676637 0.0272911
0.0351739 0.0614068 0.903319 9.9991E-05
0.0314601 0.115628 0.819869 0.0330431
9.9982E-05 0.150812 0.848988 9.9982E-05
0.134212 0.0288919 0.752312 0.0845839
0.0899438 0.12253 0.787426 9.9991E-05
0.334768 0.480538 9.9991E-05 0.184594
0.494477 0.224906 0.00896927 0.271648
0.209988 0.531808 9.9991E-05 0.258104
0.28941 0.395598 0.0311451 0.283847
0.349497 0.21422 0.146812 0.289472
0.489393 0.143445 0.0392099 0.327952
0.555258 0.230267 0.00682134 0.207653
0.412101 0.293347 0.136051 0.158502
0.131096 0.684294 0.0889598 0.0956511
0.480907 0.231649 0.0798865 0.207558
0.529254 0.169768 0.167104 0.133874
0.647912 0.0971603 0.0816182 0.173309
0.339621 0.414407 0.02414 0.221832
0.586844 0.0487215 0.108278 0.256156
0.463336 0.2653 0.0564675 0.214897
0.22482 0.533155 0.0696908 0.172334
0.139463 0.560092 9.9991E-05 0.300345
0.283062 0.5425 0.0212919 0.153146
9.9982E-05 9.9982E-05 0.857472 0.142328
0.0356194 9.9991E-05 0.879679 0.0846012
0.11246 9.9991E-05 0.798651 0.088789
0.142859 9.9991E-05 0.765223 0.0918177
0.680114 0.13466 0.0386312 0.146594
0.697451 0.0941882 0.0735195 0.134842
0.863171 0.00497131 0.0567587 0.0750985
0.224956 0.574623 0.110702 0.089719
0.776685 0.177879 0.00155779 0.0438783
0.637783 0.103687 0.0748165 0.183714
0.755157 9.9991E-05 0.0363111 0.208432
0.664705 9.9991E-05 0.214059 0.121136
0.665073 0.0260674 0.135613 0.173246
0.570626 0.424258 0.00501649 9.9991E-05
0.673992 9.9991E-05 0.0996386 0.22627
0.738672 0.0152172 0.0404696 0.205642
0.626873 9.9991E-05 0.154879 0.218148
0.82096 0.172832 0.00610775 9.9991E-05
0.797716 9.9991E-05 0.0560704 0.146114
0.688178 9.9991E-05 0.165137 0.146585
0.353448 0.547242 0.0992104 9.9991E-05
0.396158 0.551281 9.9991E-05 0.0524606
0.410629 0.492341 0.0728576 0.0241727
0.652165 0.0976102 0.0824498 0.167775
0.605758 0.0223279 0.105106 0.266808
0.654514 0.119707 0.0442893 0.181489
0.311369 0.512894 0.0826723 0.0930656
0.592178 0.195492 0.0242493 0.18808
0.542573 0.121557 0.05775 0.27812
0.525997 0.252965 0.116128 0.10491
0.227749 0.419329 0.252901 0.100021
0.612215 0.1503 0.109995 0.127491
0.356123 0.346629 0.0345382 0.26271
0.347942 0.577755 0.0742023 9.9991E-05
0.536915 0.278655 9.9991E-05 0.184331
0.650406 0.118517 0.0104989 0.220578
0.452025 0.11237 0.119432 0.316173
0.460338 0.334491 0.102702 0.102469
0.483743 0.281819 0.0287461 0.205692
0.578033 0.162105 0.0502814 0.209581
0.418586 0.500535 0.0525452 0.028334
0.922344 0.0152294 9.9991E-05 0.0623265
0.715446 0.255678 0.0287758 9.9991E-05
0.621442 0.094298 0.0828181 0.201442
0.598908 0.384476 0.016516 9.9991E-05
0.601867 0.397934 9.9982E-05 9.9982E-05
0.809533 0.190267 9.9982E-05 9.9982E-05
0.787705 0.0922128 0.0611215 0.0589607
0.65838 0.0408537 0.18269 0.118077
0.736423 0.112461 0.0190826 0.132033
0.625495 0.301859 0.0725466 9.9991E-05
0.603632 0.302175 0.0893495 0.00484365
0.626674 0.10925 0.0623664 0.20171
0.685581 0.244683 0.0280259 0.0417095
0.765094 0.129463 0.0538361 0.0516064
0.901532 0.0600865 0.0382812 9.9991E-05
0.6091 0.37984 0.0109599 9.9991E-05
0.763295 0.0205915 9.9991E-05 0.216014
0.0945369 9.9991E-05 0.842299 0.0630638
0.0594871 9.9991E-05 0.933347 0.00706616
9.9982E-05 9.9982E-05 0.903891 0.0959092
0.0100683 9.9991E-05 0.92685 0.0629814
0.0479963 0.00117734 0.87906 0.0717666
0.00358367 9.9991E-05 0.943102 0.0532148
0.023524 9.9991E-05 0.970588 0.00578852
0.696278 0.101865 0.122186 0.0796712
0.679095 0.0062702 0.0540213 0.260614
0.665006 0.334794 9.9982E-05 9.9982E-05
0.607561 0.0697293 0.0957367 0.226973
0.791509 0.113579 0.013758 0.0811548
0.793731 9.9991E-05 0.0450907 0.161079
0.71612 0.0512665 0.0692338 0.16338
0.792941 0.00343545 0.0346119 0.169011
0.430819 0.52162 0.0474605 9.9991E-05
0.599394 0.124379 0.103877 0.17235
0.739953 9.9991E-05 0.107896 0.152051
0.701387 9.9991E-05 0.0825207 0.215992
0.740408 0.205048 0.0544441 9.9991E-05
0.836487 9.9991E-05 0.120345 0.0430673
0.769562 0.13632 0.0779153 0.0162027
0.790795 0.11987 0.00220454 0.0871308
0.776685 0.0719356 0.0763831 0.0749968
0.654815 0.0423871 0.121469 0.181328
0.313431 0.556841 9.9991E-05 0.129629
0.300204 0.32682 0.0883732 0.284603
0.496083 0.173118 0.118782 0.212017
0.689503 0.0615205 0.0853827 0.163594
0.481982 0.335402 0.0633879 0.119228
0.62221 0.153336 9.9991E-05 0.224354
0.429386 0.311348 0.0648937 0.194372
0.598206 0.110653 0.075077 0.216064
0.576516 0.122963 0.0341348 0.266386
0.745033 0.0658377 0.0818471 0.107282
0.513264 0.275163 0.0287424 0.182831
0.540154 0.154289 0.027102 0.278455
0.684528 0.0152213 0.0866513 0.213599
0.589033 0.177508 9.9991E-05 0.233359
0.49323 0.170104 0.000562744 0.336103
0.658161 0.100276 0.00212475 0.239438
0.296692 0.423849 0.0676885 0.211771
0.638686 0.0560787 0.0402817 0.264954
0.601949 0.108993 9.9991E-05 0.288958
0.373214 0.475097 0.0139194 0.137769
0.279564 0.557027 0.023932 0.139477
0.44889 0.273796 0.0187858 0.258527
0.258169 0.647425 9.9991E-05 0.094306
0.40001 0.502143 0.00810383 0.0897428
0.609486 0.304464 0.00248978 0.0835605
0.481522 0.437124 0.0374687 0.0438857
0.388914 0.469531 9.9991E-05 0.141454
0.676964 9.9991E-05 0.173507 0.149428
0.588762 0.0595435 0.0944298 0.257265
0.677224 0.108504 0.0825555 0.131716
0.294011 0.559736 9.9991E-05 0.146153
0.623758 0.0752432 0.150338 0.150661
0.616438 0.144617 0.0298382 0.209107
0.257396 0.527825 0.214679 9.9991E-05
0.651049 9.9991E-05 0.113847 0.235004
0.605393 0.195798 0.106117 0.0926923
0.620744 0.0800686 0.148011 0.151176
0.376219 0.350337 0.166857 0.106587
0.503954 0.34172 0.154226 9.9991E-05
0.67033 0.251432 0.0411039 0.0371342
0.58946 0.118185 0.149681 0.142674
0.669233 0.0803663 0.156646 0.0937551
0.39947 0.332614 0.158713 0.109202
0.706618 9.9991E-05 0.120692 0.17259
0.77063 0.226901 0.00236915 9.9991E-05
0.63821 0.223623 9.9991E-05 0.138067
0.686292 0.0201403 0.13531 0.158257
0.205389 0.139575 0.359965 0.295071
9.9991E-05 0.158626 0.663416 0.177858
9.9991E-05 0.264995 0.585633 0.149272
9.9991E-05 0.137028 0.415338 0.447533
0.83496 9.9991E-05 0.0114925 0.153448
0.5771 0.0205427 0.137592 0.264765
0.167192 9.9982E-05 9.9982E-05 0.832608
0.227274 0.143119 9.9991E-05 0.629507
0.363094 0.0624303 0.0633495 0.511126
0.629336 0.240534 0.0799174 0.0502127
0.66901 0.138319 0.0312643 0.161407
0.534403 0.371489 0.0685597 0.0255491
0.681496 0.0595951 0.104619 0.15429
0.71447 0.043132 0.117332 0.125066
0.650877 0.0943931 0.0617794 0.192951
0.542348 0.412595 0.0449568 9.9991E-05
0.720526 9.9991E-05 0.0625135 0.216861
0.6384 0.0584577 0.0732988 0.229843
9.998E-05 9.998E-05 9.998E-05 0.9997
0.0142646 9.9982E-05 9.9982E-05 0.985535
0.260066 9.9991E-05 0.0702679 0.669566
0.190717 9.9991E-05 0.00351046 0.805673
0.0417164 0.0372592 0.00473371 0.916291
9.998E-05 9.998E-05 9.998E-05 0.9997
9.9991E-05 0.0475553 0.0073741 0.944971
0.0181126 9.9982E-05 9.9982E-05 0.981687
9.9982E-05 0.0105281 9.9982E-05 0.989272
9.998E-05 9.998E-05 9.998E-05 0.9997
9.998E-05 9.998E-05 9.998E-05 0.9997
0.122315 9.9991E-05 0.0459522 0.831633
9.9991E-05 0.00898033 0.146343 0.844577
9.9982E-05 9.9982E-05 0.0210989 0.978701
0.28751 0.0505079 0.111508 0.550474
0.0820479 0.0890663 0.0477251 0.781161
0.0627096 9.9991E-05 0.0224262 0.914764
9.9991E-05 0.0132158 0.0191032 0.967581
9.998E-05 9.998E-05 9.998E-05 0.9997
9.9982E-05 9.9982E-05 0.0622004 0.9376
9.9982E-05 9.9982E-05 0.010236 0.989564
0.167097 0.0258385 0.0868331 0.720232
9.9991E-05 0.0426927 0.0174315 0.939776
0.208278 0.337862 0.402728 0.0511324
0.381544 0.209064 0.209557 0.199834
0.52761 0.0458628 0.255274 0.171254
0.325343 0.206104 0.321467 0.147085
0.475416 0.0889567 0.155016 0.280612
0.423168 0.0438709 0.391359 0.141602
0.441236 0.0665288 0.278152 0.214084
0.455675 0.0621399 0.183311 0.298874
0.557339 9.9991E-05 0.227807 0.214754
0.428504 0.0780127 0.177763 0.31572
0.539034 0.030842 0.249168 0.180957
0.0363642 0.0853787 0.878157 9.9991E-05
9.9982E-05 9.9982E-05 0.972686 0.0271139
9.998E-05 9.998E-05 0.9997 9.998E-05
0.00995202 0.0166831 0.961344 0.0120213
9.9991E-05 0.0401639 0.931287 0.0284491
9.9982E-05 9.9982E-05 0.921817 0.0779833
9.9991E-05 0.011391 0.907282 0.0812275
0.0199926 0.062577 0.91733 9.9991E-05
0.0132937 9.9982E-05 0.986506 9.9982E-05
9.9991E-05 0.0284826 0.857323 0.114094
0.0105612 0.345933 0.643406 9.9991E-05
9.9991E-05 0.378065 0.600658 0.0211772
9.9982E-05 0.446243 0.553557 9.9982E-05
0.0364528 0.456735 0.506712 9.9991E-05
0.768775 0.0662006 0.134501 0.0305234
0.806023 0.0478168 0.0675659 0.0785948
0.61766 0.194369 9.9991E-05 0.187871
0.671152 0.211307 0.0776979 0.0398436
0.247106 0.692131 9.9991E-05 0.0606632
0.805938 9.9991E-05 0.0391282 0.154834
0.793429 0.0392551 0.0194682 0.147847
0.767091 0.0903762 0.0357011 0.106832
0.802225 0.129075 9.9991E-05 0.0686007
0.62909 0.115564 0.0532415 0.202105
0.723769 0.195812 9.9991E-05 0.0803194
0.408466 0.591334 9.9982E-05 9.9982E-05
0.700254 0.0872518 0.0233738 0.189121
0.761117 0.205691 0.0330927 9.9991E-05
0.802806 0.114222 9.9991E-05 0.0828712
0.582689 0.405319 0.011892 9.9991E-05
9.9991E-05 0.795395 0.180366 0.0241389
0.0441235 0.797965 0.104188 0.0537238
9.9991E-05 0.901932 0.056033 0.0419346
0.0265588 0.826761 0.14658 9.9991E-05
9.9982E-05 0.908731 9.9982E-05 0.0910689
9.9991E-05 0.805952 0.0623423 0.131605
0.067019 9.9991E-05 0.901648 0.0312332
9.9991E-05 0.0447199 0.842072 0.113108
0.029548 9.9991E-05 0.777344 0.193008
9.9991E-05 0.0494748 0.758818 0.191607
0.0380702 0.0116728 0.81208 0.138177
9.9982E-05 0.588347 0.411453 9.9982E-05
9.9982E-05 0.473407 0.526393 9.9982E-05
9.9991E-05 0.50352 0.460637 0.0357433
0.0260252 9.9991E-05 0.864224 0.109651
0.0100931 0.560815 0.428992 9.9991E-05
0.150772 0.0890887 0.237409 0.52273
0.526437 9.9991E-05 0.117251 0.356212
0.332507 9.9991E-05 0.137903 0.52949
0.390179 9.9991E-05 0.298472 0.311249
0.500268 9.9991E-05 0.170148 0.329484
9.9991E-05 0.142146 0.497738 0.360017
0.417642 0.384964 0.0339624 0.163432
0.496814 0.351011 0.0247147 0.12746
0.317196 0.485754 0.12387 0.0731802
0.6359 0.217004 0.0365236 0.110572
0.213849 0.785951 9.9982E-05 9.9982E-05
0.576892 0.0619796 0.155881 0.205247
0.600278 0.251309 0.0281358 0.120277
0.452092 0.370233 0.0692095 0.108465
0.605923 0.117931 0.114879 0.161268
0.410175 0.563843 0.00991233 0.0160706
0.50749 0.233213 0.0537438 0.205554
0.580407 0.158429 0.0646856 0.196478
0.478982 0.0657665 0.186815 0.268436
0.460765 0.367739 9.9991E-05 0.171396
0.496161 0.335827 0.0211804 0.146831
0.569979 0.212027 9.9991E-05 0.217894
0.697391 0.160843 9.9991E-05 0.141667
0.627139 0.089019 0.0600992 0.223743
0.587095 0.123552 0.0549673 0.234386
0.428483 0.233528 0.0671921 0.270798
0.0462933 9.9991E-05 0.826749 0.126858
0.0739617 9.9991E-05 0.890432 0.0355062
0.0868777 0.102031 0.810991 9.9991E-05
0.0218132 0.107941 0.802058 0.0681877
0.0886931 9.9991E-05 0.84935 0.0618566
0.205353 0.635101 9.9991E-05 0.159445
0.54451 0.173969 0.0141766 0.267344
0.31086 0.118542 0.163373 0.407225
0.555008 0.172251 0.00941908 0.263322
0.574267 0.219668 0.00652931 0.199536
0.342078 0.473658 9.9991E-05 0.184164
0.0586692 0.779763 0.127983 0.0335846
0.502231 0.262612 0.0284864 0.20667
0.248015 0.565431 0.110337 0.0762166
0.488932 0.260623 0.104606 0.145839
0.189144 0.595087 0.119103 0.0966666
0.560934 0.0745037 0.15379 0.210773
0.30051 0.548352 0.0757998 0.0753387
0.4418 0.367229 0.0441118 0.146859
0.60577 0.143263 0.150895 0.100072
0.479737 0.345571 0.0646946 0.109997
0.691195 0.102721 0.102241 0.103842
0.716407 9.9991E-05 0.248377 0.0351157
0.633158 0.260972 0.046375 0.0594947
0.478346 0.193838 0.00314481 0.324671
0.801068 0.00233511 0.112674 0.0839227
0.596347 0.377269 0.0262837 9.9991E-05
0.630116 0.321131 0.0472552 0.00149763
0.677597 0.0750734 0.118977 0.128353
0.617636 0.342446 0.0398181 9.9991E-05
0.659022 0.186181 0.0461063 0.108691
0.191796 0.707913 9.9991E-05 0.100192
0.314374 0.534421 9.9991E-05 0.151105
0.261505 0.475225 9.9991E-05 0.26317
0.5717 0.0996169 0.0406417 0.288041
0.393264 0.50178 9.9991E-05 0.104856
0.460621 0.187312 9.9991E-05 0.351967
0.518403 0.103701 0.0891249 0.288772
0.514286 0.200694 9.9991E-05 0.28492
0.351106 0.332461 0.0114472 0.304986
0.480391 0.313137 0.0154486 0.191024
0.240214 0.588275 9.9991E-05 0.171411
0.383736 0.394535 9.9991E-05 0.221629
0.648364 0.134166 9.9991E-05 0.21737
0.558194 0.147066 0.118832 0.175908
0.517472 0.308987 0.0448738 0.128667
0.552025 0.188047 9.9991E-05 0.259828
0.380913 0.351542 0.0976994 0.169846
0.612597 0.185188 9.9991E-05 0.202115
0.527069 0.20684 0.037729 0.228362
0.482288 0.212051 0.0416559 0.264005
0.414316 9.9991E-05 0.357312 0.228272
0.494622 0.0208253 0.133617 0.350936
0.494242 0.0741692 0.154427 0.277162
0.544071 0.019792 0.0919416 0.344195
0.417069 9.9991E-05 0.190609 0.392222
0.495544 0.334592 9.9991E-05 0.169764
0.526413 0.0435675 0.175865 0.254154
0.298035 0.258282 0.333604 0.110078
0.477053 0.04874 0.126026 0.348181
0.485717 0.0429 0.182637 0.288746
0.463428 0.11668 0.0280777 0.391814
0.342505 0.229072 0.176421 0.252001
0.491768 9.9991E-05 0.144575 0.363558
0.420543 0.0234167 0.198361 0.357679
9.9991E-05 0.235798 0.55616 0.207942
0.414348 9.9991E-05 0.160148 0.425404
0.426975 0.0131944 0.206236 0.353595
0.561677 9.9991E-05 0.120229 0.317994
0.446973 9.9991E-05 0.152221 0.400705
0.492589 0.0177796 0.160845 0.328786
0.649992 0.168228 0.00842991 0.173351
0.497087 0.112729 0.111815 0.278369
0.482666 0.517134 9.9982E-05 9.9982E-05
0.49158 0.50822 9.9982E-05 9.9982E-05
0.651751 0.0987414 9.9991E-05 0.249407
0.385792 9.9991E-05 0.189176 0.424932
0.417714 9.9991E-05 0.200596 0.38159
0.264047 0.0753909 0.314718 0.345845
0.343641 0.0965338 0.156119 0.403706
0.458602 0.278039 0.186902 0.0764569
0.494725 0.212685 0.146886 0.145704
0.689843 0.0295878 0.0623288 0.21824
0.644744 0.037323 0.117054 0.200879
0.58352 0.212459 0.111012 0.0930093
0.575884 0.073638 0.0796758 0.270803
0.727505 0.00320034 0.0558081 0.213486
0.440966 0.138965 0.0536269 0.366442
0.67405 0.32575 9.99821E-05 9.99821E-05
0.597553 0.278728 9.9991E-05 0.123619
0.550487 0.187587 0.083231 0.178695
0.519918 0.239264 0.111881 0.128937
0.513146 0.127355 0.12467 0.234828
0.694703 0.1682 0.0301029 0.106994
0.53716 0.393106 9.9991E-05 0.0696343
0.78332 0.0279748 0.0704248 0.11828
0.618947 0.0773237 0.0975583 0.206171
0.622679 0.361142 9.9991E-05 0.0160795
0.688307 0.164722 0.0505482 0.0964233
0.546652 0.161294 0.0579042 0.23415
0.6517 0.120053 0.105774 0.122472
0.377363 0.03875 0.213626 0.370261
0.470799 0.0829353 0.181735 0.264531
0.31186 0.0953202 0.142994 0.449826
0.24781 0.237385 0.143519 0.371286
0.317769 0.137105 0.158887 0.386239
0.457241 0.11505 0.129366 0.298342
0.234297 0.385781 0.242846 0.137076
0.476171 9.9991E-05 0.078704 0.445025
0.0253346 0.322737 0.469007 0.182921
0.505374 0.0349495 0.0533171 0.406359
0.61029 0.38951 9.9982E-05 9.9982E-05
0.415813 0.581717 0.00236942 9.9991E-05
0.849909 0.0912673 9.9991E-05 0.0587233
0.779855 9.9991E-05 0.0623521 0.157692
0.750175 0.200416 9.9991E-05 0.049309
0.803821 0.0801492 0.0141105 0.101919
0.738947 0.110664 9.9991E-05 0.150288
0.118313 9.9991E-05 0.823306 0.0582805
9.9991E-05 0.115327 0.776774 0.107799
9.9982E-05 9.9982E-05 0.93144 0.0683602
0.0256784 9.9991E-05 0.961771 0.0124507
0.862376 0.0650838 0.0446625 0.027878
0.656045 0.118514 0.0738378 0.151603
0.91458 0.0542417 0.0310788 9.9991E-05
0.649648 0.0353079 0.164529 0.150516
0.571491 0.147952 0.0520843 0.228473
0.67718 0.279403 0.0433164 9.9991E-05
0.79901 0.00499699 0.0272765 0.168717
0.85459 0.081385 0.0639254 9.9991E-05
0.407427 9.9991E-05 0.281268 0.311205
0.699507 0.211378 9.9991E-05 0.0890152
0.726165 0.182051 0.0817775 0.0100069
0.770407 0.0547117 0.0208863 0.153995
0.806403 0.126729 0.0450265 0.0218414
0.888234 9.9982E-05 9.9982E-05 0.111566
0.813676 9.9991E-05 0.0964255 0.0897983
0.782974 0.216826 9.9982E-05 9.9982E-05
0.750508 0.1781 0.0712921 9.9991E-05
0.779706 0.151726 0.0608221 0.00774517
0.620941 0.378859 9.9982E-05 9.9982E-05
0.696399 0.141743 0.0619722 0.0998858
0.619631 0.345093 0.0351762 9.9991E-05
0.527674 0.413296 0.0589295 9.9991E-05
0.798355 9.9991E-05 0.0643246 0.137221
0.615155 0.345271 0.0394747 9.9991E-05
0.732366 0.107611 0.0404471 0.119577
0.631284 9.9991E-05 0.113423 0.255193
0.791493 0.0984119 9.9991E-05 0.109995
0.396662 0.399456 9.9991E-05 0.203782
0.8052 0.0194627 0.0892592 0.0860783
0.775878 0.0568336 0.102911 0.0643776
0.830419 0.169381 9.9982E-05 9.9982E-05
0.728223 9.9991E-05 0.132783 0.138894
9.9991E-05 0.320666 0.641625 0.0376097
0.087188 0.118837 0.793875 9.9991E-05
9.9982E-05 0.16061 0.83919 9.9982E-05
9.9982E-05 0.147088 0.852712 9.9982E-05
0.0313153 0.222095 0.746489 9.9991E-05
0.566688 0.360393 0.072819 9.9991E-05
0.602832 0.329865 0.0672023 9.9991E-05
0.809041 0.190759 9.9982E-05 9.9982E-05
0.547567 0.0476019 0.183747 0.221084
0.630259 0.0325793 0.156346 0.180816
0.781575 0.133057 0.0852685 9.9991E-05
0.785921 0.0205891 9.9991E-05 0.19339
0.765894 0.105517 0.128488 9.9991E-05
0.742946 0.062453 0.0649239 0.129677
0.757727 9.9991E-05 0.0383368 0.203836
0.671476 0.29756 0.0193806 0.0115829
0.789469 0.117697 0.0927335 9.9991E-05
0.732101 0.228202 0.0395967 9.9991E-05
0.640979 0.0254555 0.130799 0.202766
0.918407 0.00154313 0.0799498 9.9991E-05
0.849358 0.0497692 0.081473 0.0194
0.282267 0.0449355 0.0732365 0.599561
0.218696 0.0636473 0.109943 0.607713
0.28518 9.9991E-05 0.0725816 0.642138
0.259225 0.0229777 0.146789 0.571009
0.264358 0.0439952 0.104616 0.587031
0.682937 0.120586 0.0834512 0.113026
9.9991E-05 0.00488556 0.281156 0.713859
0.231975 9.9991E-05 0.203208 0.564718
0.55119 9.9991E-05 0.169984 0.278726
0.652333 0.0296763 0.171307 0.146684
0.61691 0.0856693 0.212656 0.0847645
0.650808 0.0600294 0.13179 0.157372
0.668347 9.9991E-05 0.162439 0.169113
0.245425 9.9991E-05 0.228801 0.525673
0.322924 0.00952867 0.133773 0.533774
0.221649 9.9991E-05 0.0531003 0.72515
0.389443 0.0870711 0.0929304 0.430555
0.122004 0.0517501 0.140788 0.685459
0.352478 0.0309282 0.11386 0.502734
0.219501 0.0339479 0.117381 0.629171
0.321603 0.102863 0.074965 0.500569
0.707119 0.0198741 0.178681 0.0943253
0.423929 9.9991E-05 0.157021 0.41895
0.131365 9.9991E-05 0.137659 0.730876
0.338321 0.0330668 0.11139 0.517222
0.414556 0.325851 0.259493 9.9991E-05
0.743192 0.0201168 0.00515716 0.231534
0.303706 0.123322 0.110063 0.462909
0.615276 0.0121526 0.198175 0.174397
0.658677 0.012953 0.235425 0.0929452
0.331356 0.114028 0.222021 0.332595
0.346807 0.00565594 0.199251 0.448286
0.592971 0.0523902 0.120225 0.234414
0.2724 9.9991E-05 0.133991 0.593509
0.236646 9.9991E-05 0.122499 0.640755
0.0995171 0.026967 0.201944 0.671572
0.624571 0.0157838 0.192152 0.167492
0.616779 0.173294 0.183393 0.0265337
0.521079 0.225136 0.253684 9.9991E-05
0.657623 9.9991E-05 0.12065 0.221627
0.523802 0.253176 0.0800045 0.143017
0.491865 9.9991E-05 0.2462 0.261836
0.582418 0.0253979 0.212914 0.179269
0.0663588 0.285514 0.412936 0.235192
0.125687 0.303526 0.372203 0.198584
0.361988 0.246568 0.14276 0.248684
0.163778 0.183015 0.425518 0.227688
0.164099 0.0340679 0.542359 0.259474
0.400468 0.14927 0.196716 0.253546
0.524517 0.012772 0.245218 0.217493
0.254373 0.172559 0.3553 0.217768
0.190929 0.225105 0.324065 0.259901
0.629812 9.9991E-05 0.190406 0.179682
0.250222 0.278348 0.256183 0.215248
0.0615409 0.258531 0.554798 0.12513
0.487412 0.0841841 0.137164 0.29124
0.360987 0.120834 0.203969 0.31421
0.376395 0.00920249 0.26952 0.344883
0.354818 9.9991E-05 0.156934 0.488149
0.510077 9.9991E-05 0.194781 0.295042
0.543489 9.9991E-05 0.132574 0.323837
0.443212 9.9991E-05 0.148005 0.408683
0.255976 9.9991E-05 0.408841 0.335083
0.440393 0.0279566 0.182015 0.349635
0.358084 0.00774357 0.237159 0.397013
0.406726 9.9991E-05 0.304494 0.28868
0.384212 0.245773 0.174691 0.195324
0.559989 0.0570428 0.150367 0.232601
0.485393 0.0318482 0.161805 0.320954
0.67989 0.000955646 0.0941543 0.225001
0.262036 9.9991E-05 0.301523 0.436341
0.450612 9.9991E-05 0.208503 0.340785
0.239852 0.110624 0.383393 0.266131
0.469278 9.9991E-05 0.131077 0.399545
0.262732 0.0697241 0.26748 0.400064
9.9991E-05 0.166947 0.771005 0.0619471
0.084695 0.7119 0.115924 0.0874805
9.9991E-05 0.922533 0.0713039 0.00606316
9.9991E-05 0.923249 0.0551196 0.0215316
9.9982E-05 0.90121 9.9982E-05 0.0985899
9.9991E-05 0.839917 0.0321904 0.127793
0.0861823 0.865691 0.00725491 0.0408721
0.016185 0.90068 0.0830347 9.9991E-05
9.9991E-05 0.767758 0.179983 0.0521584
9.9991E-05 0.0529118 0.894762 0.0522261
0.0551881 0.0891446 0.855567 9.9991E-05
0.0132257 9.9991E-05 0.954492 0.0321826
0.0331111 0.132659 0.83413 9.9991E-05
9.9991E-05 0.0375247 0.90996 0.0524151
0.00301591 0.0597602 0.937124 9.9991E-05
0.121213 0.0237125 0.727037 0.128037
0.0398285 9.9991E-05 0.924078 0.0359936
0.0441794 0.129038 0.760129 0.0666535
9.9982E-05 9.9982E-05 0.931768 0.0680322
9.9982E-05 0.0133365 0.986464 9.9982E-05
0.013647 0.0438748 0.895098 0.0473802
9.9982E-05 0.0603141 0.939486 9.9982E-05
0.00458952 0.00109033 0.934999 0.0593212
0.00368669 0.0187358 0.888653 0.0889247
0.0721336 9.9991E-05 0.844608 0.0831589
0.000729852 9.9991E-05 0.794953 0.204217
0.0483645 9.9991E-05 0.782747 0.168788
0.0283663 9.9991E-05 0.830214 0.141319
0.51794 0.163517 0.18914 0.129403
0.679223 0.0270078 0.138571 0.155198
0.62303 0.0624019 0.130867 0.183701
0.496218 0.359843 0.12641 0.0175293
0.579265 0.106583 0.18814 0.126012
0.359764 0.342029 0.208836 0.0893714
0.703995 9.9991E-05 0.153054 0.142851
0.649297 0.147808 0.17053 0.0323648
0.75813 0.0408366 0.133865 0.0671685
0.809278 0.0145867 0.0872142 0.0889213
0.647229 0.142598 0.171973 0.0381995
0.756092 9.9991E-05 0.0639451 0.179863
0.700375 0.0803387 0.114862 0.104424
0.17745 0.73002 9.9991E-05 0.0924298
0.307786 0.561886 0.130228 9.9991E-05
0.463202 0.350646 0.171734 0.0144172
0.650004 0.034811 0.070212 0.244973
0.60112 0.05183 0.186841 0.160209
0.537059 0.0893078 0.228972 0.144662
0.680811 0.0257324 0.0240309 0.269426
0.517172 9.9991E-05 0.188308 0.29442
0.453335 9.9991E-05 0.18616 0.360405
0.12718 0.236089 0.381772 0.254959
0.629608 0.0542044 0.100041 0.216147
0.434684 0.0227803 0.247543 0.294993
9.9991E-05 0.344286 0.459476 0.196138
0.358578 0.0479226 0.326219 0.26728
0.299308 0.102829 0.337237 0.260625
0.41266 0.0920656 0.325525 0.16975
0.408033 0.131201 0.0953987 0.365367
0.447675 9.9991E-05 0.197148 0.355077
0.503151 9.9991E-05 0.162851 0.333899
0.383307 0.059611 0.254055 0.303026
0.297202 9.9991E-05 0.447296 0.255401
