9.9982E-05 9.9982E-05 0.921957 0.0778435
0.0212821 9.9982E-05 0.978518 9.9982E-05
9.999E-05 0.0428577 0.82909 0.127952
9.999E-05 0.0701153 0.836857 0.0929278
9.999E-05 0.0215056 0.942365 0.0360294
0.161797 0.0162233 0.734489 0.0874909
0.039277 9.9991E-05 0.875696 0.0849272
9.999E-05 0.0574693 0.732405 0.210026
9.9982E-05 9.9982E-05 0.8685 0.131301
0.119224 0.088457 0.721155 0.0711634
0.0892164 0.00267675 0.766843 0.141264
0.310761 0.136452 9.9991E-05 0.552688
0.362296 0.138519 0.0147209 0.484464
0.225826 0.233997 0.0681449 0.472032
0.210631 0.0931797 0.048488 0.647702
0.31626 0.242929 0.0154584 0.425352
0.270275 0.179204 9.9991E-05 0.550422
0.192165 0.27267 9.9991E-05 0.535064
0.340369 0.14281 9.9991E-05 0.516721
9.9991E-05 0.116536 0.830104 0.0532591
9.9991E-05 0.103769 0.832126 0.0640048
0.0540838 0.0804027 0.799051 0.0664628
0.0842754 0.0908097 0.811214 0.0137012
0.247181 0.0755682 0.0212215 0.656029
0.620991 9.9991E-05 0.0385797 0.340329
0.769558 0.133134 9.9991E-05 0.0972086
0.891893 9.9982E-05 0.107907 9.9982E-05
0.40754 0.0110842 0.0133351 0.568041
0.640171 0.0626855 0.0292367 0.267907
0.397111 0.0253118 0.0903874 0.48719
0.331246 0.0862458 0.202685 0.379823
0.301108 9.9991E-05 0.0753008 0.623491
0.412337 0.14276 0.0823938 0.362509
0.415465 0.0263747 0.0818822 0.476279
0.661446 0.0909455 9.9991E-05 0.247509
0.899612 9.9991E-05 0.0122306 0.0880571
0.820156 9.9982E-05 9.9982E-05 0.179644
0.839918 0.0784387 9.9991E-05 0.0815435
0.630029 0.0400971 9.9991E-05 0.329774
0.472934 0.0804222 0.0495033 0.397141
0.962372 9.9982E-05 0.0374284 9.9982E-05
9.9991E-05 0.0569591 0.816123 0.126818
9.9991E-05 0.0478227 0.951292 0.000785309
9.9991E-05 0.0581562 0.920098 0.0216459
9.9982E-05 0.0182431 0.981557 9.9982E-05
0.0130007 0.0618555 0.925044 9.9991E-05
9.9982E-05 0.0672931 0.932507 9.9982E-05
9.9982E-05 0.0286042 0.971196 9.9982E-05
0.71247 9.9991E-05 0.0524251 0.235005
0.64234 9.9982E-05 9.9982E-05 0.35746
0.572696 0.229454 9.9991E-05 0.19775
0.468256 0.0936969 0.0868699 0.351177
0.327097 0.180657 0.00127724 0.490969
0.494497 0.0990012 0.0588519 0.34765
0.581646 0.095238 9.9991E-05 0.323016
0.395089 0.110512 9.9991E-05 0.494298
0.34975 0.153805 9.9991E-05 0.496345
0.459589 0.136664 9.9991E-05 0.403647
0.629756 9.9991E-05 0.216954 0.153189
0.548413 0.0460547 0.216983 0.188549
0.607294 0.0172063 0.179128 0.196372
0.557245 0.117784 0.0546352 0.270336
0.650752 0.171155 0.149691 0.0284026
0.662598 0.0913865 9.9991E-05 0.245915
0.279578 0.336095 0.384226 9.9991E-05
0.218876 0.118002 0.663021 9.9991E-05
0.291462 0.149507 0.558931 9.9991E-05
0.226765 0.357443 0.415692 9.9991E-05
0.729244 0.13064 0.0456768 0.0944396
0.839069 0.0886739 0.0721574 9.9991E-05
0.821383 0.0454398 0.0588952 0.0742823
0.0380737 0.959726 0.000366543 0.00183383
0.0129898 0.952764 9.9991E-05 0.0341465
9.998E-05 0.9997 9.998E-05 9.998E-05
9.9991E-05 0.935741 0.0217 0.042459
9.9982E-05 0.964962 9.9982E-05 0.0348382
9.998E-05 0.9997 9.998E-05 9.998E-05
9.998E-05 0.9997 9.998E-05 9.998E-05
9.998E-05 0.9997 9.998E-05 9.998E-05
9.9982E-05 0.9559 0.0439004 9.9982E-05
0.0464857 0.864566 0.0888483 9.9991E-05
9.998E-05 0.9997 9.998E-05 9.998E-05
0.00330634 0.859196 0.0772692 0.0602284
0.569566 0.0503868 0.379948 9.9991E-05
0.527206 0.146849 0.325845 9.9991E-05
0.450254 0.141511 0.342262 0.0659738
0.0728964 9.9991E-05 0.874342 0.0526616
9.9982E-05 0.047159 0.952641 9.9982E-05
9.9982E-05 9.9982E-05 0.996459 0.00334065
9.9991E-05 0.00336398 0.982624 0.013912
9.9991E-05 0.0447762 0.903085 0.0520392
0.00331506 0.0730751 0.92351 9.9991E-05
9.9982E-05 0.0738006 0.925999 9.9982E-05
0.0583381 9.9991E-05 0.896219 0.0453427
9.9991E-05 0.0315908 0.938513 0.0297961
0.0138544 0.0767318 0.880363 0.0290507
0.0311695 0.000889861 0.63937 0.328571
9.9982E-05 9.9982E-05 0.59392 0.40588
0.132443 9.9991E-05 0.556605 0.310852
0.121021 9.9991E-05 0.485456 0.393423
0.291013 0.0366645 9.9991E-05 0.672222
0.70583 0.124041 9.9991E-05 0.170028
0.930822 9.9982E-05 9.9982E-05 0.0689777
0.808611 0.0845696 0.0273391 0.0794809
0.639923 0.0144273 0.0387397 0.30691
9.9982E-05 9.9982E-05 0.0798997 0.9199
0.00836002 9.9991E-05 0.0567845 0.934755
9.998E-05 9.998E-05 9.998E-05 0.9997
9.9982E-05 9.9982E-05 0.047038 0.952762
0.0194514 9.9982E-05 9.9982E-05 0.980349
9.9991E-05 0.0184815 0.0492994 0.932119
0.0371858 0.0402957 0.922419 9.9991E-05
0.0230588 0.00326231 0.855032 0.118647
9.9991E-05 0.15924 0.755781 0.0848797
9.9991E-05 0.128928 0.757409 0.113563
0.0383702 0.0753436 0.818169 0.068117
0.00885433 9.9991E-05 0.407772 0.583274
0.0460988 9.9991E-05 0.52383 0.429971
9.9982E-05 9.9982E-05 0.444443 0.555357
9.9991E-05 0.100635 0.819587 0.0796776
9.9982E-05 9.9982E-05 0.363904 0.635896
0.299629 0.402355 0.297915 9.9991E-05
0.218341 0.334221 0.447338 9.9991E-05
0.562116 0.117056 9.9991E-05 0.320727
0.150115 0.119001 0.0730522 0.657831
0.53613 0.152786 9.9991E-05 0.310985
0.83667 9.9982E-05 9.9982E-05 0.16313
0.353967 0.112008 0.0189342 0.515091
0.690829 9.9982E-05 9.9982E-05 0.308971
0.470507 0.18316 9.9991E-05 0.346233
0.442328 0.189173 9.9991E-05 0.368399
0.0247118 0.0848581 0.89033 9.9991E-05
0.0456201 0.0447887 0.909491 9.9991E-05
0.0791333 0.046275 0.855339 0.0192531
0.115341 0.0430415 0.834419 0.00719823
0.0546168 0.0390318 0.871844 0.0345078
0.232369 0.100882 0.0224789 0.64427
0.232693 9.9991E-05 0.144347 0.62286
0.150634 0.155628 0.0621454 0.631592
0.27848 0.0485133 0.127512 0.545495
0.226471 0.0692329 0.0537053 0.650591
0.412466 0.126288 0.0772537 0.383992
0.711334 0.0356576 0.0381869 0.214821
0.893025 9.9991E-05 0.0455839 0.0612916
0.853394 0.0414435 0.0464206 0.0587415
0.766517 9.9991E-05 0.0528742 0.180509
0.288608 0.0513925 0.05949 0.600509
0.587148 0.129643 9.9991E-05 0.283109
0.324341 0.113716 9.9991E-05 0.561844
0.2019 0.188672 9.9991E-05 0.609328
0.563886 0.186513 0.249501 9.9991E-05
0.270623 0.19012 0.539156 9.9991E-05
0.819832 0.000350176 9.9991E-05 0.179718
0.873257 9.9991E-05 0.0493017 0.0773418
0.4512 0.422262 0.126438 9.9991E-05
0.37246 0.388073 0.224832 0.0146357
0.772939 0.0906522 0.136309 9.9991E-05
0.708021 0.106845 0.185034 9.9991E-05
0.496775 0.307971 0.0746704 0.120584
0.677435 0.218704 0.074217 0.0296434
0.730129 0.0634427 9.9991E-05 0.206328
0.7123 0.095805 9.9991E-05 0.191795
0.597525 0.0940349 0.30834 9.9991E-05
0.376327 0.169805 0.453768 9.9991E-05
0.9997 9.998E-05 9.998E-05 9.998E-05
0.956763 9.9991E-05 0.00802918 0.0351077
0.72125 0.14386 9.9991E-05 0.13479
0.761385 0.134416 9.9991E-05 0.104099
0.0846159 0.0338303 0.814215 0.0673391
0.0105203 0.0915172 0.773712 0.124251
9.9991E-05 0.0387912 0.932405 0.0287033
9.998E-05 9.998E-05 0.9997 9.998E-05
0.967559 0.0156901 0.00370409 0.0130472
0.770896 0.100594 0.0161471 0.112363
0.9997 9.998E-05 9.998E-05 9.998E-05
0.902554 0.0349552 0.0422715 0.0202194
0.986003 9.9982E-05 0.013797 9.9982E-05
0.618384 0.0911433 0.0302996 0.260173
0.805078 0.118733 9.9991E-05 0.0760892
9.9982E-05 9.9982E-05 0.666617 0.333183
0.0289769 0.0613551 0.768975 0.140693
0.00297067 9.9991E-05 0.83966 0.157269
9.9982E-05 9.9982E-05 0.838602 0.161198
0.004789 9.9991E-05 0.736631 0.25848
0.596118 0.081339 0.0136814 0.308862
0.631627 9.9991E-05 0.121598 0.246675
0.920364 0.0794364 9.9982E-05 9.9982E-05
0.560772 0.0688438 0.0283675 0.342017
0.574075 0.131767 0.00322651 0.290932
0.052883 0.596101 0.350916 9.9991E-05
0.46672 0.0529879 0.188923 0.291369
0.689087 0.0586669 0.252146 9.9991E-05
0.407535 0.18748 0.404884 9.9991E-05
0.446032 0.0825697 0.471298 9.9991E-05
0.385789 0.202954 0.411157 9.9991E-05
0.242559 0.218286 0.539054 9.9991E-05
0.395703 0.1691 0.389206 0.0459903
0.417061 0.147381 0.435458 9.9991E-05
0.528823 0.158688 0.303992 0.00849712
0.384797 0.0287225 0.58638 9.9991E-05
0.302796 0.272093 0.425011 9.9991E-05
0.299186 0.392878 0.307836 9.9991E-05
0.0719534 9.9991E-05 0.820515 0.107432
9.9982E-05 9.9982E-05 0.0143797 0.98542
9.998E-05 9.998E-05 9.998E-05 0.9997
9.9982E-05 0.0198537 9.9982E-05 0.979946
9.9982E-05 0.0581615 9.9982E-05 0.941638
9.998E-05 9.998E-05 9.998E-05 0.9997
9.9982E-05 9.9982E-05 0.000573435 0.999227
9.9982E-05 9.9982E-05 0.228527 0.771273
0.0439423 0.0107248 0.945233 9.9991E-05
9.9991E-05 0.0207479 0.803645 0.175507
9.9991E-05 0.0471086 0.939673 0.0131187
0.0594762 9.9991E-05 0.835371 0.105053
9.9991E-05 0.0646831 0.895074 0.0401434
9.9982E-05 9.9982E-05 0.902685 0.0971146
9.9982E-05 0.0721764 0.927624 9.9982E-05
9.9991E-05 0.0367783 0.939204 0.0239173
9.998E-05 9.998E-05 0.9997 9.998E-05
0.0250873 0.0390023 0.93581 9.9991E-05
9.9982E-05 9.9982E-05 0.979949 0.0198515
9.9991E-05 0.030959 0.955977 0.0129636
9.9991E-05 0.0720054 0.89597 0.0319246
9.9982E-05 0.148829 0.850971 9.9982E-05
9.9991E-05 0.176465 0.809854 0.0135811
9.9991E-05 0.145872 0.814146 0.0398819
0.0148746 0.175935 0.80909 9.9991E-05
0.576036 0.108928 0.218575 0.0964615
0.836859 0.0422259 0.120815 9.9991E-05
0.735699 0.0367698 0.227431 9.9991E-05
0.515088 0.124217 9.9991E-05 0.360595
0.795657 9.9991E-05 0.148452 0.055791
0.730582 9.9991E-05 0.192019 0.0772992
0.50421 0.226354 0.124321 0.145115
0.189264 0.172895 0.479541 0.158301
0.343681 0.213402 0.442817 9.9991E-05
0.135138 0.305947 0.353862 0.205053
0.129626 0.280748 0.480008 0.109618
