0.0121042 9.9964E-05 0.0574994 0.17705 9.9964E-05 9.9964E-05 0.670094 0.0575843 9.9964E-05 0.0252687
9.9946E-05 0.0299549 9.9946E-05 0.294122 9.9946E-05 9.9946E-05 0.647256 0.0280674 9.9946E-05 9.9946E-05
0.0396586 9.9973E-05 9.9973E-05 0.370953 9.9973E-05 0.0440417 0.426439 0.03927 0.0267431 0.052595
0.0557232 9.9955E-05 9.9955E-05 0.174081 9.9955E-05 0.113137 0.651945 0.0046142 9.9955E-05 9.9955E-05
0.0386643 9.9946E-05 9.9946E-05 0.188891 0.0228004 9.9946E-05 0.749045 9.9946E-05 9.9946E-05 9.9946E-05
0.108515 0.12454 0.0214719 0.00816714 9.9973E-05 0.00952887 0.692986 9.9973E-05 9.9973E-05 0.0344909
0.0180513 0.0496662 9.9955E-05 9.9955E-05 9.9955E-05 9.9955E-05 0.880881 0.0163137 0.0345879 9.9955E-05
0.0490898 0.138698 0.0261465 9.9964E-05 9.9964E-05 9.9964E-05 0.745645 0.0168982 9.9964E-05 0.0231226
9.99639E-05 9.99639E-05 0.0325017 0.17724 0.0164648 9.99639E-05 0.694086 0.0181046 9.99639E-05 0.0612025
0.0981811 0.0765292 0.0447593 0.0236153 9.999E-05 0.0126955 0.682086 0.0115054 0.0304666 0.0200611
0.0482555 0.0705239 9.9955E-05 9.9955E-05 0.0402842 0.0477103 0.792726 9.9955E-05 9.9955E-05 9.9955E-05
0.0529232 9.9946E-05 0.00972691 0.000109991 9.9946E-05 0.93664 9.9946E-05 9.9946E-05 9.9946E-05 9.9946E-05
0.00385416 0.0479133 9.9964E-05 0.0109436 9.9964E-05 0.844018 9.9964E-05 0.0223089 0.0705621 9.9964E-05
0.087338 9.9964E-05 0.0605361 0.0750031 9.9964E-05 0.729819 9.9964E-05 0.00202353 0.0448799 9.9964E-05
9.9946E-05 9.9946E-05 9.9946E-05 9.9946E-05 0.0715776 0.819767 0.0896875 9.9946E-05 9.9946E-05 0.018368
0.0849281 0.0552694 9.9946E-05 0.0971027 9.9946E-05 0.7621 9.9946E-05 9.9946E-05 9.9946E-05 9.9946E-05
0.0380078 9.9937E-05 9.9937E-05 9.9937E-05 9.9937E-05 0.91197 9.9937E-05 0.0493223 9.9937E-05 9.9937E-05
0.167456 9.9937E-05 9.9937E-05 0.0390837 9.9937E-05 0.792761 9.9937E-05 9.9937E-05 9.9937E-05 9.9937E-05
0.0355942 9.9964E-05 0.0844372 0.0137549 9.9964E-05 0.85554 0.00807039 9.9964E-05 0.00220381 9.9964E-05
9.99201E-05 9.99201E-05 9.99201E-05 9.99201E-05 9.99201E-05 9.99201E-05 9.99201E-05 0.999101 9.99201E-05 9.99201E-05
9.99201E-05 9.99201E-05 9.99201E-05 9.99201E-05 9.99201E-05 9.99201E-05 9.99201E-05 0.999101 9.99201E-05 9.99201E-05
0.000250147 0.0322543 9.9982E-05 0.397639 0.0185361 0.0749504 0.097099 0.361469 0.0176022 9.9982E-05
0.0787017 9.9964E-05 0.0852967 0.149085 9.9964E-05 9.9964E-05 0.383652 0.251902 0.0509627 9.9964E-05
0.00293805 0.00581213 9.9964E-05 9.9964E-05 0.163665 0.746397 0.0730012 9.9964E-05 0.00778686 9.9964E-05
0.0125265 9.9973E-05 0.549576 0.0612033 0.00120025 0.294123 9.9973E-05 0.0306376 9.9973E-05 0.0504336
0.0992319 0.11662 0.735013 9.9946E-05 9.9946E-05 0.0485346 9.9946E-05 9.9946E-05 9.9946E-05 9.9946E-05
9.9946E-05 9.9946E-05 0.761885 9.9946E-05 0.0559104 9.9946E-05 0.0588339 9.9946E-05 0.122771 9.9946E-05
0.0358127 9.9982E-05 0.312123 9.9982E-05 0.132816 0.367252 0.00225563 0.0423269 0.0288879 0.0783257
9.9955E-05 0.131961 0.230299 9.9955E-05 9.9955E-05 0.391875 9.9955E-05 9.9955E-05 0.230637 0.0147279
0.0393084 0.0407708 0.247619 0.0611415 0.074651 0.385894 9.9991E-05 0.0418142 0.0295897 0.0791114
0.0247685 9.9982E-05 0.023715 0.0721544 9.9982E-05 0.509277 0.0742913 0.0407611 0.108058 0.146775
9.9964E-05 9.9964E-05 0.0424207 9.9964E-05 9.9964E-05 0.735836 0.0216828 0.0367619 0.0638014 0.0990975
0.0565996 0.0664503 0.200069 0.10095 9.9973E-05 0.480384 9.9973E-05 9.9973E-05 0.0504492 0.0447986
9.9982E-05 0.106615 0.102376 0.0517314 0.122368 0.507715 9.9982E-05 0.0465059 0.0260093 0.0364801
0.0314531 9.9964E-05 0.516916 0.0531686 9.9964E-05 0.38586 9.9964E-05 0.00565087 9.9964E-05 0.00655082
9.9946E-05 9.9946E-05 0.921007 9.9946E-05 9.9946E-05 9.9946E-05 0.0211438 0.0176406 9.9946E-05 0.0396084
9.9946E-05 9.9946E-05 0.887448 9.9946E-05 9.9946E-05 0.0155142 0.0258114 9.9946E-05 9.9946E-05 0.0706269
0.0658047 9.9955E-05 0.872027 0.0101422 9.9955E-05 0.0278363 9.9955E-05 9.9955E-05 9.9955E-05 0.0236898
0.0991846 9.9964E-05 0.468476 9.9964E-05 0.112993 0.269436 0.0349034 9.9964E-05 9.9964E-05 0.0146072
0.0132761 9.9973E-05 0.475576 9.9973E-05 0.0211298 0.335608 0.0501585 0.00357707 9.9973E-05 0.100375
9.9928E-05 9.9928E-05 0.799933 9.9928E-05 9.9928E-05 9.9928E-05 9.9928E-05 9.9928E-05 0.199268 9.9928E-05
0.0535162 9.9964E-05 9.9964E-05 0.370391 9.9964E-05 0.0827443 0.439528 0.0260046 9.9964E-05 0.0274168
9.9946E-05 9.9946E-05 9.9946E-05 0.399925 9.9946E-05 0.000908919 0.510818 0.0877487 9.9946E-05 9.9946E-05
0.0369371 9.9955E-05 0.00347832 0.335313 9.9955E-05 9.9955E-05 0.529227 0.0945452 9.9955E-05 9.9955E-05
9.9946E-05 9.9946E-05 9.9946E-05 0.459274 9.9946E-05 9.9946E-05 0.47468 0.0569546 0.00849108 9.9946E-05
9.995E-05 9.995E-05 9.995E-05 0.338195 9.995E-05 0.0170522 0.496676 0.0878963 0.0596809 9.995E-05
0.027275 9.9955E-05 9.9955E-05 0.360308 0.0268171 9.9955E-05 0.540606 0.0444946 9.9955E-05 9.9955E-05
9.9946E-05 0.00850475 9.9946E-05 0.362744 9.9946E-05 9.9946E-05 0.621412 0.0067396 9.9946E-05 9.9946E-05
9.9937E-05 9.9937E-05 0.710831 0.0700162 9.9937E-05 0.218454 9.9937E-05 9.9937E-05 9.9937E-05 9.9937E-05
9.995E-05 9.995E-05 0.56033 9.995E-05 0.0369738 0.325497 0.0235544 9.995E-05 9.995E-05 0.0531451
0.217255 9.9955E-05 0.67466 9.9955E-05 9.9955E-05 0.0628431 0.00801403 9.9955E-05 9.9955E-05 0.0367279
0.00547054 0.185921 0.0634611 0.0604862 9.9991E-05 0.490685 0.0101924 0.000671245 0.156058 0.0269541
0.0703045 0.128017 0.138135 0.0685931 0.114973 0.461593 9.9973E-05 0.0180856 9.9973E-05 9.9973E-05
0.0402929 0.154356 0.19222 0.0677848 0.0705108 0.191623 9.9991E-05 0.00152925 0.165035 0.116549
0.0450658 0.138462 0.208845 9.9973E-05 0.0879599 0.222129 9.9973E-05 9.9973E-05 0.181858 0.115382
9.9964E-05 0.194372 0.057657 0.0310329 0.0962575 0.561618 0.0586628 9.9964E-05 9.9964E-05 9.9964E-05
0.0689535 9.9973E-05 0.0591652 0.000347015 0.0913881 0.675034 0.0495216 9.9973E-05 9.9973E-05 0.0552911
0.0907407 0.0390405 0.17183 9.9973E-05 0.0574025 0.445274 9.9973E-05 9.9973E-05 0.133826 0.0615861
9.9973E-05 0.319066 0.0941732 9.9973E-05 0.0720909 0.0520378 0.190628 9.9973E-05 0.21583 0.0558739
0.0356987 0.150652 0.0909436 9.9982E-05 0.0485577 0.296474 0.0906784 9.9982E-05 0.273448 0.0133474
9.999E-05 0.346532 0.15862 0.00855817 0.0922622 0.108755 0.0201384 0.0365246 0.219631 0.00887989
0.0926813 0.345503 0.148845 0.00189535 0.00876433 0.190551 9.9991E-05 0.0308033 0.100677 0.0801801
0.0754795 0.0809668 0.241039 9.997E-05 9.997E-05 0.231465 0.0496157 0.0052516 0.315883 9.997E-05
0.0282457 0.20862 0.159478 9.9973E-05 9.9973E-05 0.411127 9.9973E-05 0.0146018 0.141802 0.0358245
0.269436 0.00219693 0.0463708 0.0576818 0.0206407 0.144441 0.0963688 0.052351 0.310413 9.9991E-05
0.0230017 9.9937E-05 9.9937E-05 9.9937E-05 9.9937E-05 9.9937E-05 0.357224 9.9937E-05 0.619075 9.9937E-05
0.0739417 9.9955E-05 9.9955E-05 0.0909707 9.9955E-05 9.9955E-05 0.0740798 0.0451458 0.715362 9.9955E-05
0.269615 9.9964E-05 9.9964E-05 0.114594 9.9964E-05 0.122052 0.14784 0.00298004 0.34252 9.9964E-05
0.0889577 0.292174 0.214784 9.9973E-05 9.9973E-05 0.160195 9.9973E-05 0.0164807 0.178712 0.048396
0.0322027 0.571107 0.0547597 9.9964E-05 9.9964E-05 0.104179 9.9964E-05 9.9964E-05 0.217998 0.0193541
9.995E-05 0.160934 0.26981 9.995E-05 9.995E-05 0.212026 9.995E-05 9.995E-05 0.316064 0.0406661
0.883183 9.9946E-05 0.016563 0.0650828 9.9946E-05 0.0345714 9.9946E-05 9.9946E-05 9.9946E-05 9.9946E-05
0.880923 9.9946E-05 0.00557637 9.9946E-05 9.9946E-05 0.105998 0.00690302 9.9946E-05 9.9946E-05 9.9946E-05
0.957204 9.9937E-05 9.9937E-05 9.9937E-05 9.9937E-05 9.9937E-05 9.9937E-05 9.9937E-05 0.035317 0.00677955
0.910748 9.9937E-05 9.9937E-05 9.9937E-05 9.9937E-05 9.9937E-05 0.0632267 9.9937E-05 9.9937E-05 0.0253261
0.9538 9.9946E-05 9.9946E-05 9.9946E-05 0.0243214 0.0101131 9.9946E-05 9.9946E-05 9.9946E-05 0.0111653
0.999101 9.99201E-05 9.99201E-05 9.99201E-05 9.99201E-05 9.99201E-05 9.99201E-05 9.99201E-05 9.99201E-05 9.99201E-05
0.989007 9.9928E-05 9.9928E-05 9.9928E-05 9.9928E-05 9.9928E-05 9.9928E-05 0.0101938 9.9928E-05 9.9928E-05
0.964505 9.9928E-05 9.9928E-05 9.9928E-05 9.9928E-05 9.9928E-05 9.9928E-05 0.0346951 9.9928E-05 9.9928E-05
0.948823 0.00193582 9.9946E-05 9.9946E-05 9.9946E-05 9.9946E-05 9.9946E-05 0.00403408 0.0446075 9.9946E-05
0.824626 9.9955E-05 0.0582226 0.0593929 0.0504569 9.9955E-05 9.9955E-05 0.00680158 9.9955E-05 9.9955E-05
0.971512 9.9937E-05 9.9937E-05 9.9937E-05 9.9937E-05 9.9937E-05 0.0141725 0.0136159 9.9937E-05 9.9937E-05
0.820602 0.0105145 0.0685193 0.0383018 9.9973E-05 0.00574507 0.04977 9.9973E-05 9.9973E-05 0.00624781
9.9964E-05 0.169315 0.00747761 0.0866266 9.9964E-05 0.0666067 0.0854537 9.9964E-05 0.58412 9.9964E-05
0.0968504 0.160874 0.147264 9.9982E-05 9.9982E-05 0.0692774 0.16891 0.0551851 0.255404 0.0460355
0.0960354 0.0940343 0.0832948 9.9973E-05 9.9973E-05 0.154128 0.116777 0.0276511 0.42778 9.9973E-05
9.9955E-05 9.9955E-05 0.0368558 0.108201 0.0562907 9.9955E-05 0.735741 9.9955E-05 0.0624118 9.9955E-05
0.0871976 9.9946E-05 9.9946E-05 0.0421092 9.9946E-05 9.9946E-05 0.817825 0.052269 9.9946E-05 9.9946E-05
9.9937E-05 9.9937E-05 9.9937E-05 9.9937E-05 9.9937E-05 9.9937E-05 0.961815 0.034706 0.00277985 9.9937E-05
0.0319686 9.9955E-05 9.9955E-05 9.9955E-05 0.0183793 9.9955E-05 0.935796 0.00850259 0.00485382 9.9955E-05
0.037972 9.9955E-05 9.9955E-05 9.9955E-05 0.0173026 9.9955E-05 0.799392 0.104218 0.0406158 9.9955E-05
0.0524848 9.9964E-05 9.9964E-05 0.297983 9.9964E-05 9.9964E-05 0.58759 0.0536321 0.00565121 0.0022585
0.0635872 9.9946E-05 9.9946E-05 0.359121 9.9946E-05 9.9946E-05 0.544868 0.0318232 9.9946E-05 9.9946E-05
9.9982E-05 0.00485926 0.00111422 0.171403 0.014516 0.0498671 0.688324 0.0300077 0.0397087 9.9982E-05
0.03915 9.9964E-05 9.9964E-05 0.137703 9.9964E-05 0.0469096 0.737954 0.0247761 0.0131083 9.9964E-05
9.9946E-05 9.9946E-05 9.9946E-05 0.394185 0.0734807 9.9946E-05 0.443677 9.9946E-05 0.0880575 9.9946E-05
9.9964E-05 9.9964E-05 0.0251205 9.9964E-05 0.0257966 0.186497 0.60448 0.0344389 9.9964E-05 0.123266
9.9973E-05 9.9973E-05 0.0626064 0.0150064 0.0300236 0.116207 0.567888 0.0228111 9.9973E-05 0.185157
9.998E-05 0.0201323 0.0358206 9.998E-05 0.0828722 0.264845 0.517803 0.0182337 0.0289505 0.0311426
9.9964E-05 0.0197772 0.0347167 9.9964E-05 0.0919489 0.28006 0.5215 9.9964E-05 9.9964E-05 0.0515974
9.9964E-05 0.103075 0.0304091 9.9964E-05 0.140387 0.698149 9.9964E-05 0.00409004 9.9964E-05 0.0234904
0.20088 0.0663072 0.577855 9.9955E-05 0.0145422 0.139915 9.9955E-05 9.9955E-05 9.9955E-05 9.9955E-05
9.99371E-05 0.148547 0.78498 9.99371E-05 0.0657741 9.99371E-05 9.99371E-05 9.99371E-05 9.99371E-05 9.99371E-05
0.0924216 0.121273 0.671183 9.9982E-05 0.00188909 0.0518955 0.0376561 0.00586851 9.9982E-05 0.0176133
9.9964E-05 9.9964E-05 0.683342 0.0140417 0.049032 0.191545 0.061053 9.9964E-05 9.9964E-05 0.000586446
9.9946E-05 9.9946E-05 9.9946E-05 9.9946E-05 0.0327916 9.9946E-05 0.0534286 9.9946E-05 0.0633494 0.849831
0.0187285 9.9937E-05 9.9937E-05 9.9937E-05 9.9937E-05 9.9937E-05 9.9937E-05 0.00151707 9.9937E-05 0.979055
9.99201E-05 9.99201E-05 9.99201E-05 9.99201E-05 9.99201E-05 9.99201E-05 9.99201E-05 9.99201E-05 9.99201E-05 0.999101
9.9955E-05 0.0031695 0.0305315 9.9955E-05 0.00338443 9.9955E-05 0.0290274 9.9955E-05 9.9955E-05 0.933387
9.9955E-05 0.0113438 9.9955E-05 9.9955E-05 9.9955E-05 0.0427643 9.9955E-05 0.00695293 0.0355109 0.902928
0.0205064 9.9937E-05 9.9937E-05 0.0596574 9.9937E-05 9.9937E-05 9.9937E-05 9.9937E-05 9.9937E-05 0.919137
0.0481413 0.00606497 0.0325376 0.11661 9.998E-05 9.998E-05 0.672815 0.0663149 0.00914651 0.0481699
0.0308225 9.9964E-05 9.9964E-05 0.00491959 0.0360116 0.0105695 0.846481 9.9964E-05 0.0707962 9.9964E-05
0.171137 0.0327458 9.9973E-05 0.0787411 9.9973E-05 9.9973E-05 0.589297 0.078742 0.0185908 0.0304466
0.135167 9.9955E-05 9.9955E-05 0.0406101 9.9955E-05 0.127927 0.670376 0.0254195 9.9955E-05 9.9955E-05
0.136591 9.9955E-05 0.0645004 9.9955E-05 9.9955E-05 0.00676236 0.786147 0.00549921 9.9955E-05 9.9955E-05
9.9982E-05 9.9982E-05 0.0409686 0.108302 0.305673 0.0616084 0.295179 0.0205779 0.0483772 0.119113
9.9955E-05 0.114388 0.0123058 9.9955E-05 0.181114 9.9955E-05 0.506635 9.9955E-05 9.9955E-05 0.185057
9.9964E-05 0.0663313 9.9964E-05 9.9964E-05 0.144843 0.0693247 0.436857 0.0320026 9.9964E-05 0.250241
9.99201E-05 9.99201E-05 9.99201E-05 9.99201E-05 9.99201E-05 9.99201E-05 9.99201E-05 0.999101 9.99201E-05 9.99201E-05
0.00305975 9.997E-05 0.0849531 0.0326536 0.282377 9.997E-05 0.308651 0.0259303 9.997E-05 0.262076
0.316732 0.0324916 0.0921139 0.173641 9.9973E-05 0.0874298 0.00597033 9.9973E-05 0.291321 9.9973E-05
0.26759 9.9955E-05 9.9955E-05 0.244399 9.9955E-05 0.0132648 0.014277 9.9955E-05 0.45997 9.9955E-05
0.118895 0.182632 0.290803 9.9973E-05 0.115564 0.219609 0.0107759 9.9973E-05 0.061421 9.9973E-05
9.9955E-05 0.0197847 9.9955E-05 9.9955E-05 9.9955E-05 0.753439 0.0882856 0.00395389 9.9955E-05 0.134037
0.119004 0.243921 0.240394 0.0086089 0.0438344 0.281315 9.998E-05 9.998E-05 0.0327323 0.0299905
9.9955E-05 0.304859 0.279485 9.9955E-05 0.0902129 0.173134 9.9955E-05 9.9955E-05 0.151809 9.9955E-05
9.9982E-05 0.140516 0.0355942 0.091742 0.025184 0.657189 0.00779691 0.0385437 9.9982E-05 0.0032345
9.9955E-05 0.181017 0.235377 9.9955E-05 9.9955E-05 0.405837 9.9955E-05 9.9955E-05 0.176914 0.000355494
0.118085 0.26375 0.0481484 9.997E-05 0.00922549 0.445661 9.997E-05 9.997E-05 0.0280117 0.0868185
0.118749 0.185022 0.194388 9.998E-05 0.0432108 0.360516 0.0457246 0.0312829 9.998E-05 0.0209081
9.99201E-05 9.99201E-05 9.99201E-05 0.999101 9.99201E-05 9.99201E-05 9.99201E-05 9.99201E-05 9.99201E-05 9.99201E-05
9.99201E-05 9.99201E-05 9.99201E-05 0.999101 9.99201E-05 9.99201E-05 9.99201E-05 9.99201E-05 9.99201E-05 9.99201E-05
9.9955E-05 9.9955E-05 0.0294761 0.527318 0.092566 9.9955E-05 0.309932 9.9955E-05 0.0402088 9.9955E-05
9.9946E-05 9.9946E-05 0.0211099 0.920192 0.00954257 9.9946E-05 9.9946E-05 9.9946E-05 9.9946E-05 0.0485557
9.9937E-05 0.0100507 9.9937E-05 0.941816 9.9937E-05 9.9937E-05 9.9937E-05 9.9937E-05 9.9937E-05 0.0474341
9.995E-05 9.995E-05 9.995E-05 0.0231362 0.081595 0.776274 9.995E-05 9.995E-05 0.0673084 0.0511866
9.9982E-05 0.0337508 0.016275 0.0761004 0.0926983 0.618302 9.9982E-05 0.0193818 0.101254 0.0420377
0.0106656 0.124461 9.997E-05 9.997E-05 0.114774 0.493434 0.148666 0.0111168 9.997E-05 0.0965816
9.9973E-05 0.0911627 9.9973E-05 0.150257 0.0370788 0.618486 0.0109853 0.0174358 9.9973E-05 0.0742943
0.0312059 0.0299024 9.996E-05 0.098214 0.103011 0.713453 9.996E-05 0.0238136 9.996E-05 9.996E-05
0.100056 0.198862 0.0846009 9.998E-05 0.0117729 0.321211 9.998E-05 0.0220253 0.13587 0.125402
0.0202333 0.244105 0.297108 9.9973E-05 0.0240326 0.152404 9.9973E-05 9.9973E-05 0.19752 0.0642965
9.9955E-05 0.316064 0.279304 9.9955E-05 0.0261491 9.9955E-05 9.9955E-05 9.9955E-05 0.330963 0.0470202
9.995E-05 0.278716 0.211877 9.995E-05 9.995E-05 0.112461 9.995E-05 9.995E-05 0.356365 0.0400816
9.9964E-05 0.489676 0.135719 9.9964E-05 9.9964E-05 0.122899 9.9964E-05 0.00265337 0.135705 0.112948
9.9964E-05 9.9964E-05 0.0010587 9.9964E-05 0.112818 0.679412 9.9964E-05 0.00688841 0.137121 0.0623015
0.0772927 0.213471 0.195722 9.9964E-05 0.064226 0.353166 9.9964E-05 9.9964E-05 0.095723 9.9964E-05
0.00829399 0.0811876 0.0568633 0.0210493 0.0799628 0.647982 9.9991E-05 0.02108 0.00117962 0.0823012
0.109443 9.9964E-05 0.117735 9.9964E-05 0.162639 0.52017 9.9964E-05 0.0330529 9.9964E-05 0.0565608
0.0471907 0.0260254 0.150606 9.9964E-05 9.9964E-05 0.127519 0.0425745 9.9964E-05 0.605685 9.9964E-05
0.108178 0.0404615 9.9964E-05 0.0775106 9.9964E-05 9.9964E-05 0.205989 0.062934 0.504527 9.9964E-05
9.9937E-05 0.854639 9.9937E-05 9.9937E-05 9.9937E-05 0.0935261 9.9937E-05 9.9937E-05 9.9937E-05 0.0511351
9.99459E-05 0.856681 0.0437432 0.0626399 0.0363364 9.99459E-05 9.99459E-05 9.99459E-05 9.99459E-05 9.99459E-05
0.43318 0.326933 0.0228764 9.9955E-05 9.9955E-05 9.9955E-05 0.147295 9.9955E-05 0.0692152 9.9955E-05
0.340375 0.227351 9.997E-05 0.0508272 9.997E-05 0.195996 0.0949501 0.0243905 0.0658099 9.997E-05
0.00370359 0.761345 9.9973E-05 0.0178651 9.9973E-05 9.9973E-05 0.0911342 0.0116945 0.108777 0.00518029
0.080717 0.645458 9.9955E-05 9.9955E-05 9.9955E-05 9.9955E-05 0.0830948 0.0485883 0.141643 9.9955E-05
0.265861 0.618986 9.9946E-05 9.9946E-05 9.9946E-05 0.035937 0.0786167 9.9946E-05 9.9946E-05 9.9946E-05
0.0945615 0.7631 9.9946E-05 0.107739 9.9946E-05 9.9946E-05 9.9946E-05 0.0340006 9.9946E-05 9.9946E-05
0.051251 0.797418 9.9955E-05 9.9955E-05 0.0505389 0.0346356 9.9955E-05 9.9955E-05 9.9955E-05 0.0656566
0.0338754 0.708245 0.042074 0.0536841 9.996E-05 0.0713012 9.996E-05 9.996E-05 9.996E-05 0.0904208
0.0798858 0.551529 9.9973E-05 0.0898629 9.9973E-05 9.9973E-05 0.0750199 0.0492808 0.14332 0.0108014
0.0713842 0.396622 9.9964E-05 0.0405125 9.9964E-05 9.9964E-05 0.344252 0.00810313 0.138726 9.9964E-05
9.9928E-05 0.926499 0.0727013 9.9928E-05 9.9928E-05 9.9928E-05 9.9928E-05 9.9928E-05 9.9928E-05 9.9928E-05
9.9937E-05 0.969768 9.9937E-05 9.9937E-05 9.9937E-05 9.9937E-05 0.0103975 0.0191349 9.9937E-05 9.9937E-05
0.117497 0.630989 0.0436128 9.9955E-05 9.9955E-05 0.195853 9.9955E-05 0.0115489 9.9955E-05 9.9955E-05
0.104117 0.776824 0.0357867 9.9946E-05 9.9946E-05 0.0826723 9.9946E-05 9.9946E-05 9.9946E-05 9.9946E-05
0.0301246 0.105137 9.9964E-05 0.396571 0.0147782 9.9964E-05 0.42218 0.0308095 9.9964E-05 9.9964E-05
0.132474 9.9973E-05 9.9973E-05 0.125781 0.0524123 0.051948 0.54945 0.0533191 9.9973E-05 0.0343169
0.0640248 9.9955E-05 9.9955E-05 0.2104 9.9955E-05 9.9955E-05 0.676386 0.0409295 9.9955E-05 0.00775949
9.9946E-05 0.0394677 9.9946E-05 0.202971 9.9946E-05 9.9946E-05 0.677654 0.079307 9.9946E-05 9.9946E-05
0.0127357 9.99371E-05 0.963866 9.99371E-05 9.99371E-05 9.99371E-05 9.99371E-05 0.0226987 9.99371E-05 9.99371E-05
0.103744 0.079748 0.631629 9.9964E-05 9.9964E-05 0.117075 0.0431007 9.9964E-05 9.9964E-05 0.0243037
9.9928E-05 9.9928E-05 0.927409 9.9928E-05 9.9928E-05 9.9928E-05 9.9928E-05 9.9928E-05 0.0717917 9.9928E-05
9.9946E-05 0.0233591 0.646022 9.9946E-05 0.0415036 9.9946E-05 9.9946E-05 9.9946E-05 0.288516 9.9946E-05
9.99371E-05 0.033812 0.842739 9.99371E-05 9.99371E-05 9.99371E-05 9.99371E-05 9.99371E-05 0.12275 9.99371E-05
0.0104422 0.0145757 0.405207 9.9964E-05 9.9964E-05 0.502003 0.047515 0.0198572 9.9964E-05 9.9964E-05
0.11514 9.9946E-05 0.790432 9.9946E-05 9.9946E-05 9.9946E-05 9.9946E-05 0.0258143 9.9946E-05 0.0680141
0.00859549 0.0264679 9.9982E-05 0.146194 0.120128 0.105611 0.527385 0.0190828 9.9982E-05 0.0463351
0.0161814 9.9973E-05 9.9973E-05 0.275967 9.9973E-05 0.127991 0.449802 0.0418544 0.0318555 0.056049
9.9973E-05 9.9973E-05 0.0163462 9.9973E-05 0.0983954 0.00388012 0.689174 0.0985029 0.0586804 0.0347208
9.998E-05 0.0406661 0.00838644 0.0620245 0.0551256 9.998E-05 0.655682 0.104388 0.0225288 0.0509986
9.9973E-05 0.0276889 9.9973E-05 0.157483 0.0404455 0.0624494 0.548084 0.0800246 9.9973E-05 0.0835253
0.0402529 9.9946E-05 0.653074 9.9946E-05 9.9946E-05 0.241975 0.0640981 9.9946E-05 9.9946E-05 9.9946E-05
0.000269072 0.0559124 0.605554 0.00388862 9.9982E-05 0.228951 0.0663195 0.0302739 9.9982E-05 0.00863204
0.0712883 0.052307 0.875705 9.9937E-05 9.9937E-05 9.9937E-05 9.9937E-05 9.9937E-05 9.9937E-05 9.9937E-05
0.0766372 0.0735033 0.514551 9.9982E-05 0.0382617 0.211678 0.0267751 0.0124276 9.9982E-05 0.0459667
0.0211235 0.0182367 0.585105 0.113181 9.9964E-05 0.235124 9.9964E-05 0.0268295 9.9964E-05 9.9964E-05
0.49637 9.9964E-05 9.9964E-05 0.160312 0.0524855 9.9964E-05 0.0869935 0.0590451 0.144394 9.9964E-05
0.00754139 0.115463 0.0810346 0.0196848 9.9991E-05 0.326772 0.0520206 0.0278762 0.205345 0.164162
0.00720189 0.193385 0.165399 9.9964E-05 9.9964E-05 9.9964E-05 9.9964E-05 0.0328939 0.505394 0.0953263
0.0526675 9.9964E-05 9.9964E-05 0.0360566 9.9964E-05 0.0239353 0.0523455 9.9964E-05 0.827559 0.00703675
9.9928E-05 9.9928E-05 9.9928E-05 9.9928E-05 9.9928E-05 9.9928E-05 9.9928E-05 0.0364114 0.962789 9.9928E-05
0.128867 0.111347 9.9973E-05 0.028389 9.9973E-05 0.0155706 0.0667411 0.0462206 0.602565 9.9973E-05
0.121862 9.9955E-05 9.9955E-05 0.0702485 9.9955E-05 9.9955E-05 0.0796312 0.0153633 0.712396 9.9955E-05
0.123616 0.0466765 0.122009 0.154856 9.9982E-05 0.0756888 0.108589 9.9982E-05 0.310868 0.0574968
0.0541418 9.9964E-05 0.0140556 9.9964E-05 9.9964E-05 0.161844 0.079655 0.0266416 0.663262 9.9964E-05
0.0438136 0.00945281 0.129175 0.0195246 9.9982E-05 0.148188 9.9982E-05 0.0437426 0.585458 0.020446
9.9946E-05 9.9946E-05 9.9946E-05 0.0183662 9.9946E-05 9.9946E-05 0.0361636 0.0457644 0.899106 9.9946E-05
0.209451 9.9964E-05 0.0200939 0.152661 9.9964E-05 0.0998522 0.127421 9.9964E-05 0.390121 9.9964E-05
0.333877 0.034602 0.121886 0.0839417 9.9982E-05 0.00794116 0.167165 0.028911 0.221476 9.9982E-05
9.99369E-05 9.99369E-05 9.99369E-05 0.897001 0.0602897 9.99369E-05 9.99369E-05 9.99369E-05 9.99369E-05 0.0420095
0.0123418 0.0340254 9.9964E-05 9.9964E-05 0.901887 0.0375934 0.0059638 9.9964E-05 9.9964E-05 0.00778892
9.9928E-05 9.9928E-05 9.9928E-05 9.9928E-05 0.984429 9.9928E-05 9.9928E-05 0.014772 9.9928E-05 9.9928E-05
0.0151328 0.034828 9.9937E-05 9.9937E-05 0.94934 9.9937E-05 9.9937E-05 9.9937E-05 9.9937E-05 9.9937E-05
0.0483149 9.9928E-05 9.9928E-05 9.9928E-05 0.950886 9.9928E-05 9.9928E-05 9.9928E-05 9.9928E-05 9.9928E-05
9.9937E-05 0.00276806 9.9937E-05 9.9937E-05 0.988596 9.9937E-05 9.9937E-05 9.9937E-05 9.9937E-05 0.00793654
0.0152692 9.9982E-05 0.0319747 0.00255071 0.878403 0.0205321 0.00266046 0.0194741 9.9982E-05 0.028936
9.9946E-05 9.9946E-05 9.9946E-05 0.0263737 0.8136 9.9946E-05 0.130484 0.0289421 9.9946E-05 9.9946E-05
9.9955E-05 9.9955E-05 0.0227416 0.349972 9.9955E-05 0.0417505 0.578466 9.9955E-05 9.9955E-05 0.00657087
0.0236768 9.9982E-05 0.0372509 0.0847837 0.00803152 0.0957817 0.656801 0.0583465 9.9982E-05 0.0351278
0.0416019 9.9955E-05 0.0300747 0.262388 9.9955E-05 9.9955E-05 0.58579 0.0796459 9.9955E-05 9.9955E-05
9.9955E-05 9.9955E-05 9.9955E-05 0.26692 9.9955E-05 0.138645 0.516547 0.0338674 0.0435213 9.9955E-05
0.0295918 9.9955E-05 9.9955E-05 0.364423 9.9955E-05 0.01133 0.564798 9.9955E-05 9.9955E-05 0.0293571
0.0258801 0.0403267 9.9982E-05 0.161249 0.00538316 9.9982E-05 0.677355 0.00605575 0.0439309 0.039619
0.0891529 0.0263672 9.9955E-05 0.0555208 9.9955E-05 9.9955E-05 0.802382 0.026077 9.9955E-05 9.9955E-05
0.0299101 0.00338501 9.9973E-05 0.182981 9.9973E-05 0.0206725 0.751975 0.00264373 9.9973E-05 0.00813306
9.9937E-05 9.9937E-05 9.9937E-05 0.229936 9.9937E-05 9.9937E-05 0.688943 0.0804214 9.9937E-05 9.9937E-05
0.0484654 0.0324166 9.997E-05 0.287841 9.997E-05 0.0159948 0.591199 0.0121552 9.997E-05 0.0116281
9.9946E-05 9.9946E-05 9.9946E-05 0.192867 9.9946E-05 9.9946E-05 0.797153 0.00499044 9.9946E-05 0.00439071
0.00591461 9.9955E-05 9.9955E-05 0.283905 9.9955E-05 9.9955E-05 0.639513 0.0573505 0.0128171 9.9955E-05
0.0134465 9.9964E-05 9.9964E-05 0.666757 0.0174473 0.0212165 0.236437 0.0442955 9.9964E-05 9.9964E-05
0.0533642 0.00333616 9.9955E-05 0.661319 9.9955E-05 9.9955E-05 0.224122 0.0573585 9.9955E-05 9.9955E-05
0.0847521 9.9955E-05 9.9955E-05 0.726962 9.9955E-05 9.9955E-05 0.117912 9.9955E-05 0.0672734 0.00260165
0.0292295 9.9955E-05 9.9955E-05 0.741487 9.9955E-05 0.0572236 0.125911 0.0456495 9.9955E-05 9.9955E-05
0.0616166 9.9964E-05 9.9964E-05 0.823577 0.00195586 9.9964E-05 0.053432 0.0536817 9.9964E-05 0.00533707
0.126472 0.0385797 0.280725 0.113543 0.00409942 0.217098 0.0241174 9.9991E-05 0.129462 0.065804
9.9955E-05 0.253969 0.226073 9.9955E-05 0.0200693 9.9955E-05 9.9955E-05 9.9955E-05 0.419515 0.0798736
9.9964E-05 0.145517 0.193755 0.0291183 9.9964E-05 9.9964E-05 9.9964E-05 0.00129607 0.572779 0.0571347
0.0428156 0.144833 0.276955 9.996E-05 0.224231 0.199862 9.996E-05 9.996E-05 0.110904 9.996E-05
9.9955E-05 0.351087 0.1031 9.9955E-05 0.00862235 9.9955E-05 9.9955E-05 9.9955E-05 0.381469 0.155221
0.00634851 0.183005 0.203873 9.9964E-05 0.141521 9.9964E-05 9.9964E-05 9.9964E-05 0.423915 0.0409369
0.187021 0.083293 0.27798 0.128894 0.071301 0.128462 9.9991E-05 0.0113565 0.0914973 0.020096
0.142119 0.0341332 0.0935175 0.208167 9.9973E-05 0.167458 0.316937 9.9973E-05 9.9973E-05 0.0373686
0.155571 9.9973E-05 0.0146054 0.121274 0.0761924 9.9973E-05 0.0440378 0.00208946 0.58593 9.9973E-05
0.25513 9.998E-05 0.12271 0.139505 9.998E-05 0.193489 0.166851 0.0341355 0.0400327 0.0479462
0.17472 9.997E-05 0.0340254 0.32564 9.997E-05 0.230201 0.136159 0.0536194 0.045335 9.997E-05
