0.0299059 0.886347 9.9973E-05 9.9973E-05 0.0126508 9.9973E-05 0.0444416 0.0263553
9.9955E-05 0.917654 9.9955E-05 9.9955E-05 0.0378293 9.9955E-05 9.9955E-05 0.0440172
0.0613998 0.810624 9.9991E-05 0.0341735 0.0360345 0.00900745 0.0176905 0.0309701
0.107753 0.787752 9.9964E-05 9.9964E-05 9.9964E-05 9.9964E-05 0.0930696 0.0110257
0.0371488 0.862447 9.9964E-05 0.0777663 9.9964E-05 9.9964E-05 9.9964E-05 0.0222378
0.0425168 0.569978 0.0489111 0.0105168 9.9982E-05 0.244165 9.9982E-05 0.0837126
9.9955E-05 0.765959 0.0616548 9.9955E-05 9.9955E-05 0.171886 9.9955E-05 9.9955E-05
0.0235639 0.749243 0.0756234 9.9982E-05 9.9982E-05 0.0255752 0.045145 0.0806497
9.99729E-05 0.841505 0.0381665 9.99729E-05 0.0117112 9.99729E-05 0.050398 0.0579195
0.0690948 0.659593 0.0631144 0.039195 9.9982E-05 0.126507 9.9982E-05 0.042296
9.9964E-05 0.69275 0.0816468 9.9964E-05 9.9964E-05 0.114304 9.9964E-05 0.110899
0.017269 9.9973E-05 9.9973E-05 9.9973E-05 0.0686278 0.837138 0.06215 0.0145154
0.0443095 9.9973E-05 9.9973E-05 0.377478 9.9973E-05 0.520445 0.0110233 0.0464445
0.00737593 0.0481066 0.105816 0.0351735 0.0162098 0.703279 0.083939 9.9991E-05
0.0538666 0.0371906 9.9973E-05 0.0171553 9.9973E-05 0.890918 0.000569771 9.9973E-05
0.133057 0.104048 0.0412583 0.142416 0.0801416 0.489749 9.9991E-05 0.00922962
0.147971 0.0178458 9.9973E-05 0.358961 9.9973E-05 0.468012 9.9973E-05 0.00691025
0.0871297 9.9964E-05 9.9964E-05 0.301549 0.085802 0.52512 9.9964E-05 9.9964E-05
0.0295245 0.068322 9.9982E-05 0.131917 0.0217875 0.687681 0.0605674 9.9982E-05
9.9973E-05 0.0607865 0.0568085 9.9973E-05 9.9973E-05 0.724817 0.134646 0.0226427
0.07545 9.9991E-05 0.044645 0.271974 0.105576 0.375751 0.0957665 0.030737
0.0285976 9.9985E-05 0.167741 0.309886 0.043618 0.373956 0.0760011 9.9985E-05
9.999E-05 0.0606975 0.000254112 0.460439 0.0729024 0.194073 0.099578 0.111956
0.0382507 9.9955E-05 9.9955E-05 9.9955E-05 0.0733131 0.887936 9.9955E-05 9.9955E-05
9.9982E-05 0.109115 0.0110816 0.615651 0.0092546 0.215959 9.9982E-05 0.0387387
0.0897683 9.9964E-05 9.9964E-05 0.280705 9.9964E-05 0.539859 0.0892684 9.9964E-05
9.9964E-05 0.011136 9.9964E-05 9.9964E-05 0.0010299 0.960276 0.0271585 9.9964E-05
0.105814 9.9955E-05 9.9955E-05 9.9955E-05 9.9955E-05 0.81257 0.0811154 9.9955E-05
9.9964E-05 9.9964E-05 0.0704308 0.00117589 9.9964E-05 0.812101 0.115892 9.9964E-05
0.0406668 0.832361 9.9964E-05 0.100118 9.9964E-05 0.026455 9.9964E-05 9.9964E-05
9.9955E-05 0.81137 9.9955E-05 0.108482 9.9955E-05 0.079648 9.9955E-05 9.9955E-05
0.010853 0.780391 9.9955E-05 0.208256 9.9955E-05 9.9955E-05 9.9955E-05 9.9955E-05
0.0656556 0.744407 9.9964E-05 0.106196 0.0833415 9.9964E-05 9.9964E-05 9.9964E-05
0.0586599 0.0266714 9.9982E-05 0.477519 0.173581 0.186385 9.9982E-05 0.0769834
0.0681934 0.0437865 9.9982E-05 0.438487 0.344808 0.0724014 0.0321237 9.9982E-05
0.0694177 9.9982E-05 0.0164779 0.483717 0.320568 0.0846151 9.9982E-05 0.0250052
9.9982E-05 0.11924 9.9982E-05 0.0642337 0.0630147 0.227921 0.427523 0.0978675
0.0504979 0.0113973 0.104008 0.193226 0.607052 9.9982E-05 9.9982E-05 0.0336188
0.00765794 0.0363463 9.9982E-05 0.443177 0.105865 0.179007 0.227748 9.9982E-05
0.0127062 0.0589624 9.9982E-05 0.620103 0.257997 0.0365293 9.9982E-05 0.0135024
9.9973E-05 0.0521944 0.0499746 0.626228 0.121729 9.9973E-05 9.9973E-05 0.149574
0.0104201 0.0256065 9.9982E-05 0.625154 0.131302 9.9982E-05 0.0684708 0.138847
0.0242002 0.0150299 0.00494971 9.9982E-05 0.718735 0.198893 0.037992 9.9982E-05
0.0288679 0.0221608 0.209963 0.576639 0.0597096 0.08885 9.9991E-05 0.0137093
0.122194 0.0375394 0.0927825 0.51364 0.200196 9.9982E-05 0.0334476 9.9982E-05
0.0756928 0.0556759 9.9982E-05 0.581022 0.148101 0.107851 9.9982E-05 0.031457
9.9964E-05 9.9964E-05 0.0246088 0.21159 0.695251 9.9964E-05 0.0681509 9.9964E-05
0.00761414 9.9973E-05 9.9973E-05 0.683016 0.28782 0.0129352 0.00831538 9.9973E-05
0.0774167 0.0582678 0.0239039 0.479928 0.119959 0.213776 0.0266494 9.9991E-05
9.9964E-05 0.0741655 0.259486 9.9964E-05 0.657626 9.9964E-05 0.00832315 9.9964E-05
9.9982E-05 9.9982E-05 0.110243 0.0881683 0.155304 0.15174 0.330867 0.163478
0.0440638 9.9982E-05 0.426937 9.9982E-05 0.160128 0.16878 0.122742 0.0771498
0.126029 0.0665776 9.9991E-05 0.567786 0.0324153 0.0207913 0.153465 0.0328354
0.0459801 0.0843423 0.0643166 0.562973 0.0422466 0.136002 0.0606248 0.00351498
0.0306557 0.0167503 0.17531 0.531522 0.0607081 9.9991E-05 0.159586 0.0253684
9.999E-05 0.0906892 0.0730947 0.11594 0.245674 0.109628 0.180249 0.184624
0.00570104 9.9991E-05 0.0871553 0.492172 0.0747943 0.0378262 0.198306 0.103946
0.0778485 0.053526 9.9982E-05 0.523119 0.0867227 0.0853566 0.173228 9.9982E-05
9.999E-05 0.129571 0.0221294 0.239022 0.184946 0.270183 0.148847 0.00520279
9.999E-05 0.218086 0.131449 0.0152217 0.124257 0.303744 0.075196 0.131945
9.999E-05 0.112758 0.000449251 0.524965 0.147516 0.0319568 0.135896 0.0463596
0.0117359 0.0515851 0.0791251 0.305257 0.0121534 0.249256 0.290787 9.9991E-05
9.9982E-05 0.0261077 0.0955429 9.9982E-05 0.119141 0.411096 0.15393 0.193982
0.0247175 9.9982E-05 0.109837 0.289224 0.0979087 0.257805 0.220308 9.9982E-05
0.0547819 0.045176 0.0977548 0.609205 0.138039 9.9982E-05 0.0548437 9.9982E-05
0.0830014 0.073668 0.00479095 0.493748 0.0169766 0.0112594 0.316456 9.9991E-05
9.9982E-05 0.0466349 0.115303 0.24335 0.109505 0.244476 0.240531 9.9982E-05
0.00142843 9.9982E-05 9.9982E-05 0.398436 0.127511 0.412068 0.045395 0.0149617
9.9991E-05 0.0794794 0.0167142 0.588193 0.0792804 0.00337585 0.0526184 0.180239
9.9991E-05 0.0384185 0.129763 0.0343753 0.137443 0.262226 0.363669 0.0340052
9.9964E-05 9.9964E-05 9.9964E-05 0.475738 0.420594 0.0350919 0.068176 9.9964E-05
9.9955E-05 9.9955E-05 9.9955E-05 0.125517 0.675596 0.198387 9.9955E-05 9.9955E-05
0.00670099 0.136877 9.9991E-05 0.472745 0.218743 0.00383399 0.146484 0.0145159
9.9955E-05 9.9955E-05 0.1486 9.9955E-05 0.780644 0.0702561 9.9955E-05 9.9955E-05
9.9955E-05 9.9955E-05 0.144263 9.9955E-05 0.736016 0.119221 9.9955E-05 9.9955E-05
9.9973E-05 9.9973E-05 0.0162839 0.27799 0.635257 0.0490421 9.9973E-05 0.0211263
0.031861 9.9973E-05 9.9973E-05 0.391791 0.492098 0.0662273 0.0177229 9.9973E-05
0.0478432 0.0475463 9.9991E-05 0.483073 0.123139 0.054481 0.175777 0.0680403
0.0248571 9.9973E-05 9.9973E-05 0.358913 0.403087 0.111633 0.10121 9.9973E-05
0.0270263 0.0737643 9.9991E-05 0.150678 0.606204 0.00841993 0.00308097 0.130726
9.9982E-05 0.00241451 9.9982E-05 0.239041 0.49765 0.061627 0.0127387 0.186328
0.0345779 0.153231 9.9982E-05 0.385799 0.33109 9.9982E-05 0.081824 0.0132781
0.0294511 0.00347713 9.9973E-05 0.214526 0.470507 0.28174 9.9973E-05 9.9973E-05
9.9973E-05 0.0489335 9.9973E-05 0.340818 0.400519 0.18473 0.0246996 9.9973E-05
9.9964E-05 9.9964E-05 0.0125212 0.312648 0.617712 0.0567191 9.9964E-05 9.9964E-05
9.9964E-05 0.0324673 0.21454 9.9964E-05 0.726932 9.9964E-05 9.9964E-05 0.0256607
0.0810038 9.9982E-05 9.9982E-05 0.482601 0.206862 0.165896 0.0304718 0.0329657
0.0313529 0.804882 9.9973E-05 0.0688471 9.9973E-05 0.052199 0.0424191 9.9973E-05
0.0012728 0.859267 9.9964E-05 0.126459 0.0126018 9.9964E-05 9.9964E-05 9.9964E-05
0.0414451 0.838159 9.9964E-05 0.0641647 9.9964E-05 0.0558312 9.9964E-05 9.9964E-05
0.0575091 0.885427 9.9964E-05 0.0147358 0.0419286 9.9964E-05 9.9964E-05 9.9964E-05
0.029817 0.848317 9.9964E-05 0.0471841 9.9964E-05 0.0742816 9.9964E-05 9.9964E-05
0.0146304 0.859526 0.050809 0.0481226 9.9973E-05 9.9973E-05 9.9973E-05 0.0266123
9.99551E-05 0.910393 9.99551E-05 0.0748358 9.99551E-05 0.014271 9.99551E-05 9.99551E-05
0.00907733 0.1099 9.9982E-05 0.444737 0.297245 0.120203 0.0186378 9.9982E-05
0.122304 0.0803053 0.0545145 0.470548 0.139583 9.9991E-05 0.0360609 0.0965837
9.9982E-05 0.0675753 9.9982E-05 0.0245579 0.795843 0.06754 0.0258314 0.018453
0.071957 0.0354958 9.9982E-05 0.559981 0.177764 0.114364 0.0402391 9.9982E-05
9.9973E-05 9.9973E-05 9.9973E-05 0.431077 0.349353 0.187671 0.00968031 0.0219179
9.9982E-05 0.0495171 0.0318864 0.629712 0.25127 9.9982E-05 0.0244595 0.0129554
0.00648159 9.9982E-05 0.191375 0.520669 0.179771 0.0469492 0.0545544 9.9982E-05
0.0780674 9.9973E-05 0.0386341 0.466104 0.410092 9.9973E-05 9.9973E-05 0.00680209
9.9964E-05 0.0487835 9.9964E-05 9.9964E-05 0.689776 0.152345 9.9964E-05 0.108696
0.0534156 0.1687 0.0480027 0.48394 0.150081 0.0956606 9.9982E-05 9.9982E-05
9.9973E-05 0.0557924 9.9973E-05 0.586227 0.179414 0.0106029 0.167664 9.9973E-05
0.116333 0.0189469 9.9991E-05 0.464593 0.137811 0.121685 0.0756438 0.0648876
0.0297421 9.9982E-05 0.203727 0.191058 0.525585 0.0418053 0.0078826 9.9982E-05
9.9964E-05 0.0628228 0.0467244 0.470353 0.4197 9.9964E-05 9.9964E-05 9.9964E-05
9.9973E-05 0.0195843 9.9973E-05 0.373882 0.391347 0.146333 9.9973E-05 0.0685534
0.114065 9.9973E-05 9.9973E-05 0.204898 0.632465 0.0241949 9.9973E-05 0.0240768
9.9973E-05 0.0153326 9.9973E-05 0.408307 0.371217 0.146532 9.9973E-05 0.058312
0.0191779 0.129345 9.9982E-05 0.523459 0.196466 9.9982E-05 0.0268589 0.104493
9.9982E-05 0.0466154 0.161069 0.133767 0.151695 0.0151806 0.491473 9.9982E-05
0.0674005 0.0860535 0.0376943 0.267106 0.0559429 0.0205052 0.30317 0.162128
0.0168708 0.102758 9.9991E-05 0.50825 0.0388849 0.0224908 0.275739 0.0349069
0.0633578 0.0740346 0.046426 0.522726 0.0410043 0.0883711 0.16398 9.9991E-05
0.00113071 0.0330801 9.9973E-05 0.350535 9.9973E-05 0.129033 0.485921 9.9973E-05
9.9982E-05 0.0370685 9.9982E-05 0.556259 0.00484718 0.0502467 0.286285 0.0650946
9.9982E-05 0.00114006 9.9982E-05 0.421671 0.00944064 0.0939528 0.370905 0.10269
0.0693349 0.102169 0.0076455 0.459224 0.102644 9.9991E-05 0.253743 0.00513964
0.086201 0.0381761 0.0767526 0.488804 0.0305639 9.9991E-05 0.227292 0.0521105
9.9982E-05 0.0425335 0.0119515 0.522514 0.0910687 0.0795384 0.252194 9.9982E-05
9.9973E-05 9.9973E-05 9.9973E-05 0.445727 0.0357366 0.0881486 0.371686 0.0584019
0.0669837 9.9991E-05 0.0408589 0.569542 0.0228963 0.0484097 0.124761 0.126448
0.0867808 0.0408462 0.0518779 0.532953 0.0485824 9.9991E-05 0.161406 0.0774543
0.02311 9.9982E-05 9.9982E-05 0.486689 0.032094 0.0709641 0.337515 0.0494277
0.0439516 0.0251822 0.0330684 0.530066 0.0997939 9.9991E-05 0.182293 0.0855452
0.0956167 0.0181288 0.010332 0.431063 0.0785102 9.9982E-05 0.366149 9.9982E-05
9.9982E-05 0.108277 0.175207 0.304324 9.9982E-05 0.113576 0.26078 0.0376361
0.0331115 9.9982E-05 0.0619058 0.589358 9.9982E-05 0.0234927 0.284861 0.00707121
9.9964E-05 0.00589056 0.0216057 0.673118 9.9964E-05 9.9964E-05 0.298986 9.9964E-05
0.0368264 0.0144463 0.0270659 0.205872 0.160786 0.0889724 0.386108 0.0799227
0.0224107 0.0833331 0.282982 0.133811 0.0689027 9.9982E-05 0.408361 9.9982E-05
0.119208 0.0235954 0.0149514 0.4456 0.0345209 0.0664259 0.246214 0.0494849
0.0429241 9.9973E-05 0.283669 9.9973E-05 0.212406 9.9973E-05 0.431674 0.0290273
9.9991E-05 0.0305345 0.0671119 0.154715 0.129545 0.187969 0.35608 0.0739437
9.9973E-05 9.9973E-05 0.0637236 0.319564 0.208591 0.0216092 0.386212 9.9973E-05
9.9973E-05 9.9973E-05 9.9973E-05 0.284679 0.133718 0.144797 0.270971 0.165536
9.9991E-05 0.0138848 0.00636164 0.177279 0.125592 0.25295 0.351622 0.0722109
0.0603194 0.0549035 0.0304351 0.545928 0.152831 0.0558656 0.0969873 0.00272986
0.110519 0.0382502 0.0422225 0.55009 0.0831397 9.9991E-05 0.112559 0.0631187
9.9982E-05 0.0260623 0.0695365 0.486898 0.0468698 0.105395 0.265038 9.9982E-05
0.0520823 0.0116251 0.172775 0.061704 0.0721106 9.9991E-05 0.609276 0.0203272
0.0708776 0.0957079 0.118658 0.480503 0.101009 9.9991E-05 0.101339 0.0318053
0.0425381 0.0671257 0.229371 0.471338 0.131683 0.0577439 9.9982E-05 9.9982E-05
0.00903473 0.114744 0.532017 0.00692776 0.178066 9.9991E-05 0.0287434 0.130367
0.00341411 0.12666 0.158197 0.6601 0.027626 0.00371796 9.9991E-05 0.0201848
9.9982E-05 0.0938148 0.161374 0.378481 0.221101 9.9982E-05 0.0880678 0.0569619
0.0352788 0.0710855 0.12342 0.448394 0.0825926 0.231495 0.00763418 9.9991E-05
9.9991E-05 0.0625613 0.361747 0.272062 0.0328303 0.100854 0.0502144 0.119631
9.9982E-05 0.0325902 0.432361 0.190299 0.0282713 0.192862 9.9982E-05 0.123416
9.9973E-05 9.9973E-05 0.251492 0.44983 0.0814555 0.0822318 9.9973E-05 0.134691
9.9991E-05 0.0131045 0.113844 0.49798 0.0540143 0.0941648 0.0920651 0.134727
0.0547545 0.0642551 0.166303 0.461612 0.00305369 0.0276473 0.115294 0.107081
0.0929616 0.0867126 0.329975 0.113624 0.204739 0.016815 0.155072 9.9991E-05
0.045813 0.0773074 0.0992091 0.43262 0.0613924 0.141646 0.0696327 0.0723789
9.9982E-05 9.9982E-05 0.318081 0.308345 0.0551803 0.255968 0.0479282 0.0142968
0.0324384 9.9982E-05 0.127291 0.433348 0.190548 0.175843 9.9982E-05 0.040331
0.00551527 0.0618984 0.14202 0.64576 0.0954665 9.9982E-05 9.9982E-05 0.0491397
0.267489 0.290149 0.230063 0.146092 9.9982E-05 0.0440984 0.021909 9.9982E-05
0.132851 0.482856 0.383793 9.9955E-05 9.9955E-05 9.9955E-05 9.9955E-05 9.9955E-05
0.161078 0.440666 0.397757 9.9955E-05 9.9955E-05 9.9955E-05 9.9955E-05 9.9955E-05
0.382427 0.307134 0.151693 0.0353842 9.9973E-05 9.9973E-05 0.123061 9.9973E-05
9.9964E-05 9.9964E-05 0.227767 0.633178 0.0350814 9.9964E-05 0.103574 9.9964E-05
0.0414339 0.124655 0.0241724 0.440663 0.210228 9.9982E-05 0.158649 9.9982E-05
0.67542 9.9973E-05 9.9973E-05 0.260726 0.0609048 0.00051062 0.00213885 9.9973E-05
0.458574 0.00929319 9.9973E-05 0.258855 0.0347285 9.9973E-05 0.238249 9.9973E-05
0.421969 0.0284265 0.0773332 0.329416 0.0672727 0.00825174 0.0672306 9.9991E-05
9.9973E-05 9.9973E-05 0.503529 0.361957 0.0492839 9.9973E-05 0.0483113 0.0366194
0.0548027 0.051512 0.208041 0.454786 0.147403 9.9982E-05 9.9982E-05 0.0832552
9.9964E-05 9.9964E-05 0.654575 0.209515 9.9964E-05 0.0234703 0.11204 9.9964E-05
0.0250066 0.001286 0.220609 0.57965 0.0458384 0.0142831 0.113227 9.9991E-05
9.9982E-05 0.00480327 0.37296 0.411263 0.0508456 0.145956 9.9982E-05 0.0139718
0.0278968 0.0148681 0.229814 0.521216 0.0819376 0.0330885 0.050696 0.0404822
9.9982E-05 9.9982E-05 0.522464 0.160868 0.0441974 0.165491 0.0437969 0.0629821
0.110001 0.0481851 0.0386457 0.559069 0.137315 0.0874092 9.9991E-05 0.0192753
0.0665789 0.0114232 0.188502 0.554787 0.133261 9.9982E-05 9.9982E-05 0.0452478
0.988412 9.9946E-05 9.9946E-05 9.9946E-05 0.0109879 9.9946E-05 9.9946E-05 9.9946E-05
0.895961 9.9955E-05 9.9955E-05 0.080482 9.9955E-05 0.0230569 9.9955E-05 9.9955E-05
0.619933 0.0131049 9.9991E-05 0.158566 0.0980724 0.0956964 0.00783943 0.00668821
0.705655 9.9973E-05 9.9973E-05 0.193963 0.00556255 0.0076391 9.9973E-05 0.0868803
0.768858 0.0412037 9.9964E-05 0.127857 0.0616821 9.9964E-05 9.9964E-05 9.9964E-05
0.991422 9.9946E-05 9.9946E-05 9.9946E-05 9.9946E-05 9.9946E-05 9.9946E-05 0.00797844
0.970324 9.9946E-05 9.9946E-05 9.9946E-05 9.9946E-05 9.9946E-05 9.9946E-05 0.0290759
0.858849 9.9955E-05 9.9955E-05 0.125531 0.0151201 9.9955E-05 9.9955E-05 9.9955E-05
0.91331 9.9955E-05 9.9955E-05 9.9955E-05 9.9955E-05 0.0581402 9.9955E-05 0.0280503
0.9993 9.994E-05 9.994E-05 9.994E-05 9.994E-05 9.994E-05 9.994E-05 9.994E-05
0.9993 9.994E-05 9.994E-05 9.994E-05 9.994E-05 9.994E-05 9.994E-05 9.994E-05
0.761103 0.0116357 9.9964E-05 0.156796 9.9964E-05 9.9964E-05 0.0700652 9.9964E-05
0.703698 0.0776218 9.9964E-05 0.198198 9.9964E-05 9.9964E-05 9.9964E-05 0.0200823
0.938682 9.9946E-05 9.9946E-05 9.9946E-05 0.060718 9.9946E-05 9.9946E-05 9.9946E-05
0.399396 0.0564798 0.00919657 0.314978 0.00952045 0.027106 0.183223 9.9991E-05
0.687912 0.0944656 9.9973E-05 0.166284 0.0114399 9.9973E-05 0.0395981 9.9973E-05
0.673827 0.0730782 0.0197312 0.20532 9.9973E-05 0.0277436 9.9973E-05 9.9973E-05
0.886357 0.00986788 9.9973E-05 0.0242302 9.9973E-05 0.0608895 9.9973E-05 0.0183552
0.9993 9.994E-05 9.994E-05 9.994E-05 9.994E-05 9.994E-05 9.994E-05 9.994E-05
0.911705 0.0178996 0.00786082 0.0621344 9.9964E-05 9.9964E-05 9.9964E-05 9.9964E-05
0.9993 9.994E-05 9.994E-05 9.994E-05 9.994E-05 9.994E-05 9.994E-05 9.994E-05
0.611389 0.083806 9.9964E-05 0.207679 9.9964E-05 9.9964E-05 9.9964E-05 0.096726
0.863946 9.9955E-05 9.9955E-05 0.0415895 9.9955E-05 0.0939647 9.9955E-05 9.9955E-05
0.051779 0.321912 0.599793 9.9973E-05 0.0236461 0.00256985 9.9973E-05 9.9973E-05
9.9982E-05 0.231424 0.121504 0.473263 9.9982E-05 0.0851863 0.00983595 0.078588
0.0208951 0.198573 0.173513 0.520395 0.0151869 9.9982E-05 9.9982E-05 0.071237
0.0591723 0.225266 0.410728 0.268389 0.0139117 9.9982E-05 9.9982E-05 0.0223332
0.103498 0.133009 0.198726 0.426405 0.0872434 0.0375579 9.9991E-05 0.0134615
0.0686023 0.272601 0.299575 0.195668 0.0506213 0.112732 9.9982E-05 9.9982E-05
0.0931307 0.180596 0.228644 0.320779 9.9991E-05 0.156748 0.000984845 0.0190178
0.148938 0.148402 0.373242 0.317008 9.9973E-05 9.9973E-05 0.0121093 9.9973E-05
0.14693 0.133657 0.154144 0.435971 0.0455091 0.0235016 9.9991E-05 0.0601866
0.192837 0.177818 0.288566 0.334712 9.9973E-05 0.00576785 9.9973E-05 9.9973E-05
0.072323 0.176771 0.173335 0.401187 0.0170927 0.159092 9.9982E-05 9.9982E-05
9.9973E-05 0.823496 0.00713161 0.0391987 0.00334424 9.9973E-05 9.9973E-05 0.12653
0.0604012 0.879196 9.9964E-05 9.9964E-05 0.00542203 9.9964E-05 0.0545811 9.9964E-05
9.9955E-05 0.954514 9.9955E-05 9.9955E-05 9.9955E-05 0.0286958 0.0162906 9.9955E-05
9.9964E-05 0.902346 9.9964E-05 0.0228769 9.9964E-05 9.9964E-05 0.0226742 0.0517033
9.9955E-05 0.873091 9.9955E-05 0.0202454 9.9955E-05 9.9955E-05 0.106163 9.9955E-05
0.0663443 0.875654 9.9964E-05 9.9964E-05 0.0201431 9.9964E-05 0.037459 9.9964E-05
0.0898244 0.861029 9.9955E-05 9.9955E-05 0.0486466 9.9955E-05 9.9955E-05 9.9955E-05
0.00995378 0.849677 0.0402899 9.9982E-05 0.0306047 0.0286955 0.0405788 9.9982E-05
0.00291509 0.91503 0.0159184 0.00132146 0.00510241 9.9982E-05 0.0595124 9.9982E-05
0.0956594 0.841101 0.0181734 0.00690134 9.9991E-05 0.0153142 0.0160551 0.006696
9.9973E-05 0.554237 0.072798 9.9973E-05 0.0567215 0.144692 9.9973E-05 0.171252
9.9964E-05 0.528447 9.9964E-05 9.9964E-05 0.0183543 0.217509 9.9964E-05 0.235289
9.9973E-05 0.497949 0.113773 9.9973E-05 0.0650086 0.0936906 9.9973E-05 0.229279
9.9982E-05 0.484234 0.0674168 9.9982E-05 0.0920096 0.0746333 0.0876474 0.193859
9.9973E-05 0.0380687 9.9973E-05 0.453594 0.253381 9.9973E-05 0.200532 0.0541247
0.085193 9.9973E-05 9.9973E-05 0.412014 0.273591 0.148202 9.9973E-05 0.0806994
0.00453474 9.9982E-05 9.9982E-05 0.52537 0.174801 0.139571 0.0558827 0.0996401
9.9982E-05 0.0410389 9.9982E-05 0.374658 0.220243 0.0290714 0.326655 0.0081337
9.9973E-05 9.9973E-05 9.9973E-05 0.0210734 0.0657428 0.272777 0.473463 0.166644
0.0326553 0.0796124 0.0318872 0.509972 0.245618 0.100055 9.9982E-05 9.9982E-05
0.0224305 9.9973E-05 9.9973E-05 0.509572 0.303616 9.9973E-05 0.159494 0.00458709
9.9973E-05 9.9973E-05 0.118461 0.364005 0.3213 0.0665086 0.129426 9.9973E-05
0.0522779 9.9964E-05 9.9964E-05 0.349303 0.576311 9.9964E-05 9.9964E-05 0.0217076
0.0288374 0.0346771 9.9982E-05 0.610557 0.185666 9.9982E-05 0.0254615 0.1146
9.9982E-05 9.9982E-05 0.0394141 0.428804 0.340194 0.0301066 0.0514088 0.109872
9.9955E-05 9.9955E-05 0.197022 9.9955E-05 0.716626 9.9955E-05 9.9955E-05 0.0858527
9.9982E-05 0.0825352 9.9982E-05 0.528212 0.223325 0.0760312 0.0269756 0.0627204
0.0484642 9.9964E-05 0.204825 0.158434 0.587877 9.9964E-05 9.9964E-05 9.9964E-05
0.0108722 0.035806 0.0087552 0.414236 0.352287 0.0526137 0.12533 9.9991E-05
9.9964E-05 0.0567866 9.9964E-05 9.9964E-05 0.691645 0.196982 9.9964E-05 0.0541867
0.0191837 0.0328351 0.0134791 9.9973E-05 0.0235322 9.9973E-05 9.9973E-05 0.91067
0.0319123 9.9955E-05 9.9955E-05 0.00718109 9.9955E-05 9.9955E-05 9.9955E-05 0.960407
9.9946E-05 9.9946E-05 0.00342225 9.9946E-05 9.9946E-05 9.9946E-05 9.9946E-05 0.995978
9.9946E-05 9.9946E-05 9.9946E-05 9.9946E-05 0.0709492 9.9946E-05 9.9946E-05 0.928451
0.0341171 9.9964E-05 0.0340409 9.9964E-05 9.9964E-05 0.0759266 9.9964E-05 0.855516
0.0595127 9.9955E-05 9.9955E-05 0.0400758 9.9955E-05 9.9955E-05 9.9955E-05 0.899912
0.040426 0.864156 0.0133551 0.0618853 0.00942156 9.9982E-05 9.9982E-05 0.0105564
0.0420616 0.818088 9.9973E-05 0.0731774 9.9973E-05 9.9973E-05 0.0529697 0.0134035
0.0923248 0.721915 9.9973E-05 0.125771 9.9973E-05 0.0572489 9.9973E-05 0.00244041
0.134138 0.742652 9.9964E-05 9.9964E-05 9.9964E-05 0.0624439 0.0603661 9.9964E-05
0.115243 0.709512 9.9964E-05 0.0263089 9.9964E-05 9.9964E-05 0.148536 9.9964E-05
9.9964E-05 0.356091 0.0547168 9.9964E-05 9.9964E-05 9.9964E-05 0.156725 0.432067
9.9964E-05 0.435983 0.121608 9.9964E-05 0.0907008 9.9964E-05 9.9964E-05 0.351308
9.9973E-05 0.393019 0.0124128 9.9973E-05 0.0544759 9.9973E-05 0.103353 0.436439
0.014968 0.816712 9.9973E-05 0.103658 9.9973E-05 0.0592429 0.00511962 9.9973E-05
0.0242754 0.29626 9.9964E-05 9.9964E-05 0.152434 9.9964E-05 9.9964E-05 0.526631
0.360637 0.216857 0.190289 0.205463 9.9982E-05 0.0152972 9.9982E-05 0.0112572
0.166676 0.140064 0.00318522 0.533301 0.0424883 0.114085 9.9982E-05 9.9982E-05
0.274768 0.165 9.9964E-05 0.556376 9.9964E-05 9.9964E-05 9.9964E-05 0.00345658
0.274826 0.212709 0.0680257 0.221519 0.136341 9.9991E-05 0.0358415 0.050637
0.0627871 0.180353 9.9973E-05 0.531463 0.128437 9.9973E-05 0.0966601 9.9973E-05
0.34713 0.432696 0.219673 9.9955E-05 9.9955E-05 9.9955E-05 9.9955E-05 9.9955E-05
9.9982E-05 9.9982E-05 0.0792187 0.367641 0.126931 0.0675652 0.332728 0.0257159
9.9973E-05 9.9973E-05 0.181182 0.396948 0.049625 0.0273287 0.344616 9.9973E-05
9.99703E-05 9.99703E-05 9.99703E-05 0.128916 9.99703E-05 0.455682 0.325723 0.089278
9.9982E-05 9.9982E-05 0.219034 0.427597 0.11493 0.0489902 0.135465 0.0537839
9.9955E-05 9.9955E-05 0.541538 9.9955E-05 0.268144 9.9955E-05 0.189818 9.9955E-05
0.0497341 0.0406869 0.014771 0.479403 0.0220051 0.220453 0.14434 0.028608
9.9982E-05 0.0023997 0.124415 0.424766 9.9982E-05 0.156264 0.202115 0.0898406
9.9982E-05 0.0638497 0.0370661 0.173689 0.0402616 0.339456 0.345478 9.9982E-05
0.0868868 0.0737173 0.0422123 0.416438 0.138944 0.113447 0.103962 0.0243924
9.9973E-05 9.9973E-05 0.233567 0.0930714 0.151231 0.203624 0.318207 9.9973E-05
0.0522316 9.9982E-05 0.208606 0.39561 0.093774 9.9982E-05 0.147971 0.101607
9.9973E-05 9.9973E-05 9.9973E-05 0.475555 0.150152 0.027922 0.316326 0.0297446
0.192338 0.161353 9.9982E-05 0.32298 0.104024 0.110174 0.10893 9.9982E-05
9.9982E-05 9.9982E-05 0.168051 0.323335 0.0457464 0.138653 0.288854 0.0351605
9.9982E-05 9.9982E-05 0.0853255 0.391613 0.111276 0.169767 0.140024 0.101795
0.130811 0.000151517 0.178566 0.352697 0.109865 0.199958 0.011748 0.0162028
9.9982E-05 0.0487959 0.0629789 0.479481 0.0636534 9.9982E-05 0.272322 0.0725689
0.0520655 0.0321326 9.9991E-05 0.54087 0.10244 0.0769975 0.186789 0.00860609
0.0808593 0.00433378 0.0658757 0.513479 0.092545 0.125466 0.0512356 0.066206
0.105549 0.052512 0.0377396 0.436453 0.0380771 0.0481001 0.26655 0.0150194
0.0692206 0.787062 9.9964E-05 0.132168 9.9964E-05 9.9964E-05 9.9964E-05 0.011149
0.0505817 0.816217 9.9964E-05 0.0619407 0.0708604 9.9964E-05 9.9964E-05 9.9964E-05
0.00395884 0.741944 0.0655148 0.0432801 0.0298252 0.0275221 9.9991E-05 0.0878545
0.0678279 0.76499 9.9964E-05 9.9964E-05 0.0562402 9.9964E-05 9.9964E-05 0.110542
0.0197859 0.801043 9.9964E-05 0.133331 9.9964E-05 9.9964E-05 9.9964E-05 0.0454399
0.0207855 0.024327 0.0328582 0.0295119 9.9991E-05 0.347206 0.502542 0.0426692
0.100261 0.0363151 0.103961 0.388112 0.145068 0.0738854 0.152298 9.9991E-05
0.0751707 0.241822 0.152624 0.464804 0.0041898 0.0376726 9.9991E-05 0.0236161
0.0532197 0.0437493 0.00387925 0.544872 9.9991E-05 0.0163119 0.336673 0.00119439
9.9982E-05 0.072315 9.9982E-05 0.500075 0.0401446 0.00671066 0.353721 0.0268332
9.9964E-05 0.0695021 0.220982 0.20275 9.9964E-05 9.9964E-05 0.506366 9.9964E-05
9.9982E-05 0.135405 0.0207526 9.9982E-05 0.0182797 0.111113 0.644426 0.0698239
0.0056965 0.00433779 9.9991E-05 0.479412 0.00659023 0.146001 0.17121 0.186652
9.9991E-05 0.0880568 0.0866068 0.0507767 0.0394641 0.188604 0.377565 0.168827
0.0630152 0.0302002 0.189616 0.331543 0.131877 9.9991E-05 0.15138 0.102268
0.0260246 0.118215 0.0763252 0.0132769 0.0515553 9.9991E-05 0.642711 0.0717917
0.0741734 0.115557 9.9973E-05 0.503064 9.9973E-05 9.9973E-05 0.295459 0.0114469
9.9973E-05 0.0891494 9.9973E-05 0.0455259 9.9973E-05 0.293344 0.532084 0.0395972
0.0346995 0.057106 0.124132 0.22631 0.0917698 0.0863273 0.379556 9.9991E-05
0.128692 9.9982E-05 0.202564 0.479845 9.9982E-05 0.0455749 0.0779033 0.0652207
9.9973E-05 9.9973E-05 0.494196 0.33057 9.9973E-05 0.00528175 0.0904556 0.0791974
0.0182728 0.0808119 0.10362 0.485844 0.00489292 0.13218 0.0852543 0.0891229
0.0211718 0.0751915 0.178571 0.605487 0.0543097 9.9982E-05 9.9982E-05 0.0650696
9.9973E-05 9.9973E-05 0.429393 0.348599 0.0536441 0.0552161 9.9973E-05 0.112847
0.0658112 0.0481744 0.222469 0.419138 0.0442212 0.0751014 0.0614082 0.0636768
9.9982E-05 0.0511887 0.184486 0.526113 0.0889979 9.9982E-05 0.0894054 0.0596082
9.9973E-05 9.9973E-05 0.658283 0.169927 0.0635531 9.9973E-05 0.0444807 0.0634572
9.9964E-05 9.9964E-05 0.619284 0.248114 9.9964E-05 0.0096524 9.9964E-05 0.12255
9.9955E-05 9.9955E-05 0.347685 0.52801 9.9955E-05 9.9955E-05 9.9955E-05 0.123805
9.9973E-05 9.9973E-05 0.505304 0.215156 0.104687 0.0496123 9.9973E-05 0.124941
9.9973E-05 9.9973E-05 0.260616 0.451161 0.0885401 0.154478 9.9973E-05 0.044905
9.9982E-05 0.052269 0.0152336 9.9982E-05 0.104948 0.0208858 0.794452 0.0120113
0.0048883 9.9982E-05 0.171843 0.150296 0.0405778 0.00225618 0.629939 9.9982E-05
0.00911302 0.000563463 9.9991E-05 0.222081 0.0701763 0.131524 0.552941 0.0135001
0.0914503 9.9982E-05 9.9982E-05 0.503592 0.108404 0.0890046 0.20722 0.000128804
0.0569651 9.9982E-05 9.9982E-05 0.11187 0.158331 0.123125 0.423535 0.125974
0.0449681 0.0572115 0.105389 0.519226 9.9982E-05 9.9982E-05 0.270491 0.00251511
0.106446 0.0810265 9.9973E-05 0.440925 9.9973E-05 0.0365356 0.334766 9.9973E-05
0.090104 0.0327948 0.0235282 0.366764 9.9991E-05 0.0505695 0.283135 0.153005
0.0985513 9.9973E-05 0.0237266 0.360759 9.9973E-05 0.153806 0.362857 9.9973E-05
0.00800237 0.00732719 9.9991E-05 0.351472 0.0548538 0.0744314 0.397804 0.106009
0.128067 9.9973E-05 9.9973E-05 0.0152138 0.106777 0.144732 0.604909 9.9973E-05
0.167966 9.9991E-05 0.00562737 0.113688 0.103165 0.0310001 0.374472 0.203982
0.0637926 9.9973E-05 0.0292707 0.495689 0.0221607 9.9973E-05 0.388787 9.9973E-05
9.9964E-05 0.121027 9.9964E-05 0.452806 0.0534755 9.9964E-05 0.372291 9.9964E-05
0.075543 0.00215197 0.12429 0.330588 0.0286221 0.0827945 0.340691 0.0153195
0.115885 9.9964E-05 9.9964E-05 0.367559 9.9964E-05 9.9964E-05 0.472874 0.0432817
9.9973E-05 0.087868 9.9973E-05 0.270362 9.9973E-05 0.122155 0.470972 0.048343
9.9973E-05 0.0435374 9.9973E-05 0.511766 0.0697877 9.9973E-05 0.329948 0.0446603
0.0666881 0.0218827 0.0226484 0.296533 0.0599262 0.0364212 0.410022 0.0858784
0.0336353 0.0303775 0.0424767 0.517394 9.9982E-05 0.00801382 0.367902 9.9982E-05
0.0741822 0.314584 0.0670386 0.448645 9.9973E-05 0.0952508 9.9973E-05 9.9973E-05
0.243259 0.0728683 0.145992 0.280423 0.162751 9.9982E-05 0.0945066 9.9982E-05
0.169196 0.103646 0.0577442 0.43587 0.125074 9.9991E-05 0.0759847 0.0323844
0.0928761 0.0655655 0.135238 0.494589 0.0145761 0.0246091 0.124992 0.0475546
0.140889 0.224039 0.0381417 0.504076 0.0599359 0.00791771 0.0249009 9.9991E-05
9.9973E-05 9.9973E-05 0.205625 0.362207 0.0409938 0.0590595 0.331815 9.9973E-05
0.220664 0.10181 9.9991E-05 0.427434 0.109727 0.0264728 0.0743089 0.039483
0.131412 0.239369 0.38469 9.9973E-05 0.147735 0.096493 9.9973E-05 9.9973E-05
0.135792 0.146238 0.0139806 0.433217 9.9991E-05 0.0708171 0.175181 0.0246744
0.0720083 0.143603 0.0603555 0.569739 9.9986E-05 9.9986E-05 0.140764 0.0133302
0.185879 0.11101 9.9982E-05 0.454017 0.0544794 0.131031 0.0633843 9.9982E-05
0.162686 0.122137 0.162767 0.254945 9.9982E-05 0.120659 0.176606 9.9982E-05
0.113989 0.135906 0.082451 0.58035 9.9982E-05 0.056285 0.0308195 9.9982E-05
0.192996 0.0979757 0.123783 0.500159 0.0163619 0.0211142 0.0475093 9.9991E-05
0.200241 0.458064 0.341195 9.9955E-05 9.9955E-05 9.9955E-05 9.9955E-05 9.9955E-05
0.205014 0.167202 0.0495443 0.479557 0.0443041 9.9982E-05 9.9982E-05 0.0541784
0.186527 0.103801 0.0398552 0.476844 9.9973E-05 0.192673 9.9973E-05 9.9973E-05
0.0922606 0.0864261 0.0481242 0.537223 0.0466674 0.138092 0.0511069 9.9991E-05
0.134329 0.183881 0.036598 0.54209 9.9973E-05 9.9973E-05 0.102803 9.9973E-05
0.0236057 0.149477 0.0837714 0.600449 0.0472416 0.000483217 0.094872 9.9991E-05
0.107249 9.9982E-05 0.208123 0.429129 0.0552383 0.0389164 0.161144 9.9982E-05
0.0510519 0.00414699 0.181004 0.473486 0.1379 0.0267643 0.0133018 0.112346
9.9964E-05 9.9964E-05 0.486408 9.9964E-05 0.263052 0.0735434 0.176597 9.9964E-05
9.9955E-05 9.9955E-05 0.52418 9.9955E-05 0.252724 9.9955E-05 0.222596 9.9955E-05
0.138308 9.9991E-05 0.178183 0.41117 0.0298137 0.114181 0.0504747 0.0777692
0.276328 0.063478 0.148149 0.316658 9.9982E-05 0.0764589 0.118728 9.9982E-05
0.352975 0.125552 0.092299 0.311615 0.0359728 9.9982E-05 0.0813864 9.9982E-05
0.26643 0.203713 0.300958 0.18152 0.0470798 9.9973E-05 9.9973E-05 9.9973E-05
0.26959 0.18075 0.158521 0.318423 9.9973E-05 0.0724163 9.9973E-05 9.9973E-05
0.100947 0.0467529 0.654803 0.139621 9.9982E-05 9.9982E-05 0.0463356 0.011341
0.0296959 0.0685179 0.625721 0.275587 0.000178425 9.9973E-05 9.9973E-05 9.9973E-05
0.0876686 9.9982E-05 0.252577 0.545053 0.0701548 9.9982E-05 0.00492854 0.0394184
0.115425 0.0305531 0.282182 0.453932 0.0513333 9.9982E-05 0.0663747 9.9982E-05
0.0798711 0.0467002 0.498045 0.22621 9.9973E-05 9.9973E-05 0.148873 9.9973E-05
0.112338 0.0177574 0.132436 0.414742 0.123901 9.9982E-05 0.198625 9.9982E-05
0.119631 0.0368322 0.183544 0.455409 0.00338185 9.9982E-05 0.201001 9.9982E-05
0.206523 0.0988971 0.162974 0.35623 0.114892 9.9991E-05 0.0107756 0.0496084
9.9982E-05 9.9982E-05 0.376448 0.267734 0.25647 0.0299638 0.021231 0.0479533
9.9973E-05 9.9973E-05 0.340516 0.408611 0.0320398 0.00197524 0.216558 9.9973E-05
0.0277281 9.9982E-05 0.159668 0.498162 0.212373 0.0444903 9.9982E-05 0.0573794
0.0305653 9.9982E-05 0.333656 0.435227 9.9982E-05 0.0718902 0.0624189 0.0660432
0.160973 0.0268463 0.199298 0.336862 9.9991E-05 0.0877343 0.142837 0.0453506
9.9973E-05 9.9973E-05 0.390879 0.476245 0.0286712 0.0616248 0.0422798 9.9973E-05
9.9973E-05 9.9973E-05 0.557786 0.25955 0.0196974 9.9973E-05 0.119358 0.0433098
9.9964E-05 9.9964E-05 0.241904 0.61791 0.0920234 9.9964E-05 0.0477627 9.9964E-05
0.00864795 0.1038 0.182828 0.410018 0.155271 9.9991E-05 0.110137 0.0291985
0.0112168 9.9973E-05 0.423857 0.178163 0.251419 9.9973E-05 0.135044 9.9973E-05
9.9973E-05 9.9973E-05 0.354639 0.45662 0.0772251 0.0587947 9.9973E-05 0.052421
0.026757 0.0324306 0.131672 0.535311 0.13542 0.0941426 9.9991E-05 0.0441663
0.0190345 0.0211312 0.319323 0.393855 0.078516 0.0213927 0.146647 9.9991E-05
0.173648 0.151217 0.0935579 0.434685 0.0546707 0.0453845 0.038279 0.00855739
0.208739 0.176675 0.0502301 0.336358 0.0750493 0.00119791 0.15165 9.9991E-05
0.276385 0.153226 0.14509 0.296058 0.0166194 9.9991E-05 0.0765651 0.0359567
0.224122 0.0924713 0.110629 0.23455 0.0429018 0.157517 9.9991E-05 0.137709
0.115192 0.147671 0.0875294 0.517163 0.0286709 9.9982E-05 9.9982E-05 0.103574
0.152391 0.159704 0.0932036 0.464217 9.9973E-05 9.9973E-05 0.130185 9.9973E-05
0.151382 0.147314 0.603248 9.9973E-05 0.0570238 9.9973E-05 9.9973E-05 0.0407321
0.233658 0.0866655 0.0639832 0.598032 9.9973E-05 9.9973E-05 9.9973E-05 0.0173612
0.118336 0.363247 0.50079 9.9964E-05 9.9964E-05 9.9964E-05 0.0172264 9.9964E-05
0.191775 0.0402455 0.18015 0.494016 0.0299231 9.9991E-05 0.0426821 0.0211074
9.9955E-05 9.9955E-05 0.573871 0.118435 0.307194 9.9955E-05 9.9955E-05 9.9955E-05
9.9964E-05 9.9964E-05 0.591537 9.9964E-05 0.28855 0.00507152 0.114442 9.9964E-05
9.9964E-05 9.9964E-05 0.297818 0.482494 0.106597 9.9964E-05 0.112691 9.9964E-05
9.9973E-05 0.00648779 0.239362 0.700531 0.0116922 9.9973E-05 0.0416271 9.9973E-05
9.9964E-05 9.9964E-05 0.434176 0.437994 0.0756937 9.9964E-05 0.0517362 9.9964E-05
0.0264015 0.0199902 0.234162 0.41432 0.199268 0.031269 0.0512379 0.023351
9.9964E-05 9.9964E-05 0.248133 0.516559 0.146207 9.9964E-05 0.0887012 9.9964E-05
0.0383814 0.726979 0.0367524 0.131617 9.9982E-05 0.0554213 9.9982E-05 0.0106491
0.114117 0.669729 9.9964E-05 9.9964E-05 9.9964E-05 0.10383 9.9964E-05 0.111925
0.0318732 0.854759 9.9973E-05 0.055195 9.9973E-05 0.0109382 9.9973E-05 0.0469345
9.9964E-05 0.908899 0.041644 0.0470334 9.9964E-05 9.9964E-05 9.9964E-05 0.00202359
0.0131818 0.0654784 0.0219183 0.415787 0.348966 0.0826335 0.0519346 9.9991E-05
0.0870417 0.0183157 9.9982E-05 0.342051 0.405993 0.0928569 0.0535416 9.9982E-05
0.0220028 9.9973E-05 9.9973E-05 0.413268 0.506743 0.0363328 0.0213544 9.9973E-05
0.0292802 0.0702449 9.9973E-05 0.576455 0.252374 0.0713459 9.9973E-05 9.9973E-05
0.0841303 0.0472286 0.0587448 0.446944 0.216214 0.00362922 0.0186739 0.124435
0.0474943 0.0172505 0.0683209 0.158586 0.507427 0.0694396 9.9991E-05 0.131381
0.06351 9.9955E-05 9.9955E-05 0.552366 0.383624 9.9955E-05 9.9955E-05 9.9955E-05
9.9955E-05 9.9955E-05 0.171493 0.358444 0.469563 9.9955E-05 9.9955E-05 9.9955E-05
0.141671 0.22673 0.10121 0.4069 0.00129695 9.9991E-05 0.10819 0.0139015
0.0789811 9.9982E-05 0.0765638 0.384357 0.398943 9.9982E-05 0.0308451 0.03011
9.9982E-05 9.9982E-05 0.0106941 0.2709 0.55203 0.0734269 0.0138254 0.0789243
9.9964E-05 9.9964E-05 0.0171123 0.599646 0.304189 9.9964E-05 0.0786525 9.9964E-05
9.9982E-05 0.0113963 9.9982E-05 0.36618 0.50553 0.0868372 0.0282046 0.00165126
9.9955E-05 9.9955E-05 0.0255065 0.593099 0.380895 9.9955E-05 9.9955E-05 9.9955E-05
0.0260174 0.041825 0.0100805 0.500308 0.361938 9.9991E-05 0.0410535 0.0186771
9.9955E-05 9.9955E-05 0.0736827 0.0182317 0.907586 9.9955E-05 9.9955E-05 9.9955E-05
0.0594927 9.9973E-05 9.9973E-05 0.106024 0.646361 0.143217 0.0446053 9.9973E-05
9.9973E-05 0.0350078 9.9973E-05 0.304092 0.632783 0.0131013 0.0147162 9.9973E-05
9.9946E-05 9.9946E-05 0.201493 9.9946E-05 0.797908 9.9946E-05 9.9946E-05 9.9946E-05
9.9964E-05 9.9964E-05 9.9964E-05 0.385619 0.419892 9.9964E-05 0.0950023 0.0990872
0.00471929 9.9973E-05 0.253111 0.0991184 0.602591 9.9973E-05 0.0401604 9.9973E-05
9.9964E-05 0.0195417 0.191437 9.9964E-05 0.713145 9.9964E-05 0.0754761 9.9964E-05
0.066643 0.0503691 0.0830024 0.500149 0.262117 0.00425261 0.0333671 9.9991E-05
9.9973E-05 0.0576748 9.9973E-05 0.148209 0.539036 0.244858 9.9973E-05 0.00992302
0.0831203 9.9991E-05 0.0021631 0.278081 0.42717 0.0951668 0.0344693 0.0797301
0.0952401 0.0590122 0.018604 0.489487 0.150055 9.9982E-05 9.9982E-05 0.187401
0.0152956 0.00472884 9.9991E-05 0.46819 0.347242 0.0698018 0.0273648 0.0672769
0.0386704 9.9973E-05 0.0667164 0.302253 0.0698416 9.9973E-05 0.522218 9.9973E-05
0.0403423 9.9973E-05 9.9973E-05 0.409143 0.320066 0.145464 9.9973E-05 0.0846843
0.0158083 0.0558709 9.9991E-05 0.431617 0.387669 0.0464521 0.0306185 0.0318642
9.9973E-05 9.9973E-05 0.0177866 0.282993 0.64761 9.9973E-05 0.0303801 0.0209302
9.9991E-05 0.0801443 0.0107352 0.579226 0.221922 0.0676184 0.00264345 0.0376103
9.9973E-05 0.611896 0.0612866 9.9973E-05 0.0345117 9.9973E-05 0.0886938 0.203312
9.9982E-05 0.693726 0.0147572 0.0873409 0.0771888 0.0103503 9.9982E-05 0.116437
9.9964E-05 0.790748 0.0662288 9.9964E-05 9.9964E-05 9.9964E-05 0.0155568 0.127066
9.9955E-05 0.788537 9.9955E-05 9.9955E-05 0.0376809 9.9955E-05 9.9955E-05 0.173282
9.9964E-05 0.652873 9.9964E-05 0.0650463 9.9964E-05 0.045527 9.9964E-05 0.236153
0.0483017 0.0326065 9.9982E-05 9.9982E-05 0.659571 0.177864 0.0661169 0.0153403
9.9991E-05 0.0325099 0.0760743 0.108949 0.619231 0.0630554 0.0684659 0.0316141
0.0413092 9.9964E-05 0.0865541 0.097025 0.774712 9.9964E-05 9.9964E-05 9.9964E-05
0.0762477 0.100842 9.9982E-05 0.504106 0.234318 0.0198072 9.9982E-05 0.0644787
0.0293538 0.117896 0.00234435 0.551927 0.0907167 0.0676611 0.140001 9.9991E-05
0.070997 0.0509897 0.0137568 0.173305 0.675052 9.9982E-05 9.9982E-05 0.0156997
9.9955E-05 9.9955E-05 0.0722167 0.616588 0.310695 9.9955E-05 9.9955E-05 9.9955E-05
0.0203164 0.0564528 0.0872066 0.333476 0.427406 9.9982E-05 9.9982E-05 0.0749424
9.9991E-05 0.0278736 0.0322902 0.466165 0.316474 0.0927731 0.0400194 0.0243043
9.9982E-05 0.0581281 9.9982E-05 0.569067 0.298299 0.0059084 0.00984382 0.0585538
0.0137354 9.9982E-05 0.00876513 0.182883 0.51429 0.226271 9.9982E-05 0.0538554
9.9964E-05 9.9964E-05 9.9964E-05 0.253152 0.515993 0.220939 9.9964E-05 0.00951578
9.9964E-05 9.9964E-05 9.9964E-05 0.236503 0.487292 0.220848 9.9964E-05 0.0549574
9.9973E-05 0.0866378 0.191495 0.641407 9.9973E-05 0.0121424 9.9973E-05 0.0680183
9.9973E-05 0.015492 9.9973E-05 0.298266 0.567052 0.046718 9.9973E-05 0.0721729
0.0199673 9.9982E-05 0.0376829 0.430264 0.376825 9.9982E-05 0.0312378 0.103823
0.394653 0.0286596 0.0288644 0.472637 9.9973E-05 9.9973E-05 9.9973E-05 0.0748853
0.450021 0.0906393 0.102626 0.340788 9.9973E-05 9.9973E-05 0.0156259 9.9973E-05
0.430374 0.0897273 9.9991E-05 0.390215 0.0322912 0.0331432 0.0081958 0.0159543
0.489972 0.130489 0.100019 0.25214 9.9973E-05 9.9973E-05 9.9973E-05 0.0270807
0.358253 0.0576825 0.0150484 0.470121 9.9991E-05 0.0186281 0.0258835 0.0542838
9.9973E-05 0.0264499 0.149447 0.538922 0.19742 9.9973E-05 0.0874614 9.9973E-05
0.677573 0.247405 0.0414944 0.0323292 9.9973E-05 9.9973E-05 0.000897988 9.9973E-05
0.377285 0.17802 9.9982E-05 0.341003 0.0752501 9.9982E-05 0.020842 0.00740029
0.10957 0.150633 0.116606 0.496133 0.0137092 9.9982E-05 9.9982E-05 0.113148
9.9982E-05 0.106277 0.163965 0.576365 9.9982E-05 0.0899705 0.0278782 0.0353447
0.0318017 0.0442399 0.285096 0.355839 0.0349599 0.227108 9.9991E-05 0.0208554
9.9964E-05 0.12813 0.100744 0.666675 9.9964E-05 9.9964E-05 9.9964E-05 0.104051
9.9973E-05 0.0638439 0.0807405 0.654407 9.9973E-05 0.118183 9.9973E-05 0.0825251
0.506031 0.16381 0.00743503 0.268749 0.028369 9.99864E-05 9.99864E-05 0.0254057
0.384382 0.131467 9.9982E-05 0.372034 0.00371473 0.0162109 0.0919909 9.9982E-05
0.455146 0.114841 9.9964E-05 0.413767 9.9964E-05 9.9964E-05 0.0158469 9.9964E-05
0.427721 0.0417436 0.04406 0.222138 0.050631 0.113936 0.0992789 0.000490717
0.538457 0.118624 0.0456208 0.237466 0.0528561 9.9982E-05 9.9982E-05 0.00677511
0.321715 0.160561 0.00324923 0.402701 0.0495092 0.00297416 0.0319345 0.0273562
0.489922 0.163209 9.9973E-05 0.27793 9.9973E-05 9.9973E-05 0.0428261 0.0258129
0.340648 0.0479552 9.9982E-05 0.336404 9.9982E-05 0.123148 0.142208 0.00943718
9.9982E-05 0.0043886 0.239787 0.522091 0.0791606 0.0648649 9.9982E-05 0.0895081
0.379352 0.176642 0.0290607 0.175581 0.00983969 0.148641 9.9991E-05 0.0807834
0.628097 0.178168 0.00184819 0.179625 9.9973E-05 0.0119624 9.9973E-05 9.9973E-05
0.402885 0.114856 0.0207055 0.31788 0.0450693 0.0621972 9.9991E-05 0.0363072
9.9982E-05 0.0943026 0.248517 0.135268 0.0714893 0.273276 9.9982E-05 0.176948
0.0790404 9.9964E-05 0.155771 0.495365 9.9964E-05 0.269424 9.9964E-05 9.9964E-05
0.288878 0.160627 0.029091 0.365208 0.0379149 0.000661056 0.0738959 0.0437239
0.0731151 0.0414071 0.168887 0.544468 9.9982E-05 0.10041 9.9982E-05 0.071513
0.0277208 0.143465 0.216542 0.528659 0.0325186 0.0171089 9.9991E-05 0.0338857
0.206965 0.219569 0.0539783 0.328048 0.101119 0.0441254 0.0227969 0.0233981
0.316034 0.180279 0.107882 0.267914 9.9973E-05 9.9973E-05 0.127591 9.9973E-05
0.167494 0.108331 9.9973E-05 0.472894 0.170012 9.9973E-05 9.9973E-05 0.0809694
0.417919 0.108347 0.0699334 0.20711 0.104123 0.0118455 0.0240725 0.0566489
0.478692 0.0459646 0.0466217 0.298124 9.9982E-05 0.12333 0.00706739 9.9982E-05
0.646191 0.162153 0.0512957 0.0934527 9.99758E-05 9.99758E-05 0.0466083 9.99758E-05
0.00767291 0.0803285 0.146393 0.623439 9.9991E-05 0.0515073 0.0399317 0.0506282
9.9991E-05 0.0393878 0.231527 0.364213 0.0927378 0.19324 0.0162143 0.06258
9.9973E-05 0.0863572 0.550521 0.269565 9.9973E-05 0.0120281 9.9973E-05 0.0812285
0.0505227 0.0948212 0.0854619 0.561452 0.0780071 9.9991E-05 0.0816075 0.0480278
9.9982E-05 0.0469063 0.238665 0.398595 9.9982E-05 0.10563 0.166107 0.0438972
0.163168 0.18233 0.0600855 0.389809 0.143511 0.0608965 9.9982E-05 9.9982E-05
0.0466579 0.149258 0.0825999 0.43256 0.151487 0.0679432 0.0205219 0.0489721
0.188232 0.330984 0.480284 9.9955E-05 9.9955E-05 9.9955E-05 9.9955E-05 9.9955E-05
0.134378 0.285509 0.579613 9.9955E-05 9.9955E-05 9.9955E-05 9.9955E-05 9.9955E-05
