9.9955E-05 0.808455 0.0751445 9.9955E-05 9.9955E-05 0.0184099 9.9955E-05 0.0974913 9.9955E-05
9.9955E-05 0.912018 0.0205647 0.0244863 9.9955E-05 9.9955E-05 0.042431 9.9955E-05 9.9955E-05
9.9982E-05 0.747062 0.0466164 9.9982E-05 0.0765255 0.0552504 0.0280321 0.00438101 0.0419327
9.9973E-05 0.770165 0.0294976 0.0513236 9.9973E-05 0.0539367 9.9973E-05 0.0609742 0.0338027
9.99371E-05 0.897422 9.99371E-05 9.99371E-05 0.101879 9.99371E-05 9.99371E-05 9.99371E-05 9.99371E-05
0.132732 0.599854 9.9982E-05 0.0839732 0.130511 0.0413737 9.9982E-05 0.00912505 0.00223102
0.185219 0.753052 0.0275675 0.0190785 0.0146831 9.9964E-05 9.9964E-05 9.9964E-05 9.9964E-05
0.12893 0.669868 0.034372 0.0452873 0.0616109 0.0171557 9.9982E-05 9.9982E-05 0.0425768
0.0276703 0.819004 0.00868048 9.99639E-05 9.99639E-05 9.99639E-05 0.0493368 9.99639E-05 0.0949083
0.0601691 0.631378 0.0592777 0.0477525 0.00987601 0.103576 9.9991E-05 0.070426 0.0174439
0.169982 0.710739 9.9982E-05 0.0159575 0.0127085 9.9982E-05 0.00980359 0.00839873 0.0722105
9.9955E-05 9.9955E-05 9.9955E-05 9.9955E-05 0.0630505 0.0830589 0.0400938 0.813297 9.9955E-05
0.0355507 9.9973E-05 0.0297262 9.9973E-05 0.444916 0.0677872 9.9973E-05 0.38397 0.03775
0.00471362 0.0375778 9.9973E-05 0.0904254 0.0304512 0.0897386 9.9973E-05 0.746793 9.9973E-05
9.9964E-05 0.0590696 0.00344105 9.9964E-05 0.105773 0.185799 9.9964E-05 0.645517 9.9964E-05
9.9973E-05 0.163742 0.0141305 9.9973E-05 0.199303 0.158458 0.0542148 0.409852 9.9973E-05
0.0242337 9.9973E-05 9.9973E-05 0.0209019 0.287649 0.14569 0.124436 0.39679 9.9973E-05
9.9973E-05 0.105332 0.0501671 9.9973E-05 0.229996 0.0542754 0.0203664 0.539564 9.9973E-05
0.0865803 0.0542784 9.9964E-05 0.0179864 9.9964E-05 9.9964E-05 9.9964E-05 0.767089 0.073666
0.0237196 9.9973E-05 0.0306053 9.9973E-05 0.305035 0.0715736 0.1392 0.429566 9.9973E-05
0.182665 0.0232746 0.028036 0.0652619 0.292191 0.0641985 0.0372933 0.306979 9.9991E-05
0.0937378 0.0324665 9.9982E-05 0.0925929 0.435307 0.0718889 9.9982E-05 0.262513 0.0112935
0.0222461 9.9964E-05 9.9964E-05 9.9964E-05 0.047013 0.184551 0.0319519 0.713838 9.9964E-05
9.9955E-05 9.9955E-05 0.00154578 9.9955E-05 0.240628 0.185388 9.9955E-05 0.571939 9.9955E-05
9.9955E-05 9.9955E-05 0.00763108 9.9955E-05 9.9955E-05 0.0933675 0.0877846 0.810717 9.9955E-05
9.9937E-05 9.9937E-05 9.9937E-05 9.9937E-05 9.9937E-05 0.172721 9.9937E-05 0.82658 9.9937E-05
9.9946E-05 9.9946E-05 9.9946E-05 9.9946E-05 0.0557957 0.0910095 9.9946E-05 0.852595 9.9946E-05
9.993E-05 9.993E-05 0.999201 9.993E-05 9.993E-05 9.993E-05 9.993E-05 9.993E-05 9.993E-05
9.993E-05 9.993E-05 0.999201 9.993E-05 9.993E-05 9.993E-05 9.993E-05 9.993E-05 9.993E-05
9.9955E-05 0.467199 0.362976 9.9955E-05 0.163836 9.9955E-05 9.9955E-05 0.00548968 9.9955E-05
0.0392886 0.499926 0.265303 9.9982E-05 0.0593134 0.0656143 0.0651249 9.9982E-05 0.00523009
0.0583796 0.0717709 9.9991E-05 0.0151449 0.462628 0.0188064 0.166792 0.177641 0.0287366
9.9955E-05 0.0294071 9.9955E-05 9.9955E-05 0.536448 0.0884843 0.34516 9.9955E-05 9.9955E-05
0.102929 0.0660063 0.0541916 9.9973E-05 0.15801 9.9973E-05 9.9973E-05 0.471965 0.146598
0.109404 9.9955E-05 0.0172269 9.9955E-05 0.358765 9.9955E-05 0.514104 9.9955E-05 9.9955E-05
9.9982E-05 0.0120113 0.0370699 0.00767292 0.631921 0.0324695 0.248597 9.9982E-05 0.030058
0.161286 0.0864412 9.9964E-05 0.0549215 0.671158 9.9964E-05 9.9964E-05 0.0257943 9.9964E-05
0.155804 0.0826644 0.059941 0.00361193 0.613818 9.9982E-05 0.0279511 9.9982E-05 0.0560099
0.00268351 9.9973E-05 0.0474703 9.9973E-05 0.135828 9.9973E-05 0.633376 0.17717 0.0031719
0.229841 0.0767467 0.00140024 0.0108115 0.630349 9.9982E-05 0.0144292 0.0362217 9.9982E-05
9.9937E-05 9.9937E-05 9.9937E-05 9.9937E-05 0.361662 9.9937E-05 0.637638 9.9937E-05 9.9937E-05
0.206716 0.0557511 9.9964E-05 0.00629963 9.9964E-05 9.9964E-05 0.683533 0.0473012 9.9964E-05
9.9964E-05 9.9964E-05 9.9964E-05 0.0559005 0.137659 9.9964E-05 0.127428 0.554922 0.123691
0.366796 9.9964E-05 9.9964E-05 0.122479 9.9964E-05 9.9964E-05 0.157512 0.311089 0.0417258
0.0590658 0.051969 9.9973E-05 9.9973E-05 0.136429 9.9973E-05 0.273498 0.368276 0.110462
0.0970846 0.0136271 9.9964E-05 9.9964E-05 0.537246 9.9964E-05 9.9964E-05 0.285507 0.0661359
0.0739926 0.0868607 0.0251317 0.0498534 0.311679 0.00735199 0.154446 0.290584 9.9991E-05
0.133323 0.203709 0.0176791 9.9982E-05 9.9982E-05 0.0621439 0.142094 0.416654 0.024196
9.9982E-05 0.0641106 9.9982E-05 0.0589868 0.256725 0.103137 0.0395021 0.466584 0.0107542
0.153711 0.00444546 0.0365192 9.9973E-05 9.9973E-05 9.9973E-05 0.108677 0.615641 0.0807061
0.0168927 0.0387311 0.0013225 0.106572 0.384978 9.9982E-05 0.00221592 0.449088 9.9982E-05
0.0952032 0.00188271 0.0463243 0.168731 0.501178 0.0443189 0.000225757 0.142036 9.9991E-05
0.0163466 9.9982E-05 0.0458732 0.0947503 0.0723511 0.129438 0.261378 0.379663 9.9982E-05
0.010114 9.9982E-05 0.0207967 0.149194 0.183752 0.112494 0.188003 0.335446 9.9982E-05
0.112318 9.9991E-05 0.0802275 0.0891319 0.0761119 0.00429805 0.0465808 0.545272 0.0459592
9.9946E-05 9.9946E-05 0.0111384 9.9946E-05 0.541828 9.9946E-05 0.446434 9.9946E-05 9.9946E-05
9.9964E-05 9.9964E-05 0.0337149 9.9964E-05 0.140319 0.0157812 0.644173 0.165612 9.9964E-05
0.0786349 9.9955E-05 9.9955E-05 9.9955E-05 9.9955E-05 0.00245278 0.880598 9.9955E-05 0.0378141
0.0330922 9.9964E-05 9.9964E-05 0.0697676 9.9964E-05 0.00184613 0.763641 0.131253 9.9964E-05
9.9946E-05 9.9946E-05 9.9946E-05 9.9946E-05 0.233158 9.9946E-05 0.739192 0.0270508 9.9946E-05
0.00576283 9.9982E-05 0.0146461 9.9982E-05 0.385006 0.0317614 0.444745 0.0673734 0.0505048
9.9964E-05 9.9964E-05 0.0539557 9.9964E-05 0.417342 0.014147 0.465177 9.9964E-05 0.0489783
9.9982E-05 0.0175442 0.0290864 9.9982E-05 0.0861837 0.029375 0.625 0.197314 0.0152968
9.9973E-05 9.9973E-05 0.00619517 9.9973E-05 0.273064 0.0127657 0.462615 0.0704445 0.174616
9.999E-05 0.0120973 0.0151976 0.023777 0.339308 0.0169635 0.382985 0.154675 0.054897
0.0379291 0.0321122 0.0547801 9.9973E-05 0.409351 9.9973E-05 0.432789 0.0327384 9.9973E-05
0.0347304 9.9955E-05 0.0196708 9.9955E-05 0.393759 9.9955E-05 0.55134 9.9955E-05 9.9955E-05
0.151473 0.0315262 9.9973E-05 0.119503 9.9973E-05 0.00143816 0.67185 0.0239093 9.9973E-05
9.9973E-05 0.736578 0.0328656 9.9973E-05 0.0836673 0.0415061 0.00975473 0.0953279 9.9973E-05
9.9946E-05 0.856112 0.064645 9.9946E-05 0.0786429 9.9946E-05 9.9946E-05 9.9946E-05 9.9946E-05
9.9964E-05 0.758842 0.100897 9.9964E-05 0.121264 0.0122296 9.9964E-05 9.9964E-05 0.00636854
9.9964E-05 0.848891 0.0544915 9.9964E-05 0.0529031 0.0381104 0.00520382 9.9964E-05 9.9964E-05
0.0168165 0.777053 0.079486 9.9973E-05 0.0626733 0.0565009 9.9973E-05 9.9973E-05 0.00717053
9.9964E-05 0.818468 0.0411623 9.9964E-05 0.0439479 0.0428088 9.9964E-05 9.9964E-05 0.0532129
9.99461E-05 0.880515 0.0508188 9.99461E-05 0.068067 9.99461E-05 9.99461E-05 9.99461E-05 9.99461E-05
9.9955E-05 0.0636185 9.9955E-05 9.9955E-05 0.0442591 9.9955E-05 0.709831 0.181792 9.9955E-05
9.9973E-05 0.0445321 0.0169492 9.9973E-05 0.492627 9.9973E-05 0.360712 0.0812022 0.00367788
9.9964E-05 0.0820793 9.9964E-05 0.0930781 0.601349 0.00751194 0.215582 9.9964E-05 9.9964E-05
9.9955E-05 0.0352234 9.9955E-05 0.0653389 0.651666 9.9955E-05 0.247272 9.9955E-05 9.9955E-05
9.9955E-05 9.9955E-05 0.0126322 9.9955E-05 0.400882 0.125149 0.460837 9.9955E-05 9.9955E-05
9.9955E-05 0.0578693 9.9955E-05 9.9955E-05 9.9955E-05 9.9955E-05 0.694541 0.161349 0.0857412
0.140203 9.9973E-05 0.00754504 9.9973E-05 0.265 0.055181 0.492052 0.0397202 9.9973E-05
0.021435 9.9973E-05 0.0147536 0.0483886 0.48768 0.0593968 0.368046 9.9973E-05 9.9973E-05
0.0135201 9.9982E-05 0.0252839 0.0312627 0.382814 9.9982E-05 0.350573 0.135015 0.061332
0.000320818 9.9964E-05 9.9964E-05 0.0738737 0.23511 0.134717 0.555579 9.9964E-05 9.9964E-05
9.9964E-05 0.100345 0.00319295 9.9964E-05 0.41183 9.9964E-05 0.383511 0.100721 9.9964E-05
0.111251 0.0696666 0.00278086 0.216325 0.153333 0.031007 9.9991E-05 0.406736 0.00879913
0.0115484 0.0596825 9.9991E-05 0.067183 0.290419 0.10292 0.0060564 0.286325 0.175767
0.0240353 9.9973E-05 0.0663428 0.0665339 0.467224 9.9973E-05 9.9973E-05 0.344208 0.0313561
9.9982E-05 0.0589323 0.011105 0.0849308 0.426129 0.0254066 9.9982E-05 0.238072 0.155224
9.9973E-05 0.0833905 9.9973E-05 0.12685 0.383781 0.0242552 9.9973E-05 0.341502 0.0399212
0.0849872 9.9982E-05 0.0181436 0.00424958 0.533032 9.9982E-05 0.0226147 0.273859 0.0629146
9.9955E-05 9.9955E-05 9.9955E-05 0.113469 0.46693 9.9955E-05 9.9955E-05 0.288879 0.130222
9.9973E-05 9.9973E-05 9.9973E-05 0.0176232 0.516808 0.0541272 0.0492603 0.203114 0.158767
9.9982E-05 9.9982E-05 0.0113558 0.163961 0.479428 0.0825416 0.0616898 0.0644609 0.136363
0.205978 0.0104232 0.0342759 0.0633935 0.340485 0.0237021 9.9991E-05 0.238251 0.0833911
9.9973E-05 0.0933846 9.9973E-05 9.9973E-05 0.672153 0.000261024 0.0641746 0.147815 0.0219113
9.9964E-05 0.0448053 9.9964E-05 0.103102 0.740463 9.9964E-05 9.9964E-05 0.103417 0.00781277
9.9991E-05 0.033485 0.00818356 0.127551 0.288641 0.00564652 0.0359772 0.363785 0.136631
0.1853 9.9982E-05 9.9982E-05 0.137203 0.102243 0.0694707 0.0107699 0.432105 0.0627086
0.1652 9.9991E-05 0.0352592 0.291839 0.0229709 0.0315048 0.185254 0.120804 0.147067
9.9982E-05 0.00524173 0.0305848 0.0760198 0.183364 9.9982E-05 0.0848208 0.566979 0.0527903
9.9964E-05 9.9964E-05 9.9964E-05 0.028363 0.417129 9.9964E-05 0.161224 0.297298 0.0955863
9.9973E-05 9.9973E-05 0.0311867 0.0550591 0.29175 9.9973E-05 0.0722106 0.370267 0.179226
9.9973E-05 0.0400073 9.9973E-05 0.108017 0.249414 9.9973E-05 0.00656436 0.48084 0.114858
0.0567937 0.0169631 0.074341 9.9991E-05 0.540971 0.0424967 0.12853 0.113945 0.0258602
0.282384 9.9982E-05 0.0466022 0.00189102 0.183259 9.9982E-05 0.0862578 0.390582 0.00882458
0.134461 0.00859958 0.0436378 0.0785756 0.50523 0.0748221 0.135702 0.00220248 0.0167684
0.448289 0.0631181 0.0183625 0.237169 0.0212944 9.9982E-05 0.0741801 9.9982E-05 0.137386
0.225007 0.0882704 9.9973E-05 0.0577796 0.389177 9.9973E-05 0.216852 0.0226141 9.9973E-05
0.201103 0.0940088 9.9982E-05 9.9982E-05 0.471736 0.0980981 0.0367215 0.0928137 0.00531963
0.383732 0.0524626 0.0363545 0.052324 0.306602 9.9982E-05 0.058691 9.9982E-05 0.109634
0.341304 9.9982E-05 0.0443282 0.177981 0.212027 9.9982E-05 0.00695708 0.100369 0.116834
0.120336 9.9982E-05 0.0363621 0.149037 0.467571 9.9982E-05 0.028114 0.0167017 0.181678
0.258905 0.053414 0.0324601 0.11592 0.011376 0.0954743 0.224312 0.208038 9.9991E-05
0.235587 9.9964E-05 9.9964E-05 0.00545748 0.344432 9.9964E-05 0.21313 0.200993 9.9964E-05
0.246977 9.9964E-05 9.9964E-05 0.065638 0.508006 9.9964E-05 0.0761904 0.102788 9.9964E-05
0.361149 0.142563 0.0424968 9.9973E-05 0.0820769 0.284061 9.9973E-05 0.0873534 9.9973E-05
0.424365 0.454742 0.00995928 9.9955E-05 9.9955E-05 0.110434 9.9955E-05 9.9955E-05 9.9955E-05
0.49592 0.327332 0.0356895 9.9955E-05 9.9955E-05 0.140559 9.9955E-05 9.9955E-05 9.9955E-05
0.254446 0.260744 0.00622049 9.9964E-05 9.9964E-05 0.381274 9.9964E-05 0.0969162 9.9964E-05
0.219274 9.9982E-05 0.00968927 0.0225022 0.673404 9.9982E-05 0.0619725 0.0107669 0.00219044
9.9955E-05 9.9955E-05 9.9955E-05 9.9955E-05 0.300408 0.654795 0.000380708 0.0439162 9.9955E-05
0.290997 9.9982E-05 0.0466146 0.185654 0.286086 0.00470342 0.181745 0.00399992 9.9982E-05
0.451178 9.9964E-05 9.9964E-05 0.213318 0.225775 9.9964E-05 0.0260093 0.0833197 9.9964E-05
0.214082 9.9982E-05 0.00571146 0.0825657 0.480956 0.0444455 0.139381 9.9982E-05 0.0326585
0.11845 0.0163476 9.9973E-05 0.169394 0.527888 9.9973E-05 9.9973E-05 0.129103 0.0385172
0.226174 0.0564808 9.9982E-05 0.020763 0.613811 0.0280148 9.9982E-05 0.0362718 0.0182855
0.451899 9.9964E-05 9.9964E-05 0.111161 0.312098 9.9964E-05 0.101099 9.9964E-05 0.0233425
0.00317809 9.9964E-05 9.9964E-05 0.0477422 9.9964E-05 0.926305 0.0177143 0.00466068 9.9964E-05
9.9955E-05 9.9955E-05 9.9955E-05 0.0100374 0.0925821 0.887799 9.9955E-05 9.9955E-05 0.00908129
9.9973E-05 9.9973E-05 0.0200991 0.0489292 0.247986 0.636755 0.0272228 9.9973E-05 0.0187083
0.00582766 9.9964E-05 9.9964E-05 9.9964E-05 0.0841734 0.832106 0.0544693 9.9964E-05 0.0230236
9.993E-05 9.993E-05 9.993E-05 9.993E-05 9.993E-05 0.999201 9.993E-05 9.993E-05 9.993E-05
9.9937E-05 9.9937E-05 9.9937E-05 9.9937E-05 9.9937E-05 0.924387 9.9937E-05 9.9937E-05 0.074913
9.9946E-05 9.9946E-05 9.9946E-05 9.9946E-05 0.165016 0.812396 0.0219885 9.9946E-05 9.9946E-05
9.9946E-05 9.9946E-05 9.9946E-05 9.9946E-05 9.9946E-05 0.968305 0.0133231 9.9946E-05 0.0177718
9.993E-05 9.993E-05 9.993E-05 9.993E-05 9.993E-05 0.999201 9.993E-05 9.993E-05 9.993E-05
9.9937E-05 9.9937E-05 0.0317991 9.9937E-05 9.9937E-05 0.967501 9.9937E-05 9.9937E-05 9.9937E-05
9.9955E-05 9.9955E-05 0.0707371 0.040086 0.105892 0.782785 9.9955E-05 9.9955E-05 9.9955E-05
9.9964E-05 0.000362533 9.9964E-05 0.0371817 0.0232297 0.83464 9.9964E-05 9.9964E-05 0.104187
9.9937E-05 9.9937E-05 9.9937E-05 9.9937E-05 9.9937E-05 0.974132 0.0251686 9.9937E-05 9.9937E-05
9.9955E-05 0.0926052 9.9955E-05 0.0371577 0.163006 0.706731 9.9955E-05 9.9955E-05 9.9955E-05
9.9964E-05 9.9964E-05 0.00241993 9.9964E-05 0.0856248 0.817143 9.9964E-05 0.0771 0.0173121
9.9955E-05 0.0238196 0.0103993 0.026856 9.9955E-05 0.938425 9.9955E-05 9.9955E-05 9.9955E-05
0.061388 0.0220307 9.9955E-05 9.9955E-05 0.0700285 0.846053 9.9955E-05 9.9955E-05 9.9955E-05
9.9946E-05 9.9946E-05 0.0267668 9.9946E-05 9.9946E-05 0.969129 0.00350492 9.9946E-05 9.9946E-05
9.9973E-05 0.075502 9.9973E-05 0.0913793 0.177226 0.566653 0.00566775 0.0832718 9.9973E-05
9.9955E-05 9.9955E-05 9.9955E-05 0.0792557 9.9955E-05 0.889411 9.9955E-05 0.0262684 0.00456519
0.613295 0.261647 0.0279005 0.0889408 9.9964E-05 0.0078168 9.9964E-05 9.9964E-05 9.9964E-05
0.217689 0.143804 9.9973E-05 9.9973E-05 0.408949 0.0323438 0.0410852 9.9973E-05 0.155829
0.280031 0.201419 9.9964E-05 9.9964E-05 0.424745 0.0716016 0.0218041 9.9964E-05 9.9964E-05
0.40152 0.0690521 0.0627787 0.0719046 0.243636 0.0906568 0.00926522 9.9991E-05 0.0510868
0.378072 0.118141 0.0274691 0.00229807 0.191936 0.138409 0.0945143 0.0490603 9.9991E-05
0.366618 0.0992833 9.9955E-05 9.9955E-05 0.364522 0.169077 9.9955E-05 9.9955E-05 9.9955E-05
0.29792 0.0678477 0.0645133 9.9964E-05 0.524336 0.0449834 9.9964E-05 9.9964E-05 9.9964E-05
0.279683 0.0777393 0.0770562 0.0608501 0.309673 0.194699 9.9973E-05 9.9973E-05 9.9973E-05
9.9946E-05 0.841799 9.9946E-05 9.9946E-05 0.0782148 9.9946E-05 9.9946E-05 9.9946E-05 0.0793869
9.9946E-05 0.859437 0.0568085 9.9946E-05 9.9946E-05 0.0831545 9.9946E-05 9.9946E-05 9.9946E-05
9.9946E-05 0.921849 0.00135551 9.9946E-05 9.9946E-05 9.9946E-05 9.9946E-05 0.0761954 9.9946E-05
9.9973E-05 0.875004 0.0237976 9.9973E-05 0.00767954 0.0132878 9.9973E-05 0.0351142 0.0448175
9.9955E-05 0.792873 0.081767 9.9955E-05 9.9955E-05 0.0130626 9.9955E-05 0.111798 9.9955E-05
9.9955E-05 0.84242 0.0618401 9.9955E-05 9.9955E-05 0.0657145 9.9955E-05 0.0295255 9.9955E-05
9.9964E-05 0.803125 0.0239398 9.9964E-05 9.9964E-05 0.0964707 9.9964E-05 0.0299076 0.0461572
0.026942 0.83652 0.023617 0.039128 0.0254658 9.9973E-05 9.9973E-05 0.0480275 9.9973E-05
9.9964E-05 0.885569 0.0336214 0.0373015 9.9964E-05 0.0225457 9.9964E-05 0.0205624 9.9964E-05
0.00606222 0.805824 0.0117075 0.0204865 9.9982E-05 0.0816587 9.9982E-05 0.0128913 0.0611698
9.9973E-05 0.575413 0.0241275 0.00082794 9.9973E-05 9.9973E-05 0.088944 0.15396 0.156427
9.9964E-05 0.539076 0.0230285 9.9964E-05 9.9964E-05 9.9964E-05 0.0393684 0.135176 0.262951
0.0476833 0.522103 0.0151878 0.0273962 9.9982E-05 9.9982E-05 0.0431173 0.225067 0.119246
9.9964E-05 0.468532 9.9964E-05 0.018792 9.9964E-05 9.9964E-05 0.0875123 0.237763 0.187001
9.9964E-05 0.115137 9.9964E-05 0.0344385 0.51257 9.9964E-05 0.313735 9.9964E-05 0.0237194
0.0462051 9.9991E-05 0.00493292 0.0175056 0.483281 0.0420941 0.115935 0.189527 0.10042
9.9982E-05 0.00956941 0.057966 0.0602918 0.389327 9.9982E-05 0.123713 0.254691 0.104242
9.9973E-05 9.9973E-05 9.9973E-05 0.048827 0.0984371 0.00932932 0.0141633 0.599541 0.229402
9.9973E-05 0.101835 9.9973E-05 0.109343 0.63759 9.9973E-05 0.0909704 0.0312585 0.0287036
9.9955E-05 9.9955E-05 9.9955E-05 9.9955E-05 0.558724 0.0235805 0.299098 0.118098 9.9955E-05
0.046992 9.9982E-05 9.9982E-05 0.0227 0.428093 0.0995812 0.28796 0.0087986 0.105675
0.0494187 9.9964E-05 9.9964E-05 9.9964E-05 0.458522 0.0530851 0.410933 9.9964E-05 0.0276413
0.0063538 0.0115799 9.9973E-05 9.9973E-05 0.412427 9.9973E-05 0.370125 0.0775784 0.121636
0.0110477 9.9955E-05 9.9955E-05 0.152275 9.9955E-05 9.9955E-05 0.773949 9.9955E-05 0.0622291
0.107394 9.9964E-05 9.9964E-05 0.0247232 0.253514 9.9964E-05 0.530233 9.9964E-05 0.0837353
0.0855968 9.9982E-05 0.025294 0.0370853 0.504751 0.0179866 0.299058 0.0300288 9.9982E-05
9.9964E-05 0.0387639 9.9964E-05 9.9964E-05 0.133286 9.9964E-05 0.63495 0.0662063 0.126394
0.11548 0.0228028 0.0183415 9.9964E-05 0.0316646 9.9964E-05 9.9964E-05 9.9964E-05 0.811311
0.0550821 0.0126361 0.00126276 9.9973E-05 0.0666028 0.0106896 9.9973E-05 9.9973E-05 0.853427
9.9964E-05 9.9964E-05 9.9964E-05 0.039524 0.0324725 0.00263071 0.000635317 9.9964E-05 0.924338
9.9964E-05 0.0383091 9.9964E-05 0.0265478 0.00858943 9.9964E-05 0.0272266 9.9964E-05 0.898927
0.0520266 9.9964E-05 9.9964E-05 0.00255241 0.0263612 0.0144467 9.9964E-05 9.9964E-05 0.904213
9.9946E-05 9.9946E-05 9.9946E-05 9.9946E-05 0.0998502 0.0426831 9.9946E-05 9.9946E-05 0.856867
9.9946E-05 0.832506 0.01481 9.9946E-05 0.152084 9.9946E-05 9.9946E-05 9.9946E-05 9.9946E-05
9.9973E-05 0.778576 0.00571371 9.9973E-05 0.125388 0.0363032 9.9973E-05 0.0198741 0.0338451
9.9964E-05 0.742959 0.0461851 0.0193976 0.130532 0.0605267 9.9964E-05 9.9964E-05 9.9964E-05
9.9964E-05 0.750294 0.0361559 9.9964E-05 0.0925181 0.0510488 9.9964E-05 0.0695831 9.9964E-05
0.0137938 0.788163 9.9964E-05 9.9964E-05 0.157875 0.03858 9.9964E-05 9.9964E-05 0.00118795
0.10149 0.339524 0.0169251 9.9973E-05 9.9973E-05 9.9973E-05 0.018584 0.0603249 0.462852
0.020352 0.418913 9.9964E-05 0.0888743 9.9964E-05 9.9964E-05 0.0641 9.9964E-05 0.407361
9.9964E-05 0.381054 0.0350862 0.10054 9.9964E-05 9.9964E-05 0.0605498 9.9964E-05 0.42237
9.993E-05 9.993E-05 0.999201 9.993E-05 9.993E-05 9.993E-05 9.993E-05 9.993E-05 9.993E-05
0.016303 0.272009 0.0408119 9.9964E-05 9.9964E-05 9.9964E-05 0.091287 9.9964E-05 0.579189
0.258926 0.139399 9.9964E-05 0.0405441 0.198167 0.362564 9.9964E-05 9.9964E-05 9.9964E-05
9.9955E-05 0.184422 0.00495533 9.9955E-05 0.526956 0.283166 9.9955E-05 9.9955E-05 9.9955E-05
0.187491 0.188958 0.0307795 9.9982E-05 0.333869 0.218035 0.0156257 9.9982E-05 0.0250412
0.330978 0.340142 9.9946E-05 9.9946E-05 9.9946E-05 0.328279 9.9946E-05 9.9946E-05 9.9946E-05
0.00813137 0.0396317 9.9973E-05 0.100403 0.452853 9.9973E-05 9.9973E-05 0.270959 0.127723
0.212058 9.9973E-05 9.9973E-05 0.104582 0.26403 9.9973E-05 0.0167158 0.322622 0.0796918
9.9964E-05 0.077544 0.0331994 9.9964E-05 0.149629 9.9964E-05 9.9964E-05 0.668384 0.0708437
0.0224562 9.9973E-05 9.9973E-05 0.281873 0.429877 0.0221907 0.13772 9.9973E-05 0.105583
0.246571 9.9955E-05 9.9955E-05 0.375145 9.9955E-05 9.9955E-05 0.15417 0.223614 9.9955E-05
0.0414088 0.00733151 0.0348871 0.203672 0.39551 0.0434398 0.0455751 0.202793 0.0253834
0.0848766 0.00721241 0.0246629 9.9982E-05 0.264301 9.9982E-05 0.076276 0.488272 0.0541999
0.2317 9.9964E-05 9.9964E-05 0.10349 0.0211895 9.9964E-05 0.0796641 0.563557 9.9964E-05
0.117109 9.9982E-05 9.9982E-05 0.338266 0.320721 0.0267947 0.0331586 0.0576105 0.10614
0.0541625 9.9991E-05 0.0565865 0.0344718 0.548901 0.00245998 0.0564519 0.197718 0.0491484
0.118164 0.0952593 9.9982E-05 9.9982E-05 0.311039 0.227846 0.11802 0.111565 0.0179054
0.0612638 9.9973E-05 9.9973E-05 0.212913 0.275963 0.0534299 9.9973E-05 0.32603 0.0701014
0.024124 0.00592841 9.9991E-05 0.17201 0.314535 0.0639036 0.0641424 0.311406 0.0438504
9.9982E-05 0.0078165 9.9982E-05 0.163855 0.421382 0.13973 0.0972692 0.115386 0.0543614
0.0178058 0.0636787 9.9982E-05 0.0769609 0.581804 9.9982E-05 0.0374919 0.186305 0.0357534
9.9991E-05 0.0697996 0.00819955 0.0748281 0.640394 0.0325708 0.0370295 0.0571193 0.0799595
9.9955E-05 0.709796 0.0233607 9.9955E-05 0.172167 0.0941761 9.9955E-05 9.9955E-05 9.9955E-05
9.9955E-05 0.82581 0.0151784 9.9955E-05 0.12474 0.0337721 9.9955E-05 9.9955E-05 9.9955E-05
9.9964E-05 0.81842 9.9964E-05 0.0682504 0.0824019 9.9964E-05 0.0069528 9.9964E-05 0.0235755
9.9982E-05 0.756732 0.0185292 0.0136933 0.0491314 0.0477842 0.0913053 9.9982E-05 0.0226247
9.9955E-05 0.785783 0.0264889 0.0330953 0.154133 9.9955E-05 9.9955E-05 9.9955E-05 9.9955E-05
0.00419989 0.00164979 0.0168724 9.9982E-05 0.0497033 0.0965642 9.9982E-05 0.699801 0.13101
9.9982E-05 9.9982E-05 0.0440636 0.108773 0.522076 0.079487 0.0677759 0.171859 0.0057664
9.9982E-05 0.0212284 0.0392551 0.0556617 0.489374 9.9982E-05 0.132408 0.189705 0.0721676
0.200899 9.9982E-05 0.0149928 0.090695 0.140852 0.0867957 9.9982E-05 0.394874 0.0706924
0.115267 0.0990566 0.0334945 9.9964E-05 9.9964E-05 9.9964E-05 9.9964E-05 0.576019 0.175763
0.0168255 9.9982E-05 0.0480484 9.9982E-05 0.549119 0.00680285 0.0312052 0.227899 0.119901
9.9982E-05 0.142369 9.9982E-05 0.0660297 0.128508 0.000808619 0.0122011 0.425239 0.224645
0.11199 0.0548616 0.00430622 0.0810201 0.335956 0.0657263 0.0616875 0.284352 9.9991E-05
0.00381644 0.107009 0.0218025 0.15391 0.0721138 0.0206089 9.9991E-05 0.560214 0.0604252
9.9982E-05 0.0618981 0.0239244 9.9982E-05 0.127131 0.0278699 0.0252109 0.652018 0.0817474
0.100773 0.06002 0.0247113 0.123884 0.230356 0.036983 0.028934 0.33783 0.0565091
0.346028 9.9964E-05 9.9964E-05 0.136774 0.341077 9.9964E-05 0.0253287 9.9964E-05 0.150393
0.282762 0.00187723 0.0222718 0.030943 0.612258 0.0235601 9.9982E-05 9.9982E-05 0.026128
0.413145 9.9955E-05 9.9955E-05 0.0505978 0.411442 9.9955E-05 9.9955E-05 9.9955E-05 0.124316
0.0870191 0.0619648 0.00433849 0.089623 0.528095 9.9991E-05 0.167346 0.0236482 0.0378657
0.541263 9.9964E-05 9.9964E-05 0.0999485 0.115256 9.9964E-05 0.135993 9.9964E-05 0.107141
0.532857 9.9964E-05 9.9964E-05 0.0428083 0.265133 9.9964E-05 0.0665394 9.9964E-05 0.0922626
0.275782 9.9973E-05 0.0371511 0.0936689 0.505751 9.9973E-05 9.9973E-05 0.0368771 0.0504698
0.408996 9.9973E-05 9.9973E-05 0.185045 0.137315 9.9973E-05 0.139328 0.0575735 0.0714435
0.263568 9.9964E-05 9.9964E-05 9.9964E-05 0.461764 9.9964E-05 0.0584342 0.193588 0.0222458
0.0290305 0.0153421 9.9982E-05 0.00335593 0.041862 9.9982E-05 0.0625986 0.778866 0.0687449
0.0150445 9.9982E-05 9.9982E-05 0.257705 0.210981 0.0483434 0.0470793 0.38585 0.034797
9.9982E-05 9.9982E-05 0.0203349 0.04434 0.221274 0.0800634 0.00288527 0.483774 0.147128
0.0437235 0.0193891 9.9973E-05 9.9973E-05 0.632028 0.0690311 9.9973E-05 0.19361 0.041919
0.048466 9.9973E-05 0.00690586 9.9973E-05 0.24734 9.9973E-05 0.160812 0.432415 0.103761
9.9982E-05 0.017555 9.9982E-05 0.02087 0.377888 0.150675 0.0203928 0.31804 0.0943797
9.9982E-05 0.0456072 0.00600445 9.9982E-05 0.446632 0.0421856 0.0846997 0.252022 0.122649
9.9973E-05 9.9973E-05 0.0246451 9.9973E-05 0.206301 0.0185507 0.0627897 0.542064 0.14535
9.9973E-05 9.9973E-05 9.9973E-05 0.0391381 0.312362 0.0517524 0.0758477 0.333137 0.187462
9.9964E-05 9.9964E-05 9.9964E-05 0.0520917 0.607974 0.044158 9.9964E-05 0.267432 0.0279437
0.096894 9.9991E-05 0.0592264 0.0190678 0.427513 0.00837267 0.047339 0.155526 0.185962
9.9973E-05 9.9973E-05 9.9973E-05 0.158021 0.439514 0.0980146 0.00949191 0.217063 0.0775963
0.0587731 0.0211868 0.0813356 0.003606 0.340402 9.9982E-05 9.9982E-05 0.346717 0.14778
9.9973E-05 9.9973E-05 0.011782 0.11935 0.407423 0.0778497 9.9973E-05 0.276295 0.107
0.0561541 0.272434 0.0667573 0.0421734 0.368099 0.164698 0.00488926 0.0246952 9.9991E-05
0.0540505 0.114342 0.0175307 9.9982E-05 0.391144 0.226183 0.126368 0.0701806 9.9982E-05
0.0107175 0.0551634 0.0313328 0.143602 0.496995 0.144593 9.9991E-05 0.0653557 0.0521408
9.9973E-05 0.109564 0.0718574 0.0657257 0.369247 0.208873 9.9973E-05 0.174433 9.9973E-05
0.126411 9.9982E-05 9.9982E-05 0.0792099 0.392791 0.0608253 0.0633284 0.209032 0.068202
0.432306 0.163586 9.9982E-05 0.0172404 0.0595027 0.10371 0.0542338 0.169221 9.9982E-05
0.101925 0.0879001 9.9982E-05 0.0154524 0.36911 0.248742 9.9982E-05 0.134737 0.0419344
0.109718 0.0349004 0.023787 0.0884481 0.39577 0.241338 0.0195245 0.0450018 0.0415119
0.239965 0.119073 0.0663036 0.00518492 0.247479 0.122384 0.0104651 0.158715 0.0304314
9.9973E-05 0.165539 0.0205679 0.00633693 0.625028 0.0744841 9.9973E-05 0.107744 9.9973E-05
0.375769 0.359301 0.0462214 0.0225193 9.9964E-05 0.195789 9.9964E-05 9.9964E-05 9.9964E-05
0.087314 0.154002 0.00805334 9.9973E-05 0.535699 0.181395 9.9973E-05 0.0332369 9.9973E-05
0.0520394 0.168461 0.0356399 0.0971913 0.457539 0.101875 9.9982E-05 0.0870548 9.9982E-05
9.9973E-05 9.9973E-05 0.0346461 0.458228 0.233044 0.146584 0.0852816 9.9973E-05 0.041917
0.105117 9.9955E-05 9.9955E-05 0.677321 9.9955E-05 9.9955E-05 0.083079 0.133983 9.9955E-05
0.0401476 0.022109 9.9964E-05 0.879795 9.9964E-05 9.9964E-05 0.0163167 9.9964E-05 0.0412314
9.9964E-05 0.143774 9.9964E-05 0.138869 0.346573 0.26649 9.9964E-05 0.103894 9.9964E-05
0.0844191 0.0405836 0.0248846 0.303487 0.218332 0.327993 9.9973E-05 9.9973E-05 9.9973E-05
0.138414 0.179531 0.00098672 0.154774 0.08666 0.348897 0.0299673 0.0606697 9.9991E-05
0.0976715 0.0990923 0.0516082 0.223969 0.241168 0.286191 9.9973E-05 9.9973E-05 9.9973E-05
0.226583 0.0523997 9.9955E-05 0.628442 9.9955E-05 0.0920756 9.9955E-05 9.9955E-05 9.9955E-05
0.0657109 0.0452296 0.0761737 0.596318 0.061074 0.155194 9.9973E-05 9.9973E-05 9.9973E-05
9.9964E-05 9.9964E-05 9.9964E-05 0.419293 0.403106 0.139084 0.000825024 0.0372925 9.9964E-05
9.9955E-05 0.0448303 9.9955E-05 0.466632 0.339569 0.148469 9.9955E-05 9.9955E-05 9.9955E-05
9.9964E-05 0.036789 0.00385976 0.698293 0.117339 0.14332 9.9964E-05 9.9964E-05 9.9964E-05
9.9973E-05 0.029073 0.00971974 0.292606 0.419731 0.124616 9.9973E-05 0.123955 9.9973E-05
0.00771699 0.0225534 0.0302439 0.380934 0.423271 0.0983261 0.0320208 9.9991E-05 0.00483404
9.9964E-05 0.0215654 9.9964E-05 0.534909 0.282405 9.9964E-05 9.9964E-05 0.102368 0.058353
9.9964E-05 9.9964E-05 0.0797885 0.547764 0.194891 9.9964E-05 0.0497139 0.127443 9.9964E-05
0.0644756 0.0311892 0.0270734 0.337952 0.334324 0.0161149 0.0270328 9.9991E-05 0.161738
0.0221105 9.9982E-05 0.0253972 0.387176 0.376438 0.0118786 0.050416 0.126384 9.9982E-05
9.9955E-05 0.0101317 9.9955E-05 0.774677 0.16101 9.9955E-05 9.9955E-05 9.9955E-05 0.053682
9.9955E-05 0.0662221 9.9955E-05 0.225327 0.614431 9.9955E-05 0.0935203 9.9955E-05 9.9955E-05
9.9982E-05 0.009593 9.9982E-05 0.723026 0.116282 0.00194174 0.0734072 0.0157983 0.0597522
9.9973E-05 9.9973E-05 9.9973E-05 0.411443 0.376981 0.0500177 0.0793716 0.0123932 0.0694938
0.11778 0.166259 0.00287337 0.0417163 0.381291 0.231397 9.9991E-05 0.0393635 0.0192194
0.133968 0.135056 0.0397621 0.0300644 0.262543 0.2474 0.0675166 9.9991E-05 0.0835896
0.0602954 0.191633 0.0329202 0.626818 9.9964E-05 0.0879339 9.9964E-05 9.9964E-05 9.9964E-05
0.0103775 0.0526621 0.0231657 0.0404771 0.588074 0.21405 9.9982E-05 9.9982E-05 0.0709936
0.251037 0.315647 0.0183233 0.323259 9.9964E-05 0.0913331 9.9964E-05 9.9964E-05 9.9964E-05
9.9955E-05 0.0647366 9.9955E-05 0.291909 0.46976 0.173095 9.9955E-05 9.9955E-05 9.9955E-05
9.9937E-05 9.9937E-05 9.9937E-05 0.877857 9.9937E-05 9.9937E-05 0.121443 9.9937E-05 9.9937E-05
9.9946E-05 9.9946E-05 9.9946E-05 0.909134 9.9946E-05 9.9946E-05 0.0740688 0.0161975 9.9946E-05
9.9946E-05 9.9946E-05 0.0204883 0.603023 0.375889 9.9946E-05 9.9946E-05 9.9946E-05 9.9946E-05
9.9955E-05 9.9955E-05 0.0212598 0.414976 0.527909 0.0353552 9.9955E-05 9.9955E-05 9.9955E-05
9.9946E-05 9.9946E-05 9.9946E-05 0.666302 0.285989 9.9946E-05 0.0471091 9.9946E-05 9.9946E-05
9.9964E-05 9.9964E-05 9.9964E-05 0.461104 0.395561 0.0551057 0.0541142 9.9964E-05 0.0337153
9.9964E-05 9.9964E-05 9.9964E-05 0.526115 0.383282 0.0026756 9.9964E-05 0.0527162 0.0348111
9.9973E-05 0.723669 0.0295871 0.0800702 0.0996653 0.0498474 9.9973E-05 9.9973E-05 0.0168611
9.9973E-05 0.65802 0.04307 0.0270144 9.9973E-05 0.0986578 0.0294786 9.9973E-05 0.14346
9.9955E-05 0.867113 0.0127728 9.9955E-05 9.9955E-05 0.0889579 9.9955E-05 9.9955E-05 0.0306569
9.9955E-05 0.803408 0.149754 0.0418645 0.00447348 9.9955E-05 9.9955E-05 9.9955E-05 9.9955E-05
9.9991E-05 0.0354289 0.0410943 0.0884716 0.411127 0.0727154 0.321951 0.0200265 0.00908615
9.9955E-05 9.9955E-05 0.0639542 0.0643651 0.490207 9.9955E-05 0.380974 9.9955E-05 9.9955E-05
0.0602198 0.0178016 9.9991E-05 0.00175981 0.260324 0.0240909 0.483938 0.0595776 0.0921885
9.9964E-05 9.9964E-05 0.00210554 0.0583769 0.448071 0.111111 0.379935 9.9964E-05 9.9964E-05
0.100464 9.9964E-05 0.0470097 0.0867494 0.352466 9.9964E-05 0.412912 9.9964E-05 9.9964E-05
0.0799763 0.219224 0.0439748 9.9973E-05 0.376239 0.20364 9.9973E-05 0.076646 9.9973E-05
0.00180642 9.9982E-05 9.9982E-05 0.100103 0.408046 0.0635076 0.292312 0.08708 0.0469454
9.9973E-05 9.9973E-05 0.0503136 9.9973E-05 0.226611 0.046094 0.531925 0.125712 0.0190447
9.9964E-05 9.9964E-05 0.0167488 0.0385143 0.623301 9.9964E-05 0.250828 0.0702079 9.9964E-05
9.9964E-05 0.0235508 9.9964E-05 0.103188 0.436975 9.9964E-05 0.382402 0.0534843 9.9964E-05
0.117746 9.9964E-05 0.0100351 9.9964E-05 0.585976 0.00625511 0.279588 9.9964E-05 9.9964E-05
9.9946E-05 9.9946E-05 9.9946E-05 0.0275897 0.106683 9.9946E-05 0.865127 9.9946E-05 9.9946E-05
0.11541 9.9964E-05 9.9964E-05 0.0617736 0.322268 9.9964E-05 0.480731 0.0194181 9.9964E-05
9.9955E-05 9.9955E-05 0.000747553 9.9955E-05 0.370274 9.9955E-05 0.566946 9.9955E-05 0.0615323
0.149988 9.9937E-05 9.9937E-05 9.9937E-05 9.9937E-05 9.9937E-05 0.849312 9.9937E-05 9.9937E-05
9.9973E-05 0.037908 0.00990495 9.9973E-05 0.460553 9.9973E-05 0.365562 0.0716248 0.054147
0.219703 9.9955E-05 9.9955E-05 0.0736638 0.124716 9.9955E-05 0.581418 9.9955E-05 9.9955E-05
0.251926 9.9946E-05 9.9946E-05 0.0112377 9.9946E-05 9.9946E-05 0.736237 9.9946E-05 9.9946E-05
0.0462772 0.0261156 0.0481397 9.9973E-05 0.555121 0.042557 0.281489 9.9973E-05 9.9973E-05
9.99665E-05 0.0807416 0.0100187 9.99665E-05 0.187056 9.99665E-05 0.598774 0.12301 9.99665E-05
9.9973E-05 9.9973E-05 0.037614 9.9973E-05 0.334412 0.103277 0.278327 0.169636 0.0764338
9.9964E-05 9.9964E-05 9.9964E-05 9.9964E-05 0.506097 0.0755215 0.254914 0.153735 0.00933319
0.205815 9.9964E-05 9.9964E-05 0.106519 0.254336 0.0169717 9.9964E-05 0.415958 9.9964E-05
9.9982E-05 0.024208 9.9982E-05 0.0231359 0.479495 0.0978426 0.319471 0.0162479 0.0393995
9.9973E-05 9.9973E-05 0.0440283 9.9973E-05 0.436819 0.0626654 0.332681 0.113341 0.0101651
9.9955E-05 9.9955E-05 0.0174886 9.9955E-05 0.400151 9.9955E-05 0.575287 9.9955E-05 0.00657408
9.9964E-05 0.632704 0.0398298 9.9964E-05 9.9964E-05 9.9964E-05 0.0591826 0.15434 0.113543
9.9982E-05 0.738153 0.020812 0.0451755 0.0393721 9.9982E-05 0.0179188 0.113125 0.0252432
0.0214247 0.724077 0.0977292 0.0206848 9.9973E-05 9.9973E-05 9.9973E-05 0.0117155 0.124069
0.0033197 0.75358 0.0680107 0.0354527 9.9982E-05 9.9982E-05 0.0144032 0.0045168 0.120517
0.0738473 0.641896 0.0517743 9.9973E-05 0.0689676 9.9973E-05 9.9973E-05 0.0274758 0.135739
9.9973E-05 0.0416734 9.9973E-05 9.9973E-05 0.0797183 0.00262407 0.664454 0.20519 0.00604052
9.9973E-05 0.0770484 0.0346309 9.9973E-05 0.136047 9.9973E-05 0.632614 0.0923457 0.0270142
9.9946E-05 9.9946E-05 9.9946E-05 0.120057 0.138496 9.9946E-05 0.740847 9.9946E-05 9.9946E-05
0.0161109 0.0903163 9.9973E-05 0.0736597 0.250777 0.0251872 0.543649 9.9973E-05 9.9973E-05
9.9955E-05 9.9955E-05 9.9955E-05 9.9955E-05 0.631947 0.0975235 0.245667 9.9955E-05 0.0243632
0.097442 0.0379652 9.9973E-05 0.0222276 0.362411 0.0767809 0.402874 9.9973E-05 9.9973E-05
9.9964E-05 9.9964E-05 9.9964E-05 0.0863158 0.540642 0.0324252 0.264273 0.0759439 9.9964E-05
9.9964E-05 0.0412716 9.9964E-05 9.9964E-05 0.225882 9.9964E-05 0.595835 0.0460386 0.0905729
9.9955E-05 9.9955E-05 0.000549659 9.9955E-05 0.404768 9.9955E-05 0.493558 0.100625 9.9955E-05
9.9955E-05 9.9955E-05 9.9955E-05 9.9955E-05 0.262991 9.9955E-05 0.527352 0.113841 0.0953159
0.186285 0.0519022 9.9964E-05 9.9964E-05 0.639927 9.9964E-05 9.9964E-05 0.0309428 0.0905432
9.9955E-05 9.9955E-05 0.0541921 9.9955E-05 0.378827 9.9955E-05 0.521791 0.0446905 9.9955E-05
9.9991E-05 0.00798343 0.031215 0.00262356 0.45359 0.0738523 0.338747 0.0450059 0.0468832
0.0906041 0.115238 0.012859 0.0076196 0.385807 0.362335 0.0253376 9.9982E-05 9.9982E-05
0.0287043 0.0830951 0.0243776 0.07467 0.206688 0.549551 0.0325737 0.000239584 9.9991E-05
0.139118 0.0392329 9.9982E-05 0.00895537 0.586979 0.00509571 0.209391 9.9982E-05 0.0110286
9.9964E-05 0.201 0.0474381 0.0619153 9.9964E-05 0.641147 9.9964E-05 0.0480997 9.9964E-05
9.9973E-05 0.165023 0.00553069 0.0312171 0.347751 0.444453 0.00572513 9.9973E-05 9.9973E-05
0.196639 0.142699 9.9964E-05 9.9964E-05 0.461274 0.143569 0.0554194 9.9964E-05 9.9964E-05
0.220858 0.0559009 0.0230484 9.9973E-05 0.626153 9.9973E-05 9.9973E-05 0.0262835 0.0474559
0.246554 0.0849067 0.00643466 0.023878 0.427542 0.00639957 0.0821657 0.0988514 0.0232681
0.0812967 0.136316 0.0413375 9.9964E-05 0.308795 0.431854 9.9964E-05 9.9964E-05 9.9964E-05
0.0339883 0.0746091 0.026145 9.9964E-05 0.442057 0.422801 9.9964E-05 9.9964E-05 9.9964E-05
9.9982E-05 0.0579091 0.0723979 0.0411094 0.295904 0.460788 0.0274042 0.0442867 9.9982E-05
9.9973E-05 0.108771 9.9973E-05 0.0619701 0.160924 0.532676 9.9973E-05 0.131603 0.00375683
0.321706 9.9973E-05 0.0479869 9.9973E-05 0.478762 0.0278922 0.106669 0.0166842 9.9973E-05
0.0342669 0.157788 9.9955E-05 9.9955E-05 0.136748 0.670697 9.9955E-05 9.9955E-05 9.9955E-05
0.338616 0.088763 9.9973E-05 9.9973E-05 0.278527 9.9973E-05 0.0108721 0.111376 0.171546
0.227992 9.9982E-05 0.0320721 0.000239454 0.560173 0.100683 0.00633177 0.0723085 9.9982E-05
0.109316 0.143418 0.0121149 0.0350665 0.5769 0.0258689 0.0131251 0.0396937 0.0444966
0.188077 0.200999 0.0230568 9.9982E-05 0.519465 9.9982E-05 0.0272213 0.0339739 0.00700751
9.9973E-05 0.250689 0.00543522 0.155425 0.363902 0.179996 9.9973E-05 9.9973E-05 0.0442527
9.9973E-05 0.20713 0.0794684 0.0596448 0.327726 0.248617 9.9973E-05 0.0771136 9.9973E-05
0.0336916 0.183204 0.0203459 0.0171221 0.0956425 0.635544 9.9982E-05 9.9982E-05 0.0142499
0.240565 0.0465844 0.02968 9.9982E-05 0.477185 9.9982E-05 0.0554977 0.144457 0.00583054
0.62141 0.0206182 0.0428233 0.0287765 0.275589 9.9973E-05 9.9973E-05 9.9973E-05 0.0104825
0.210039 0.0635475 9.9982E-05 0.0428015 0.374751 9.9982E-05 0.061574 0.209705 0.037382
0.12789 0.133573 0.0182564 9.9991E-05 0.518467 0.11168 0.0471063 0.000142112 0.0427847
0.618996 0.198448 0.00030355 9.9955E-05 9.9955E-05 0.181753 9.9955E-05 9.9955E-05 9.9955E-05
0.679443 0.133064 0.070483 9.9955E-05 9.9955E-05 0.11651 9.9955E-05 9.9955E-05 9.9955E-05
0.35939 0.11093 0.0349441 9.9982E-05 0.336889 0.0880775 9.9982E-05 0.0236966 0.0458726
0.436795 0.258962 0.00439356 0.0349805 9.9982E-05 0.207766 0.00336166 0.0535405 9.9982E-05
0.429085 0.317535 9.9946E-05 9.9946E-05 9.9946E-05 0.252781 9.9946E-05 9.9946E-05 9.9946E-05
0.118986 0.201184 9.9973E-05 0.131766 0.401673 0.102399 9.9973E-05 9.9973E-05 0.0436916
0.168149 0.138788 0.0365958 0.0660602 0.261948 0.132333 9.9982E-05 0.195926 9.9982E-05
0.361901 0.24661 0.0140222 9.99886E-05 0.17309 0.15696 0.0421605 9.99886E-05 0.00505648
0.480051 0.155718 0.0368768 9.9973E-05 0.0388533 0.190614 9.9973E-05 0.0975863 9.9973E-05
0.229038 0.0297663 0.0256625 9.9991E-05 0.39291 0.166757 0.0894197 0.0126916 0.0536544
0.439415 0.106121 0.0397129 9.9982E-05 0.0529833 0.156947 0.162252 0.0423687 9.9982E-05
0.624713 0.250466 0.0395413 9.9955E-05 9.9955E-05 0.0847791 9.9955E-05 9.9955E-05 9.9955E-05
0.209461 0.0935631 0.0228566 9.9982E-05 0.231538 0.275971 9.9982E-05 0.0452228 0.121189
0.0389837 0.223431 0.0196587 0.0333449 0.361951 0.21265 0.0199327 0.0899477 9.9991E-05
0.0344198 0.137789 9.9973E-05 0.017791 0.455178 0.312218 0.0423033 9.9973E-05 9.9973E-05
0.115263 0.163193 9.9964E-05 0.0504237 0.461431 0.209289 9.9964E-05 9.9964E-05 9.9964E-05
0.0634804 0.292852 0.0386088 9.9973E-05 0.328806 0.20181 9.9973E-05 0.0741428 9.9973E-05
0.0114193 0.154085 0.00954057 0.107077 0.381271 0.240621 9.9982E-05 0.0957865 9.9982E-05
0.0115084 0.200534 0.065919 9.9991E-05 0.422073 0.219941 0.0545839 0.0227223 0.00261922
0.0608958 0.185796 0.0563905 0.037935 0.310088 0.213036 0.0450254 0.017102 0.0737324
0.0659057 0.108548 0.0263176 9.9991E-05 0.204762 0.145179 0.271307 0.126135 0.0517449
0.0853321 0.247503 0.0110899 9.9973E-05 0.337582 0.224554 9.9973E-05 0.0936399 9.9973E-05
0.325816 0.323505 9.9955E-05 9.9955E-05 0.124575 0.225604 9.9955E-05 9.9955E-05 9.9955E-05
0.201596 0.241835 0.0123457 0.074418 0.111188 0.358317 9.9973E-05 9.9973E-05 9.9973E-05
0.0419466 0.739802 0.0527838 9.9973E-05 0.00473781 9.9973E-05 0.0631593 9.9973E-05 0.097271
9.9973E-05 0.0930481 9.9973E-05 0.0663326 0.0298805 9.9973E-05 0.052212 0.232244 0.525983
9.9946E-05 0.0247581 9.9946E-05 9.9946E-05 9.9946E-05 9.9946E-05 9.9946E-05 0.185351 0.789292
9.9946E-05 9.9946E-05 0.00999332 9.9946E-05 9.9946E-05 9.9946E-05 9.9946E-05 0.209834 0.779573
9.9964E-05 9.9964E-05 9.9964E-05 0.0147411 0.0393363 0.00416942 9.9964E-05 0.171895 0.769459
9.9964E-05 9.9964E-05 0.0138816 9.9964E-05 0.0663356 0.0117059 9.9964E-05 0.119926 0.787751
9.9955E-05 9.9955E-05 0.00267419 9.9955E-05 0.178791 9.9955E-05 9.9955E-05 0.0399356 0.778099
0.0226612 0.0430122 0.0385984 0.00875402 9.9973E-05 9.9973E-05 9.9973E-05 0.114373 0.772301
9.9964E-05 0.14505 0.0705587 9.9964E-05 9.9964E-05 0.0141267 9.9964E-05 0.106695 0.66317
9.9973E-05 0.84579 0.0423682 9.9973E-05 0.0939008 0.00760534 9.9973E-05 0.000529615 0.00950605
9.9955E-05 0.715131 0.0963265 9.9955E-05 0.0965981 9.9955E-05 9.9955E-05 9.9955E-05 0.0914445
9.9973E-05 0.801915 0.0918016 9.9973E-05 0.0044212 0.0492422 0.0290522 9.9973E-05 0.0232676
9.9964E-05 0.770984 0.0276468 0.0194793 0.00734576 9.9964E-05 9.9964E-05 0.174144 9.9964E-05
9.9955E-05 0.923598 9.9955E-05 9.9955E-05 9.9955E-05 0.00344897 9.9955E-05 0.0687316 0.00372204
0.0453662 0.784876 0.0231045 0.0489691 9.9982E-05 0.0130385 9.9982E-05 0.0383033 0.0461429
0.103233 0.586646 0.0834123 9.9973E-05 0.0686655 0.121902 9.9973E-05 9.9973E-05 0.0358409
9.9964E-05 0.771818 0.0601479 0.0488366 9.9964E-05 0.0997868 0.0190108 9.9964E-05 9.9964E-05
9.9982E-05 0.639912 0.0719045 0.0941956 0.032353 0.0245466 9.9982E-05 0.0768218 0.0600662
9.9973E-05 0.842467 0.0274908 0.00792162 0.0566481 0.0581314 9.9973E-05 0.00704069 9.9973E-05
9.9955E-05 0.877265 0.0576284 0.0554553 9.9955E-05 9.9955E-05 9.9955E-05 9.9955E-05 0.00915127
0.023341 0.799721 0.0309674 0.0145244 9.9982E-05 0.0762837 0.0162169 0.0387456 9.9982E-05
0.0489248 0.920498 9.9946E-05 9.9946E-05 9.9946E-05 9.9946E-05 9.9946E-05 9.9946E-05 0.0299773
0.0205926 0.842467 0.0788861 9.9973E-05 0.0046592 0.0457793 9.9973E-05 9.9973E-05 0.00731623
9.9964E-05 0.778525 0.0900029 9.9964E-05 0.0299503 0.0666942 0.0344274 9.9964E-05 9.9964E-05
9.9955E-05 0.771602 0.0643623 9.9955E-05 0.13676 0.0267761 9.9955E-05 9.9955E-05 9.9955E-05
9.9955E-05 0.763417 0.00562182 9.9955E-05 0.118426 0.112035 9.9955E-05 9.9955E-05 9.9955E-05
9.9955E-05 0.745293 0.0485445 9.9955E-05 0.134323 0.0713398 9.9955E-05 9.9955E-05 9.9955E-05
9.9964E-05 0.744959 0.0555607 9.9964E-05 0.0810676 0.110438 0.00757483 9.9964E-05 9.9964E-05
0.305731 0.0866843 9.9973E-05 9.9973E-05 0.40232 9.9973E-05 0.0722428 0.0660153 0.0667072
0.116762 0.0300922 9.9964E-05 9.9964E-05 0.714374 9.9964E-05 0.0763133 9.9964E-05 0.0620585
0.622927 9.9964E-05 9.9964E-05 0.0357997 0.276815 9.9964E-05 0.0200124 9.9964E-05 0.0440463
0.149033 0.108537 0.0174362 9.9973E-05 0.609345 9.9973E-05 9.9973E-05 0.0774043 0.0379447
0.717472 0.0508996 9.9955E-05 9.9955E-05 0.223523 9.9955E-05 9.9955E-05 9.9955E-05 0.00760593
0.272475 9.9964E-05 0.0109632 9.9964E-05 0.586708 0.0485907 9.9964E-05 9.9964E-05 0.0808632
0.246556 0.0122873 9.9973E-05 9.9973E-05 0.492891 9.9973E-05 0.0916768 0.0474661 0.108823
0.213985 0.0692695 0.0101341 9.9982E-05 0.519735 9.9982E-05 0.121546 0.0302331 0.0348973
9.9964E-05 0.0529537 9.9964E-05 9.9964E-05 0.510336 0.0169142 0.393681 9.9964E-05 0.0257156
