0.0196304 9.9973E-05 0.910871 9.9973E-05 0.0691988 9.9973E-05
9.9982E-05 0.0266519 0.914025 9.9982E-05 0.00529602 0.0538268
0.101978 9.9982E-05 0.818432 0.0236164 0.0557735 9.9982E-05
0.054012 9.9982E-05 0.784195 0.0599892 0.101604 9.9982E-05
0.0492579 9.9982E-05 0.903489 0.0393021 9.9982E-05 0.00775159
0.0399121 0.0815455 0.589666 0.0979887 0.0404018 0.150486
9.9982E-05 0.100413 0.810077 9.9982E-05 0.0142132 0.0750969
9.9982E-05 0.150661 0.690012 0.0232393 0.135888 9.9982E-05
9.99729E-05 0.0720484 0.824564 9.99729E-05 0.103087 9.99729E-05
0.105691 0.0351053 0.693322 0.048338 0.117443 9.9991E-05
0.00617966 0.0863135 0.761488 0.0148062 0.127267 0.00394619
0.38194 0.0423929 9.9991E-05 0.0320788 0.428338 0.115151
0.558028 9.9991E-05 0.0198776 0.0357375 0.252528 0.133729
0.336585 0.107153 0.0130639 0.0287635 0.509541 0.00489334
0.392354 0.0199802 0.0425375 0.143537 0.321539 0.0800521
0.352853 9.9991E-05 0.196653 0.104718 0.191751 0.153924
0.47107 0.0723591 0.0100593 0.103145 0.210619 0.132747
0.403659 0.0401884 0.118987 0.0559181 0.348099 0.0331486
0.0956365 0.111875 0.0516261 0.060384 0.59796 0.0825185
0.47135 0.0577557 0.0732132 0.039907 0.223078 0.134697
0.548984 0.169097 0.0510094 0.0303951 0.200415 9.9991E-05
0.570287 0.022691 0.0495908 0.051554 0.203239 0.102638
0.307421 0.0606777 0.0198265 0.131483 0.347449 0.133142
0.56035 0.0260007 0.0380907 0.0990267 0.171298 0.105234
0.229058 9.9991E-05 0.0712872 0.0887606 0.41076 0.200035
0.13807 9.9982E-05 9.9982E-05 0.275759 0.403759 0.182212
0.31615 0.0899541 9.9991E-05 0.0721698 0.463478 0.0581483
0.158456 9.9964E-05 0.841144 9.9964E-05 9.9964E-05 9.9964E-05
0.185041 9.9964E-05 0.814559 9.9964E-05 9.9964E-05 9.9964E-05
0.167533 9.9991E-05 0.755665 0.0435763 0.0197398 0.013386
0.185215 9.9982E-05 0.724527 0.0677442 9.9982E-05 0.0223136
0.505527 0.0387914 0.0534344 0.0297468 0.142709 0.229791
0.54553 0.0101054 9.9982E-05 0.040321 9.9982E-05 0.403844
0.2518 0.0926318 0.0690886 9.9991E-05 0.485206 0.101173
0.290393 0.030763 0.0507444 0.0686491 0.103512 0.455939
0.659076 0.0347467 0.0741691 0.057008 0.00405858 0.170942
0.62589 0.00949743 0.0919409 0.0111846 0.0926679 0.168819
0.640923 0.141007 0.161395 0.0126383 0.017474 0.0265631
0.146868 9.9982E-05 0.0217794 9.9982E-05 0.102493 0.72866
0.688546 0.170911 0.0619213 0.0450525 9.9991E-05 0.033469
0.263231 0.0675446 9.9973E-05 9.9973E-05 9.9973E-05 0.668925
9.9973E-05 0.278935 0.0308185 9.9973E-05 9.9973E-05 0.689947
0.223634 0.0657451 9.9982E-05 9.9982E-05 0.43387 0.276551
0.205636 0.403433 9.9982E-05 9.9982E-05 0.211503 0.179227
0.21995 0.102115 0.0570879 0.00112381 0.389053 0.230671
0.637835 0.0422037 0.0155783 9.9991E-05 0.258709 0.0455744
0.366069 0.0873281 0.0966622 9.9991E-05 0.19848 0.251361
0.135667 0.134702 0.185025 0.0766237 0.321482 0.1465
0.534054 0.00854541 0.10393 9.9991E-05 0.281424 0.071946
0.11625 0.148337 0.0459898 9.9991E-05 0.463389 0.225934
0.505593 0.0394145 0.0247707 0.0283913 0.223257 0.178574
0.699728 0.140338 9.9982E-05 0.0472328 0.112501 9.9982E-05
0.281602 0.115145 0.0620311 0.0621124 0.232001 0.247108
0.535418 0.147212 9.9991E-05 0.0884459 0.193936 0.0348884
0.387002 0.0850969 0.0288159 9.9991E-05 0.381746 0.117239
0.460841 9.9964E-05 9.9964E-05 9.9964E-05 9.9964E-05 0.538759
0.127003 9.9982E-05 0.0119283 9.9982E-05 0.0773657 0.783503
9.9964E-05 0.0954065 9.9964E-05 9.9964E-05 9.9964E-05 0.904194
9.9973E-05 0.113856 9.9973E-05 9.9973E-05 0.00856414 0.87728
0.239376 9.9964E-05 9.9964E-05 9.9964E-05 9.9964E-05 0.760224
0.416377 9.9982E-05 9.9982E-05 0.0158262 0.0850015 0.482596
0.45965 9.9991E-05 0.00810715 0.0732457 0.00815231 0.450744
0.0995572 9.9991E-05 0.0146474 0.0378623 0.159133 0.6887
0.233652 9.9982E-05 0.0164298 9.9982E-05 0.238632 0.511087
0.232548 9.9982E-05 9.9982E-05 0.0604851 0.0374383 0.669329
0.457833 0.0269706 0.0730652 9.9991E-05 0.0350173 0.407014
0.393492 0.0666371 0.0259287 9.9982E-05 9.9982E-05 0.513742
9.9973E-05 0.400203 9.9973E-05 0.000301859 9.9973E-05 0.599195
0.138853 9.9982E-05 0.824566 0.00034661 0.0360343 9.9982E-05
0.0724798 9.9964E-05 0.92712 9.9964E-05 9.9964E-05 9.9964E-05
0.048191 9.9973E-05 0.931807 0.0197024 9.9973E-05 9.9973E-05
0.00131371 0.000682908 0.936125 0.0109832 9.9991E-05 0.0507952
0.0565633 9.9982E-05 0.869007 0.0627181 0.0115114 9.9982E-05
9.9982E-05 0.00294138 0.896451 0.0688188 9.9982E-05 0.0315884
0.00925812 9.9982E-05 0.942462 0.0296191 9.9982E-05 0.0184612
0.0770061 0.0120772 0.0338791 9.9991E-05 0.0695595 0.807378
0.487186 9.9991E-05 0.0173858 0.0278758 0.0554545 0.411998
0.569356 9.9982E-05 0.104935 9.9982E-05 0.0470008 0.278509
0.561122 0.0578617 0.0250511 0.03276 0.0308139 0.292391
0.42953 0.0159153 9.9982E-05 0.157036 9.9982E-05 0.397319
9.9982E-05 0.00590169 0.042751 9.9982E-05 0.136081 0.815066
0.29433 0.197814 0.0304228 0.0140856 9.9991E-05 0.463247
0.466368 0.00200704 0.0858992 9.9982E-05 9.9982E-05 0.445526
0.401073 0.0924954 9.9982E-05 9.9982E-05 0.107477 0.398755
0.192894 0.0475756 9.9982E-05 0.116522 9.9982E-05 0.642809
0.286826 9.9991E-05 0.0971663 0.0271957 0.0882518 0.50046
0.441561 0.264447 9.9973E-05 9.9973E-05 0.293692 9.9973E-05
0.577413 0.00193504 0.148537 0.0196749 0.228446 0.0239952
0.563615 0.0611052 0.0306982 9.9991E-05 0.33551 0.00897204
0.639684 0.031221 9.9982E-05 0.0220624 0.306832 9.9982E-05
0.481306 0.0390244 0.0222875 0.035672 0.338766 0.0829446
0.647724 0.0898262 0.025423 9.9991E-05 0.171003 0.0659238
0.615887 9.9982E-05 0.0119608 9.9982E-05 0.306 0.065952
0.613192 0.03845 9.9991E-05 0.0171964 0.210374 0.120687
0.422534 0.0276181 9.9991E-05 0.14695 0.237432 0.165366
0.495165 0.242368 0.0969388 0.00843375 0.156994 9.9991E-05
0.635232 0.0621356 0.0697823 9.9991E-05 0.157498 0.0752525
0.631847 0.0966957 0.0937323 0.0698237 0.107802 9.9991E-05
0.252965 0.0360679 0.0304688 0.103833 0.348039 0.228627
0.23102 0.338366 9.9991E-05 0.0345121 0.342941 0.0530609
0.182906 0.395281 9.9991E-05 0.0265022 0.275419 0.119791
0.369583 0.0396765 0.00335898 9.9991E-05 0.384149 0.203132
0.423928 9.9982E-05 0.0405158 9.9982E-05 0.301356 0.234
0.402968 9.9973E-05 9.9973E-05 9.9973E-05 0.416682 0.18005
0.31777 0.0111696 9.9991E-05 0.0578294 0.447414 0.165716
0.674384 9.9991E-05 0.0751374 0.0508874 0.16075 0.0387411
0.290013 0.274386 9.9991E-05 0.0211109 0.271807 0.142583
0.476659 0.28628 0.0638109 0.0569426 0.0250506 0.0912567
0.0683816 0.534781 0.165029 9.9991E-05 0.0991111 0.132598
0.405136 0.20908 0.0597671 0.0644505 0.0860821 0.175484
0.525216 0.219598 0.116085 0.0890009 0.0324525 0.0176481
0.290076 0.408891 0.146306 9.9991E-05 0.0784016 0.076225
0.27163 0.475512 0.050155 9.9991E-05 0.167232 0.0353716
0.508219 0.202846 0.0225097 9.9991E-05 0.165191 0.101135
0.187432 0.424839 0.0857572 0.112944 0.037187 0.151841
0.406515 0.28366 9.9982E-05 9.9982E-05 0.117073 0.192552
0.423627 0.240799 9.9991E-05 0.0381864 0.0894465 0.207841
0.188939 0.167159 0.297901 0.266082 0.0161634 0.0637548
9.9973E-05 0.354717 0.499143 0.14584 9.9973E-05 9.9973E-05
9.9973E-05 0.45265 0.387006 0.160044 9.9973E-05 9.9973E-05
0.00452896 0.268527 0.324666 0.387533 0.0146457 9.9991E-05
0.662936 0.2382 9.9973E-05 9.9973E-05 9.9973E-05 0.0985643
0.292572 9.9982E-05 0.00740054 0.643416 9.9982E-05 0.0564117
0.410219 0.477223 9.9973E-05 9.9973E-05 9.9973E-05 0.112258
0.246192 0.699994 9.9991E-05 0.0181112 0.0335745 0.00202815
0.699706 0.234476 9.9973E-05 9.9973E-05 9.9973E-05 0.0655186
0.527511 0.338077 0.0470422 9.9982E-05 0.0871692 9.9982E-05
0.627827 0.319193 9.9982E-05 0.0440182 9.9982E-05 0.00876158
0.237958 0.608049 9.9982E-05 9.9982E-05 0.041636 0.112157
9.9964E-05 9.9964E-05 9.9964E-05 0.983826 9.9964E-05 0.0157745
0.139467 9.9964E-05 9.9964E-05 0.860133 9.9964E-05 9.9964E-05
0.321684 9.9964E-05 9.9964E-05 0.677916 9.9964E-05 9.9964E-05
0.0847223 9.9991E-05 0.00708383 0.838931 0.0678442 0.00131866
9.996E-05 9.996E-05 9.996E-05 0.9995 9.996E-05 9.996E-05
9.9964E-05 9.9964E-05 9.9964E-05 0.942211 0.0573893 9.9964E-05
0.172842 9.9964E-05 9.9964E-05 0.826758 9.9964E-05 9.9964E-05
0.0237463 9.9973E-05 9.9973E-05 0.935321 0.0406327 9.9973E-05
9.996E-05 9.996E-05 9.996E-05 0.9995 9.996E-05 9.996E-05
9.996E-05 9.996E-05 9.996E-05 0.9995 9.996E-05 9.996E-05
0.259534 9.9982E-05 0.0162157 0.712219 0.0118308 9.9982E-05
0.0244548 0.00655177 0.0383714 0.828617 0.0389002 0.0631045
9.9964E-05 9.9964E-05 9.9964E-05 0.929017 9.9964E-05 0.070583
0.23239 9.9973E-05 0.0590715 0.708238 9.9973E-05 9.9973E-05
0.116363 9.9973E-05 9.9973E-05 0.839784 0.0435533 9.9973E-05
0.0266423 0.0162768 9.9973E-05 0.956781 9.9973E-05 9.9973E-05
0.0188387 0.0182482 0.0476711 0.915042 9.9982E-05 9.9982E-05
9.996E-05 9.996E-05 9.996E-05 0.9995 9.996E-05 9.996E-05
0.269843 0.0281252 0.0800917 0.560393 0.0614466 9.9991E-05
0.0162724 0.00137646 0.0074047 0.870084 0.00210927 0.102753
9.9973E-05 0.667925 0.278885 0.05289 9.9973E-05 9.9973E-05
0.45069 0.197191 0.195652 0.0275773 0.0971037 0.0317852
0.392862 0.157618 0.255201 0.106548 0.00804501 0.0797258
0.266046 0.432172 0.228347 0.0590295 9.9991E-05 0.0143056
0.21842 0.426594 0.258134 0.0713066 9.9991E-05 0.0254459
0.363082 0.334405 0.176042 0.12627 9.9982E-05 9.9982E-05
0.4633 0.172685 0.175737 0.134991 9.9991E-05 0.0531873
0.351979 0.287624 0.16412 0.196076 9.9982E-05 9.9982E-05
9.9982E-05 0.0428428 0.839983 9.9982E-05 0.0938327 0.0231419
9.9991E-05 0.0244641 0.904595 0.0307715 0.0128478 0.0272218
9.9964E-05 9.9964E-05 0.952387 9.9964E-05 0.0472136 9.9964E-05
0.0152112 9.9973E-05 0.921813 9.9973E-05 0.0626763 9.9973E-05
0.0370857 9.9973E-05 0.898718 9.9973E-05 0.063896 9.9973E-05
9.9982E-05 9.9982E-05 0.939557 0.0384251 0.00770491 0.0141131
0.000766071 9.9991E-05 0.868861 0.111546 0.00236375 0.0163638
9.9991E-05 0.0794779 0.87997 0.00449954 0.0215812 0.0143711
0.00838925 9.9973E-05 0.906203 9.9973E-05 9.9973E-05 0.0851082
9.9973E-05 9.9973E-05 0.887057 0.0666201 0.0460234 9.9973E-05
9.9982E-05 0.0179121 0.610106 9.9982E-05 0.234553 0.137228
9.9973E-05 9.9973E-05 0.567084 9.9973E-05 0.298463 0.134154
9.9982E-05 0.112922 0.517053 9.9982E-05 0.335136 0.0346897
9.9982E-05 0.120269 0.488416 9.9982E-05 0.318876 0.0722397
0.430995 9.9991E-05 0.056431 0.0920704 0.0398769 0.380527
0.544543 0.0539325 0.04708 0.0908537 0.0649382 0.198653
0.423723 9.9982E-05 0.0648234 9.9982E-05 0.232628 0.278626
0.25804 9.9973E-05 9.9973E-05 9.9973E-05 0.587194 0.154466
0.486514 9.9991E-05 0.00391805 0.107866 0.169586 0.232016
0.465816 9.9991E-05 0.0147042 0.0622638 0.0626717 0.394445
0.535053 0.0864901 0.0229622 0.00650492 0.0341461 0.314844
0.240334 0.0489486 9.9982E-05 0.115148 9.9982E-05 0.595369
0.419866 9.9982E-05 0.0360958 9.9982E-05 0.119214 0.424625
9.9973E-05 0.220861 9.9973E-05 9.9973E-05 0.0685353 0.710304
0.204836 0.235254 9.9982E-05 0.0169038 9.9982E-05 0.542806
0.522195 0.10396 9.9982E-05 0.0332176 9.9982E-05 0.340427
0.120984 9.9973E-05 9.9973E-05 9.9973E-05 0.183206 0.69551
9.9973E-05 0.10528 0.117364 9.9973E-05 0.777056 9.9973E-05
0.0325919 0.0934929 0.0795061 9.9982E-05 0.794209 9.9982E-05
9.9964E-05 0.0614684 9.9964E-05 9.9964E-05 0.938132 9.9964E-05
9.9973E-05 9.9973E-05 0.0842886 9.9973E-05 0.893562 0.0218496
0.0575316 0.0553891 9.9982E-05 0.000333695 0.886546 9.9982E-05
0.0255814 9.9982E-05 0.0229682 0.109748 0.841502 9.9982E-05
0.0941409 9.9973E-05 0.887572 9.9973E-05 9.9973E-05 0.0179877
0.134159 9.9973E-05 0.811489 9.9973E-05 0.0540529 9.9973E-05
0.186197 9.9973E-05 0.797963 0.0155399 9.9973E-05 9.9973E-05
0.120988 9.9982E-05 0.754664 0.0399956 0.0841533 9.9982E-05
0.0336101 9.9991E-05 0.762806 0.0928474 0.0550506 0.0555855
9.9982E-05 0.0527619 0.382588 9.9982E-05 0.484716 0.0797345
9.9982E-05 0.134911 0.428525 9.9982E-05 0.423592 0.012772
9.9982E-05 0.0646189 0.459395 9.9982E-05 0.45038 0.025406
0.176007 9.9982E-05 0.805041 0.00891821 0.00983452 9.9982E-05
9.9991E-05 0.00913269 0.343964 0.00151421 0.517006 0.128283
0.187522 0.195354 0.234289 0.382635 9.9982E-05 9.9982E-05
0.498261 9.9973E-05 0.185704 0.315734 9.9973E-05 9.9973E-05
0.213065 0.13244 0.280149 0.284826 9.9991E-05 0.0894199
9.9973E-05 0.256617 0.39185 0.351232 9.9973E-05 9.9973E-05
0.494534 0.120858 0.028317 9.9991E-05 0.249738 0.106452
0.400875 0.268317 9.9991E-05 0.031468 0.237122 0.062118
0.39358 9.9982E-05 0.0718764 9.9982E-05 0.475122 0.0592211
0.551274 0.304589 9.9991E-05 0.00402414 0.0740771 0.0659354
9.9973E-05 0.631016 9.9973E-05 9.9973E-05 0.185946 0.182738
0.619537 0.161281 0.0102815 9.9982E-05 0.208701 9.9982E-05
0.403314 0.183027 0.031601 9.9991E-05 0.240713 0.141246
0.271156 0.445925 9.9982E-05 9.9982E-05 0.189642 0.0930779
0.559833 0.23658 0.00308296 0.0429166 0.157487 9.9991E-05
0.531196 0.0671094 0.0447807 0.040583 0.283409 0.0329222
0.344723 0.097831 0.135414 0.191824 0.0874412 0.142766
0.470787 0.233109 9.9973E-05 9.9973E-05 0.295804 9.9973E-05
0.500031 0.106902 0.0410462 0.0152711 0.214 0.12275
0.428695 0.18321 0.00288001 0.120278 0.130245 0.134692
0.629909 0.0413067 0.0466752 9.9991E-05 0.194297 0.0877125
0.605184 0.0073676 0.0905924 0.0404476 0.143298 0.11311
0.102771 9.9973E-05 0.794775 0.102154 9.9973E-05 9.9973E-05
0.0821981 9.9973E-05 0.871154 0.0463476 9.9973E-05 9.9973E-05
0.0680962 0.0131298 0.81882 9.9991E-05 0.0532214 0.0466325
0.0666239 0.00312732 0.846971 9.9991E-05 0.0217879 0.0613901
0.162632 9.9964E-05 0.836968 9.9964E-05 9.9964E-05 9.9964E-05
0.233136 0.0423691 0.0336352 0.060238 0.544292 0.0863297
0.673198 0.0518164 0.0852798 0.0332902 0.151599 0.00481683
0.615612 0.0123642 0.070943 0.000775628 0.179567 0.120738
0.291235 0.323744 9.9982E-05 0.106785 0.278037 9.9982E-05
0.0642806 0.128567 0.102116 9.9991E-05 0.522415 0.182521
0.618473 9.9991E-05 0.0173899 0.0198763 0.264141 0.0800198
0.252446 0.123686 0.0853603 0.0567297 0.481678 9.9991E-05
0.500212 0.281133 0.0991122 9.9982E-05 0.119342 9.9982E-05
0.234631 0.173754 0.0981435 0.013925 0.465058 0.0144882
0.215344 0.072667 0.0597525 9.9991E-05 0.52424 0.127896
0.438423 0.274367 0.00179358 0.0248892 0.260427 9.9991E-05
0.383008 0.501298 0.00589607 9.9991E-05 0.109085 0.000612644
0.61711 0.247263 0.0473471 9.9991E-05 0.0270228 0.0611573
0.387842 0.460703 9.9982E-05 9.9982E-05 0.146763 0.00449179
0.587195 0.230461 0.0641566 9.9982E-05 9.9982E-05 0.117987
0.171678 0.66624 9.9982E-05 9.9982E-05 0.0463374 0.115545
0.275378 0.649414 9.9973E-05 9.9973E-05 9.9973E-05 0.0749082
0.529634 0.330748 0.0254692 9.9991E-05 0.0974075 0.0166411
0.168767 0.566458 9.9982E-05 9.9982E-05 0.0856044 0.17897
0.521308 0.306412 9.9982E-05 9.9982E-05 0.104408 0.0676726
0.201899 0.0624592 0.0445918 0.0242442 0.52714 0.139665
0.355564 0.209204 9.9991E-05 0.00246379 0.347376 0.0852921
0.458001 0.0756777 0.0298163 0.0968854 0.292356 0.0472639
0.645679 0.0286138 0.0155999 0.0750517 0.234955 9.9991E-05
0.388788 0.00546881 9.9982E-05 9.9982E-05 0.50586 0.0996828
0.393495 0.034823 9.9991E-05 0.157665 0.299017 0.1149
0.461658 9.9991E-05 0.0954809 0.00151184 0.302634 0.138615
0.320093 9.9982E-05 9.9982E-05 0.0717674 0.421877 0.186062
0.446593 0.0584623 9.9991E-05 0.0733394 0.395567 0.0259384
0.662009 0.0935098 9.9982E-05 0.0627701 0.181511 9.9982E-05
0.479931 0.142017 0.0316647 0.00609119 0.286072 0.0542241
0.585713 0.0814663 9.9991E-05 0.0453971 0.266129 0.021195
0.467133 0.0778292 0.0650461 9.9982E-05 0.389792 9.9982E-05
0.609906 0.0285075 0.0431431 0.078139 0.239151 0.00115377
0.457925 9.9982E-05 0.323816 0.153914 9.9982E-05 0.0641448
0.401295 0.112003 0.126104 0.290334 9.9991E-05 0.0701642
0.583618 0.0827387 0.14274 0.100656 9.9991E-05 0.0901474
0.523016 9.9973E-05 0.254572 0.222112 9.9973E-05 9.9973E-05
0.556619 0.175602 9.9991E-05 0.0133955 0.171223 0.0830604
9.9982E-05 0.476813 0.175546 0.211415 9.9982E-05 0.136026
0.444496 0.109803 0.0587581 0.256816 0.108716 0.0214109
0.480827 0.101999 0.0377664 0.258384 0.120923 9.9991E-05
0.334897 0.217809 0.206899 0.108056 0.0909678 0.0413707
0.476214 0.125697 0.189482 0.178085 0.0304219 9.9991E-05
9.9973E-05 0.354477 0.431933 0.21329 9.9973E-05 9.9973E-05
0.517247 0.0371546 0.28733 0.158069 9.9982E-05 9.9982E-05
0.565859 0.0779148 0.228238 0.0654141 0.0624748 9.9991E-05
0.493289 0.14514 0.0247107 0.0425308 0.137289 0.157041
0.141661 0.656856 9.9982E-05 9.9982E-05 0.126661 0.0746221
0.206878 0.497503 9.9982E-05 9.9982E-05 0.126515 0.168905
0.328181 0.186994 0.0901684 0.394457 9.9982E-05 9.9982E-05
0.30501 0.204432 0.0534991 0.385333 9.9991E-05 0.0516259
0.278932 0.252749 0.230499 0.237621 9.9982E-05 9.9982E-05
0.399878 0.186195 0.189925 0.223802 9.9982E-05 9.9982E-05
0.200936 0.642411 0.0403318 0.116122 9.9982E-05 9.9982E-05
0.28964 0.473074 0.0490173 0.0851319 9.9991E-05 0.103037
0.556022 0.203269 0.00489836 0.129801 0.0106497 0.0953603
0.563477 0.296072 0.0652336 0.0750166 9.9982E-05 9.9982E-05
0.408424 0.435622 0.0364512 0.0800565 9.9991E-05 0.0393455
0.644822 0.232352 0.0634148 0.0351069 9.9991E-05 0.0242049
0.48618 0.234874 9.9991E-05 0.145118 0.0716219 0.062106
0.49078 0.323027 0.00326925 9.9991E-05 0.131596 0.0512281
0.551772 0.273028 0.00954396 9.9991E-05 0.0848771 0.0806791
0.420325 0.224844 0.111323 0.0758542 0.0935149 0.0741381
0.602043 0.397557 9.9964E-05 9.9964E-05 9.9964E-05 9.9964E-05
0.378914 0.482898 9.9973E-05 9.9973E-05 0.137888 9.9973E-05
0.706249 0.15102 0.0423004 9.9982E-05 9.9982E-05 0.100231
0.353846 0.525188 9.9982E-05 9.9982E-05 0.0565008 0.0642652
0.550726 0.311666 9.9991E-05 0.037796 0.0763942 0.0233185
0.364168 0.154314 0.179553 0.258802 0.0185683 0.0245948
0.335588 0.1433 0.138958 0.219596 0.130173 0.0323846
9.9991E-05 0.592389 0.165967 0.168233 0.0638721 0.00943797
0.6004 0.0892216 0.0843232 0.195651 0.030305 9.9991E-05
9.9973E-05 0.55415 0.319835 0.125715 9.9973E-05 9.9973E-05
0.590493 0.20656 0.039932 0.147907 0.00742105 0.00768695
0.18193 0.662543 9.9973E-05 9.9973E-05 9.9973E-05 0.155228
0.0829931 0.692167 9.9982E-05 9.9982E-05 0.0332127 0.191428
0.606411 0.235591 9.9982E-05 9.9982E-05 0.0222317 0.135567
0.743531 0.246704 0.00337087 0.00619386 9.9982E-05 9.9982E-05
0.536006 0.365101 9.9973E-05 9.9973E-05 9.9973E-05 0.0985938
0.569304 0.127793 0.000398262 0.0320469 0.0455694 0.224889
0.668405 0.2893 9.9973E-05 9.9973E-05 9.9973E-05 0.0419947
0.153812 0.00772078 0.802123 0.0361443 9.9982E-05 9.9982E-05
9.9973E-05 9.9973E-05 0.692729 0.126036 0.180935 9.9973E-05
9.9973E-05 9.9973E-05 0.861126 0.0890787 0.0494957 9.9973E-05
0.0235941 0.045083 0.931023 9.9973E-05 9.9973E-05 9.9973E-05
0.520721 0.0466592 0.0343388 0.031772 0.0322816 0.334227
0.475087 9.9964E-05 9.9964E-05 9.9964E-05 9.9964E-05 0.524513
0.271965 9.9991E-05 0.0328605 0.0203399 0.139059 0.535676
0.493847 9.9991E-05 0.0450366 0.0880452 0.0108802 0.362092
0.341278 0.185898 9.9982E-05 9.9982E-05 0.0140075 0.458617
0.478375 0.00583895 0.272855 0.148216 0.0946148 9.9991E-05
0.396297 0.0941651 9.9991E-05 0.0561479 0.0456138 0.407676
0.317324 9.9991E-05 0.050461 0.024275 0.0559815 0.551858
0.564764 9.9982E-05 0.00917634 0.0410059 9.9982E-05 0.384854
0.461866 9.9982E-05 0.0254211 9.9982E-05 0.0740221 0.438491
0.612985 0.0171865 9.9982E-05 0.0158725 9.9982E-05 0.353756
0.0130658 0.032321 9.9973E-05 9.9973E-05 9.9973E-05 0.954313
0.15221 0.205238 0.0318941 0.0497398 9.9991E-05 0.560818
0.203991 0.00639103 0.0207941 0.0368065 0.0675203 0.664497
9.9964E-05 0.271252 9.9964E-05 9.9964E-05 9.9964E-05 0.728348
0.374749 0.0342575 0.0455247 0.0698442 0.0929827 0.382641
0.10718 0.443368 9.9973E-05 9.9973E-05 9.9973E-05 0.449152
9.9964E-05 0.311448 9.9964E-05 9.9964E-05 9.9964E-05 0.688152
0.600006 9.9982E-05 0.0372965 0.0356344 9.9982E-05 0.326863
0.234409 9.9982E-05 0.0519595 9.9982E-05 0.0673444 0.646088
0.257543 0.0214694 9.9991E-05 0.137097 0.0768304 0.50696
0.577571 0.0253549 0.0104942 9.9991E-05 0.0619236 0.324556
0.425769 0.196427 9.9991E-05 0.0558927 0.243929 0.0778827
0.481682 9.9982E-05 0.0967328 9.9982E-05 0.0164841 0.404901
0.408079 9.9991E-05 0.00752131 0.0641623 0.0902164 0.429921
0.238047 0.030006 9.9982E-05 0.0253806 9.9982E-05 0.706367
9.9991E-05 0.00515499 0.651363 0.00461502 0.315655 0.0231121
0.0644759 0.0686477 0.744081 0.0181001 0.0806172 0.024078
9.9973E-05 0.0592063 0.789722 9.9973E-05 0.150772 9.9973E-05
9.9982E-05 0.000720099 0.79554 9.9982E-05 0.19786 0.00567969
0.0154104 0.0311339 0.729275 9.9982E-05 0.223981 9.9982E-05
0.00895101 9.9991E-05 0.0112881 0.0847708 0.161831 0.733059
0.106491 0.00235626 0.122636 9.9991E-05 0.0926346 0.675782
0.101402 0.135781 9.9973E-05 9.9973E-05 9.9973E-05 0.762518
0.275766 0.162063 0.0643904 0.00718986 9.9991E-05 0.490491
0.524321 0.0552237 0.0225648 0.101929 9.9991E-05 0.295862
0.42144 9.9982E-05 0.052777 0.039697 9.9982E-05 0.485886
0.44017 9.9991E-05 0.0181635 0.0325371 0.0509361 0.458093
0.187725 0.0303742 9.9991E-05 0.0125596 0.097948 0.671293
0.358976 9.9973E-05 9.9973E-05 9.9973E-05 0.0614631 0.579261
0.267276 9.9973E-05 9.9973E-05 9.9973E-05 0.134293 0.598131
0.599773 0.203241 0.0926346 0.02338 0.0157729 0.0651982
0.347148 9.9964E-05 9.9964E-05 9.9964E-05 9.9964E-05 0.652452
0.394753 0.00403084 0.0699699 0.0449455 0.046951 0.43935
0.442832 0.00739509 0.176331 0.373242 9.9982E-05 9.9982E-05
0.301065 0.00727187 0.140986 0.523396 0.0010447 0.0262367
0.378458 0.155403 9.9991E-05 0.107219 0.0672408 0.291579
0.0742489 0.0379987 0.225951 0.661601 9.9982E-05 9.9982E-05
0.33936 9.9973E-05 0.254311 0.406029 9.9973E-05 9.9973E-05
0.340577 0.310697 0.109711 0.199067 9.9991E-05 0.0398474
0.642142 0.178934 0.127833 0.00852422 0.0424667 9.9991E-05
0.471147 0.183129 0.100876 0.047736 0.103334 0.0937771
0.411804 9.9973E-05 0.16217 0.425726 9.9973E-05 9.9973E-05
0.409075 0.0434468 0.124678 0.4226 9.9982E-05 9.9982E-05
0.222485 9.9982E-05 0.167374 0.548333 9.9982E-05 0.0616084
0.262175 0.0602457 0.159773 0.49459 9.9991E-05 0.023116
0.612544 0.223947 0.107954 9.9991E-05 0.0284092 0.0270453
0.192266 0.0415155 0.164156 0.601862 9.9982E-05 9.9982E-05
0.234749 0.200459 0.136528 0.0144731 0.276061 0.137731
0.654556 0.188418 0.0262075 0.0701911 9.9991E-05 0.0605279
0.639784 0.11512 0.182112 0.025646 0.0193486 0.017989
0.467907 0.0718064 0.161979 0.0151791 0.118473 0.164655
0.395866 0.096663 0.200851 0.190602 9.9991E-05 0.115917
0.367147 0.0800445 0.215124 0.262851 0.0747326 9.9991E-05
0.262771 9.9973E-05 0.26577 0.471159 9.9973E-05 9.9973E-05
0.473565 0.123895 0.0988587 9.9991E-05 0.151827 0.151754
0.236477 0.647737 0.10864 0.00694606 9.9982E-05 9.9982E-05
0.428906 0.190786 0.143072 0.0403107 0.114349 0.0825756
0.438807 0.188001 0.206062 0.148405 9.9991E-05 0.0186253
9.9973E-05 0.490575 0.286319 0.222806 9.9973E-05 9.9973E-05
9.9973E-05 0.583256 0.283125 0.133319 9.9973E-05 9.9973E-05
0.342268 0.304127 0.193511 0.117874 0.0421205 9.9991E-05
0.0622412 0.37494 0.35592 0.206699 9.9982E-05 9.9982E-05
9.9973E-05 0.332867 0.350419 0.316414 9.9973E-05 9.9973E-05
0.353188 0.246085 0.170185 0.146573 9.9991E-05 0.0838694
0.469428 0.123479 0.261535 0.109233 0.0209075 0.0154179
0.219234 0.299522 0.341958 0.139086 9.9982E-05 9.9982E-05
0.172686 0.365646 0.347524 0.113944 9.9982E-05 9.9982E-05
0.55678 0.2417 0.103841 0.0974781 9.9982E-05 9.9982E-05
0.195525 0.3566 0.242766 0.11684 9.9991E-05 0.0881689
9.9973E-05 0.502522 0.381046 0.116132 9.9973E-05 9.9973E-05
0.37057 0.145013 0.238684 0.2174 0.028234 9.9991E-05
0.344958 9.9982E-05 0.292521 0.209621 9.9982E-05 0.152701
0.61375 9.9973E-05 0.236298 0.149652 9.9973E-05 9.9973E-05
0.439951 0.0378109 0.136513 0.271968 9.9991E-05 0.113657
0.398697 0.0923813 0.334631 0.173183 0.0010078 9.9991E-05
0.508692 0.0720069 0.233799 0.157471 9.9991E-05 0.0279309
0.440846 9.9973E-05 0.341571 0.217283 9.9973E-05 9.9973E-05
0.365235 0.125272 0.298474 0.140055 0.0708639 9.9991E-05
0.271861 0.0129425 0.176522 0.153671 0.1059 0.279103
0.380003 0.1077 0.256365 0.248816 0.0070166 9.9991E-05
0.135786 0.245739 0.331422 0.276547 9.9991E-05 0.0104058
0.143164 0.144594 0.264542 0.39065 9.9991E-05 0.0569505
9.9991E-05 0.0130762 0.79875 0.00178403 0.106478 0.079812
0.0905643 9.9991E-05 0.0800482 0.0360042 0.71004 0.0832433
9.9973E-05 9.9973E-05 0.0320635 9.9973E-05 0.929334 0.0383022
9.9964E-05 9.9964E-05 0.0215473 9.9964E-05 0.978053 9.9964E-05
9.9964E-05 9.9964E-05 9.9964E-05 0.0495865 0.950014 9.9964E-05
9.9964E-05 9.9964E-05 9.9964E-05 0.10134 0.89826 9.9964E-05
0.0999833 9.9964E-05 9.9964E-05 9.9964E-05 0.899617 9.9964E-05
9.9973E-05 9.9973E-05 0.0595913 9.9973E-05 0.911627 0.0284819
0.00772161 9.9973E-05 0.207192 9.9973E-05 0.784787 9.9973E-05
0.043936 9.9973E-05 0.925233 9.9973E-05 9.9973E-05 0.0305309
0.0583716 0.0186918 0.777409 0.0335065 0.111921 9.9991E-05
0.00604429 0.0147461 0.907249 0.0389919 0.0328683 9.9991E-05
0.0656873 9.9973E-05 0.81277 9.9973E-05 0.121243 9.9973E-05
9.9973E-05 9.9973E-05 0.926173 0.0197548 9.9973E-05 0.0537727
9.9973E-05 9.9973E-05 0.917818 0.00375476 0.0781273 9.9973E-05
0.0590438 9.9991E-05 0.692803 0.100666 0.0801275 0.0672601
0.0327151 0.00200178 0.900096 0.0380202 0.012851 0.0143161
0.0369826 9.9991E-05 0.72134 0.0553883 0.161077 0.0251122
0.0107737 9.9982E-05 0.883524 0.0492704 9.9982E-05 0.0562322
9.9973E-05 0.0384206 0.911149 9.9973E-05 0.0501307 9.9973E-05
9.9991E-05 0.00121481 0.861424 0.0628694 0.0653413 0.00905017
9.9982E-05 9.9982E-05 0.952893 0.00436775 0.0280637 0.0144761
0.0525027 9.9973E-05 0.929606 0.0175916 9.9973E-05 9.9973E-05
0.0536232 9.9991E-05 0.860578 0.0259691 0.0282537 0.0314758
0.132516 9.9973E-05 0.820688 0.0464957 9.9973E-05 9.9973E-05
0.0624342 9.9973E-05 0.783914 0.153351 9.9973E-05 9.9973E-05
0.136213 9.9973E-05 0.788961 0.0745262 9.9973E-05 9.9973E-05
0.105932 9.9982E-05 0.82123 0.0648698 9.9982E-05 0.00776765
0.418317 0.219668 0.157173 0.00742856 0.0580012 0.139413
0.666347 0.0963012 0.0912516 9.9991E-05 0.0810013 0.064999
0.179576 0.712952 9.9991E-05 0.0195406 0.0564453 0.0313862
0.537087 0.136275 0.117556 9.9982E-05 0.208882 9.9982E-05
0.202877 0.696222 0.0891806 0.0115207 9.9982E-05 9.9982E-05
0.659326 0.123006 0.0577978 0.0854965 0.0742742 9.9991E-05
0.467392 0.166223 0.128467 9.9991E-05 0.137193 0.100625
0.597439 0.147256 0.0939016 9.9991E-05 0.0611323 0.100171
0.425734 9.9982E-05 0.0638523 0.0502272 9.9982E-05 0.459987
0.455369 0.213902 0.0615305 0.0181899 0.157702 0.0933059
0.624976 0.131977 0.0918711 9.9991E-05 0.117078 0.0339978
0.015542 0.290729 9.9991E-05 0.0721201 0.428861 0.192648
0.0834143 0.791951 0.000795815 9.9982E-05 0.123639 9.9982E-05
0.264994 0.639474 0.0561756 9.9982E-05 0.0391568 9.9982E-05
0.57754 0.266519 0.101033 0.0365185 0.0182892 9.9991E-05
0.530064 0.164541 0.158581 9.9982E-05 9.9982E-05 0.146613
0.578692 0.0905389 0.255052 0.0755164 9.9982E-05 9.9982E-05
0.624881 0.0137012 0.221074 0.135409 9.9991E-05 0.00483456
0.222612 0.0189114 0.492698 0.0837859 0.117331 0.0646621
0.419909 0.0669948 0.208542 0.14299 0.0880578 0.0735059
9.9973E-05 0.443988 0.32887 0.226842 9.9973E-05 9.9973E-05
0.440513 0.118244 0.287652 0.147387 9.9991E-05 0.00610433
0.359789 0.0299285 0.381073 0.127145 9.9991E-05 0.101964
0.388865 9.9991E-05 0.313569 0.0859478 0.120301 0.0912168
0.496518 0.0592017 0.184068 0.207633 0.052479 9.9991E-05
0.412182 0.160182 0.191451 0.162374 9.9991E-05 0.0737111
0.331551 9.9982E-05 0.428046 0.136813 9.9982E-05 0.10339
