0.870685 0.0409166 0.00850462 0.0618739 0.00826146 9.9991E-05 0.00965835
0.890454 0.0394257 9.9973E-05 0.01009 9.9973E-05 9.9973E-05 0.0597302
0.798442 0.0460349 0.0526191 0.0443009 0.0576137 9.9991E-05 0.000889398
0.81141 0.0595667 0.0477643 0.0156644 0.0653948 9.9982E-05 9.9982E-05
0.894594 0.00301076 0.0461085 9.9982E-05 0.0408037 0.0152827 9.9982E-05
0.623366 0.00828056 0.0405558 0.116987 9.9991E-05 0.19721 0.0135001
0.762226 0.0599124 9.9973E-05 0.10496 9.9973E-05 0.0726018 9.9973E-05
0.704952 9.9982E-05 0.0388158 0.116663 0.0661648 0.0732045 9.9982E-05
0.828251 0.0249707 9.99729E-05 9.99729E-05 0.13532 9.99729E-05 0.0111585
0.635973 0.0581267 0.0841031 0.1455 0.0059534 0.0702433 9.9991E-05
0.755425 9.9973E-05 9.9973E-05 0.0711975 0.0655079 0.10757 9.9973E-05
0.00625221 9.9964E-05 0.0357149 0.957633 9.9964E-05 9.9964E-05 9.9964E-05
0.0296305 0.0265895 0.0737614 0.869719 9.9973E-05 9.9973E-05 9.9973E-05
0.0710762 0.0540248 0.103834 0.770765 9.9973E-05 9.9973E-05 9.9973E-05
0.0808112 0.00678698 9.9973E-05 0.793265 0.118837 9.9973E-05 9.9973E-05
9.9973E-05 0.0195601 0.101141 0.83929 9.9973E-05 0.0397088 9.9973E-05
9.9973E-05 0.0295226 0.0848622 0.884278 9.9973E-05 9.9973E-05 0.00103734
0.0122449 9.9964E-05 0.178378 0.808977 9.9964E-05 9.9964E-05 9.9964E-05
0.0616624 9.9982E-05 0.0144002 0.847256 9.9982E-05 0.0576426 0.0188392
9.995E-05 0.9994 9.995E-05 9.995E-05 9.995E-05 9.995E-05 9.995E-05
9.995E-05 0.9994 9.995E-05 9.995E-05 9.995E-05 9.995E-05 9.995E-05
0.429867 0.41166 0.0833109 0.0748627 9.9973E-05 9.9973E-05 9.9973E-05
0.509479 0.270792 0.0544555 9.9982E-05 9.9982E-05 0.0953679 0.0697059
0.0602232 0.0353041 0.00137669 0.768079 0.134817 9.9982E-05 9.9982E-05
0.0488428 0.00428224 0.0102007 0.285303 0.0166288 9.9991E-05 0.634642
9.9973E-05 9.9973E-05 0.0945322 0.0406845 9.9973E-05 0.0768918 0.787592
0.0617606 9.9964E-05 9.9964E-05 9.9964E-05 9.9964E-05 0.227241 0.710599
9.9982E-05 0.00429975 9.9982E-05 0.493648 0.210074 0.112829 0.178949
0.0185549 9.9982E-05 9.9982E-05 0.310499 0.00829908 0.39136 0.271088
0.129259 0.0061423 9.9991E-05 0.394039 0.126092 0.160962 0.183404
0.172863 0.0279513 0.0101339 0.556077 0.0244621 0.147639 0.0608736
0.0315205 0.0853154 9.9991E-05 0.749298 0.023134 0.0185873 0.0920449
9.9982E-05 0.035627 0.0553358 0.668181 9.9982E-05 0.129925 0.110731
9.9982E-05 0.0951333 9.9982E-05 0.587531 0.112122 0.144665 0.0603489
0.0119167 0.00470795 0.0906334 0.256725 9.9982E-05 9.9982E-05 0.635817
9.9955E-05 0.0147293 9.9955E-05 9.9955E-05 9.9955E-05 9.9955E-05 0.984771
0.0352969 9.9982E-05 9.9982E-05 0.0263838 0.0710278 0.0235451 0.843546
9.9964E-05 9.9964E-05 0.0721846 0.00745932 9.9964E-05 9.9964E-05 0.919956
0.0100583 9.9982E-05 0.113892 0.268077 0.11193 9.9982E-05 0.495843
0.0268974 9.9982E-05 0.0772124 0.295323 0.13433 9.9982E-05 0.466037
0.00374178 9.9982E-05 0.0146476 9.9982E-05 0.0301143 0.24909 0.702207
0.745807 0.0651878 9.9973E-05 0.182656 0.00604959 9.9973E-05 9.9973E-05
0.812103 0.131021 0.0290406 0.0275354 9.9973E-05 9.9973E-05 9.9973E-05
0.765939 0.132084 0.068703 9.9973E-05 9.9973E-05 9.9973E-05 0.0329738
0.829718 0.11853 0.00992036 9.9973E-05 9.9973E-05 9.9973E-05 0.0415321
0.753402 0.13299 0.070455 0.0144157 9.9982E-05 9.9982E-05 0.0285378
0.820604 0.0803639 0.0577084 9.9973E-05 0.0410234 9.9973E-05 9.9973E-05
0.92199 0.0318544 9.9964E-05 9.9964E-05 9.9964E-05 9.9964E-05 0.0457559
0.0793077 9.9964E-05 9.9964E-05 0.203133 9.9964E-05 9.9964E-05 0.717159
0.0588422 9.9973E-05 9.9973E-05 0.234072 0.0814344 9.9973E-05 0.625351
0.00097738 0.0123718 0.217453 0.0166955 0.0531984 9.9991E-05 0.699204
0.109788 0.0261783 0.000230973 0.464015 0.0333201 0.226902 0.139566
9.9991E-05 0.00884756 0.140462 0.448932 0.141983 0.101935 0.157741
0.00249834 0.000529878 0.103356 0.262534 0.133178 0.304106 0.193799
9.9982E-05 9.9982E-05 0.0503795 0.191539 0.229593 0.308821 0.219468
0.0346304 9.9991E-05 0.0541186 0.711058 0.0345045 0.0259167 0.139671
0.0245132 9.9991E-05 0.0673278 0.684496 0.0874368 0.020775 0.115352
9.9991E-05 0.0155119 0.101473 0.43382 0.103724 0.159005 0.186367
0.148927 9.9982E-05 9.9982E-05 0.0238669 0.153162 0.484134 0.18971
0.084201 0.0315736 0.0484426 0.228842 0.0870782 0.476197 0.0436652
0.0378207 0.0406726 9.9991E-05 0.178693 0.0983027 0.602812 0.0415986
0.0181888 0.0257332 0.145898 0.170233 0.100841 0.297167 0.241939
0.0744478 0.0241774 0.101822 0.228994 9.9991E-05 0.334517 0.235941
9.9991E-05 0.00429341 0.0575914 0.319894 0.0533499 0.27697 0.287801
0.231882 0.0513145 0.296099 0.0489116 0.00522257 0.366471 9.9991E-05
0.534742 9.9964E-05 0.052586 9.9964E-05 9.9964E-05 0.412272 9.9964E-05
0.362633 0.0748699 0.124008 9.9973E-05 9.9973E-05 0.438189 9.9973E-05
0.342713 0.00369739 0.326817 0.0757569 0.024135 0.226781 9.9991E-05
9.9982E-05 0.0240377 0.0933928 0.176285 9.9982E-05 0.449461 0.256624
9.9973E-05 9.9973E-05 0.026732 0.161957 9.9973E-05 0.695759 0.115253
9.9973E-05 9.9973E-05 9.9973E-05 0.156454 0.0279194 0.633888 0.181439
0.00489575 9.9973E-05 0.91597 9.9973E-05 9.9973E-05 0.0527497 0.0260843
9.9964E-05 9.9964E-05 0.915536 9.9964E-05 0.0579071 9.9964E-05 0.0261575
9.995E-05 9.995E-05 0.9994 9.995E-05 9.995E-05 9.995E-05 9.995E-05
9.9955E-05 9.9955E-05 0.928795 9.9955E-05 0.0707056 9.9955E-05 9.9955E-05
9.9964E-05 0.0240736 0.974928 9.9964E-05 0.000598161 9.9964E-05 9.9964E-05
9.995E-05 9.995E-05 0.9994 9.995E-05 9.995E-05 9.995E-05 9.995E-05
9.995E-05 9.995E-05 0.9994 9.995E-05 9.995E-05 9.995E-05 9.995E-05
9.9955E-05 0.0381139 0.961386 9.9955E-05 9.9955E-05 9.9955E-05 9.9955E-05
9.9964E-05 9.9964E-05 0.957022 9.9964E-05 0.0139003 9.9964E-05 0.0286779
0.0940629 0.00577957 0.841706 9.9982E-05 0.0314127 9.9982E-05 0.0268389
9.9955E-05 0.0494638 0.950036 9.9955E-05 9.9955E-05 9.9955E-05 9.9955E-05
0.0184334 9.9982E-05 0.85337 0.0699264 0.00330709 9.9982E-05 0.0547632
0.304848 9.9973E-05 0.0315696 9.9973E-05 9.9973E-05 0.635328 0.0279543
0.222105 0.0835561 0.104152 0.0322774 0.023331 0.426584 0.107995
0.220247 0.0374394 0.10246 0.149577 9.9991E-05 0.478193 0.0119834
0.847705 9.9973E-05 9.9973E-05 0.064866 0.0115964 0.0755324 9.9973E-05
0.862189 0.0662831 0.0646802 0.00654746 9.9973E-05 9.9973E-05 9.9973E-05
0.914291 0.0634376 9.9964E-05 9.9964E-05 0.0218719 9.9964E-05 9.9964E-05
0.880554 0.0529195 0.00191879 0.0250116 0.0393963 9.9982E-05 9.9982E-05
0.799143 0.103246 0.028655 0.0686557 9.9973E-05 9.9973E-05 9.9973E-05
0.834528 0.0495904 0.0964692 9.9982E-05 9.9982E-05 0.000553444 0.0186592
0.883607 0.014954 0.101039 9.9964E-05 9.9964E-05 9.9964E-05 9.9964E-05
0.822568 0.0360231 0.012168 0.0466107 0.0144724 0.0680576 9.9991E-05
0.863012 0.0658344 0.0489232 9.9973E-05 9.9973E-05 9.9973E-05 0.0219303
0.854148 0.0308497 0.0476997 0.0463671 9.9982E-05 0.0207356 9.9982E-05
0.561384 0.0380284 9.9982E-05 0.145408 0.197683 9.9982E-05 0.0572963
0.587451 9.9973E-05 9.9973E-05 0.125535 0.271446 9.9973E-05 0.0152678
0.521891 0.0120869 9.9991E-05 0.10579 0.191599 0.0316994 0.136835
0.474101 9.9982E-05 9.9982E-05 0.282842 0.176378 0.00274729 0.0637322
9.9982E-05 0.0247226 9.9982E-05 0.633039 0.189951 0.0157209 0.136367
9.9982E-05 9.9982E-05 0.163866 0.083719 0.0239748 0.0216316 0.706609
9.9964E-05 9.9964E-05 9.9964E-05 9.9964E-05 0.0580117 0.121964 0.819625
9.9982E-05 0.040449 0.123071 9.9982E-05 0.0480157 0.147998 0.640266
0.0770495 0.00473684 9.9982E-05 0.23941 0.0585867 9.9982E-05 0.620017
0.0472635 9.9964E-05 9.9964E-05 9.9964E-05 0.822726 0.129611 9.9964E-05
0.00571112 9.9973E-05 0.0120155 9.9973E-05 0.902286 0.0796877 9.9973E-05
9.995E-05 9.995E-05 9.995E-05 9.995E-05 0.9994 9.995E-05 9.995E-05
0.0317688 0.00535969 9.9982E-05 0.0539096 0.883256 0.0255054 9.9982E-05
9.9955E-05 9.9955E-05 9.9955E-05 9.9955E-05 0.859658 0.139842 9.9955E-05
9.9964E-05 9.9964E-05 0.0802423 9.9964E-05 0.906179 0.0131784 9.9964E-05
0.764307 0.0715905 0.0950845 9.9991E-05 0.0280494 0.00704531 0.0338229
0.837201 9.9973E-05 0.0336896 0.0842628 0.0445464 9.9973E-05 9.9973E-05
0.701663 0.064476 0.127743 0.0645532 0.0413654 9.9982E-05 9.9982E-05
0.701969 0.0435863 0.0891405 0.165004 9.9973E-05 9.9973E-05 9.9973E-05
0.743042 9.9982E-05 0.113338 0.122475 0.0202465 9.9982E-05 0.000698135
0.366766 0.0112747 9.9991E-05 0.0243047 0.498638 0.0558119 0.0431051
0.440193 0.0017986 9.9982E-05 9.9982E-05 0.466294 0.000268675 0.0912461
0.340357 0.0693743 9.9982E-05 0.0427432 0.504212 9.9982E-05 0.0431136
9.995E-05 0.9994 9.995E-05 9.995E-05 9.995E-05 9.995E-05 9.995E-05
0.284493 0.0403692 9.9973E-05 9.9973E-05 0.594852 9.9973E-05 0.0799867
0.158827 9.9982E-05 0.417994 9.9982E-05 0.0771743 0.271201 0.0746046
0.360803 0.0137799 0.296626 9.9973E-05 9.9973E-05 0.328491 9.9973E-05
9.9982E-05 9.9982E-05 0.0763551 0.456033 0.120134 0.214501 0.132777
0.0932581 0.0190828 0.0315056 0.807231 0.0487228 9.9982E-05 9.9982E-05
9.9991E-05 0.0217223 0.140538 0.249568 0.0916653 0.148163 0.348244
9.9973E-05 9.9973E-05 9.9973E-05 0.276238 0.00763441 0.475115 0.240712
0.00836075 0.036627 9.9982E-05 0.836363 9.9982E-05 0.0875523 0.0308969
9.9964E-05 9.9964E-05 9.9964E-05 0.520643 9.9964E-05 0.298873 0.180084
9.9982E-05 9.9982E-05 0.119059 0.52266 0.0111529 0.247484 0.0994445
0.00689486 9.9991E-05 0.15542 0.339638 0.105413 0.0885564 0.303978
0.798164 9.9964E-05 0.13665 9.9964E-05 9.9964E-05 9.9964E-05 0.0647859
0.850506 0.0160325 0.0511054 9.9973E-05 9.9973E-05 9.9973E-05 0.0820565
0.812176 9.9982E-05 0.0337484 9.9982E-05 0.00300576 0.0871919 0.0636782
0.789354 0.00100814 0.045593 9.9982E-05 0.0492226 9.9982E-05 0.114623
0.778655 0.0267324 0.115595 0.0442069 0.00737184 9.9991E-05 0.0273392
0.0700075 9.9973E-05 0.00335785 0.79295 0.133385 9.9973E-05 9.9973E-05
0.0891297 0.0353722 9.9991E-05 0.622828 0.161081 0.0516944 0.0397946
0.0590526 0.00386524 0.0664905 0.594051 0.259366 9.9991E-05 0.0170744
0.0717671 0.0106599 9.9982E-05 0.736246 0.104421 0.0767063 9.9982E-05
0.0390508 9.9973E-05 0.0193223 0.892188 0.0491386 9.9973E-05 9.9973E-05
0.0400414 0.0287106 0.0973032 0.31028 0.167549 0.186182 0.169934
9.9982E-05 9.9982E-05 0.0309976 0.151141 0.0883406 0.511994 0.217327
9.9964E-05 9.9964E-05 9.9964E-05 9.9964E-05 0.100775 0.725679 0.173146
9.9973E-05 9.9973E-05 9.9973E-05 0.129287 0.0304958 0.719271 0.120646
9.9973E-05 9.9973E-05 9.9973E-05 0.172129 0.0730171 0.536288 0.218266
0.0375377 9.9991E-05 0.0189601 0.745995 0.139074 0.0434706 0.0148628
9.9973E-05 9.9973E-05 0.0459673 0.479234 9.9973E-05 0.304313 0.170186
9.9991E-05 0.0129277 0.0589326 0.548425 0.167652 0.00830994 0.203653
9.9982E-05 0.00553137 0.131344 0.63014 0.118985 9.9982E-05 0.1138
0.182477 9.9973E-05 0.0894917 0.136172 9.9973E-05 0.591559 9.9973E-05
0.379863 0.0951507 0.170704 9.9982E-05 9.9982E-05 0.333487 0.0205951
9.9964E-05 9.9964E-05 9.9964E-05 0.259414 9.9964E-05 0.511273 0.228914
9.9973E-05 9.9973E-05 9.9973E-05 0.164878 0.052564 0.454548 0.32771
0.143488 9.9982E-05 0.414908 0.0201485 9.9982E-05 0.193192 0.228064
0.132977 0.044581 0.312325 0.207336 9.9982E-05 0.302582 9.9982E-05
0.019474 9.9991E-05 0.0387806 0.0799052 0.0403724 0.775384 0.0459833
0.0746023 9.9982E-05 0.0924993 0.120189 9.9982E-05 0.559921 0.152589
0.0491731 9.9982E-05 0.288899 0.26188 9.9982E-05 0.235427 0.16442
9.9982E-05 0.0267853 0.189087 0.0649279 9.9982E-05 0.591897 0.127103
9.9982E-05 9.9982E-05 0.0252722 0.12521 0.139894 0.422308 0.287115
9.9982E-05 9.9982E-05 0.040224 0.186953 0.112308 0.378051 0.282264
0.126877 0.055113 0.0734826 9.9991E-05 0.0362754 0.626589 0.0815632
0.295864 0.0543272 0.116026 9.9973E-05 9.9973E-05 0.533483 9.9973E-05
9.9955E-05 9.9955E-05 9.9955E-05 9.9955E-05 9.9955E-05 0.617298 0.382202
9.9964E-05 9.9964E-05 9.9964E-05 0.194172 9.9964E-05 0.584651 0.220777
9.9982E-05 9.9982E-05 0.147963 0.373477 0.0129778 0.200043 0.26534
9.9973E-05 9.9973E-05 0.0694894 0.213048 9.9973E-05 0.450455 0.266708
0.714911 0.0467164 0.0771042 0.0162753 0.0271437 0.0869977 0.0308516
0.642014 0.0376474 0.135057 0.0113411 0.0887055 0.0713018 0.0139331
0.856335 0.0410761 0.0640218 9.9973E-05 0.0382668 9.9973E-05 9.9973E-05
0.82785 0.105865 9.9973E-05 9.9973E-05 0.0111851 0.0547996 9.9973E-05
9.995E-05 9.995E-05 9.995E-05 9.995E-05 9.995E-05 9.995E-05 0.9994
9.9973E-05 9.9973E-05 0.0949113 0.19379 9.9973E-05 0.0891358 0.621863
9.9964E-05 0.000760087 9.9964E-05 9.9964E-05 9.9964E-05 0.0362194 0.962621
9.9964E-05 9.9964E-05 0.0463545 9.9964E-05 9.9964E-05 0.361764 0.591482
9.9955E-05 9.9955E-05 9.9955E-05 9.9955E-05 9.9955E-05 0.213073 0.786427
0.0408162 0.0178861 0.0436425 0.39284 9.9982E-05 9.9982E-05 0.504615
9.9991E-05 0.0344678 0.11118 0.0149196 0.0144336 0.0431236 0.781775
0.560971 0.0689234 9.9982E-05 0.164605 0.18947 0.0158308 9.9982E-05
0.700515 0.0590479 0.0508618 0.0676111 0.061703 0.0122386 0.0480224
0.692365 0.12377 9.9982E-05 0.0168156 0.162192 0.00465742 9.9982E-05
0.712317 0.115552 9.9982E-05 9.9982E-05 0.1409 0.00521429 0.0258164
0.660216 0.0681384 9.9991E-05 0.076511 0.175597 0.0127274 0.0067101
0.0758642 9.9973E-05 0.0117646 0.294051 9.9973E-05 9.9973E-05 0.61802
0.131613 9.9982E-05 9.9982E-05 0.174516 0.0578534 0.0264117 0.609406
9.9964E-05 9.9964E-05 0.0544746 9.9964E-05 9.9964E-05 0.0216917 0.923434
0.0361143 9.9982E-05 0.0781651 0.215889 0.0892606 9.9982E-05 0.580371
0.0285372 0.0211308 0.111507 0.201416 9.9982E-05 9.9982E-05 0.637209
0.253205 0.0352383 0.571938 9.9982E-05 9.9982E-05 0.139237 0.000182038
0.154729 9.9991E-05 0.00160577 0.308271 0.133993 0.339624 0.0616775
0.0662345 0.0719475 0.0601839 9.9991E-05 0.0192145 0.720303 0.0620165
0.297462 0.00280537 0.109096 9.9973E-05 9.9973E-05 0.590337 9.9973E-05
0.269903 0.0780386 0.0384791 9.9973E-05 9.9973E-05 0.613279 9.9973E-05
0.320542 0.021546 0.160734 9.9973E-05 9.9973E-05 0.496877 9.9973E-05
0.355336 0.0518873 0.218751 9.9973E-05 9.9973E-05 0.373725 9.9973E-05
0.295084 0.0458431 0.174415 0.120844 9.9991E-05 0.310478 0.0532361
0.231472 0.0608758 0.102302 0.0864122 9.9982E-05 0.518739 9.9982E-05
0.157102 0.101618 0.130502 0.0806083 9.9991E-05 0.433336 0.0967335
0.314032 0.0540205 9.9964E-05 9.9964E-05 9.9964E-05 0.631548 9.9964E-05
0.352326 9.9973E-05 0.253385 9.9973E-05 9.9973E-05 0.393878 0.000111043
0.280399 9.9982E-05 0.343836 0.0172566 9.9982E-05 0.252296 0.106012
0.74025 0.0455686 9.9982E-05 9.9982E-05 0.107704 0.0532807 0.0529968
9.9964E-05 9.9964E-05 9.9964E-05 0.199823 0.768673 9.9964E-05 0.0311047
9.9964E-05 0.0293515 9.9964E-05 0.174644 0.795604 9.9964E-05 9.9964E-05
9.9964E-05 9.9964E-05 0.0275765 0.161146 0.810877 9.9964E-05 9.9964E-05
9.9964E-05 9.9964E-05 0.0801614 0.0584261 0.861013 9.9964E-05 9.9964E-05
9.9973E-05 0.0122194 0.0165385 0.101805 0.869138 9.9973E-05 9.9973E-05
0.0107727 0.022768 9.9982E-05 0.0433447 0.883876 9.9982E-05 0.0390387
0.127854 0.0737571 0.00212382 9.9973E-05 0.795965 9.9973E-05 9.9973E-05
0.848804 0.0197755 9.9964E-05 0.131021 9.9964E-05 9.9964E-05 9.9964E-05
0.706641 0.0784933 0.0243252 0.0940933 0.0962473 9.9982E-05 9.9982E-05
0.83876 0.0761982 0.0285545 9.9982E-05 0.0217014 9.9982E-05 0.034586
0.761816 0.0710807 9.9982E-05 0.147052 0.0158695 0.00398232 9.9982E-05
0.859826 0.0359922 0.036149 9.9982E-05 0.00424052 9.9982E-05 0.0635923
0.859076 9.9982E-05 0.0112716 0.0522079 0.0606644 0.0165805 9.9982E-05
0.86433 0.030002 0.0691538 9.9973E-05 9.9973E-05 9.9973E-05 0.0362144
0.862378 0.0225832 0.0482215 9.9973E-05 9.9973E-05 9.9973E-05 0.0665175
0.888004 0.0814496 9.9964E-05 9.9964E-05 0.0301466 9.9964E-05 9.9964E-05
0.826184 0.0645332 0.0382657 0.0311419 9.9991E-05 0.0362427 0.00353262
0.960653 0.00206318 0.00746285 9.9973E-05 0.0295211 9.9973E-05 9.9973E-05
0.860079 0.0758675 0.00162426 9.9982E-05 0.0326182 0.0296106 9.9982E-05
0.759448 0.117569 0.0723154 0.0384395 9.9982E-05 9.9982E-05 0.0120287
0.788613 0.087872 0.113441 9.9973E-05 9.9973E-05 9.9973E-05 0.00977395
0.719313 0.0409784 0.197776 0.036184 9.9982E-05 0.0055486 9.9982E-05
0.737499 0.0924462 0.101554 0.0493252 9.9982E-05 9.9982E-05 0.0189758
0.764094 0.0877018 0.131183 9.9973E-05 9.9973E-05 9.9973E-05 0.0167212
0.136115 0.0066246 0.109022 0.147721 0.0702218 0.360981 0.169314
9.9982E-05 0.0176296 0.021927 9.9982E-05 0.122371 0.681898 0.155974
0.13101 9.9973E-05 9.9973E-05 9.9973E-05 0.011045 0.799512 0.0581331
9.9982E-05 9.9982E-05 0.0496901 0.388519 0.1767 0.182487 0.202404
9.9964E-05 9.9964E-05 9.9964E-05 9.9964E-05 0.151959 0.844032 0.00360911
0.0333566 9.9973E-05 9.9973E-05 9.9973E-05 0.13861 0.726006 0.101728
0.082644 9.9991E-05 0.217416 0.129545 0.0661347 0.276844 0.227317
0.451424 0.0174507 0.121356 0.234786 9.9991E-05 0.0972963 0.0775876
0.316077 0.00246867 0.209101 9.9982E-05 0.0159581 0.456195 9.9982E-05
0.320309 0.0438839 0.280986 0.202308 9.9991E-05 0.0864624 0.0659505
0.461834 0.00792589 0.196207 0.259317 9.9991E-05 0.0450527 0.029563
