0.0678581 0.888384 0.0434578 9.9973E-05 9.9973E-05 9.9973E-05
0.020624 0.934793 0.00408999 0.0180479 9.9991E-05 0.0223449
0.0502441 0.817476 0.0267881 9.9982E-05 0.105291 9.9982E-05
0.0724233 0.827336 0.0539904 0.0117383 0.0344123 9.9991E-05
9.9973E-05 0.860045 0.0741583 9.9973E-05 0.0654969 9.9973E-05
0.0306023 0.648974 0.0561523 0.0614868 0.0949153 0.10787
0.0106904 0.877474 9.9991E-05 0.0602773 0.00266135 0.0487966
0.12151 0.764833 0.0112909 9.9991E-05 0.0133377 0.0889283
0.116208 0.814308 9.99729E-05 9.99729E-05 9.99729E-05 0.0691842
9.9991E-05 0.671873 0.109268 0.0688167 0.0648085 0.0851341
0.0888625 0.695786 0.00316527 0.0299193 9.9991E-05 0.182167
0.522802 9.9982E-05 0.063435 0.160878 0.252684 9.9982E-05
0.308199 0.0213413 0.0279192 9.9991E-05 0.559104 0.0833363
0.482588 9.9991E-05 0.061238 0.0400559 0.297069 0.118949
0.40531 0.0590634 0.174447 9.9991E-05 0.292518 0.068562
0.290387 0.13542 0.151538 0.053724 0.368831 9.9991E-05
0.140586 0.0425299 0.0376455 0.150412 0.602186 0.0266406
0.23736 0.0128602 0.090584 0.131349 0.398257 0.12959
0.409852 0.0641153 0.0678565 0.103785 0.354292 9.9991E-05
0.668814 0.0350286 0.0857937 0.0699475 0.041381 0.0990355
0.321873 9.9991E-05 0.0404245 0.0893277 0.385973 0.162302
0.119791 0.0709748 0.0268155 0.135272 0.442847 0.2043
0.210415 0.0106383 0.0808458 0.129687 0.47809 0.0903242
0.372344 9.9991E-05 0.0927923 0.151292 0.345717 0.037755
0.0554358 0.10729 0.0497728 0.0744428 0.624886 0.0881731
0.198954 0.00348172 0.0568736 0.10702 0.633571 9.9991E-05
0.492054 0.0521086 0.0844811 0.119334 0.251923 9.9991E-05
0.416498 9.9991E-05 0.184961 0.107409 0.257771 0.0332615
0.474216 9.9991E-05 0.0278153 0.0168031 0.270487 0.210579
9.9973E-05 0.845259 0.0277389 9.9973E-05 0.126702 9.9973E-05
9.9964E-05 0.850624 9.9964E-05 9.9964E-05 0.148976 9.9964E-05
0.0153206 0.79878 0.0116541 0.00751554 0.16663 9.9991E-05
9.9982E-05 0.743318 0.113034 0.101458 0.04199 9.9982E-05
0.0934116 0.0742532 9.9991E-05 0.210929 0.580013 0.0412924
0.0623555 0.161432 9.9982E-05 0.273504 0.502509 9.9982E-05
9.9982E-05 0.0196485 0.0422629 0.470296 0.467593 9.9982E-05
0.637915 0.0375577 0.0207991 0.0602883 0.238169 0.00526997
0.00651047 9.9991E-05 0.0894936 0.560055 0.312518 0.0313228
0.132145 0.0893043 0.0130554 0.178828 0.586567 9.9991E-05
9.9982E-05 0.0715939 9.9982E-05 0.183707 0.707621 0.036878
0.0523683 0.103526 9.9991E-05 0.0823764 0.674095 0.0875343
0.10099 0.130995 0.00857577 0.0891876 0.670151 9.9991E-05
0.133075 0.0507346 9.9991E-05 0.725154 0.0477376 0.0431987
0.0755512 0.053453 0.0574264 0.0186277 0.605131 0.189811
0.0276974 0.0548286 0.0831365 0.26175 0.546916 0.0256717
0.0698036 0.126139 0.0939945 0.184045 0.525919 9.9991E-05
9.9973E-05 9.9973E-05 9.9973E-05 0.691673 0.289973 0.0180542
0.0267259 9.9991E-05 0.0447192 0.262902 0.630617 0.0349359
0.0175465 0.0817534 0.0826356 0.277336 0.507587 0.0331419
0.0216435 0.0842577 9.9982E-05 0.608999 9.9982E-05 0.2849
0.470619 9.9991E-05 0.0236472 0.20256 0.156635 0.146438
0.238655 0.00602678 0.00225082 0.16261 0.102093 0.488364
0.24022 9.9982E-05 0.121136 0.0625126 0.575931 9.9982E-05
0.00646677 0.128426 0.00230372 0.109539 0.632846 0.120418
0.0671931 0.00187823 0.067754 0.0812976 0.628892 0.152985
0.354032 0.0952995 9.9991E-05 0.301709 0.131262 0.117598
0.259407 0.031551 9.9991E-05 0.0143709 0.575584 0.118987
0.134458 0.0682391 0.0673802 0.0537427 0.619584 0.056596
0.223814 0.0714611 0.0405397 0.301826 0.318587 0.0437713
0.326572 0.223809 9.9991E-05 0.0631509 0.147238 0.23913
0.050999 0.0884742 0.0615323 0.129897 0.555339 0.113758
0.281359 0.0842244 0.0577569 9.9991E-05 0.483683 0.0928759
0.489607 0.015869 9.9991E-05 0.123579 0.107254 0.26359
0.262553 9.9991E-05 0.00626487 0.0773457 0.530837 0.1229
0.0213165 0.0122288 0.111291 0.0092922 0.641845 0.204026
0.160523 0.0373706 0.131745 0.105422 0.495259 0.0696806
0.232126 0.0472632 0.00977351 0.227337 0.349014 0.134487
0.210463 9.9982E-05 9.9982E-05 0.0954393 0.575518 0.11838
0.11879 0.0962145 0.0332023 0.0315841 0.639172 0.0810372
0.455877 0.0235222 9.9991E-05 0.0117415 0.299227 0.209532
0.0479249 9.9973E-05 9.9973E-05 0.374086 0.57769 9.9973E-05
0.104595 0.00191355 9.9982E-05 0.694201 0.199091 9.9982E-05
0.0966721 0.0919878 0.0281874 0.151357 0.525068 0.106727
9.9964E-05 9.9964E-05 9.9964E-05 0.838807 9.9964E-05 0.160793
0.0526176 9.9982E-05 0.000209187 0.738865 9.9982E-05 0.208108
0.0157461 9.9991E-05 0.00366543 0.724712 0.209213 0.0465634
0.109597 0.0118761 9.9982E-05 0.500365 0.377962 9.9982E-05
0.038807 0.139325 0.0197824 0.0876522 0.613647 0.100787
0.0275242 0.0410452 0.0405482 0.487769 0.403014 9.9991E-05
0.205918 0.0361854 0.0400115 0.657855 0.0599302 9.9991E-05
0.260531 0.0234106 9.9982E-05 0.490961 0.224898 9.9982E-05
0.0867056 0.113886 9.9982E-05 0.214226 0.584983 9.9982E-05
0.110049 0.0447086 0.00485483 0.529663 0.310625 9.9991E-05
0.0984468 0.0306508 0.0186488 0.413069 0.405731 0.0334539
9.9982E-05 0.0156994 9.9982E-05 0.599868 0.360032 0.0242005
9.9973E-05 9.9973E-05 0.0147393 0.722413 9.9973E-05 0.262548
0.056377 0.0493394 9.9991E-05 0.243452 0.638802 0.0119301
0.0497455 0.798859 0.0568211 9.9982E-05 0.0943745 9.9982E-05
9.9964E-05 0.901782 9.9964E-05 9.9964E-05 0.0978183 9.9964E-05
9.9973E-05 0.875802 0.0400759 9.9973E-05 0.0838225 9.9973E-05
9.9982E-05 0.905257 0.0371715 0.00670832 0.0506637 9.9982E-05
9.9973E-05 0.896286 9.9973E-05 9.9973E-05 0.0838269 0.0195871
9.9973E-05 0.909368 9.9973E-05 0.0370764 0.0532559 9.9973E-05
9.9973E-05 0.921701 0.0150256 9.9973E-05 0.0629733 9.9973E-05
0.00829396 0.124907 0.0515536 0.217775 0.539436 0.0580347
0.0628815 0.140733 0.00486668 0.0906961 0.668383 0.0324394
0.0312995 0.0636991 9.9982E-05 0.863828 0.0409738 9.9982E-05
9.9982E-05 0.095693 0.185155 0.265665 0.453287 9.9982E-05
0.075747 0.0027516 9.9982E-05 0.455131 0.46617 9.9982E-05
0.0121962 0.0825079 9.9982E-05 0.316395 0.588701 9.9982E-05
0.0451072 9.9991E-05 0.0617647 0.300346 0.488621 0.104061
0.0458419 0.00472254 0.100476 0.469477 0.379382 9.9991E-05
0.220288 0.0582193 9.9982E-05 0.676542 9.9982E-05 0.0447509
0.162168 0.101198 0.0580217 0.116307 0.562206 9.9991E-05
0.0155646 0.0833343 0.019984 0.240171 0.609725 0.0312218
0.125104 0.0928741 0.0874184 0.146808 0.511609 0.0361859
9.9982E-05 0.00378774 9.9982E-05 0.572581 0.276257 0.147174
9.9982E-05 9.9982E-05 0.0500983 0.461966 0.433811 0.0539244
0.118657 0.0337325 9.9991E-05 0.373233 0.446961 0.0273159
9.9973E-05 9.9973E-05 0.101826 0.703427 0.194447 9.9973E-05
0.0407596 0.052758 9.9982E-05 0.461439 0.444843 9.9982E-05
0.225721 0.104105 0.0369066 0.0928102 0.526544 0.0139127
0.31022 9.9991E-05 0.0815774 0.111769 0.21023 0.286104
0.316773 0.120367 0.0707209 9.9991E-05 0.453271 0.0387688
0.188823 0.147146 0.0788778 0.0238685 0.465081 0.0962038
0.104122 0.0583795 0.102616 0.13212 0.513345 0.0894174
0.316279 0.0621881 9.9982E-05 9.9982E-05 0.591467 0.0298658
0.258768 0.0252411 0.0345241 0.0528595 0.628507 9.9991E-05
0.462381 9.9973E-05 9.9973E-05 0.0151073 0.522212 9.9973E-05
0.194895 0.0813998 0.0543335 0.0356378 0.482955 0.150779
0.141225 0.0620351 0.051068 0.0243474 0.583335 0.137989
0.25731 9.9982E-05 9.9982E-05 0.110861 0.594544 0.0370841
0.365243 9.9982E-05 9.9982E-05 0.0779002 0.533433 0.0232239
0.154435 0.0186091 0.127732 9.9991E-05 0.561086 0.138038
0.128837 0.0861509 0.0523951 0.036569 0.607342 0.0887066
0.24741 9.9982E-05 0.0667861 0.181671 0.503933 9.9982E-05
0.177318 0.0867367 0.116574 0.0498331 0.522673 0.0468651
0.201063 9.9991E-05 0.144828 0.113017 0.484863 0.0561293
0.211927 0.0882554 9.9982E-05 9.9982E-05 0.470479 0.229139
0.212325 9.9991E-05 0.173041 0.0598616 0.513322 0.0413514
0.182786 0.0823419 9.9982E-05 9.9982E-05 0.726746 0.00792618
0.388574 0.0119115 0.0907495 0.232047 0.240489 0.0362287
0.268391 0.0381074 0.0179158 0.0393327 0.19937 0.436884
0.197214 9.9991E-05 0.0638765 0.136458 0.485209 0.117143
0.257122 9.9991E-05 0.0286556 0.146232 0.147524 0.420366
0.523432 0.0198127 9.9991E-05 0.131204 0.26843 0.0570206
0.291678 0.00804303 9.9991E-05 0.198394 0.361542 0.140243
0.399378 9.9982E-05 9.9982E-05 0.207563 0.334208 0.0586518
0.449501 9.9991E-05 0.0170275 0.173657 0.291998 0.0677176
0.185693 0.0286322 0.0390097 0.129154 0.579774 0.0377373
0.135747 0.0942861 0.114844 0.117377 0.534314 0.00343196
0.221385 0.0526468 0.0345409 0.143159 0.548167 9.9991E-05
0.344426 9.9991E-05 0.045198 0.00461296 0.216227 0.389436
0.122302 0.104289 0.0422376 0.058331 0.505208 0.167632
0.0243415 0.0142582 0.0589855 0.0676589 0.474819 0.359937
0.160393 0.120548 9.9991E-05 0.0967628 0.0501713 0.572025
9.9991E-05 0.0661247 0.0522811 0.13213 0.565851 0.183513
0.0459905 0.0906815 0.0462114 0.215367 0.331673 0.270077
0.0529488 0.0530281 0.128008 0.028329 0.442762 0.294924
0.107036 0.0878519 9.9991E-05 0.0761315 0.295474 0.433407
0.153288 0.0795477 9.9991E-05 0.02067 0.294278 0.452115
0.15939 0.0338066 9.9991E-05 0.185851 0.425251 0.195603
0.0666638 0.0749394 0.0345807 9.9991E-05 0.644688 0.179028
0.0405263 0.157857 9.9991E-05 0.0979777 0.455283 0.248256
0.0781813 0.0543241 0.173253 0.271885 9.9991E-05 0.422257
0.136148 0.0431269 0.0755717 0.128812 0.50744 0.108901
0.109163 9.9982E-05 9.9982E-05 0.144493 0.404301 0.341843
0.0839349 9.9991E-05 0.000438629 0.111538 0.533578 0.27041
9.9991E-05 0.135988 0.0664453 0.104764 0.588663 0.104041
9.9991E-05 0.291029 0.288466 0.0718681 0.12768 0.220857
9.9973E-05 0.48823 0.142308 9.9973E-05 9.9973E-05 0.369162
9.9973E-05 0.441919 0.152406 9.9973E-05 9.9973E-05 0.405375
0.0284331 0.33811 0.337511 9.9991E-05 0.106819 0.189027
9.9973E-05 9.9973E-05 9.9973E-05 0.0528095 0.704367 0.242523
0.033105 9.9991E-05 0.151599 0.267746 0.518589 0.0288604
0.00346065 9.9973E-05 0.651156 9.9973E-05 0.345084 9.9973E-05
0.0299877 0.0299903 0.484384 0.085665 0.369873 9.9991E-05
0.166357 9.9991E-05 0.40815 0.048445 0.32134 0.0556083
9.9982E-05 9.9982E-05 0.00722019 0.118342 0.394691 0.479547
0.131578 0.0554875 0.0541307 0.120989 0.458964 0.178851
9.9973E-05 9.9973E-05 9.9973E-05 0.0404929 0.294315 0.664892
0.0248191 0.0183872 9.9991E-05 0.0225157 0.630804 0.303374
0.0721408 0.0174503 0.00188174 0.0711607 0.510693 0.326673
0.0588727 9.9991E-05 0.0772802 0.0674386 0.526241 0.270068
0.0345945 9.9991E-05 0.0191195 0.0872958 0.280011 0.578879
0.0979921 0.0512992 0.0400589 0.120868 0.592882 0.0969004
0.0830402 9.9991E-05 0.0844662 0.113608 0.489725 0.229061
9.9973E-05 9.9973E-05 0.96431 0.021869 9.9973E-05 0.0135209
9.9991E-05 0.00898165 0.874439 0.0152443 0.0710996 0.0301353
0.0869215 0.081325 0.558803 0.0292035 0.243647 9.9991E-05
9.9982E-05 9.9982E-05 0.725335 0.0155739 0.254171 0.00472091
9.9973E-05 9.9973E-05 0.806634 0.0951848 0.0978811 9.9973E-05
9.996E-05 9.996E-05 0.9995 9.996E-05 9.996E-05 9.996E-05
9.9964E-05 9.9964E-05 0.96288 0.0367203 9.9964E-05 9.9964E-05
9.9964E-05 9.9964E-05 0.795035 9.9964E-05 0.204566 9.9964E-05
0.0624328 9.9964E-05 0.937167 9.9964E-05 9.9964E-05 9.9964E-05
9.996E-05 9.996E-05 0.9995 9.996E-05 9.996E-05 9.996E-05
9.996E-05 9.996E-05 0.9995 9.996E-05 9.996E-05 9.996E-05
0.0117273 0.0531691 0.691723 9.9982E-05 0.243181 9.9982E-05
0.0213605 0.061264 0.79145 0.00978871 0.116037 9.9991E-05
9.9964E-05 9.9964E-05 0.975902 0.0236979 9.9964E-05 9.9964E-05
0.116352 0.088176 0.428231 0.0758829 0.291259 9.9991E-05
9.9982E-05 0.0126911 0.719107 0.0703998 0.197602 9.9982E-05
0.0241345 0.0185797 0.715713 9.9982E-05 0.241373 9.9982E-05
0.0641659 9.9973E-05 0.882706 9.9973E-05 0.052828 9.9973E-05
9.9964E-05 9.9964E-05 0.987731 9.9964E-05 0.0118688 9.9964E-05
0.0122555 0.0189649 0.828379 0.0164359 0.090134 0.0338305
9.9964E-05 9.9964E-05 0.984265 0.0153354 9.9964E-05 9.9964E-05
0.0619015 0.0912977 0.586967 9.9982E-05 0.259634 9.9982E-05
0.0291888 0.00802248 0.889445 0.0670274 9.9991E-05 0.00621671
9.9982E-05 0.346124 0.0161205 0.0493533 9.9982E-05 0.588202
0.163478 0.0859524 0.140618 9.9991E-05 0.395022 0.21483
0.0196285 0.219618 0.0477334 0.0967405 0.428422 0.187857
0.00978126 0.168813 0.100986 9.9991E-05 0.2361 0.48422
0.0784376 0.0335002 0.240898 0.013442 0.419695 0.214027
9.9991E-05 0.217655 0.154773 0.00609575 0.131768 0.489607
0.137344 0.227646 0.0627642 0.0251208 0.460415 0.0867102
9.9991E-05 0.123722 0.181745 0.0468579 0.279961 0.367614
9.9982E-05 0.259628 0.0322631 9.9982E-05 0.574446 0.133463
9.9982E-05 0.179037 0.174342 9.9982E-05 0.374014 0.272408
0.0988548 0.11067 0.0430113 0.0319189 0.517578 0.197966
0.0674758 0.862076 9.9973E-05 0.0701488 9.9973E-05 9.9973E-05
9.9973E-05 0.921867 0.0603096 9.9973E-05 9.9973E-05 0.0175234
0.0385559 0.931353 9.9973E-05 9.9973E-05 0.0297908 9.9973E-05
0.0524178 0.943449 9.9973E-05 9.9973E-05 0.0038336 9.9973E-05
0.0693997 0.901837 9.9982E-05 9.9982E-05 0.0218845 0.00667879
9.9982E-05 0.896822 0.085827 0.0136193 0.00353172 9.9982E-05
0.0328923 0.856935 0.107395 9.9982E-05 0.00257844 9.9982E-05
0.0142694 0.87566 0.00747494 0.060087 9.9991E-05 0.042409
9.9982E-05 0.902283 0.0267035 0.0137434 0.0570696 9.9982E-05
0.0330116 0.826752 0.107524 9.9982E-05 9.9982E-05 0.0325124
0.305423 0.593244 9.9973E-05 0.101033 9.9973E-05 9.9973E-05
0.373497 0.578717 9.9973E-05 0.0474859 9.9973E-05 9.9973E-05
0.308456 0.542068 9.9982E-05 0.0878829 9.9982E-05 0.0613928
0.353096 0.50203 9.9982E-05 0.103302 9.9982E-05 0.0413716
0.133624 0.0155262 0.0100761 0.357468 0.483206 9.9991E-05
0.0836896 9.9982E-05 0.0865466 0.333374 0.49619 9.9982E-05
0.190009 0.042876 9.9991E-05 0.0894688 0.658871 0.0186754
0.299411 0.0323549 9.9991E-05 0.23261 0.398989 0.0365355
0.682614 0.00112483 0.0221159 0.0789969 0.195353 0.0197952
0.109596 0.0306988 0.00510451 0.189803 0.664697 9.9991E-05
0.0414972 0.02692 0.00619899 0.320879 0.578518 0.0259866
0.113613 9.9982E-05 9.9982E-05 0.267203 0.559997 0.0589874
9.9982E-05 9.9982E-05 0.0819835 0.479345 0.342603 0.0958686
0.181688 0.00989901 0.0653901 0.123121 0.577273 0.0426299
0.0767027 0.00953977 9.9982E-05 0.464577 0.44898 9.9982E-05
0.0871804 9.9973E-05 9.9973E-05 0.75713 9.9973E-05 0.15539
0.133807 0.0736777 0.000419902 0.226387 0.507894 0.0578148
9.9982E-05 9.9982E-05 0.0106257 0.636881 0.200231 0.152063
0.0606319 9.9982E-05 9.9982E-05 0.32285 0.565414 0.050904
0.263362 0.0515157 9.9982E-05 0.587548 0.0973742 9.9982E-05
0.720253 0.143253 9.9973E-05 9.9973E-05 9.9973E-05 0.136194
0.733612 0.0826351 9.9982E-05 9.9982E-05 0.0160532 0.167499
0.809461 0.0294894 9.9973E-05 9.9973E-05 9.9973E-05 0.16075
0.742248 0.123209 9.9982E-05 0.0232011 9.9982E-05 0.111143
0.75335 9.9982E-05 0.0152996 9.9982E-05 0.0351285 0.196022
0.680716 0.0880084 9.9982E-05 9.9982E-05 0.121304 0.109771
9.9973E-05 0.845762 0.0618277 9.9973E-05 0.0921107 9.9973E-05
0.004683 0.863188 9.9973E-05 9.9973E-05 0.131829 9.9973E-05
9.9973E-05 0.761108 0.0800313 9.9973E-05 0.158561 9.9973E-05
0.0729337 0.743304 0.0862656 9.9982E-05 0.0972967 9.9982E-05
0.00455928 0.79703 0.0403815 9.9982E-05 0.157829 9.9982E-05
0.535052 0.394434 9.9973E-05 9.9973E-05 9.9973E-05 0.0702143
0.401794 0.472277 9.9982E-05 0.0807156 9.9982E-05 0.0450132
0.481009 0.429195 9.9973E-05 0.0894964 9.9973E-05 9.9973E-05
0.0308094 0.800738 0.0582046 9.9982E-05 0.110048 9.9982E-05
0.538167 0.315549 9.9973E-05 0.145984 9.9973E-05 9.9973E-05
9.9982E-05 0.214261 0.394761 9.9982E-05 0.247038 0.143739
9.9982E-05 0.0798782 0.186538 0.0850737 0.648311 9.9982E-05
9.9973E-05 0.186567 0.297413 9.9973E-05 0.51572 9.9973E-05
0.0193127 0.215786 0.294193 0.0515919 0.324394 0.0947232
0.0662103 0.16872 0.181967 9.9991E-05 0.509785 0.0732184
9.9973E-05 0.422525 0.318331 9.9973E-05 9.9973E-05 0.258844
0.339897 9.9982E-05 9.9982E-05 0.165079 0.460111 0.0347129
0.192164 0.035051 9.9991E-05 0.123769 0.38365 0.265265
0.528777 0.0987861 9.9982E-05 9.9982E-05 0.344037 0.0281995
0.194339 0.00782989 0.00575676 0.0970258 0.479345 0.215703
0.143708 9.9973E-05 9.9973E-05 0.270533 9.9973E-05 0.585459
0.0905137 0.0469518 0.0525941 9.9991E-05 0.554277 0.255563
0.150661 0.0315972 0.00849986 0.122463 0.495777 0.191002
0.412845 0.00550062 9.9991E-05 0.126572 0.394341 0.0606412
0.184886 0.0716173 0.0899416 0.111145 0.513461 0.0289492
0.272812 9.9982E-05 9.9982E-05 0.163158 0.161391 0.402439
0.117272 9.9991E-05 0.0544932 0.191695 0.352734 0.283706
0.253459 9.9982E-05 0.00355999 9.9982E-05 0.57331 0.169471
0.107478 0.16583 0.208332 0.13865 0.324884 0.0548262
0.272953 9.9991E-05 0.00803733 0.0041427 0.46594 0.248828
0.267479 0.0112987 0.0526418 0.181564 0.390039 0.0969778
0.150896 9.9991E-05 0.0848738 0.150717 0.460465 0.152948
0.245703 9.9991E-05 0.0760378 0.148012 0.497867 0.0322802
0.125259 0.0142655 0.106353 0.107132 0.615563 0.0314277
0.0869664 0.0474176 0.096371 0.156884 0.568291 0.0440693
0.13465 0.135914 0.0114636 0.046092 0.585667 0.0862137
9.9973E-05 0.790656 0.108474 9.9973E-05 0.10057 9.9973E-05
9.9982E-05 0.84425 0.0582714 0.0484942 0.0487845 9.9982E-05
0.0639425 0.763198 0.0255123 0.0848273 0.0462664 0.016254
0.0409465 0.793013 0.104988 0.0608521 9.9982E-05 9.9982E-05
9.9964E-05 0.891209 9.9964E-05 9.9964E-05 0.108392 9.9964E-05
0.630094 9.9982E-05 0.0582201 9.9982E-05 0.186604 0.124881
0.191964 0.0359775 0.0283609 0.17985 0.420246 0.143602
9.9991E-05 0.185823 0.177286 0.0318845 0.47612 0.128787
0.138479 0.0483051 9.9991E-05 0.00112699 0.670043 0.141946
0.259416 0.0628484 9.9991E-05 0.0809624 0.589136 0.00753727
0.331055 9.9973E-05 9.9973E-05 9.9973E-05 0.353352 0.315293
0.603336 0.143072 9.9991E-05 0.00735015 0.0712025 0.17494
0.272515 0.0260431 0.0884028 0.0941679 0.460374 0.0584969
0.545664 0.0760951 0.0371146 0.110264 0.206959 0.0239036
0.173469 9.9991E-05 0.127605 0.156833 0.378547 0.163446
0.509883 0.115428 0.0396077 0.050366 0.156691 0.128024
0.224383 0.113726 0.0252628 9.9982E-05 0.636429 9.9982E-05
0.538523 0.0811275 0.00321559 0.0345592 0.264078 0.0784972
0.210817 9.9991E-05 0.0538357 0.0583981 0.386035 0.290814
0.105692 0.0537945 0.0320728 0.04983 0.49231 0.2663
0.179241 0.00923011 9.9982E-05 9.9982E-05 0.256226 0.555102
0.117237 0.0530253 9.9991E-05 0.0767349 0.594952 0.157951
0.0485408 0.0894011 0.0273253 0.0121806 0.598623 0.223929
0.080786 0.0036477 9.9991E-05 0.00547231 0.389085 0.520909
0.0180718 0.0692216 0.133371 0.14749 0.470006 0.161839
9.9982E-05 0.0463192 9.9982E-05 0.162315 0.520365 0.270801
0.0299033 9.9982E-05 9.9982E-05 0.0658949 0.146091 0.75791
0.0430568 9.9982E-05 9.9982E-05 0.0266761 0.299446 0.630621
0.0741682 9.9973E-05 9.9973E-05 9.9973E-05 0.532732 0.3928
0.107213 9.9982E-05 9.9982E-05 0.155293 0.186067 0.551226
0.128765 9.9982E-05 9.9982E-05 0.0499552 0.494397 0.326683
0.567952 9.9991E-05 0.0253419 0.144648 0.196614 0.0653446
0.350361 9.9982E-05 9.9982E-05 0.141588 0.28487 0.222982
0.436806 9.9982E-05 0.0337172 0.138352 0.390925 9.9982E-05
0.183766 0.0326665 0.108105 0.0319991 0.627967 0.0154962
0.518769 9.9973E-05 9.9973E-05 0.23111 0.249821 9.9973E-05
0.176335 0.000100869 0.0394821 0.00112919 0.558644 0.224308
0.259207 0.0334158 0.0626028 0.0526465 0.592028 9.9991E-05
0.292213 9.9982E-05 0.0945609 0.0869593 0.526067 9.9982E-05
0.308283 9.9991E-05 0.106179 0.0600816 0.454508 0.0708488
0.351962 0.0247595 0.0226976 0.14275 0.45773 9.9991E-05
0.584273 9.9982E-05 0.0455207 0.127086 0.24292 9.9982E-05
0.474752 9.9991E-05 0.14081 0.108188 0.24043 0.0357198
0.255782 0.0134287 0.018337 0.00828138 0.672869 0.0313015
0.136598 0.10487 9.9991E-05 0.133866 0.564078 0.0604885
0.21041 0.0105973 0.0154069 0.052558 0.474946 0.236082
0.234268 9.9991E-05 0.167575 0.110499 0.4438 0.0437573
0.401953 0.0539699 9.9982E-05 9.9982E-05 0.489577 0.0543002
0.138211 9.9982E-05 9.9982E-05 0.152239 0.624378 0.0849724
0.303008 0.0438939 0.104986 9.9991E-05 0.53563 0.012383
0.153365 0.0611766 0.0805721 0.0643299 0.501899 0.138658
0.0184444 0.38535 0.0672766 9.9991E-05 0.495615 0.0332144
9.9991E-05 0.10078 0.25866 0.11498 0.437983 0.087497
0.013371 0.0957146 0.232363 0.0727298 0.458729 0.127093
0.0865973 0.0684615 0.175905 0.0419913 0.529722 0.0973225
9.9982E-05 0.263362 0.123693 0.135705 0.477039 9.9982E-05
0.183792 9.9973E-05 9.9973E-05 9.9973E-05 0.537213 0.278696
9.9991E-05 0.177218 0.113378 0.0507045 0.605864 0.0527351
0.039551 0.237498 0.158352 0.10266 0.0338785 0.428061
0.0565629 0.131357 0.0934391 0.0512779 0.544178 0.123185
0.0264806 0.176576 0.148899 9.9991E-05 0.505612 0.142333
0.0574589 0.0400967 0.289076 0.0133192 0.512209 0.0878409
0.109259 0.182775 0.145781 0.106203 0.269109 0.186873
9.9982E-05 0.243251 0.0593954 9.9982E-05 0.6154 0.0817535
9.9991E-05 0.147145 0.215856 0.0283865 0.481066 0.127446
9.9973E-05 0.429198 0.184378 9.9973E-05 9.9973E-05 0.386124
9.9991E-05 0.146839 0.261016 0.00247434 0.569224 0.0203466
0.102752 0.137121 0.248849 9.9991E-05 0.484874 0.0263033
0.00596691 0.124702 0.126837 0.00775638 0.644024 0.0907137
0.00821723 0.162523 0.125619 9.9991E-05 0.610092 0.0934493
0.0569174 0.0952781 0.213493 0.0102433 0.520919 0.103149
0.00108676 0.00543532 0.0433457 0.269045 0.444369 0.236718
0.0487923 0.0806379 0.123311 0.133685 0.419839 0.193734
0.142799 9.9982E-05 9.9982E-05 0.222211 0.0795116 0.555278
0.00386047 9.9982E-05 9.9982E-05 0.360773 0.0279828 0.607183
0.0896411 0.0657486 0.0965266 0.0927344 0.436803 0.218546
9.9991E-05 0.138367 0.285353 0.0273107 0.417203 0.131666
9.9982E-05 0.098205 0.365689 9.9982E-05 0.316989 0.218917
0.00658329 0.212424 0.279967 9.9991E-05 0.206108 0.294817
0.0040881 0.143159 0.245071 9.9991E-05 0.426605 0.180977
0.00549909 0.0574737 0.0557347 0.0212397 0.175437 0.684616
9.9991E-05 0.0364614 0.0767157 0.0723541 0.239934 0.574435
0.0515914 0.0418257 0.0780146 0.144837 0.544491 0.139241
9.9991E-05 0.0656772 0.0998792 0.219621 0.460362 0.154361
0.0154118 9.9991E-05 0.0990475 0.0558855 0.325353 0.504202
0.0310715 0.0743592 0.0730034 0.115588 0.602762 0.103215
0.000201411 9.9991E-05 0.0752833 0.0408371 0.591446 0.292132
0.100569 0.0861375 0.0364072 0.0365343 0.563521 0.176831
0.0707548 9.9982E-05 9.9982E-05 0.243746 0.335459 0.34984
0.0336188 9.9991E-05 0.021258 0.277505 0.387228 0.28029
0.0344767 0.0414066 0.0384123 0.0647496 0.608837 0.212118
0.10146 0.0677002 9.9991E-05 0.156631 0.406896 0.267213
0.0671887 0.0627566 0.0664279 0.0294143 0.502705 0.271507
0.0507537 9.9982E-05 9.9982E-05 0.0598594 0.55656 0.332627
0.0649589 9.9982E-05 9.9982E-05 0.0779586 0.298655 0.558227
9.9973E-05 9.9973E-05 9.9973E-05 0.281794 0.568892 0.149014
0.0423706 0.099309 0.0728171 0.0876235 0.477686 0.220193
0.0620351 9.9982E-05 9.9982E-05 0.298512 0.245726 0.393527
9.9982E-05 9.9982E-05 0.0167149 0.184548 0.479592 0.318945
0.0218522 0.0920957 9.9991E-05 0.0860237 0.593739 0.206189
0.0514724 0.0107631 9.9991E-05 0.124045 0.615502 0.198118
9.9982E-05 0.221891 0.0802878 9.9982E-05 0.529841 0.16778
0.0808252 0.0992195 0.148361 0.0589062 0.39728 0.215408
0.0438716 0.16594 0.284653 9.9991E-05 0.372389 0.133045
0.0335517 0.199247 0.232127 9.9991E-05 0.346844 0.188131
0.0386136 0.125162 0.202133 0.069529 0.480991 0.0835709
9.9991E-05 0.178269 0.130524 0.109829 0.486932 0.094346
9.9982E-05 0.136148 0.176385 0.140947 9.9982E-05 0.54632
0.0351881 0.0941554 0.160621 9.9991E-05 0.645935 0.0640005
9.9973E-05 0.36353 0.139523 9.9973E-05 9.9973E-05 0.496647
9.9991E-05 0.0388537 0.203492 0.0918442 0.524647 0.141063
9.9973E-05 9.9973E-05 9.9973E-05 0.341671 0.086108 0.571921
0.0396774 9.9973E-05 9.9973E-05 0.389585 9.9973E-05 0.570437
9.9973E-05 9.9973E-05 9.9973E-05 0.25835 0.471385 0.269965
9.9973E-05 9.9973E-05 9.9973E-05 0.130717 0.694095 0.174888
0.00842757 9.9982E-05 9.9982E-05 0.235416 0.44411 0.311846
9.9973E-05 9.9973E-05 9.9973E-05 0.28632 0.511129 0.202251
9.9973E-05 9.9973E-05 9.9973E-05 0.264401 0.512443 0.222856
9.9982E-05 0.743049 0.0925813 9.9982E-05 0.0946205 0.0695494
0.095054 0.709469 0.129704 0.0438163 9.9991E-05 0.0218572
0.0637145 0.830848 0.105138 9.9973E-05 9.9973E-05 9.9973E-05
9.9973E-05 0.946782 9.9973E-05 9.9973E-05 0.0183873 0.034531
0.00539616 0.0875988 9.9982E-05 0.479393 0.427412 9.9982E-05
0.0379489 0.0279362 0.110851 0.342587 0.393788 0.0868878
9.9982E-05 0.0726732 0.00793132 0.495693 0.423503 9.9982E-05
0.0523182 0.0996047 9.9982E-05 0.214002 0.633875 9.9982E-05
0.035312 0.0537705 0.109675 0.145218 0.470084 0.18594
0.0929252 0.0245521 9.9991E-05 0.558736 0.234716 0.0889709
9.9973E-05 0.00732318 9.9973E-05 0.330054 0.662323 9.9973E-05
9.9973E-05 9.9973E-05 9.9973E-05 0.541444 0.299179 0.159077
0.011389 0.248837 0.0847289 9.9991E-05 0.514576 0.14037
0.0612301 9.9991E-05 0.0627106 0.452824 0.406457 0.0166785
0.0807581 9.9973E-05 9.9973E-05 0.574936 0.344006 9.9973E-05
0.00138496 9.9982E-05 9.9982E-05 0.353154 0.63298 0.0122811
9.9973E-05 0.0369933 9.9973E-05 0.578129 0.384578 9.9973E-05
9.99793E-05 9.99793E-05 0.0270232 0.477499 0.495178 9.99793E-05
9.9973E-05 0.0622747 9.9973E-05 0.396353 0.541072 9.9973E-05
9.9973E-05 9.9973E-05 9.9973E-05 0.910527 0.0323038 0.0568689
9.9991E-05 0.0293193 0.0291683 0.621694 0.169546 0.150172
0.0162269 0.00397456 9.9991E-05 0.569416 0.316812 0.0934709
9.9964E-05 9.9964E-05 9.9964E-05 0.811534 9.9964E-05 0.188066
0.0495823 0.0665452 9.9991E-05 0.40164 0.462969 0.0191629
9.9973E-05 9.9973E-05 9.9973E-05 0.581989 0.103175 0.314536
9.9964E-05 9.9964E-05 9.9964E-05 0.715887 9.9964E-05 0.283713
9.9982E-05 0.0621275 9.9982E-05 0.397125 0.529942 0.0106057
0.0122951 0.0734747 9.9982E-05 0.697936 0.216094 9.9982E-05
0.168136 9.9982E-05 0.101829 0.399632 0.330203 9.9982E-05
0.0365517 0.0236263 0.171102 0.196244 0.5338 0.0386762
0.038757 9.9982E-05 9.9982E-05 0.374045 0.543504 0.0434944
0.207752 9.9991E-05 0.0422539 0.135174 0.38623 0.22849
9.9982E-05 0.0333027 0.0355576 0.438822 0.492118 9.9982E-05
0.107224 0.025038 0.038136 0.292322 0.51889 0.0183889
0.0162556 9.9982E-05 9.9982E-05 0.697556 0.270859 0.0151293
0.134842 0.0327883 0.0626602 0.221079 0.505364 0.0432667
0.304873 0.604115 9.9982E-05 9.9982E-05 0.0447002 0.0461113
0.132451 0.741936 0.00441173 0.112465 0.00863576 9.9991E-05
0.11677 0.795428 9.9973E-05 9.9973E-05 9.9973E-05 0.0875019
0.173057 0.804311 9.9973E-05 9.9973E-05 9.9973E-05 0.0223321
0.212419 0.722259 9.9982E-05 9.9982E-05 0.0530874 0.0120349
0.198291 0.00388875 0.0315964 0.660058 0.106066 9.9991E-05
0.168402 0.0715941 9.9991E-05 0.614895 0.13414 0.0108684
9.9982E-05 9.9982E-05 0.0200225 0.802094 0.0474863 0.130198
9.9991E-05 0.00897569 0.174996 0.227317 0.473532 0.115079
0.0528178 0.147451 0.00587187 0.212775 0.580984 9.9991E-05
9.9991E-05 0.0214577 0.0271224 0.525875 0.24138 0.184065
9.9982E-05 9.9982E-05 0.0169907 0.314221 0.659114 0.00947433
9.9991E-05 0.0740926 0.021953 0.522446 0.358167 0.0232415
0.0981255 9.9982E-05 9.9982E-05 0.292154 0.536681 0.0728395
9.9982E-05 0.00184438 0.0165354 0.367844 0.613577 9.9982E-05
0.156189 0.0317455 0.0286467 0.605087 0.178232 9.9991E-05
0.0672475 0.000371239 0.0141014 0.60609 0.31209 9.9991E-05
0.137585 9.9973E-05 9.9973E-05 0.597731 0.264385 9.9973E-05
0.0509126 0.0697079 0.0346273 0.0107505 0.637893 0.196109
0.0322016 0.0136117 9.9982E-05 0.591877 0.362109 9.9982E-05
0.10808 0.0247717 9.9982E-05 0.387445 0.479504 9.9982E-05
0.0896293 0.066167 0.38538 0.0691458 0.389578 9.9991E-05
9.9991E-05 0.113531 0.507316 0.0180555 0.341314 0.0196835
9.9982E-05 0.151696 0.365704 9.9982E-05 0.430115 0.0522849
9.9982E-05 0.140781 0.472673 9.9982E-05 0.29751 0.0888368
0.017429 0.217551 0.208406 9.9982E-05 0.556414 9.9982E-05
9.9982E-05 0.00397836 9.9982E-05 0.246103 0.584356 0.165363
9.9982E-05 0.291337 0.610459 9.9982E-05 0.0834663 0.014537
9.9991E-05 0.194783 0.380364 0.0120069 0.365627 0.0471188
9.9991E-05 0.146256 0.0985959 0.10548 0.510659 0.13891
0.0739095 0.13001 9.9982E-05 9.9982E-05 0.601676 0.194205
0.0292933 0.128587 9.9991E-05 0.0803265 0.518641 0.243052
0.0747125 0.126041 0.0634198 0.0904871 0.549026 0.0963129
0.0649578 0.115609 9.9991E-05 0.0106797 0.678854 0.1298
9.9982E-05 0.252006 0.339677 9.9982E-05 0.385876 0.0222412
0.0777971 0.0447604 0.399909 0.0514367 0.400319 0.0257777
9.9982E-05 0.0330386 0.493827 9.9982E-05 0.426768 0.0461657
0.024473 0.152537 0.248011 0.000336746 0.547559 0.0270828
9.9982E-05 0.139459 0.52196 9.9982E-05 0.30183 0.0365519
0.0660257 0.0743767 0.36066 0.0750547 0.373913 0.0499698
9.9991E-05 0.152602 0.501042 0.0213645 0.282486 0.042406
0.118369 0.0439441 0.38136 0.0471492 0.409078 9.9991E-05
9.9982E-05 0.075772 9.9982E-05 0.0201469 0.573633 0.330248
9.9982E-05 0.222985 0.297677 9.9982E-05 0.422011 0.0571275
9.9982E-05 0.178801 0.715572 9.9982E-05 0.0949683 0.0104591
0.0849556 0.158898 0.32435 0.00120054 0.37309 0.0575066
0.223995 0.143168 9.9991E-05 0.102834 0.290097 0.239806
9.9964E-05 9.9964E-05 9.9964E-05 9.9964E-05 0.695358 0.304242
0.0755656 0.173617 0.344437 0.0178387 0.354395 0.0341467
0.0955574 0.109455 9.9982E-05 9.9982E-05 0.628255 0.166532
0.0218708 0.14491 9.9991E-05 0.107637 0.516315 0.209168
0.127963 0.190568 0.20762 9.9991E-05 0.404815 0.0689339
0.0317816 0.152163 0.263669 9.9991E-05 0.360689 0.191598
0.103128 0.0553408 0.0703317 0.0572256 0.509541 0.204432
9.9982E-05 0.147819 0.394051 0.140729 0.317201 9.9982E-05
9.9982E-05 0.12059 0.416447 9.9982E-05 0.42622 0.0365437
9.9982E-05 0.201528 0.57609 9.9982E-05 0.1961 0.0260823
0.0276804 0.0777995 0.0325422 0.0716245 0.598121 0.192233
0.158355 0.130084 9.9991E-05 0.072972 0.520572 0.117917
9.9982E-05 0.0960708 0.0179052 9.9982E-05 0.211549 0.674275
0.0126897 0.0733534 0.0697387 0.195333 0.536743 0.112143
0.254008 0.0732551 0.0467228 0.0247332 0.402705 0.198576
9.9991E-05 0.1206 0.145813 0.102383 0.50202 0.129083
0.0869476 0.155555 0.0693129 0.116343 0.485548 0.0862931
9.9973E-05 0.28032 0.187213 9.9973E-05 9.9973E-05 0.532168
9.9973E-05 0.289542 0.107358 9.9973E-05 9.9973E-05 0.6028
0.0733449 0.147588 0.126362 0.020382 0.282074 0.35025
9.9982E-05 0.33633 0.204057 9.9982E-05 0.0442917 0.415121
9.9973E-05 0.389752 0.226898 9.9973E-05 9.9973E-05 0.38305
0.0348512 0.140535 0.101406 0.0198269 0.387816 0.315564
9.9991E-05 0.233234 0.114314 0.122745 0.389617 0.139989
9.9991E-05 0.277241 0.164997 0.0537441 0.174846 0.329072
9.9982E-05 0.273061 0.121345 9.9982E-05 0.180886 0.424507
9.9991E-05 0.073704 0.171 0.043766 0.505366 0.206064
9.99839E-05 0.220828 0.0973974 9.99839E-05 0.181107 0.500468
9.9973E-05 0.453701 0.0264388 9.9973E-05 9.9973E-05 0.51956
0.0973494 0.13 0.174373 0.0129111 0.558326 0.0270401
0.0521411 0.12855 0.265206 9.9991E-05 0.31476 0.239243
0.0652218 0.305448 0.166803 0.0357232 0.426704 9.9991E-05
9.9973E-05 0.160651 0.223719 9.9973E-05 0.61533 9.9973E-05
0.047289 0.239696 0.149929 0.166557 0.392606 0.00392212
9.9991E-05 0.175689 0.181526 0.10577 0.48023 0.0566858
9.9991E-05 0.179453 0.186414 0.104303 0.508684 0.0210463
0.0602972 0.360908 0.176161 9.9991E-05 0.391939 0.0105943
0.119217 0.157924 0.135146 9.9991E-05 0.551337 0.0362755
9.9982E-05 0.276107 0.263809 0.0318782 0.428006 9.9982E-05
0.0271797 0.315203 0.199768 0.0784697 0.338564 0.0408162
0.14084 0.171077 0.136588 0.260497 0.240186 0.0508127
0.0250021 0.161542 0.0777197 9.9991E-05 0.578901 0.156735
0.0552278 0.152708 0.190594 9.9991E-05 0.522374 0.0789966
9.9982E-05 0.208453 0.0217555 0.138542 0.63105 9.9982E-05
0.00972691 0.236397 0.256449 9.9991E-05 0.369028 0.128298
9.9982E-05 0.153226 0.155241 9.9982E-05 0.566489 0.124845
9.9991E-05 0.362065 0.202438 0.0167511 0.183851 0.234795
0.036134 0.230935 0.218555 0.00856551 0.418992 0.0868186
9.9982E-05 0.194904 0.362685 9.9982E-05 0.213942 0.22827
0.107721 0.793678 9.9982E-05 0.0247196 9.9982E-05 0.0736821
0.740295 0.119227 9.9982E-05 9.9982E-05 0.131399 0.00887859
0.935198 0.0618694 9.9973E-05 0.00263228 9.9973E-05 9.9973E-05
0.98308 0.0165201 9.9964E-05 9.9964E-05 9.9964E-05 9.9964E-05
0.932656 9.9973E-05 0.0024805 9.9973E-05 0.0645632 9.9973E-05
0.914845 9.9973E-05 0.0239886 9.9973E-05 0.0608662 9.9973E-05
0.866471 9.9964E-05 9.9964E-05 9.9964E-05 0.133129 9.9964E-05
0.970609 0.0289907 9.9964E-05 9.9964E-05 9.9964E-05 9.9964E-05
0.800283 0.199318 9.9964E-05 9.9964E-05 9.9964E-05 9.9964E-05
0.0891119 0.869016 0.0345745 9.9982E-05 0.0070972 9.9982E-05
0.0883417 0.813838 9.9973E-05 9.9973E-05 0.0975204 9.9973E-05
0.0114283 0.898363 0.0282165 0.051396 0.0104965 9.9991E-05
0.060633 0.795081 9.9982E-05 9.9982E-05 0.0451413 0.0989449
0.0119187 0.887796 0.0395196 0.060566 9.9982E-05 9.9982E-05
0.00967948 0.906467 0.00280543 0.0117765 9.9991E-05 0.069172
0.0749087 0.70541 0.12603 9.9991E-05 0.0478516 0.0456995
9.9973E-05 0.878739 0.0764773 9.9973E-05 9.9973E-05 0.0444833
0.0997122 0.736275 0.0565396 0.051684 0.0556893 9.9991E-05
9.9982E-05 0.916906 0.030983 0.0290779 0.0228334 9.9982E-05
0.0200674 0.961571 9.9973E-05 0.018062 9.9973E-05 9.9973E-05
0.0620126 0.828434 0.0478595 0.0105719 0.033683 0.0174386
0.00859925 0.929775 0.0119038 9.9982E-05 0.0495215 9.9982E-05
0.0235972 0.901124 0.0298246 9.9991E-05 0.0263844 0.0189695
0.00652159 0.867002 0.0646417 0.0455663 0.0161681 9.9991E-05
9.9973E-05 0.869819 0.020391 9.9973E-05 0.10949 9.9973E-05
9.9973E-05 0.788857 0.109952 9.9973E-05 0.100891 9.9973E-05
9.9982E-05 0.786789 0.0790544 0.00703913 0.126918 9.9982E-05
9.9973E-05 0.819017 0.0417212 9.9973E-05 0.138962 9.9973E-05
0.102977 0.153304 9.9991E-05 0.0478236 0.468072 0.227724
9.9982E-05 0.0441501 9.9982E-05 0.104906 0.659404 0.191339
0.00318533 0.174989 0.0228454 0.150027 0.585911 0.0630419
0.0244743 0.0363833 9.9991E-05 0.0367061 0.235193 0.667144
0.103663 0.120069 0.00777337 0.0305013 0.569523 0.16847
9.9982E-05 0.184477 0.0115331 9.9982E-05 0.160389 0.643402
9.9982E-05 0.0902929 0.0191105 9.9982E-05 0.689076 0.20132
0.116193 0.0440932 9.9991E-05 0.093893 0.470302 0.275419
0.0787252 0.0407151 0.00998738 0.119625 0.61349 0.137457
9.9982E-05 0.0996785 0.032666 0.413843 0.453613 9.9982E-05
0.0883044 0.114514 9.9991E-05 0.0780682 0.453261 0.265752
9.9982E-05 0.0703073 9.9982E-05 0.109305 0.658972 0.161216
0.0910524 0.112408 9.9982E-05 9.9982E-05 0.630596 0.165743
0.499789 9.9982E-05 0.0620271 0.200833 9.9982E-05 0.23715
0.101374 9.9982E-05 9.9982E-05 0.000607698 0.012695 0.885124
0.0568734 0.0454669 9.9982E-05 9.9982E-05 0.218721 0.678738
0.109735 0.0909186 9.9991E-05 0.0103407 0.722257 0.0666487
9.9973E-05 0.123677 9.9973E-05 9.9973E-05 0.594804 0.281219
9.9982E-05 0.132945 9.9982E-05 0.0487275 0.547636 0.270491
9.9991E-05 0.120284 0.109158 0.156184 0.519524 0.0947495
9.9991E-05 0.181468 0.124748 0.000819493 0.574508 0.118356
0.0182571 0.183845 0.195029 0.0190447 0.560756 0.0230683
0.157224 0.437386 0.128728 0.0119139 0.141378 0.12337
0.0853982 0.101589 9.9982E-05 9.9982E-05 0.653287 0.159526
0.152099 0.193594 0.121645 9.9991E-05 0.40056 0.132003
9.9973E-05 0.324122 0.218208 9.9973E-05 9.9973E-05 0.457371
9.9991E-05 0.31183 0.180497 0.0212393 0.325156 0.161177
0.0352884 0.343501 0.175989 0.057917 0.362506 0.0247989
0.163808 0.29409 0.0619344 9.9991E-05 0.466013 0.0140551
0.0790778 0.150108 0.119075 0.0509343 0.53908 0.0617244
9.9991E-05 0.185395 0.131039 0.0270883 0.544912 0.111465
0.0312904 0.192864 0.197295 9.9991E-05 0.487478 0.0909717
9.9991E-05 0.171344 0.14575 0.115841 0.367491 0.199473
9.9991E-05 0.423957 0.126072 0.0874161 0.346981 0.0154735
