0.815412 0.0750879 9.9982E-05 0.0329459 0.041764 9.9982E-05 0.0345903
0.928657 0.011999 0.00552737 9.9982E-05 0.0323315 9.9982E-05 0.0212853
0.758833 0.0964493 9.9982E-05 0.0178737 9.9982E-05 0.110076 0.0165673
0.726833 0.0746397 9.9982E-05 0.0708315 9.9982E-05 0.0346688 0.0928267
0.861718 9.9973E-05 0.0403765 0.0703153 9.9973E-05 0.0272907 9.9973E-05
0.66829 9.9991E-05 0.0735711 0.0484734 0.0768983 0.0853306 0.0473363
0.79515 0.0552956 0.0827972 9.9982E-05 0.0382507 0.0283069 9.9982E-05
0.715011 0.0285434 0.108108 0.0356087 9.9982E-05 9.9982E-05 0.112529
0.827885 0.0134714 0.0535328 9.9982E-05 0.00893713 9.9982E-05 0.0959737
0.680179 0.0247329 0.100152 0.00578292 9.9982E-05 0.188953 9.9982E-05
0.775575 0.0112121 0.094937 9.9991E-05 0.0305558 0.0077783 0.0798418
9.9973E-05 9.9973E-05 9.9973E-05 0.0717527 0.224847 0.244511 0.458589
0.0108469 0.0382725 0.0468639 0.0538693 9.9991E-05 0.560362 0.289686
9.999E-05 0.0557202 0.0610926 0.0855737 0.150611 0.262156 0.384746
0.0521737 0.00718981 9.9991E-05 0.183176 0.138319 0.292284 0.326757
0.0369262 0.0540708 9.9991E-05 0.142284 0.161034 0.387165 0.21842
9.9991E-05 0.0585342 0.0373908 0.0907004 0.055027 0.587829 0.170418
9.9982E-05 0.0944976 9.9982E-05 0.0800206 0.192105 0.398569 0.234608
0.0569083 0.0634523 9.9991E-05 0.0322422 0.159607 0.338992 0.348698
0.0581963 0.0318635 0.0845344 0.0748484 0.150172 0.00533293 0.595052
9.999E-05 0.0425572 0.0853261 0.106481 0.154011 0.386286 0.22524
0.0487831 0.079758 0.118196 0.0184575 0.127127 0.427268 0.18041
0.0645732 9.9991E-05 0.103393 0.0578362 0.195066 0.458926 0.120106
9.999E-05 0.0482944 0.0416927 0.113662 0.227188 0.256625 0.312438
0.067342 0.00751088 0.0351864 0.104387 0.0310767 0.677062 0.0774349
9.9991E-05 0.0412785 0.0218339 0.137647 0.0365696 0.49991 0.262661
9.9982E-05 0.0492627 9.9982E-05 0.0943441 0.191846 0.189454 0.474893
0.0198894 0.0344778 9.9991E-05 0.139384 0.140665 0.271877 0.393607
9.9982E-05 9.9982E-05 0.129911 0.0044555 0.0539514 0.329563 0.481919
9.995E-05 0.9994 9.995E-05 9.995E-05 9.995E-05 9.995E-05 9.995E-05
9.995E-05 0.9994 9.995E-05 9.995E-05 9.995E-05 9.995E-05 9.995E-05
0.490679 0.368246 9.9991E-05 0.00133648 0.03211 0.10636 0.00116794
0.453848 0.294868 9.9982E-05 0.136042 0.0650368 0.0500058 9.9982E-05
9.9982E-05 9.9982E-05 0.00854739 0.0923951 0.198424 0.523639 0.176794
0.104099 0.0132724 0.0432748 0.00300844 0.315377 0.50117 0.0197978
9.9982E-05 0.00163177 0.0469446 0.048234 0.410523 0.492467 9.9982E-05
0.0467919 0.032639 0.0437712 9.9991E-05 0.0857824 0.242311 0.548604
9.9973E-05 9.9973E-05 0.0572744 0.0965943 0.644989 0.200842 9.9973E-05
0.068106 0.0286439 9.9982E-05 9.9982E-05 0.281082 0.449765 0.172203
0.0159099 0.0323142 9.9982E-05 0.040192 0.242062 0.669322 9.9982E-05
0.100943 0.00491897 0.113112 9.9991E-05 0.0318935 0.645798 0.103235
0.0381701 0.107133 0.00193287 9.9991E-05 0.186677 0.58826 0.0777279
0.00455819 0.0321185 0.028805 0.0541101 0.734386 0.00444939 0.141573
0.0739408 9.9991E-05 0.0722573 0.0616031 0.130556 0.582744 0.0787979
0.0798483 0.00496384 0.0556393 0.0264308 0.215662 0.617356 9.9991E-05
0.168917 0.0200639 0.0328483 0.104372 0.132772 0.515957 0.0250701
9.9973E-05 9.9973E-05 0.117383 0.0269897 0.59288 0.262447 9.9973E-05
0.041353 0.0604229 9.9973E-05 9.9973E-05 0.246635 0.651289 9.9973E-05
0.125906 9.9991E-05 0.0364899 0.0842568 0.236905 0.408023 0.108319
0.105112 9.9964E-05 0.256076 9.9964E-05 0.638412 9.9964E-05 9.9964E-05
9.9982E-05 9.9982E-05 0.137574 0.026418 0.192558 0.197011 0.446239
0.0362102 9.9982E-05 0.410883 9.9982E-05 0.189861 0.115528 0.247318
0.0686569 0.0455535 0.126388 0.0582075 9.9991E-05 0.610146 0.0909488
0.129996 9.9973E-05 0.0822491 9.9973E-05 9.9973E-05 0.735144 0.0523105
0.0506801 0.0498727 0.114981 0.100478 0.0185187 0.537209 0.12826
0.0649376 0.0207995 0.147024 9.9991E-05 0.216065 0.171598 0.379476
9.9982E-05 0.00835725 0.106605 9.9982E-05 0.102901 0.601688 0.18025
0.0858329 0.0280723 9.9991E-05 0.0904381 0.110558 0.563393 0.121605
0.0585452 0.0780861 0.0352181 0.03462 0.24361 0.316739 0.233181
0.174704 0.0663505 0.171368 0.0177179 0.105942 0.128737 0.335179
0.0844733 0.0227965 0.0861512 0.00809028 0.17583 0.542185 0.0804737
0.0439 0.000924619 0.125667 0.146724 0.115491 0.334832 0.232462
9.9982E-05 0.0710723 0.136326 9.9982E-05 0.253211 0.0660889 0.473102
9.9982E-05 0.020775 0.121454 9.9982E-05 0.174329 0.471444 0.211797
0.00427569 0.0177003 0.157938 0.0233511 0.0176747 0.71898 0.0600802
0.0369341 0.0826132 0.14148 0.0992547 9.9991E-05 0.542728 0.0968901
0.0595168 0.0159647 0.124526 9.9991E-05 0.119519 0.373978 0.306395
9.9982E-05 0.0571042 0.120042 9.9982E-05 0.108534 0.531255 0.182864
0.0316941 0.048018 0.0425736 0.0232384 9.9991E-05 0.57202 0.282356
9.9982E-05 0.0615671 0.0846845 9.9982E-05 0.119707 0.224304 0.509538
9.9964E-05 9.9964E-05 9.9964E-05 9.9964E-05 0.42769 0.505059 0.0668507
9.9982E-05 0.00354687 9.9982E-05 0.0189254 0.73254 0.142038 0.10275
0.0978305 0.0747578 0.0295612 0.0422374 0.212861 0.46269 0.0800618
0.0124001 9.9964E-05 0.0652116 9.9964E-05 0.921988 9.9964E-05 9.9964E-05
9.9982E-05 9.9982E-05 0.188874 0.00832546 0.768349 0.00727626 0.0269753
0.0034354 9.9982E-05 0.0244024 0.000309454 0.724092 0.247561 9.9982E-05
9.9973E-05 9.9973E-05 9.9973E-05 0.0943866 0.442533 0.320352 0.142429
0.0713446 0.0431967 0.047922 0.0175116 0.226557 0.584645 0.00882318
9.9982E-05 0.0284067 9.9982E-05 0.0926595 0.479167 0.315657 0.0839092
0.0489874 9.9982E-05 9.9982E-05 0.072634 0.645428 0.0574552 0.175295
0.0323016 0.022946 9.9982E-05 9.9982E-05 0.499376 0.224781 0.220395
0.0815321 9.9982E-05 9.9982E-05 0.0593265 0.246207 0.524971 0.087763
0.0203424 0.00831528 9.9982E-05 9.9982E-05 0.644726 0.271373 0.0550431
0.0159857 0.0389645 0.0179759 9.9982E-05 0.540811 0.386063 9.9982E-05
0.00528744 0.0325205 0.0706332 9.9982E-05 0.587576 0.303783 9.9982E-05
9.9973E-05 9.9973E-05 0.277421 0.0291586 0.658176 9.9973E-05 0.0349446
9.9991E-05 0.0401854 0.0616048 0.00323499 0.229887 0.633598 0.0313903
0.787733 0.0121635 9.9991E-05 0.053688 0.012005 0.0948228 0.0394875
0.828293 0.0894693 9.9964E-05 9.9964E-05 9.9964E-05 0.0818383 9.9964E-05
0.764265 0.146262 9.9973E-05 0.014026 9.9973E-05 0.0751468 9.9973E-05
0.809981 0.108617 9.9982E-05 0.0171447 0.01054 0.0535176 9.9982E-05
0.809876 0.111264 9.9982E-05 0.00125057 0.0156578 0.0617516 9.9982E-05
0.844004 0.0362792 0.059472 0.0382601 0.0112919 0.0105923 9.9991E-05
0.855806 0.0813978 0.0373945 0.0101816 9.9982E-05 0.01502 9.9982E-05
0.0748552 0.0193779 0.000941621 0.117013 0.247069 0.451831 0.0889118
9.9982E-05 0.138152 9.9982E-05 0.112306 0.174927 0.539454 0.0349608
0.0823865 9.9982E-05 0.00413231 9.9982E-05 0.892606 0.0126777 0.00799787
0.122299 0.00672487 9.9991E-05 0.0408974 0.0864635 0.659054 0.0844609
0.00639425 9.9982E-05 9.9982E-05 0.0411631 0.480128 0.418382 0.0537322
0.0457363 0.0618009 9.9982E-05 0.0456299 0.328911 0.517722 9.9982E-05
0.051938 9.9991E-05 0.0693382 0.0308253 0.308904 0.478937 0.0599568
0.0225687 9.9973E-05 9.9973E-05 0.036611 0.404528 0.535992 9.9973E-05
0.0577951 9.9973E-05 0.070978 9.9973E-05 0.716694 9.9973E-05 0.154233
0.17487 9.9991E-05 0.133081 0.0391063 0.158747 0.464427 0.0296684
0.0182651 0.0255916 0.12692 0.056712 0.159724 0.612687 9.9991E-05
0.113202 0.00664007 9.9991E-05 0.139913 0.109444 0.555866 0.074835
0.00717405 9.9982E-05 0.155321 0.0216856 0.526619 0.289 9.9982E-05
9.9982E-05 0.039905 0.0803424 0.00819223 0.387188 0.484172 9.9982E-05
9.9973E-05 0.0434873 9.9973E-05 9.9973E-05 0.496976 0.403591 0.0556456
9.9973E-05 0.0044579 9.9973E-05 0.126885 0.705004 0.163353 9.9973E-05
0.0728381 9.9973E-05 9.9973E-05 9.9973E-05 0.355351 0.482719 0.0887921
0.123096 0.0606769 0.0374791 9.9991E-05 0.20227 0.541823 0.0345551
0.0305053 0.0215925 0.242379 0.0144856 0.107107 0.252793 0.331138
0.0787117 0.0645427 0.0560254 0.0284882 9.9991E-05 0.478224 0.293908
0.0659623 0.0774693 0.0671463 0.0642094 0.168466 0.475436 0.0813105
0.0331489 9.9991E-05 0.0482357 0.111715 0.102296 0.517472 0.187033
9.9982E-05 0.0344388 0.0504164 0.0431711 9.9982E-05 0.45495 0.416824
9.9991E-05 0.0225368 0.00130594 0.00814667 0.0119177 0.674308 0.281685
0.0282673 9.9982E-05 9.9982E-05 0.0413894 0.0395768 0.487005 0.403561
0.0955003 0.057157 0.120762 0.0320466 0.0566011 0.44387 0.194063
0.0393012 0.0110918 9.9991E-05 0.0536514 0.0904818 0.623733 0.181641
9.9982E-05 0.018363 0.0914948 9.9982E-05 0.122951 0.55915 0.207842
0.0122513 9.9964E-05 9.9964E-05 9.9964E-05 9.9964E-05 0.59208 0.395268
0.0579005 0.000453743 0.0921086 0.0596748 0.0226834 0.649188 0.117991
0.0633231 0.00934484 0.110435 0.119182 0.00614525 0.566795 0.124774
9.9982E-05 9.9982E-05 0.0881369 0.098359 0.0317469 0.574958 0.2066
9.9991E-05 0.0295405 0.210078 0.061328 0.0213865 0.556355 0.121212
9.9982E-05 9.9982E-05 0.0123743 0.0592156 0.133025 0.622537 0.172648
0.0823604 0.0375591 0.287778 0.0162033 9.9991E-05 0.296761 0.279239
0.0248576 0.0397003 0.00478192 9.9991E-05 0.050387 0.666971 0.213202
9.9982E-05 0.0459779 0.129007 0.0417366 9.9982E-05 0.643007 0.140072
9.9982E-05 9.9982E-05 0.0949099 0.114935 0.123846 0.268082 0.398028
9.9991E-05 0.0206348 0.277038 0.0302091 0.214355 0.146955 0.310708
0.0557057 0.0421838 0.0899942 0.00670596 0.158169 0.512144 0.135097
9.9982E-05 9.9982E-05 0.399614 0.0479492 0.147888 0.147645 0.256703
0.0113906 0.00431855 0.0649174 9.9991E-05 0.235605 0.261003 0.422665
9.9973E-05 9.9973E-05 9.9973E-05 0.0253518 0.154647 0.475107 0.344595
9.9982E-05 0.0361389 0.0465778 9.9982E-05 0.173229 0.356301 0.387553
9.9973E-05 9.9973E-05 9.9973E-05 0.0207648 0.138398 0.301136 0.539401
0.0579605 0.0411859 0.117626 0.0421205 0.00732165 0.607047 0.126738
0.0438055 9.9982E-05 0.181731 0.134035 9.9982E-05 0.525632 0.114597
0.101518 0.0208538 9.9991E-05 0.0175942 0.0743405 0.573199 0.212395
9.9991E-05 0.00464902 0.293032 0.0954746 0.192592 0.100993 0.31316
0.16868 0.0244528 0.102145 0.065973 0.245399 0.3148 0.0785508
0.0310735 0.00305352 0.219719 0.0210201 0.143039 0.538889 0.0432057
0.109123 0.0500017 0.560866 9.9982E-05 0.177511 9.9982E-05 0.102297
0.0616609 0.0690332 0.0664604 0.0503204 0.151598 0.600827 9.9991E-05
0.038245 0.0363257 0.274535 0.0352522 0.253732 0.293051 0.0688592
0.0773159 9.9991E-05 0.209078 0.0637829 0.00475559 0.57159 0.0733782
0.0233849 0.0369519 0.405662 0.00644169 0.0257155 0.307298 0.194545
0.0958935 0.0394443 0.382909 9.9991E-05 0.109693 0.259142 0.112818
0.0385345 9.9982E-05 0.258458 9.9982E-05 0.163193 0.446006 0.0936084
0.12822 9.9982E-05 0.14182 0.0214931 9.9982E-05 0.56826 0.140007
0.115926 0.00716606 0.159658 0.029676 0.0917146 0.402965 0.192894
0.0438138 0.0290852 0.436192 0.158344 0.332365 9.9982E-05 9.9982E-05
0.0223695 0.0706421 0.148845 0.00882522 0.0724173 0.619079 0.0578215
9.9982E-05 0.00912931 0.273986 9.9982E-05 0.219217 0.368802 0.128666
9.9982E-05 0.0370103 0.17354 9.9982E-05 0.16399 0.530544 0.094715
0.112816 0.032082 0.102868 0.00999075 0.169892 0.518296 0.0540559
0.238995 0.0615318 0.193772 0.26159 0.0856667 0.121219 0.0372252
0.510374 0.0252385 0.31294 0.151148 9.9973E-05 9.9973E-05 9.9973E-05
0.444049 0.047399 0.390668 0.117584 9.9973E-05 9.9973E-05 9.9973E-05
0.357506 0.0259919 0.153166 0.378505 9.9991E-05 0.0822508 0.00248062
9.9964E-05 9.9964E-05 0.261208 9.9964E-05 0.0497147 0.688677 9.9964E-05
0.174335 9.9982E-05 0.0705567 0.0489505 0.115154 0.590804 9.9982E-05
9.9964E-05 9.9964E-05 9.9964E-05 0.680574 9.9964E-05 0.296748 0.0222775
9.9982E-05 0.04174 9.9982E-05 0.451568 0.164479 0.25502 0.0869934
0.127219 0.000835778 0.0488365 0.293274 0.0365263 0.491207 0.00210042
9.9991E-05 0.0553759 0.412919 0.00756089 0.127932 0.356438 0.0396738
0.0903302 0.0201972 0.20341 0.0875593 0.111227 0.466784 0.0204925
9.9973E-05 0.00370584 0.663696 9.9973E-05 9.9973E-05 0.272199 0.0600992
0.0344109 9.9991E-05 0.191634 0.00527738 0.11472 0.608295 0.0455633
0.0139213 0.0121513 0.323771 9.9991E-05 0.0822678 0.486295 0.0814941
0.0528125 9.9991E-05 0.230425 0.0750374 0.00833479 0.578989 0.0543018
9.9973E-05 9.9973E-05 0.588783 9.9973E-05 0.0940615 0.309594 0.00726133
0.0871988 9.9982E-05 0.0833071 9.9982E-05 0.115024 0.641132 0.073138
0.0080956 0.0171213 0.16153 0.160622 0.107555 0.445827 0.099249
9.9955E-05 9.9955E-05 0.0413923 0.958108 9.9955E-05 9.9955E-05 9.9955E-05
9.9964E-05 9.9964E-05 9.9964E-05 0.931603 9.9964E-05 0.0536876 0.01431
0.0574466 9.9982E-05 9.9982E-05 0.590374 0.0291634 0.273457 0.0493586
9.9955E-05 9.9955E-05 9.9955E-05 0.65535 9.9955E-05 0.34415 9.9955E-05
0.0400389 9.9973E-05 9.9973E-05 0.80619 0.0794706 0.0740007 9.9973E-05
9.995E-05 9.995E-05 9.995E-05 0.9994 9.995E-05 9.995E-05 9.995E-05
9.9973E-05 9.9973E-05 0.00637568 0.954967 0.0113005 9.9973E-05 0.0270572
9.9964E-05 9.9964E-05 9.9964E-05 0.857821 0.021722 0.120057 9.9964E-05
9.9955E-05 9.9955E-05 9.9955E-05 0.969492 9.9955E-05 9.9955E-05 0.0300084
9.995E-05 9.995E-05 9.995E-05 0.9994 9.995E-05 9.995E-05 9.995E-05
9.9955E-05 0.0166941 9.9955E-05 0.982806 9.9955E-05 9.9955E-05 9.9955E-05
0.0217586 0.0374264 9.9982E-05 0.777074 9.9982E-05 0.139234 0.0243069
0.0100625 0.0308526 9.9982E-05 0.836392 9.9982E-05 0.0684408 0.0540519
9.9964E-05 0.000584836 9.9964E-05 0.989086 0.00992954 9.9964E-05 9.9964E-05
0.018023 0.0179888 0.0711827 0.397818 0.0279913 0.317916 0.149081
0.0210225 0.0595215 9.9982E-05 0.65337 0.114339 0.151547 9.9982E-05
0.0586854 0.0523885 9.9973E-05 0.659226 9.9973E-05 0.229401 9.9973E-05
9.9973E-05 0.0183878 9.9973E-05 0.874943 9.9973E-05 0.0590361 0.0473334
9.995E-05 9.995E-05 9.995E-05 0.9994 9.995E-05 9.995E-05 9.995E-05
0.0404856 9.9982E-05 9.9982E-05 0.879599 0.00390137 0.0590515 0.0167628
9.9964E-05 0.0356754 9.9964E-05 0.961849 0.00207596 9.9964E-05 9.9964E-05
0.0588877 0.0174754 9.9991E-05 0.623941 0.00362628 0.183006 0.112964
0.0381121 9.9982E-05 9.9982E-05 0.908138 0.0163977 0.028437 0.00871539
0.344042 9.9964E-05 0.612143 0.0434152 9.9964E-05 9.9964E-05 9.9964E-05
0.226024 0.0126594 0.250621 0.0125588 9.9991E-05 0.422818 0.0752181
0.257924 0.00472787 0.189828 0.0525419 0.0567374 0.43024 0.00800039
0.174864 0.0771185 0.463325 0.0834251 9.9982E-05 0.201067 9.9982E-05
0.175568 0.000156806 0.209463 0.120669 9.9982E-05 0.493943 9.9982E-05
0.229375 0.0831027 0.419806 0.0558176 0.0116639 0.200134 9.9991E-05
0.184825 0.0408122 0.129849 0.0926728 0.0280105 0.479875 0.0439555
0.1664 9.9973E-05 0.3452 0.152743 9.9973E-05 0.335357 9.9973E-05
0.109738 0.0997765 0.13707 0.103226 0.0191117 0.530979 9.9991E-05
0.0553249 0.108268 0.342521 0.203406 9.9982E-05 0.29028 9.9982E-05
0.134041 0.00502444 0.166304 0.133203 0.0485135 0.417016 0.0958964
0.865476 9.9973E-05 0.0272972 9.9973E-05 9.9973E-05 0.0464761 0.060451
0.849513 0.0951846 0.0017406 0.0532621 9.9973E-05 9.9973E-05 9.9973E-05
0.897714 0.068632 9.9973E-05 9.9973E-05 9.9973E-05 0.000288219 0.0330654
0.916923 0.041092 0.00205766 9.9982E-05 9.9982E-05 0.00690277 0.0328244
0.820382 0.117234 0.0244502 9.9973E-05 9.9973E-05 9.9973E-05 0.0376345
0.830233 0.0806842 9.9973E-05 0.0838907 0.00489234 9.9973E-05 9.9973E-05
0.818518 0.0557638 9.9982E-05 0.110128 9.9982E-05 0.0133664 0.00202414
0.80172 0.0778615 0.0672045 9.9982E-05 0.0516267 9.9982E-05 0.0013876
0.896109 0.0250761 9.9982E-05 0.00750472 0.0264938 0.0446165 9.9982E-05
0.823426 0.0383336 0.0354144 0.102526 9.9973E-05 9.9973E-05 9.9973E-05
0.548213 0.0571345 9.9973E-05 9.9973E-05 0.108161 9.9973E-05 0.286192
0.599652 0.0156466 9.9973E-05 9.9973E-05 0.0417807 9.9973E-05 0.342621
0.533799 0.0374459 0.134539 9.9982E-05 0.0138035 9.9982E-05 0.280213
0.502882 9.9973E-05 0.0623067 9.9973E-05 0.128326 9.9973E-05 0.306185
0.0158125 0.0389114 9.9982E-05 9.9982E-05 0.25903 0.576282 0.109764
0.0381139 9.9991E-05 0.0866652 0.106982 0.354285 0.304611 0.109243
9.9991E-05 0.0157529 0.0203801 0.0259139 0.300671 0.511303 0.125879
0.00642828 0.0601311 0.0924286 9.9991E-05 0.251993 0.370593 0.218326
9.9982E-05 0.0240409 0.0414495 9.9982E-05 0.14152 0.226601 0.566189
0.0121755 9.9991E-05 0.00260824 0.0611036 0.312529 0.545683 0.0658011
0.00848416 9.9982E-05 9.9982E-05 0.0715767 0.271893 0.512052 0.135794
9.9973E-05 9.9973E-05 0.145731 9.9973E-05 0.264137 0.54158 0.0482516
9.9982E-05 9.9982E-05 0.0368327 0.0297502 0.60445 0.320357 0.00840959
0.0348449 9.9982E-05 0.0162597 9.9982E-05 0.177853 0.656283 0.11456
0.00151319 0.00804617 0.0484407 9.9991E-05 0.419301 0.389365 0.133234
9.9964E-05 9.9964E-05 0.184155 9.9964E-05 0.735072 9.9964E-05 0.0803735
0.0639204 9.9991E-05 0.10345 0.0393167 0.215636 0.442846 0.134731
9.9982E-05 9.9982E-05 0.150053 0.0638352 0.618828 0.144232 0.0228521
9.9982E-05 0.021892 0.113004 9.9982E-05 0.342112 0.506827 0.0159645
0.0577905 9.9982E-05 0.0114692 9.9982E-05 0.619287 0.101893 0.20936
0.137471 0.0120807 0.0962254 9.9973E-05 9.9973E-05 9.9973E-05 0.753923
0.134329 9.9964E-05 0.12648 9.9964E-05 9.9964E-05 9.9964E-05 0.738792
0.0409259 0.0239148 0.0594149 9.9982E-05 9.9982E-05 0.0111792 0.864365
0.151542 9.9973E-05 0.0221646 9.9973E-05 0.0288127 9.9973E-05 0.797181
9.9982E-05 0.030315 0.0790134 0.0642452 0.0648009 9.9982E-05 0.761425
0.0906262 9.9973E-05 9.9973E-05 0.0589637 9.9973E-05 0.0596136 0.790497
0.790513 0.0941813 9.9973E-05 0.0525586 9.9973E-05 0.0624469 9.9973E-05
0.820123 9.9973E-05 9.9973E-05 0.0282723 9.9973E-05 0.067762 0.0835428
0.695653 0.0667339 9.9973E-05 0.140703 9.9973E-05 0.0966108 9.9973E-05
0.717023 0.063355 9.9982E-05 0.0972601 9.9982E-05 0.0533054 0.0688571
0.722241 0.062394 9.9982E-05 0.085407 9.9982E-05 0.0935762 0.0361823
0.367456 0.0329705 0.0569065 9.9973E-05 9.9973E-05 9.9973E-05 0.542367
0.480029 9.9973E-05 0.102509 9.9973E-05 0.000431285 9.9973E-05 0.416731
0.432922 0.0358347 9.9982E-05 0.00824594 0.0877699 9.9982E-05 0.435027
9.995E-05 0.9994 9.995E-05 9.995E-05 9.995E-05 9.995E-05 9.995E-05
0.365138 0.018481 0.0131383 9.9982E-05 0.0717731 9.9982E-05 0.53127
0.193975 9.9973E-05 0.168317 0.400699 9.9973E-05 0.236708 9.9973E-05
0.155415 0.0500477 9.9982E-05 0.243405 9.9982E-05 0.503762 0.0471702
0.175011 0.0276122 9.9973E-05 0.243951 9.9973E-05 0.553126 9.9973E-05
0.310234 0.051592 9.9991E-05 0.174625 0.0391996 0.417367 0.00688171
0.23568 0.0233319 9.9991E-05 0.128317 0.116156 0.479761 0.0166547
0.459351 9.9973E-05 0.221442 0.31279 9.9973E-05 0.00611749 9.9973E-05
9.9982E-05 9.9982E-05 0.0594339 0.0374954 0.128287 0.466633 0.307951
9.9982E-05 0.0229807 0.177043 9.9982E-05 0.106033 0.445459 0.248285
0.0456569 0.0657591 0.0265065 0.023294 0.0099643 0.332558 0.496261
9.9973E-05 9.9973E-05 0.230088 9.9973E-05 0.0382465 0.545431 0.185935
9.9964E-05 9.9964E-05 0.589461 9.9964E-05 0.190334 9.9964E-05 0.219805
0.0522318 0.0474643 0.155698 0.0188378 0.115301 0.497762 0.112706
9.9982E-05 0.0473958 0.226919 9.9982E-05 0.0642089 0.488684 0.172592
9.9982E-05 0.0549738 0.0560382 9.9982E-05 0.0336499 0.431246 0.423892
0.0526285 9.9991E-05 0.0218817 0.106666 0.129434 0.510856 0.178434
9.9982E-05 0.0243091 0.401231 9.9982E-05 0.197062 0.1231 0.254098
9.9982E-05 9.9982E-05 0.271804 0.0222937 0.095437 0.467979 0.142287
9.9982E-05 0.062793 0.0885391 9.9982E-05 0.0507485 0.50075 0.296969
0.160053 9.9991E-05 0.0227138 0.174818 0.142957 0.383698 0.11566
9.9964E-05 9.9964E-05 0.233506 9.9964E-05 9.9964E-05 0.454444 0.31165
0.04617 0.00457457 0.0296113 9.9991E-05 0.125941 0.498154 0.295449
9.9991E-05 0.0012189 0.244958 0.0794586 0.0184847 0.54994 0.10584
0.00232451 9.9991E-05 0.1909 0.000734097 0.150229 0.472642 0.18307
9.9982E-05 0.00149038 9.9982E-05 0.072568 0.132433 0.695319 0.0979891
0.0731662 0.0065885 0.117103 0.016903 0.0271606 0.533389 0.225689
0.0276584 0.106233 0.0290839 0.0580701 0.0839769 0.581981 0.112997
0.796445 9.9964E-05 9.9964E-05 0.0993506 9.9964E-05 0.103804 9.9964E-05
0.845916 0.00698711 0.0173759 0.0485678 0.0347429 0.0463101 9.9991E-05
0.806146 9.9982E-05 9.9982E-05 0.00194638 0.0526155 0.0815802 0.0575119
0.81887 0.0118169 9.9991E-05 0.0263851 0.0248161 0.0696776 0.0483345
0.82363 0.0584207 9.9964E-05 9.9964E-05 9.9964E-05 0.11755 9.9964E-05
9.9982E-05 9.9982E-05 0.0418734 0.136943 0.0445856 0.105302 0.671096
9.9991E-05 0.0244695 0.0558098 0.123737 0.163329 0.482883 0.149672
0.251996 9.9973E-05 0.104695 0.108692 9.9973E-05 0.534316 9.9973E-05
9.9982E-05 0.0663547 0.0506042 9.9982E-05 0.0250051 0.705882 0.151954
9.9991E-05 0.0418025 0.0352433 0.0105179 0.179329 0.54834 0.184667
9.9982E-05 0.0297321 0.301305 0.0496543 9.9982E-05 0.262868 0.356241
0.127294 0.0339709 0.0628548 9.9982E-05 0.219007 9.9982E-05 0.556673
0.0108706 0.00214997 0.0681392 0.0341825 0.0524639 0.54742 0.284774
9.9991E-05 0.0490025 0.0760739 0.0423137 0.129131 0.159866 0.543512
0.000931392 0.0316413 0.160762 0.0574758 0.123815 0.466462 0.158914
0.0998211 0.0279418 0.142565 0.0459534 0.0857011 0.165319 0.432699
0.119041 0.00579772 0.0417271 9.9991E-05 0.000633719 0.646123 0.186577
0.0604177 0.0264202 0.0367155 9.9991E-05 0.0784121 0.257676 0.540258
9.9991E-05 0.00411875 0.356238 0.078754 0.0175696 0.30781 0.235409
0.0798582 9.9991E-05 0.129384 0.0355337 0.0828514 0.561921 0.110351
0.0325545 9.9973E-05 0.493058 9.9973E-05 9.9973E-05 0.32906 0.145027
0.0826938 0.0355016 0.0467341 9.9991E-05 0.0937696 0.624543 0.116658
0.0943127 0.0790791 0.178218 9.9982E-05 0.0861406 0.562049 9.9982E-05
9.9973E-05 9.9973E-05 0.414325 9.9973E-05 0.0621922 0.339289 0.183894
9.9991E-05 0.0120583 0.149058 0.0727837 0.116964 0.493985 0.155051
0.0641234 0.0685399 0.273376 9.9991E-05 0.0248686 0.55828 0.0107114
9.9973E-05 9.9973E-05 0.643915 9.9973E-05 0.163276 0.123497 0.0690118
9.9982E-05 0.0123068 0.593481 9.9982E-05 0.0985283 0.291717 0.00376695
0.0184473 9.9982E-05 0.425815 9.9982E-05 0.0422215 0.444846 0.0684699
9.9973E-05 9.9973E-05 0.534995 9.9973E-05 0.15197 0.20284 0.109895
9.9973E-05 9.9973E-05 0.220769 9.9973E-05 0.185285 0.462735 0.130911
9.9982E-05 9.9982E-05 0.0448785 0.0426729 0.182074 0.122741 0.607434
9.9973E-05 9.9973E-05 0.324211 9.9973E-05 0.0648834 0.302017 0.308589
9.9973E-05 9.9973E-05 9.9973E-05 0.101881 0.117093 0.283568 0.497158
9.9973E-05 9.9973E-05 0.0583239 0.0740649 9.9973E-05 0.640638 0.226674
9.9973E-05 0.0146158 9.9973E-05 9.9973E-05 0.195426 0.274324 0.515334
9.9991E-05 0.00270574 0.113868 0.161354 0.10865 0.428849 0.184473
0.037942 0.0582562 9.9991E-05 0.105158 0.16267 0.40629 0.229584
0.0103258 0.0319305 0.0418388 0.139623 0.0541587 0.473753 0.24837
9.9982E-05 0.000558629 9.9982E-05 0.115138 0.134352 0.458148 0.291603
9.9982E-05 0.0118426 9.9982E-05 0.0464341 0.173162 0.402296 0.366065
9.9982E-05 0.0130337 9.9982E-05 0.112506 0.222866 0.146855 0.504539
9.9982E-05 9.9982E-05 0.0201836 0.124394 0.0893291 0.365286 0.400607
9.9973E-05 9.9973E-05 0.0621973 0.0316865 9.9973E-05 0.666726 0.23909
0.0137153 0.000383827 0.00507154 0.105142 0.216254 0.499982 0.159451
0.0503156 0.0162319 0.133906 9.9982E-05 9.9982E-05 0.509739 0.289607
9.9982E-05 9.9982E-05 0.105289 0.165308 0.0276398 0.452894 0.248669
0.0297418 0.0768866 0.0266191 0.0159093 0.0210263 0.399874 0.429943
9.9973E-05 9.9973E-05 9.9973E-05 0.0912066 0.00898113 0.633377 0.266135
0.0071765 9.9991E-05 0.0181187 0.125689 0.0680792 0.540513 0.240324
0.0685634 0.0635064 0.118487 0.0718548 0.181785 0.38306 0.112743
0.359937 0.0345923 0.042102 0.0675372 0.0125241 0.478567 0.00474
0.135107 0.0468682 0.0592312 0.173725 0.119769 0.4652 9.9991E-05
0.155542 0.005611 9.9991E-05 0.17326 0.109214 0.499134 0.0571379
0.0180161 0.090607 0.0776 0.16332 0.110101 0.456244 0.0841112
0.134801 0.105004 0.0305948 0.245484 0.0334218 0.450594 9.9991E-05
9.9991E-05 0.021047 0.273538 0.0127279 0.0490825 0.491483 0.152021
0.14571 0.00366162 0.024578 0.208314 0.0311491 0.444134 0.142454
0.260768 9.9982E-05 0.430774 0.167897 0.113435 0.0269255 9.9982E-05
0.0989329 0.00753749 0.102729 0.138608 0.00517131 0.562792 0.0842286
0.0503819 0.0790836 0.0857318 0.156385 0.116155 0.50563 0.006633
0.105436 0.00592389 0.0479487 0.268388 0.0806585 0.473727 0.0179172
0.146861 0.0458782 0.124911 0.17085 0.122996 0.22463 0.163874
0.167503 0.0266621 0.0318539 0.159151 0.0923855 0.522345 9.9991E-05
0.0792777 0.0856737 0.0982514 0.214452 0.0274313 0.494814 9.9991E-05
0.400942 0.0699879 0.366212 0.162558 9.9973E-05 9.9973E-05 9.9973E-05
0.0812557 0.0456683 0.016901 0.326886 0.0441874 0.42654 0.0585614
0.0954609 0.0396101 0.0445264 0.249061 0.0462757 0.49715 0.0279167
0.145171 9.9982E-05 0.145756 0.0464738 0.0783358 0.584064 9.9982E-05
0.194776 0.0138123 0.045793 0.188637 9.9982E-05 0.556782 9.9982E-05
0.191282 0.0436973 0.114925 0.068139 9.9991E-05 0.566773 0.0150827
0.0282521 0.0254932 0.20977 0.0467988 0.143482 0.434786 0.111418
0.0945244 0.0018836 0.137907 0.0713216 0.0224614 0.5548 0.117102
9.9973E-05 9.9973E-05 0.644203 9.9973E-05 0.17323 0.0754672 0.1068
9.9973E-05 9.9973E-05 0.672243 9.9973E-05 0.157865 0.0954809 0.0741107
9.9991E-05 0.0045309 0.261356 0.155403 0.119003 0.425138 0.0344679
0.129755 9.9973E-05 0.182955 0.305589 9.9973E-05 0.381402 9.9973E-05
0.0904864 0.0249888 0.16461 0.379794 0.0732507 0.26677 9.9991E-05
0.21892 0.0162896 0.22498 0.320797 0.027015 0.159638 0.0323599
0.146421 0.0445649 0.160249 0.256083 0.0268814 0.359145 0.00665626
0.0656953 9.9982E-05 0.694766 0.0812098 9.9982E-05 0.151169 0.00696088
0.046155 0.0640931 0.561339 0.0707528 0.0527575 0.204803 9.9991E-05
0.0337791 0.0176015 0.124688 0.109078 0.139548 0.537066 0.0382401
0.0691521 0.00531977 0.247719 0.159451 0.0616459 0.456612 9.9991E-05
0.0136113 0.035265 0.522918 0.119886 0.0317759 0.276444 9.9991E-05
0.0315421 0.00319841 0.13894 0.124209 0.0861519 0.532138 0.0838207
9.9973E-05 9.9973E-05 0.313937 0.143616 9.9973E-05 0.527361 0.0147866
0.0971839 9.9982E-05 0.228988 0.0890962 0.0162695 0.568262 9.9982E-05
9.9973E-05 9.9973E-05 0.4744 9.9973E-05 0.0793963 0.375566 0.070338
9.9991E-05 0.0735287 0.293399 0.01791 0.0820515 0.389716 0.143295
0.0606791 0.0177561 0.0787536 9.9991E-05 0.177292 0.552029 0.11339
0.00587904 0.0410194 0.310065 0.0390764 0.11366 0.414983 0.0753173
0.138233 9.9973E-05 0.294477 9.9973E-05 0.112888 0.454103 9.9973E-05
9.9973E-05 9.9973E-05 0.348927 9.9973E-05 0.11961 0.489789 0.0413738
9.9973E-05 9.9973E-05 0.598458 9.9973E-05 0.0428584 0.269209 0.0891755
0.0158276 0.0124774 0.192889 0.100512 0.198196 0.479997 9.9991E-05
0.0638732 0.0499419 0.140875 0.13609 0.104494 0.393673 0.111053
9.9973E-05 9.9973E-05 0.507991 9.9973E-05 0.0916293 0.270182 0.129898
9.9973E-05 9.9973E-05 0.375879 9.9973E-05 0.138872 0.424176 0.0607736
9.9991E-05 0.12444 0.187484 0.0212383 0.0902118 0.527033 0.0494929
0.0153727 0.0564906 0.211325 0.0036774 0.204027 0.479296 0.0298116
0.187205 0.000441129 0.122735 0.198492 0.0465938 0.444434 9.9991E-05
0.083172 0.00638302 0.230212 0.186851 0.0144199 0.388989 0.0899723
0.130113 9.9982E-05 0.0950557 0.276173 9.9982E-05 0.405425 0.0930333
0.112907 0.0428369 0.161437 0.244506 9.9991E-05 0.255155 0.183058
0.145773 0.0173238 9.9991E-05 0.191839 0.12182 0.446356 0.0767876
0.152646 0.00771668 0.237918 0.175798 9.9991E-05 0.382885 0.0429361
0.0838623 0.0553084 0.62662 0.193689 0.0234331 9.9991E-05 0.0169871
0.104109 0.021905 0.0745245 0.177129 9.9982E-05 0.622133 9.9982E-05
0.337022 0.0232559 0.515103 0.124319 9.9973E-05 9.9973E-05 9.9973E-05
0.0766761 9.9982E-05 0.189895 0.211288 9.9982E-05 0.511811 0.0101299
9.9964E-05 9.9964E-05 0.669316 9.9964E-05 0.213247 0.117038 9.9964E-05
9.9973E-05 0.0131441 0.618168 9.9973E-05 0.309179 9.9973E-05 0.0592095
9.9973E-05 0.0234805 0.328759 9.9973E-05 0.192266 0.455195 9.9973E-05
0.0278304 0.0032628 0.214466 0.0371604 0.0475609 0.669619 9.9991E-05
9.9964E-05 9.9964E-05 0.433534 9.9964E-05 0.161892 0.404174 9.9964E-05
9.9973E-05 9.9973E-05 0.208068 0.0206243 0.282551 0.488457 9.9973E-05
9.9973E-05 0.000544654 0.284926 9.9973E-05 0.113276 0.600954 9.9973E-05
0.716073 0.0943493 0.0536688 0.0720102 9.9982E-05 0.0636986 9.9982E-05
0.688244 0.0631074 9.9973E-05 0.116097 9.9973E-05 9.9973E-05 0.132252
0.790293 0.0463183 9.9973E-05 0.108488 9.9973E-05 9.9973E-05 0.0546
0.767085 0.185269 0.0472465 9.9964E-05 9.9964E-05 9.9964E-05 9.9964E-05
0.0505103 0.0706741 9.9991E-05 0.00567285 0.423031 0.414294 0.0357184
0.0431593 0.00778671 9.9991E-05 0.0884383 0.517923 0.319364 0.0232291
9.9964E-05 0.0718809 9.9964E-05 9.9964E-05 0.443254 0.484465 9.9964E-05
0.0987435 0.0212992 9.9982E-05 0.025395 0.263531 0.590831 9.9982E-05
0.0916119 9.9991E-05 0.0324553 0.0324497 0.186175 0.483971 0.173237
0.0290402 9.9991E-05 0.0990685 0.00147698 0.503004 0.192864 0.174446
9.9973E-05 0.00650578 9.9973E-05 0.0714928 0.358512 0.563189 9.9973E-05
9.9973E-05 0.0321363 0.158108 9.9973E-05 0.487468 0.321988 9.9973E-05
0.270375 0.0405105 0.0290853 0.0993669 0.0124096 0.513852 0.0344007
0.0204873 9.9991E-05 0.0688744 0.0707057 0.489266 0.32121 0.0293567
9.9982E-05 0.0257298 9.9982E-05 0.00589347 0.550182 0.315572 0.102423
9.9964E-05 0.0265174 9.9964E-05 9.9964E-05 0.501886 0.471197 9.9964E-05
0.00419007 0.04455 9.9982E-05 9.9982E-05 0.562774 0.346722 0.0415637
9.9964E-05 9.9964E-05 9.9964E-05 0.0324428 0.427674 0.539484 9.9964E-05
0.0840353 0.0329038 9.9982E-05 0.0164925 0.436269 0.430099 9.9982E-05
9.9964E-05 9.9964E-05 0.0393959 9.9964E-05 0.874153 0.0860508 9.9964E-05
0.00453562 0.0461912 0.078731 0.0469897 0.67906 0.144393 9.9991E-05
9.9973E-05 9.9973E-05 0.0858223 9.9973E-05 0.550031 0.33328 0.030566
9.9955E-05 9.9955E-05 0.162048 9.9955E-05 0.837453 9.9955E-05 9.9955E-05
0.031568 0.0304447 9.9991E-05 0.0257646 0.387913 0.455065 0.0691441
9.9982E-05 0.0133437 0.29213 0.0044047 0.645103 0.0448189 9.9982E-05
9.9955E-05 9.9955E-05 0.297708 9.9955E-05 0.701793 9.9955E-05 9.9955E-05
0.0272075 0.0254997 0.0211464 0.0558778 0.367507 0.502661 9.9991E-05
0.0604252 0.0140508 9.9982E-05 9.9982E-05 0.667157 0.157737 0.10043
0.0408148 9.9973E-05 9.9973E-05 9.9973E-05 0.405041 0.437559 0.116285
0.102353 0.0685269 9.9982E-05 0.106405 0.245163 0.477352 9.9982E-05
0.00750122 9.9982E-05 9.9982E-05 0.035843 0.41735 0.456536 0.08257
9.9982E-05 9.9982E-05 0.257396 0.0162046 0.0351938 0.445149 0.245857
0.013269 9.9982E-05 9.9982E-05 0.0504256 0.411215 0.444967 0.0799234
0.0102364 0.0379369 0.018421 0.109283 0.371476 0.343003 0.109644
9.9973E-05 0.0250959 0.0166539 9.9973E-05 0.739287 0.218663 9.9973E-05
9.9982E-05 0.16236 0.00131025 0.0155438 0.424408 0.396178 9.9982E-05
0.565983 0.0701761 0.0671462 9.9991E-05 0.0353156 0.023183 0.238096
0.718293 0.0548122 0.0500045 0.0138346 0.0226965 0.0336666 0.106692
0.674302 0.168397 0.0422158 9.9973E-05 9.9973E-05 9.9973E-05 0.114786
0.720529 0.118555 0.00165845 9.9982E-05 0.00867421 9.9982E-05 0.150384
0.678397 0.0597658 9.9973E-05 9.9973E-05 9.9973E-05 0.043922 0.217616
0.039255 9.9973E-05 9.9973E-05 9.9973E-05 0.722555 0.0811489 0.156741
0.10979 0.0275694 9.9982E-05 9.9982E-05 0.657328 0.0874802 0.117633
9.9964E-05 9.9964E-05 0.11417 9.9964E-05 0.790984 0.094446 9.9964E-05
0.0683949 0.0697215 0.0625799 0.119124 0.234621 0.445459 9.9991E-05
0.172353 9.9982E-05 0.0094828 9.9982E-05 0.274563 0.496468 0.0469334
0.0481535 9.9982E-05 0.144661 0.0226651 0.546917 0.237404 9.9982E-05
0.00560159 0.0144534 0.068683 0.0425152 0.227525 0.641122 9.9991E-05
0.0601538 9.9973E-05 9.9973E-05 0.0466978 0.506985 0.385863 9.9973E-05
0.00311459 0.000649908 0.0112537 9.9991E-05 0.323693 0.587248 0.0739414
0.0166064 9.9991E-05 0.071805 0.0914811 0.317261 0.467019 0.0357281
0.00228373 9.9991E-05 0.0665166 0.0463272 0.603281 0.13121 0.150282
9.9964E-05 9.9964E-05 9.9964E-05 9.9964E-05 0.606502 0.354792 0.0383062
9.9973E-05 9.9973E-05 9.9973E-05 0.0540969 0.601323 0.239385 0.104895
0.125599 0.0346338 0.100477 0.0125113 0.0755223 0.597953 0.053304
9.9973E-05 0.0375852 9.9973E-05 9.9973E-05 0.568252 0.349686 0.0441767
0.00684668 0.0144392 0.0662544 0.0334916 0.529084 0.349784 9.9991E-05
0.11217 0.0225579 0.0367313 0.393579 9.9991E-05 0.422104 0.0127581
0.100201 0.0163548 0.0610846 0.432117 9.9991E-05 0.364218 0.0259244
0.0696069 0.0856025 0.024155 0.336766 0.034523 0.444049 0.00529781
0.132943 0.0765026 0.0176012 0.47707 9.9982E-05 0.295683 9.9982E-05
0.138521 0.0392833 9.9982E-05 0.357361 9.9982E-05 0.384477 0.0801573
0.0324587 9.9973E-05 0.163556 9.9973E-05 0.202145 0.60154 9.9973E-05
0.282718 0.0596869 0.0114908 0.598077 9.9982E-05 0.0478279 9.9982E-05
0.106448 0.0849343 0.0493322 0.442529 0.015153 0.301503 9.9991E-05
0.147985 0.0521202 0.120095 0.18924 0.0626057 0.427855 9.9991E-05
0.118673 0.0376363 0.167306 9.9982E-05 9.9982E-05 0.618544 0.057641
0.0412813 0.051754 0.203915 0.0152139 0.0781071 0.482326 0.127403
0.121588 0.0185107 0.0887289 0.00177507 0.0776495 0.61878 0.0729677
0.136925 0.0164504 0.110369 9.9991E-05 0.171233 0.557351 0.00757116
0.172044 0.0276242 9.9973E-05 0.493458 9.9973E-05 0.306574 9.9973E-05
0.0712629 0.0419141 9.9991E-05 0.381398 0.0692858 0.383202 0.0528371
0.123786 9.9973E-05 0.003871 0.455903 9.9973E-05 0.41614 9.9973E-05
0.0507268 0.0527649 0.0595604 0.227273 9.9991E-05 0.43044 0.179135
0.127578 0.018007 0.0645662 0.510664 0.0510309 0.228054 9.9991E-05
0.132544 9.9982E-05 0.011595 0.403929 0.134731 0.317001 9.9982E-05
0.0797174 0.0624644 0.0759549 0.531133 9.9982E-05 0.250531 9.9982E-05
0.0127494 0.0613665 0.0717918 0.451415 9.9991E-05 0.268627 0.13395
0.0318429 0.0129164 0.369212 0.0087378 0.0217398 0.555451 9.9991E-05
0.0227723 0.0477546 0.137006 0.391673 0.0670476 0.282007 0.0517406
0.142234 0.000410875 0.0103544 0.671646 0.066603 0.108652 9.9991E-05
0.0743064 0.0607773 0.0783759 0.341256 0.131937 0.291501 0.0218458
0.160612 0.0112006 0.21951 9.9991E-05 0.145989 0.227647 0.234941
9.9991E-05 0.00307561 0.19221 0.0925921 0.0225931 0.594035 0.0953948
0.171823 0.0499387 0.0640668 0.288266 9.9991E-05 0.383429 0.042376
0.0673787 0.0401822 0.156028 0.04646 0.0271211 0.528879 0.133952
0.108458 0.0401861 0.205735 9.9991E-05 0.120226 0.516744 0.0085517
0.212854 9.9982E-05 0.0995889 0.268365 0.0738882 0.345104 9.9982E-05
0.167353 0.0551232 0.115182 0.270595 9.9991E-05 0.382217 0.0094303
0.0346594 0.110374 0.166972 0.0862275 9.9982E-05 0.601567 9.9982E-05
0.0523953 0.0470182 0.0228942 0.393901 0.106615 0.331454 0.0457219
0.0729402 0.0274381 9.9973E-05 0.485014 9.9973E-05 0.414308 9.9973E-05
0.142103 0.0231689 0.0837562 0.614979 0.0251021 0.110791 9.99962E-05
0.0956496 0.0580503 0.155499 0.0149232 9.9991E-05 0.634844 0.0409336
0.13373 0.0313434 0.105017 9.9991E-05 0.182361 0.448092 0.0993567
0.0945767 0.0618091 0.597626 9.9973E-05 9.9973E-05 0.245688 9.9973E-05
0.17161 0.015533 0.102838 0.00105188 0.105722 0.598401 0.00484476
0.0648412 0.00396913 0.0842398 0.0257786 9.9991E-05 0.566198 0.254873
0.179001 0.0457756 0.0135462 0.0915573 0.0982422 0.561231 0.0106467
0.146585 0.0270218 0.133454 0.0649788 0.0802048 0.545461 0.00229507
0.307091 9.9964E-05 0.486078 0.206431 9.9964E-05 9.9964E-05 9.9964E-05
0.242209 0.0436997 0.579643 0.134149 9.9973E-05 9.9973E-05 9.9973E-05
0.1318 0.00635948 0.360212 0.160968 9.9991E-05 0.323781 0.0167792
0.348628 0.0373349 0.364589 0.237687 9.9982E-05 0.0115607 9.9982E-05
0.431039 9.9964E-05 0.316988 0.251573 9.9964E-05 9.9964E-05 9.9964E-05
0.0667031 0.0605169 0.300173 0.127397 0.0386896 0.34713 0.0593907
0.193721 0.0313671 0.214918 0.106629 9.9991E-05 0.435169 0.0180953
0.259372 0.0269405 0.294025 0.202218 0.0272443 0.13937 0.0508306
0.242738 0.0734947 0.466642 0.105093 9.9982E-05 0.111833 9.9982E-05
0.169351 0.0326372 0.177101 0.0850061 0.0230278 0.512777 9.9991E-05
0.16581 0.0494771 0.412284 0.141819 0.082354 0.148156 9.9991E-05
0.434595 0.0578139 0.492462 0.0148295 9.9973E-05 9.9973E-05 9.9973E-05
0.128593 0.091736 0.101664 0.0447204 9.9991E-05 0.586429 0.046758
0.107129 0.053308 0.277878 0.307253 0.0110711 0.241491 0.0018706
0.268026 9.9982E-05 9.9982E-05 0.293411 0.0469238 0.311774 0.079665
0.16814 0.0157426 9.9973E-05 0.207826 9.9973E-05 0.607992 9.9973E-05
0.126016 0.0204568 0.00221685 0.165634 0.199746 0.386865 0.0990655
0.183926 0.0102756 9.9982E-05 0.189799 0.0485624 0.567238 9.9982E-05
0.179847 9.9973E-05 0.058414 0.273984 9.9973E-05 0.487455 9.9973E-05
0.369192 0.0165536 0.0253702 0.216884 9.9991E-05 0.354509 0.0173916
0.168276 0.0507098 9.9991E-05 0.126706 0.011539 0.599841 0.0428277
0.16624 0.107596 0.00222093 0.318316 0.0685796 0.336948 9.9991E-05
0.203355 0.0165858 0.166504 0.298988 0.0190906 0.272733 0.0227437
0.193914 9.9991E-05 0.150475 0.160499 0.258311 0.231008 0.0056937
0.166788 0.0276725 9.9991E-05 0.0965876 0.0413109 0.49937 0.16817
0.115881 9.9991E-05 0.0499883 0.160854 0.10064 0.5572 0.0153369
0.0903991 0.0358185 0.030285 0.108894 0.167779 0.566724 9.9991E-05
0.242089 0.0440317 0.0294452 0.31845 9.9991E-05 0.299364 0.066519
0.204069 0.0510454 0.0556716 0.137687 0.054543 0.47821 0.0187743
0.362634 0.0190267 0.227858 0.177832 0.0561571 0.156393 9.9991E-05
0.122913 0.0298245 0.00435759 0.242377 0.0241812 0.472216 0.10413
0.280409 0.0323936 0.165479 0.368882 0.0208005 0.131936 9.9991E-05
0.784818 0.022473 0.0684779 9.9982E-05 0.0438813 9.9982E-05 0.0801501
0.0701778 9.9982E-05 9.9982E-05 0.00845261 0.0826832 0.0666535 0.771833
0.0511721 9.9955E-05 9.9955E-05 9.9955E-05 9.9955E-05 9.9955E-05 0.948328
0.0073014 0.0400867 9.9964E-05 9.9964E-05 9.9964E-05 9.9964E-05 0.952212
9.9973E-05 9.9973E-05 0.0277202 0.0249252 9.9973E-05 0.0318159 0.915239
0.0124061 0.0094983 9.9982E-05 0.0419896 9.9982E-05 0.0524729 0.883433
9.9964E-05 0.0579484 9.9964E-05 9.9964E-05 9.9964E-05 0.105065 0.836586
0.0478412 0.0309059 9.9964E-05 9.9964E-05 9.9964E-05 9.9964E-05 0.920853
0.206723 0.0363022 9.9964E-05 9.9964E-05 9.9964E-05 9.9964E-05 0.756575
0.818274 0.0652839 9.9991E-05 0.0389992 0.058 0.0170931 0.00224999
0.73456 0.102567 9.9982E-05 0.00486347 9.9982E-05 0.0490183 0.108791
0.79846 0.129654 9.9973E-05 0.0252626 0.0463235 9.9973E-05 9.9973E-05
0.753768 0.0712679 0.0362761 9.9982E-05 9.9982E-05 0.0141758 0.124312
0.901834 9.9964E-05 9.9964E-05 0.0407228 0.057043 9.9964E-05 9.9964E-05
0.823594 0.0728055 0.0231861 9.9973E-05 9.9973E-05 9.9973E-05 0.0801148
0.662067 0.0813906 9.9982E-05 0.147261 0.0239136 9.9982E-05 0.0851679
0.835631 0.0669377 0.0387063 0.0296065 9.9982E-05 0.0289187 9.9982E-05
0.715304 0.036049 9.9982E-05 0.0496234 9.9982E-05 0.0821423 0.116681
0.829574 0.0923492 9.9973E-05 0.0559314 0.021845 9.9973E-05 9.9973E-05
0.864767 0.117787 9.9964E-05 9.9964E-05 9.9964E-05 9.9964E-05 0.0170466
0.763889 0.0766539 9.9982E-05 0.0846304 0.0444366 9.9982E-05 0.0301898
0.945785 0.019049 9.9964E-05 9.9964E-05 9.9964E-05 9.9964E-05 0.0347658
0.871723 0.0742661 9.9964E-05 9.9964E-05 9.9964E-05 0.0536105 9.9964E-05
0.81005 0.0941224 9.9973E-05 9.9973E-05 0.0104766 0.0850506 9.9973E-05
0.838213 0.0410602 9.9973E-05 0.00131591 9.9973E-05 0.119111 9.9973E-05
0.779522 0.0104927 9.9973E-05 0.11779 9.9973E-05 0.0918954 9.9973E-05
0.751168 0.0319984 9.9973E-05 0.0934653 9.9973E-05 0.123069 9.9973E-05
0.791761 0.0482293 9.9973E-05 0.0290587 9.9973E-05 0.130651 9.9973E-05
0.169371 9.9982E-05 0.201093 9.9982E-05 0.0607606 0.508242 0.0603346
0.0939736 9.9973E-05 0.187146 9.9973E-05 0.0390417 0.679538 9.9973E-05
0.114799 0.00532604 0.102581 9.9982E-05 9.9982E-05 0.597685 0.179408
0.0376351 9.9991E-05 0.634347 0.0388132 0.12481 0.123041 0.0412532
0.105959 0.00868316 0.163042 9.9991E-05 0.0106028 0.57386 0.137753
0.162392 9.9991E-05 0.581748 0.0225223 0.118589 0.101564 0.0130859
0.11845 9.9982E-05 0.179964 0.0570444 0.0443656 0.599976 9.9982E-05
0.115114 0.00337435 0.18646 9.9991E-05 0.141912 0.44689 0.106149
0.058132 0.0388656 0.142128 9.9991E-05 0.100783 0.571192 0.0887991
0.0225934 9.9991E-05 0.0452489 0.0717707 0.41177 0.434905 0.0136117
0.0478546 0.0751126 0.166175 9.9991E-05 0.127553 0.463887 0.119318
0.0569129 0.0202967 0.143944 9.9973E-05 9.9973E-05 0.778546 9.9973E-05
0.0775239 0.0721127 0.143709 0.020887 9.9991E-05 0.634047 0.0516201
9.9982E-05 9.9982E-05 0.21659 0.0242401 0.161297 0.0691452 0.528528
0.0188174 9.9982E-05 0.788024 9.9982E-05 0.0694553 0.00316563 0.120338
0.0989278 9.9982E-05 0.616583 9.9982E-05 0.0417681 0.219713 0.0228084
0.0545073 0.101395 0.144073 0.0302469 0.039798 0.562604 0.0673762
0.136323 9.9991E-05 0.224082 0.00662642 0.0385143 0.558839 0.0355146
0.142187 9.9973E-05 0.166652 9.9973E-05 0.126859 0.564002 9.9973E-05
0.0170764 0.0482729 0.161592 0.0114738 0.102386 0.659099 9.9991E-05
