9.9964E-05 0.0531477 0.0184183 0.839823 9.9964E-05 0.0110055 9.9964E-05 0.0772059 9.9964E-05
0.0117745 9.9973E-05 9.9973E-05 0.893991 0.0332176 9.9973E-05 0.043906 0.0158208 0.00099023
9.9964E-05 9.9964E-05 0.13431 0.773547 9.9964E-05 0.0864167 9.9964E-05 0.00361745 0.00170908
0.0180068 0.101716 0.0389797 0.760681 9.9973E-05 9.9973E-05 9.9973E-05 0.0655017 0.0148144
9.9973E-05 0.0321254 0.0513357 0.830533 9.9973E-05 0.0460292 0.00111812 0.0385587 9.9973E-05
9.9946E-05 0.0428799 9.9946E-05 0.571604 0.384916 9.9946E-05 9.9946E-05 9.9946E-05 9.9946E-05
9.9946E-05 9.9946E-05 9.9946E-05 0.768523 0.202289 9.9946E-05 9.9946E-05 9.9946E-05 0.0285881
9.9946E-05 9.9946E-05 9.9946E-05 0.727785 0.225272 9.9946E-05 9.9946E-05 0.0463437 9.9946E-05
0.0246535 9.99729E-05 9.99729E-05 0.796289 0.0109537 0.072773 9.99729E-05 0.0720908 0.0229397
9.9955E-05 0.0462497 0.04524 0.6684 0.239611 9.9955E-05 9.9955E-05 9.9955E-05 9.9955E-05
9.9946E-05 9.9946E-05 9.9946E-05 0.689131 0.308926 9.9946E-05 9.9946E-05 0.0013427 9.9946E-05
9.9955E-05 0.0773512 0.0450875 9.9955E-05 0.0574143 9.9955E-05 9.9955E-05 9.9955E-05 0.819647
9.9964E-05 0.0979371 0.353345 9.9964E-05 0.153671 9.9964E-05 9.9964E-05 0.0263898 0.368257
9.9964E-05 9.9964E-05 0.122134 9.9964E-05 0.00689729 0.0927682 0.0889488 9.9964E-05 0.688852
9.9964E-05 0.118112 0.11706 0.0333652 9.9964E-05 0.114617 9.9964E-05 9.9964E-05 0.616445
9.9973E-05 0.108357 0.27809 0.13246 0.118896 9.9973E-05 0.0130377 9.9973E-05 0.34886
9.9973E-05 0.0989212 0.404992 0.058738 9.9973E-05 0.00436611 0.0323775 9.9973E-05 0.400305
0.0682867 0.0971036 0.307124 0.0112886 0.109634 9.9973E-05 9.9973E-05 9.9973E-05 0.406263
9.9964E-05 0.0968887 0.16433 0.0228846 9.9964E-05 0.0699006 9.9964E-05 9.9964E-05 0.645597
9.9955E-05 9.9955E-05 9.9955E-05 0.0699018 0.146286 9.9955E-05 9.9955E-05 0.0411907 0.742122
0.0272677 0.101489 0.241262 9.9982E-05 9.9982E-05 0.0397899 0.0757929 0.000234062 0.513964
0.0648562 0.0155647 0.40045 0.0132279 0.0931845 0.126453 0.0138368 9.9991E-05 0.272326
0.122858 9.9982E-05 0.456736 0.048745 0.0062656 9.9982E-05 0.052551 0.0775947 0.23505
0.0147155 0.0617076 0.123773 0.010949 0.0780869 9.9973E-05 9.9973E-05 9.9973E-05 0.710468
0.0530138 0.0126259 0.512655 0.0635249 0.098235 9.9991E-05 0.029135 0.0664334 0.164278
0.0368594 0.0733136 0.342068 9.9964E-05 9.9964E-05 0.0237478 9.9964E-05 9.9964E-05 0.523611
0.00578918 0.0823258 9.9964E-05 0.0232206 0.0312291 9.9964E-05 9.9964E-05 9.9964E-05 0.857035
9.9955E-05 0.169362 0.0371687 9.9955E-05 0.0280807 9.9955E-05 9.9955E-05 9.9955E-05 0.764889
9.9964E-05 0.051485 0.0659 0.00110049 0.127589 9.9964E-05 9.9964E-05 9.9964E-05 0.753525
9.9955E-05 0.0611073 0.0776638 0.816966 9.9955E-05 9.9955E-05 9.9955E-05 9.9955E-05 0.0437635
9.9946E-05 9.9946E-05 0.103701 0.820413 9.9946E-05 9.9946E-05 9.9946E-05 9.9946E-05 0.0752864
0.00758337 0.0217269 0.137073 0.774874 9.9964E-05 9.9964E-05 9.9964E-05 9.9964E-05 0.0583428
0.0736274 0.0979032 0.0971028 0.706727 9.9964E-05 0.0242394 9.9964E-05 9.9964E-05 9.9964E-05
0.181467 0.00408407 0.497461 0.0345736 0.0812097 9.9982E-05 0.101419 9.9982E-05 0.0995851
0.344246 0.0108732 0.436436 0.0897531 9.9964E-05 9.9964E-05 9.9964E-05 9.9964E-05 0.118292
0.458259 9.9937E-05 0.541042 9.9937E-05 9.9937E-05 9.9937E-05 9.9937E-05 9.9937E-05 9.9937E-05
0.0419225 0.032844 0.0271793 0.0527503 9.9991E-05 0.00463974 0.00531737 0.167552 0.667695
0.559262 9.9955E-05 0.368297 0.0452017 9.9955E-05 9.9955E-05 9.9955E-05 9.9955E-05 0.0267396
0.169411 9.9991E-05 0.520739 0.0110581 0.018542 0.00571248 0.0315822 0.00387478 0.23898
0.0834104 9.9973E-05 0.698105 0.0358153 0.107825 9.9973E-05 0.0598581 0.0146861 9.9973E-05
9.9964E-05 0.0388529 0.491346 0.0551929 0.353232 9.9964E-05 9.9964E-05 0.0609764 9.9964E-05
0.135738 0.0601961 0.468585 0.0871976 0.214702 9.9973E-05 0.033282 9.9973E-05 9.9973E-05
0.635003 9.9964E-05 0.0746268 9.9964E-05 9.9964E-05 0.0601386 9.9964E-05 0.0800303 0.149802
0.0886246 0.0503859 0.437021 0.0400425 0.274696 0.0379886 9.9982E-05 9.9982E-05 0.0710412
0.133214 0.0128181 0.602296 0.0248652 0.0823406 0.0810936 0.0424639 9.9991E-05 0.0208078
0.115596 0.0111357 0.597632 0.0288527 0.0890464 0.123118 9.9982E-05 0.0344183 9.9982E-05
0.631835 9.9955E-05 0.30812 9.9955E-05 9.9955E-05 0.0462678 0.0132772 9.9955E-05 9.9955E-05
0.252176 9.9973E-05 0.624492 0.0250496 9.9973E-05 0.0492679 9.9973E-05 0.0370021 0.0117124
0.148501 0.0589084 0.396664 0.0798458 0.0833329 9.9991E-05 0.0822592 0.0331903 0.117199
0.756677 9.9955E-05 9.9955E-05 0.0852061 0.0196381 0.137979 9.9955E-05 9.9955E-05 9.9955E-05
0.120724 9.9982E-05 0.115256 9.9982E-05 0.0668347 0.00238241 0.0705732 0.203802 0.420228
0.157384 9.9982E-05 0.00431051 9.9982E-05 0.191801 0.149357 0.107454 0.0600216 0.329473
0.0529699 0.0775241 0.532825 0.0725748 0.0136931 0.0360376 0.0712843 0.0240683 0.119023
9.9982E-05 0.027905 0.509474 0.0963034 0.181981 0.000805952 0.0355478 9.9982E-05 0.147783
0.0398572 0.0444613 0.630677 0.0218969 9.9982E-05 0.0559954 0.183575 0.0233377 9.9982E-05
0.16259 9.9991E-05 0.130984 0.0663861 0.0759426 0.020336 0.022111 0.209294 0.312255
0.0194485 9.9991E-05 0.463047 0.00160365 0.0476254 0.0260348 0.0679325 0.136203 0.238005
0.0669575 0.0273517 0.495747 0.0280622 0.0443345 0.0515279 0.00116343 0.0553168 0.229539
0.0859836 0.0145228 0.257913 0.0867886 0.110052 9.9991E-05 0.065772 0.00927898 0.36959
0.020907 0.0205971 0.02687 0.13191 0.0377082 0.183573 0.0369645 0.111279 0.430192
0.100408 9.9964E-05 0.584692 9.9964E-05 9.9964E-05 0.122105 9.9964E-05 0.0578207 0.134575
9.9973E-05 9.9973E-05 0.351533 0.099942 9.9973E-05 0.0808079 0.0620453 0.0194687 0.385903
0.0870079 9.9973E-05 9.9973E-05 0.0267515 0.17236 9.9973E-05 0.00673825 0.0529347 0.653908
0.0338058 9.9964E-05 0.401495 9.9964E-05 9.9964E-05 0.0908408 0.0715855 9.9964E-05 0.401873
0.001678 0.0288828 0.674497 9.9982E-05 0.00714058 0.0545524 0.188761 0.0442875 9.9982E-05
0.0941725 0.035628 0.492494 0.0015741 0.0112968 0.0549018 0.0577869 0.0721824 0.179963
0.123072 0.0159138 0.188607 0.0448776 0.0156345 0.0181598 0.0989857 9.9991E-05 0.49465
9.9964E-05 9.9964E-05 0.430253 9.9964E-05 0.0229295 0.127154 9.9964E-05 0.00858781 0.410676
9.9973E-05 9.9973E-05 0.591426 0.0393715 9.9973E-05 0.0235762 0.0781466 0.133096 0.134084
0.0870318 9.9991E-05 0.0939215 0.0199028 0.0297644 0.0791403 0.0931545 0.0292297 0.567755
0.415345 9.9946E-05 0.511319 9.9946E-05 9.9946E-05 9.9946E-05 9.9946E-05 9.9946E-05 0.0727365
0.68593 0.0383878 0.10212 9.9964E-05 0.0432121 9.9964E-05 9.9964E-05 9.9964E-05 0.12995
0.149626 0.136246 0.421866 9.9991E-05 0.0279451 0.0331208 0.0490592 0.0738382 0.108199
0.94201 9.9937E-05 9.9937E-05 9.9937E-05 9.9937E-05 0.05729 9.9937E-05 9.9937E-05 9.9937E-05
0.76445 9.9973E-05 9.9973E-05 9.9973E-05 0.00707406 0.0298904 0.0618444 0.0244556 0.111986
0.710711 0.0210103 0.239373 9.9964E-05 9.9964E-05 9.9964E-05 0.00911059 0.0193954 9.9964E-05
0.433033 9.9955E-05 0.432928 9.9955E-05 9.9955E-05 9.9955E-05 0.0477501 0.085789 9.9955E-05
0.234153 9.9973E-05 0.508329 0.156808 9.9973E-05 0.0169183 0.0553861 0.0281066 9.9973E-05
0.412065 0.0190355 0.408523 9.9964E-05 9.9964E-05 9.9964E-05 9.9964E-05 0.0678671 0.0921086
0.580114 0.0452457 0.10326 0.0304035 9.9973E-05 9.9973E-05 9.9973E-05 0.119807 0.12087
0.457333 9.9964E-05 0.242867 0.0771177 9.9964E-05 9.9964E-05 9.9964E-05 0.0871445 0.135137
0.241215 0.132579 0.451425 0.0720469 9.9964E-05 9.9964E-05 9.9964E-05 0.102335 9.9964E-05
0.411793 0.0462895 0.229178 0.0329977 0.0878191 9.9973E-05 9.9973E-05 9.9973E-05 0.191623
0.473101 0.0169013 0.355188 0.0259875 0.0195137 9.9973E-05 9.9973E-05 9.9973E-05 0.109009
0.618003 9.9955E-05 0.37124 0.00919058 9.9955E-05 9.9955E-05 0.00106672 9.9955E-05 9.9955E-05
0.678417 9.9955E-05 9.9955E-05 9.9955E-05 9.9955E-05 0.140503 0.165473 0.0151068 9.9955E-05
0.139079 9.9982E-05 0.647936 0.0182335 0.0646769 0.0320646 9.9982E-05 0.0701398 0.02767
9.9955E-05 0.0627557 0.0975036 0.770155 9.9955E-05 9.9955E-05 9.9955E-05 9.9955E-05 0.0690859
9.99371E-05 9.99371E-05 0.12307 0.876231 9.99371E-05 9.99371E-05 9.99371E-05 9.99371E-05 9.99371E-05
9.9955E-05 0.0357041 0.0882718 0.826829 9.9955E-05 0.0486955 9.9955E-05 9.9955E-05 9.9955E-05
0.0161097 0.0427551 0.0501054 0.777716 9.9964E-05 0.112914 9.9964E-05 9.9964E-05 9.9964E-05
9.9946E-05 9.9946E-05 0.103008 0.836553 9.9946E-05 0.0598388 9.9946E-05 9.9946E-05 9.9946E-05
0.0497072 0.0133798 0.0354456 0.864418 9.9973E-05 0.0148612 0.0218885 9.9973E-05 9.9973E-05
9.9964E-05 9.9964E-05 0.047492 0.88185 0.0323353 0.033237 0.00468595 9.9964E-05 9.9964E-05
0.362143 0.12799 0.387996 0.0599371 0.00242883 0.0185164 9.9991E-05 0.0386832 0.0022062
0.115019 0.100372 0.438144 0.0890783 9.9973E-05 9.9973E-05 0.0824143 9.9973E-05 0.174673
0.861339 0.0171224 9.9955E-05 0.0839666 9.9955E-05 9.9955E-05 9.9955E-05 9.9955E-05 0.0370724
0.128636 9.9982E-05 0.463092 0.0414479 0.189894 0.0328912 9.9982E-05 0.00485777 0.138982
0.394011 9.9973E-05 0.460222 0.0144257 0.0703755 9.9973E-05 9.9973E-05 0.021272 0.0393933
0.304716 9.9964E-05 0.569986 0.0396189 9.9964E-05 9.9964E-05 0.0707247 0.0145546 9.9964E-05
0.265237 0.0387704 0.482003 0.0545284 0.0662304 9.9991E-05 0.0351213 0.0345684 0.0234407
0.417429 0.00105116 0.482744 0.0280163 9.9982E-05 0.0390005 0.0302368 0.00132217 9.9982E-05
0.741664 9.9955E-05 9.9955E-05 0.0696342 9.9955E-05 9.9955E-05 9.9955E-05 0.0637241 0.124478
0.103751 9.9973E-05 0.522882 0.109791 9.9973E-05 0.118728 0.0728973 0.0716506 9.9973E-05
0.270134 9.9964E-05 0.623429 0.0418832 9.9964E-05 9.9964E-05 0.0432335 0.0209211 9.9964E-05
0.143355 0.0216117 0.539795 0.0280624 0.0655814 0.0619969 9.9991E-05 0.110379 0.0291177
0.488136 0.0465862 0.217456 0.00138229 0.072518 0.0247271 0.108343 0.0358921 0.00495904
0.475623 9.9955E-05 0.461586 0.0123395 9.9955E-05 9.9955E-05 0.0499515 9.9955E-05 9.9955E-05
0.326619 0.0258368 0.305414 0.0270991 9.9973E-05 0.0733668 9.9973E-05 9.9973E-05 0.241364
0.636379 0.0889087 0.274112 9.9946E-05 9.9946E-05 9.9946E-05 9.9946E-05 9.9946E-05 9.9946E-05
0.417545 9.9964E-05 0.409247 0.0388358 9.9964E-05 9.9964E-05 9.9964E-05 0.067067 0.0669057
0.11691 0.0300149 0.493939 0.0591083 0.111059 0.0209006 0.0564381 9.9991E-05 0.11153
0.0744781 0.0136269 0.161322 0.00571677 9.9991E-05 0.118639 0.124797 0.082548 0.418772
9.9973E-05 0.0660614 0.378413 0.0680917 0.0922684 9.9973E-05 9.9973E-05 0.186781 0.208084
0.096442 0.0699774 0.386384 0.0606016 0.0574927 9.9991E-05 0.0642869 0.0992504 0.165465
0.158963 0.0892385 0.51452 9.9982E-05 0.00165881 0.0858893 0.0182424 0.131288 9.9982E-05
9.9982E-05 9.9982E-05 0.424434 0.0128248 0.0170376 0.0221266 0.00807221 0.0842686 0.431037
0.032328 9.9982E-05 0.526146 9.9982E-05 0.100154 0.0308281 0.00772989 0.027019 0.275595
9.9973E-05 0.0164249 0.363073 0.0173336 9.9973E-05 9.9973E-05 0.0679513 0.154253 0.380664
9.9973E-05 9.9973E-05 0.447798 9.9973E-05 0.0205175 0.162951 0.0740729 0.14276 0.1516
0.102965 0.0197716 0.546617 9.9991E-05 0.0794131 0.0576677 0.0534653 0.0964775 0.043523
0.0918074 9.9964E-05 0.506661 9.9964E-05 0.0799643 9.9964E-05 9.9964E-05 0.0354401 0.285728
9.9955E-05 9.9955E-05 0.442158 9.9955E-05 9.9955E-05 9.9955E-05 0.0450518 0.148555 0.363735
0.0295043 9.9973E-05 0.575774 9.9973E-05 0.101687 0.0565031 9.9973E-05 0.16462 0.0716115
9.9982E-05 9.9982E-05 0.622006 0.0205375 0.076548 0.0663058 0.104671 0.050004 0.059728
0.129949 0.0527711 0.514521 9.9973E-05 9.9973E-05 9.9973E-05 0.0550946 0.0697339 0.177631
9.9982E-05 0.0242475 0.522129 0.118779 0.176241 0.0348973 0.0486424 0.074864 9.9982E-05
9.9964E-05 0.0952091 0.472262 9.9964E-05 9.9964E-05 9.9964E-05 0.164239 0.156549 0.11134
9.9982E-05 9.9982E-05 0.361844 0.0116457 0.0496999 0.147901 0.112791 0.158634 0.157283
9.9964E-05 9.9964E-05 0.565974 9.9964E-05 9.9964E-05 0.0301194 0.0232362 0.0770878 0.303183
9.9955E-05 9.9955E-05 0.71704 9.9955E-05 9.9955E-05 0.0795983 0.133437 0.069425 9.9955E-05
0.0999515 0.062795 0.204929 9.9982E-05 9.9982E-05 0.0576373 0.070802 0.175142 0.328543
0.0969219 0.0131719 0.0588568 9.9991E-05 0.00129698 0.199401 0.173903 0.0692565 0.387092
0.0797827 0.0400967 0.434528 9.9982E-05 9.9982E-05 0.120385 0.00188906 0.238684 0.0844347
0.187219 0.00371229 0.0869683 9.9991E-05 0.0330285 0.110689 0.210594 0.200517 0.167173
0.0501384 9.9973E-05 0.146375 0.0256075 9.9973E-05 9.9973E-05 0.242945 0.0858934 0.44874
0.152404 9.9973E-05 0.381088 9.9973E-05 0.0473455 9.9973E-05 0.0105096 0.127855 0.280498
0.0904658 9.9964E-05 0.241309 9.9964E-05 9.9964E-05 9.9964E-05 0.141664 0.190434 0.335727
0.0648144 0.0482168 0.120627 9.9982E-05 0.099536 9.9982E-05 0.0517835 0.0773483 0.537474
0.04169 0.0142222 0.579912 0.0414568 0.119093 9.9991E-05 0.0141844 0.0353279 0.154014
0.00738431 0.100143 0.443243 0.0797655 0.190762 9.9982E-05 9.9982E-05 0.00602021 0.172482
0.142507 0.049304 0.370911 0.0686375 0.123141 9.9982E-05 9.9982E-05 0.0302897 0.215009
0.124964 0.0351795 9.9982E-05 9.9982E-05 0.082022 0.126948 0.147036 0.0345047 0.449146
0.183732 9.9973E-05 0.434929 0.12727 0.145407 9.9973E-05 0.0329912 0.0753709 9.9973E-05
0.152274 0.0104986 0.419091 9.9973E-05 0.227424 0.186231 9.9973E-05 0.00418145 9.9973E-05
0.180224 9.9982E-05 9.9982E-05 0.0361199 0.321423 0.212729 0.143269 0.0589444 0.0470903
0.0567281 9.9973E-05 0.697397 0.070336 9.9973E-05 0.0664586 0.0723495 9.9973E-05 0.0364309
0.280891 9.9982E-05 0.340721 0.0521624 0.0502887 0.128933 0.0902068 0.056597 9.9982E-05
9.9964E-05 9.9964E-05 0.452127 9.9964E-05 0.106655 0.22133 0.163759 0.0557291 9.9964E-05
0.0373305 9.9982E-05 0.270826 9.9982E-05 0.197043 0.195333 0.0650897 0.0941679 0.14001
0.112422 9.9991E-05 0.116362 0.042357 0.370017 0.0794375 0.0725901 0.0419548 0.16476
0.088317 9.9991E-05 0.403624 0.023885 0.0867536 0.010303 0.204501 0.12119 0.0613258
0.0913445 0.0318583 0.438021 0.0646469 0.124406 0.0879741 0.00298735 0.0888042 0.069957
0.179848 9.9982E-05 0.326693 0.169131 0.122882 9.9982E-05 0.0467863 0.0504591 0.104
0.199823 0.10506 0.0135661 9.9982E-05 0.159929 0.188508 0.154738 9.9982E-05 0.178177
0.115775 0.130842 0.438777 0.0528532 0.158022 9.9991E-05 0.0601236 0.0399344 0.00357305
0.142346 9.9973E-05 0.282386 9.9973E-05 0.312996 0.0791468 0.0432247 9.9973E-05 0.1396
0.221906 9.9964E-05 0.398424 9.9964E-05 0.145271 0.0716957 9.9964E-05 9.9964E-05 0.162303
0.0885201 0.0451629 0.485935 0.00624042 0.062513 0.0407382 9.9991E-05 0.185696 0.0850937
0.0983099 0.220829 0.121167 0.213252 0.163266 0.173387 0.00546877 0.00421987 9.9991E-05
9.9964E-05 0.0512123 9.9964E-05 0.358342 0.0807631 0.469892 9.9964E-05 0.039391 9.9964E-05
9.9964E-05 0.0596469 9.9964E-05 0.306829 0.122294 0.496676 0.0141545 9.9964E-05 9.9964E-05
9.9973E-05 0.289914 0.0568899 0.238056 0.035068 0.293545 9.9973E-05 9.9973E-05 0.0862272
0.100779 9.9955E-05 0.560462 9.9955E-05 0.331893 9.9955E-05 9.9955E-05 0.00636614 9.9955E-05
0.0962313 0.0140845 0.548796 0.109631 0.0686567 9.9982E-05 0.100566 0.061835 9.9982E-05
9.9946E-05 0.654758 0.338349 9.9946E-05 9.9946E-05 9.9946E-05 9.9946E-05 9.9946E-05 0.00629332
0.025925 0.4448 0.336855 0.0220444 0.00914166 9.9973E-05 9.9973E-05 9.9973E-05 0.160934
9.9973E-05 0.37753 0.359376 0.0573625 0.0781236 9.9973E-05 9.9973E-05 0.0864833 0.0408244
0.0373546 0.0434969 0.238718 9.9973E-05 0.506345 9.9973E-05 0.145882 9.9973E-05 0.0279043
0.0325555 0.00178025 0.551238 9.9973E-05 0.21848 0.14986 9.9973E-05 0.0457856 9.9973E-05
9.9964E-05 9.9964E-05 0.111592 9.9964E-05 0.487574 0.115732 0.212882 9.9964E-05 0.0718201
0.0493162 9.9964E-05 0.546523 9.9964E-05 0.276882 0.0364802 0.0903988 9.9964E-05 9.9964E-05
0.109755 0.0436613 0.309859 0.00749599 0.209249 0.00653857 0.174988 9.9991E-05 0.138354
9.9973E-05 0.0601795 0.471582 9.9973E-05 0.36282 0.0160274 0.0322609 9.9973E-05 0.0568298
0.171597 0.036925 0.0845968 9.9982E-05 0.49925 0.0318442 0.0810079 9.9982E-05 0.0945791
0.153765 0.0549953 0.529281 9.9982E-05 0.183783 9.9982E-05 0.0540402 0.0151446 0.00879116
0.0825505 0.0516539 0.476926 0.0509615 0.144798 0.0956627 0.0726174 9.9991E-05 0.0247294
9.9946E-05 0.960662 9.9946E-05 9.9946E-05 0.0154285 9.9946E-05 0.0233095 9.9946E-05 9.9946E-05
9.9955E-05 0.94039 0.0204782 9.9955E-05 0.00175541 9.9955E-05 0.0368767 9.9955E-05 9.9955E-05
9.9955E-05 0.571607 0.169926 9.9955E-05 0.10619 9.9955E-05 9.9955E-05 9.9955E-05 0.151777
9.9955E-05 0.682058 0.253611 0.026998 9.9955E-05 9.9955E-05 9.9955E-05 0.036834 9.9955E-05
0.0504487 0.835047 0.0204196 0.0152948 0.0606944 9.9973E-05 9.9973E-05 0.0177958 9.9973E-05
9.993E-05 0.999201 9.993E-05 9.993E-05 9.993E-05 9.993E-05 9.993E-05 9.993E-05 9.993E-05
9.9937E-05 0.969001 9.9937E-05 9.9937E-05 9.9937E-05 9.9937E-05 0.0302994 9.9937E-05 9.9937E-05
9.9946E-05 0.814492 0.173882 9.9946E-05 9.9946E-05 9.9946E-05 0.0110264 9.9946E-05 9.9946E-05
0.00814774 0.970119 9.9955E-05 9.9955E-05 9.9955E-05 9.9955E-05 9.9955E-05 0.0190826 0.00215122
9.993E-05 0.999201 9.993E-05 9.993E-05 9.993E-05 9.993E-05 9.993E-05 9.993E-05 9.993E-05
9.993E-05 0.999201 9.993E-05 9.993E-05 9.993E-05 9.993E-05 9.993E-05 9.993E-05 9.993E-05
9.9964E-05 0.756445 0.104345 0.02254 9.9964E-05 9.9964E-05 0.00160271 9.9964E-05 0.114668
9.9955E-05 0.755429 0.144511 9.9955E-05 9.9955E-05 0.0171895 9.9955E-05 0.0823707 9.9955E-05
0.0183535 0.980947 9.9937E-05 9.9937E-05 9.9937E-05 9.9937E-05 9.9937E-05 9.9937E-05 9.9937E-05
0.0134376 0.303223 0.356022 0.0442907 0.131079 9.9982E-05 9.9982E-05 0.0399743 0.111773
0.111554 0.648349 0.178744 0.0174243 9.9964E-05 9.9964E-05 9.9964E-05 0.0435289 9.9964E-05
9.9946E-05 0.680684 0.228845 9.9946E-05 9.9946E-05 0.089872 9.9946E-05 9.9946E-05 9.9946E-05
0.0341134 0.828809 0.0693875 9.9973E-05 9.9973E-05 9.9973E-05 0.000540187 0.0149945 0.0518552
9.9937E-05 0.98794 9.9937E-05 9.9937E-05 9.9937E-05 0.0113605 9.9937E-05 9.9937E-05 9.9937E-05
9.9955E-05 0.821351 0.0908375 0.0124068 9.9955E-05 0.0749045 9.9955E-05 9.9955E-05 9.9955E-05
9.9937E-05 0.986301 9.9937E-05 9.9937E-05 0.0129998 9.9937E-05 9.9937E-05 9.9937E-05 9.9937E-05
0.0241772 0.635989 0.172336 0.0822406 9.9973E-05 9.9973E-05 0.0444109 0.0405464 9.9973E-05
0.0458147 0.869304 0.0102409 0.00109373 9.9973E-05 9.9973E-05 0.0210683 9.9973E-05 0.0521781
9.9955E-05 9.9955E-05 9.9955E-05 0.18463 0.457806 0.281453 0.0756105 9.9955E-05 9.9955E-05
0.0545747 0.0451322 0.415816 0.131346 0.18303 0.0285782 0.0661966 0.0482705 0.0270556
0.0568505 0.0936372 0.356265 0.188563 0.303965 0.000418849 9.9973E-05 9.9973E-05 9.9973E-05
0.0272284 0.00959274 0.146244 0.112057 0.371985 0.265007 9.9982E-05 0.0676851 9.9982E-05
0.108325 0.120581 0.3631 0.0810066 0.115262 0.158066 0.0442366 0.00754697 0.00187547
0.0493554 0.0952015 0.0953385 0.112095 0.328387 0.296421 9.9982E-05 9.9982E-05 0.023001
9.9982E-05 0.0418401 0.412291 0.210298 0.138934 0.0527701 0.126856 0.0168112 9.9982E-05
9.9973E-05 0.153238 0.185768 0.103608 0.441555 0.0792748 0.0362562 9.9973E-05 9.9973E-05
0.0206514 0.111448 0.417921 0.143998 0.199333 0.0738695 9.9982E-05 0.0325787 9.9982E-05
9.9964E-05 0.164593 0.222579 0.0183904 0.381012 0.213025 9.9964E-05 9.9964E-05 9.9964E-05
0.0272877 0.115251 0.336918 0.0668441 0.236609 0.0922934 9.9991E-05 0.0128924 0.111805
9.9946E-05 9.9946E-05 9.9946E-05 0.822992 0.0687424 9.9946E-05 9.9946E-05 0.107666 9.9946E-05
9.9946E-05 0.070627 9.9946E-05 0.879951 9.9946E-05 0.0488224 9.9946E-05 9.9946E-05 9.9946E-05
0.00524579 9.9955E-05 9.9955E-05 0.86211 9.9955E-05 0.0599819 9.9955E-05 0.0721623 9.9955E-05
9.9955E-05 9.9955E-05 0.0360914 0.898373 9.9955E-05 0.0142932 9.9955E-05 0.0507429 9.9955E-05
9.9955E-05 0.00101432 9.9955E-05 0.830005 9.9955E-05 0.0912614 9.9955E-05 9.9955E-05 0.0772195
9.9946E-05 0.0636648 9.9946E-05 0.84748 9.9946E-05 0.0882555 9.9946E-05 9.9946E-05 9.9946E-05
0.00398338 0.129796 0.00595951 0.841811 0.0180497 9.9964E-05 9.9964E-05 9.9964E-05 9.9964E-05
0.0301845 0.0397584 9.9982E-05 0.813784 9.9982E-05 0.0426203 0.0566046 0.00277872 0.0140697
9.9946E-05 9.9946E-05 0.0508417 0.829262 9.9946E-05 0.119297 9.9946E-05 9.9946E-05 9.9946E-05
9.9964E-05 0.090356 0.0141483 0.72095 9.9964E-05 0.157648 9.9964E-05 0.0164978 9.9964E-05
0.110587 9.9964E-05 9.9964E-05 0.589731 9.9964E-05 9.9964E-05 0.0441842 0.107935 0.147163
0.00805766 9.9973E-05 9.9973E-05 0.547623 9.9973E-05 0.01892 0.0463297 0.217136 0.161634
0.0650604 9.9973E-05 9.9973E-05 0.515855 9.9973E-05 0.101845 0.017543 0.152334 0.147063
0.107392 9.9964E-05 9.9964E-05 0.498574 9.9964E-05 9.9964E-05 0.0030938 0.109654 0.280887
0.240017 9.9982E-05 0.4289 0.0206345 0.0465365 9.9982E-05 0.0518597 0.0264961 0.185356
0.245305 0.0693472 0.365922 0.00622815 0.0570924 9.9991E-05 0.135128 0.0234154 0.0974616
0.140542 0.0680476 0.456385 9.9973E-05 0.130128 9.9973E-05 9.9973E-05 0.0442398 0.160357
0.221947 9.9973E-05 0.338022 0.0670691 9.9973E-05 0.0378349 9.9973E-05 0.0875374 0.24729
0.0853383 0.0361828 0.0359984 9.9973E-05 0.0979848 9.9973E-05 9.9973E-05 0.270081 0.474115
0.2522 9.9982E-05 0.589353 0.0427103 0.0089784 9.9982E-05 0.0731952 0.00176996 0.0315936
0.290905 9.9964E-05 0.537639 9.9964E-05 9.9964E-05 9.9964E-05 0.0620366 0.0354054 0.0736148
0.394551 9.9973E-05 0.441068 9.9973E-05 0.0201181 0.0519073 9.9973E-05 0.0192303 0.0728251
0.480976 9.9955E-05 0.389022 9.9955E-05 0.0762621 9.9955E-05 0.0532397 9.9955E-05 9.9955E-05
0.137836 0.0429224 0.594583 9.9982E-05 0.0345349 0.0351505 9.9982E-05 0.151643 0.00312957
0.381945 9.9964E-05 0.404913 9.9964E-05 9.9964E-05 9.9964E-05 0.100714 0.0936841 0.0183442
0.730842 9.9946E-05 9.9946E-05 9.9946E-05 9.9946E-05 9.9946E-05 0.161362 0.107196 9.9946E-05
0.126656 9.9973E-05 0.516232 9.9973E-05 9.9973E-05 0.0233719 0.118909 0.0973642 0.117167
0.570042 9.9964E-05 0.201458 9.9964E-05 9.9964E-05 0.0568691 0.130122 9.9964E-05 0.0411085
0.35995 9.9973E-05 0.499935 9.9973E-05 9.9973E-05 0.0376485 0.0588133 0.00255205 0.0408006
0.609362 0.00329382 0.0853486 0.0334876 0.0302141 0.0135019 0.0140722 0.0288285 0.181891
9.9955E-05 9.9955E-05 9.9955E-05 0.0435354 0.0588504 0.0454409 9.9955E-05 0.851674 9.9955E-05
9.9955E-05 9.9955E-05 0.0228069 0.00621509 0.121091 9.9955E-05 9.9955E-05 0.849387 9.9955E-05
9.9937E-05 9.9937E-05 9.9937E-05 9.9937E-05 0.114556 9.9937E-05 9.9937E-05 0.884745 9.9937E-05
0.0115893 9.9973E-05 0.0126524 0.0346213 0.0454644 9.9973E-05 0.0509488 0.844424 9.9973E-05
9.9964E-05 0.00531491 9.9964E-05 9.9964E-05 0.137272 9.9964E-05 0.0710502 0.760876 0.0250869
9.9955E-05 0.0407303 0.0797326 9.9955E-05 9.9955E-05 0.00990948 9.9955E-05 0.869128 9.9955E-05
9.9946E-05 9.9946E-05 0.128724 0.822181 9.9946E-05 0.0484952 9.9946E-05 9.9946E-05 9.9946E-05
9.9964E-05 9.9964E-05 0.132819 0.810141 9.9964E-05 0.00878702 9.9964E-05 0.0411741 0.00667942
9.9955E-05 0.0848776 0.151315 0.746017 9.9955E-05 9.9955E-05 9.9955E-05 0.0172905 9.9955E-05
9.9955E-05 0.108858 0.0163039 0.734641 9.9955E-05 9.9955E-05 9.9955E-05 9.9955E-05 0.139698
9.9982E-05 0.0415824 0.114498 0.74245 0.0062316 0.011387 9.9982E-05 0.0242699 0.0593816
9.9955E-05 9.9955E-05 9.9955E-05 0.346694 0.0596286 9.9955E-05 9.9955E-05 0.429111 0.164067
0.010202 9.9973E-05 9.9973E-05 0.459249 0.0158509 0.0532416 0.0870296 0.374127 9.9973E-05
0.0278101 9.9964E-05 9.9964E-05 0.39928 9.9964E-05 9.9964E-05 0.0960288 0.361032 0.115449
9.9955E-05 0.0542621 0.0623921 0.783041 9.9955E-05 9.9955E-05 9.9955E-05 9.9955E-05 0.0998054
0.0942003 9.9973E-05 9.9973E-05 0.298968 9.9973E-05 0.0209128 0.0854146 0.469187 0.0310173
0.00152159 0.305946 0.259078 0.0775768 0.0484336 0.292976 0.0107666 0.00360214 9.9991E-05
0.0215463 0.266763 0.466863 0.0916883 0.048132 9.9991E-05 0.022137 0.00731759 0.0754536
9.9964E-05 0.232205 0.525061 0.186368 0.00508364 9.9964E-05 9.9964E-05 9.9964E-05 0.0508829
0.0382275 0.218468 0.352534 0.169805 0.0742895 0.112268 9.9982E-05 0.0342091 9.9982E-05
9.9973E-05 0.0941561 0.537564 0.145954 0.124629 9.9973E-05 0.0825763 0.0148203 9.9973E-05
9.9973E-05 0.260459 9.9973E-05 0.315859 0.0420648 0.338092 0.0165944 0.0266311 9.9973E-05
0.0566284 9.9973E-05 0.383956 9.9973E-05 0.0360933 9.9973E-05 0.0790194 0.138374 0.305629
0.0660258 9.9991E-05 0.322073 0.00887217 0.046817 0.0571371 0.252855 0.0793057 0.166815
9.9964E-05 9.9964E-05 0.141715 0.0436893 0.0628204 9.9964E-05 9.9964E-05 0.0793614 0.672014
0.0726715 9.9964E-05 0.473557 9.9964E-05 9.9964E-05 9.9964E-05 0.296672 0.0907302 0.0659698
0.244526 9.9964E-05 9.9964E-05 9.9964E-05 9.9964E-05 0.105113 0.502613 0.0575063 0.0898413
9.9982E-05 0.0365079 0.499156 0.0766855 9.9982E-05 0.103746 0.0528892 0.0277595 0.203056
0.060104 9.9991E-05 0.404349 0.0328156 0.0123681 0.0449512 0.229566 0.0694599 0.146286
9.9982E-05 9.9982E-05 0.224938 0.0522935 0.0642026 0.00953605 0.0550634 0.0575302 0.536237
9.9991E-05 0.0707668 0.408645 0.0927998 0.0705409 0.0419188 0.0979057 0.126458 0.0908649
0.139281 9.9973E-05 0.0017107 9.9973E-05 0.130865 0.14612 0.0974685 9.9973E-05 0.484255
9.9973E-05 0.0225607 0.403955 9.9973E-05 9.9973E-05 0.0349641 0.334702 0.101109 0.10241
0.0294151 9.9973E-05 0.539467 9.9973E-05 9.9973E-05 0.0847559 0.0525605 0.167646 0.125855
0.0572872 0.13266 0.38785 0.0411024 0.043163 0.140343 9.9991E-05 0.121301 0.0761939
0.0222249 0.00773799 0.270713 9.9982E-05 0.0377759 0.00924091 0.207161 9.9982E-05 0.444946
9.9982E-05 9.9982E-05 0.461981 0.00720409 0.0259821 0.0245731 0.0845229 0.12796 0.267577
0.114006 0.102777 0.35986 9.9982E-05 0.117577 9.9982E-05 0.127712 0.0137321 0.164136
0.146762 9.9973E-05 0.479946 9.9973E-05 0.0728823 9.9973E-05 0.0673465 0.0609791 0.171784
0.0352609 0.0435143 0.60692 9.9982E-05 9.9982E-05 0.0637478 0.102928 0.0130921 0.134338
0.151126 0.0220391 0.451632 0.130191 9.9991E-05 0.0225414 0.0124726 0.0462699 0.163628
0.0347007 9.9973E-05 0.500074 9.9973E-05 9.9973E-05 0.18283 0.0647063 0.0449588 0.17243
9.9955E-05 0.134908 0.0613781 0.756144 0.0470702 9.9955E-05 9.9955E-05 9.9955E-05 9.9955E-05
0.0170741 0.0924905 0.00976597 0.813776 0.0169641 9.9973E-05 0.0496295 9.9973E-05 9.9973E-05
0.0268707 9.9991E-05 0.0575429 0.747077 0.0510939 0.0419873 0.0057923 0.0536114 0.0159245
0.0284717 0.0518637 0.00198795 0.792454 0.00687145 9.9982E-05 0.0698823 0.048269 9.9982E-05
9.9955E-05 0.0615198 0.0678784 0.794556 0.0755464 9.9955E-05 9.9955E-05 9.9955E-05 9.9955E-05
9.9973E-05 0.0277939 0.0460848 9.9973E-05 9.9973E-05 0.0870195 0.0156396 0.0741152 0.749047
0.0123157 0.000643253 0.450299 0.0147574 9.9982E-05 0.145592 0.215105 9.9982E-05 0.161088
9.9982E-05 0.12403 0.486408 0.134847 0.139565 0.0700275 0.0241546 9.9982E-05 0.0207679
9.9982E-05 0.0490473 0.60538 0.030481 0.0291477 9.9982E-05 0.0279661 0.0306103 0.227168
9.9973E-05 9.9973E-05 0.529673 0.00343081 9.9973E-05 0.0305387 0.0562565 0.124708 0.255094
9.9973E-05 0.0145753 0.235993 9.9973E-05 9.9973E-05 0.158026 0.140098 0.160115 0.290893
0.0598371 9.9982E-05 9.9982E-05 0.104336 0.0227337 0.0666217 0.0275346 0.228821 0.489916
9.9982E-05 0.0354557 0.438347 0.0261996 0.0813994 9.9982E-05 0.0236825 0.202581 0.192135
0.0071494 0.0765147 0.0242164 0.110147 9.9982E-05 9.9982E-05 0.0910685 0.149864 0.54084
0.101671 9.9982E-05 0.445774 0.0113951 9.9982E-05 0.117853 0.120391 0.155241 0.0474748
0.0442069 9.9982E-05 0.0291953 0.156004 9.9982E-05 0.0423586 0.109647 0.0510879 0.5673
9.9982E-05 0.0272848 0.513117 0.0896987 0.0482116 0.016184 9.9982E-05 0.0904754 0.214829
9.9982E-05 0.0125246 0.0867636 0.0898403 9.9982E-05 0.00701012 0.0487081 0.156716 0.598237
0.0411878 0.0197205 0.263811 9.9991E-05 0.0567104 0.0511415 0.175695 0.0558207 0.335813
0.0695644 9.9991E-05 0.423015 0.0632153 0.200015 0.0442009 0.0383643 0.0811948 0.0803302
9.9973E-05 0.037949 0.145558 9.9973E-05 0.573775 9.9973E-05 0.173859 0.00739676 0.0611624
9.9955E-05 9.9955E-05 0.454216 0.0127436 0.368433 9.9955E-05 9.9955E-05 9.9955E-05 0.164108
0.0840465 0.0133812 0.474169 0.0906647 0.181951 0.0710158 0.00676598 0.0470668 0.0309395
0.0743815 9.9982E-05 0.217572 9.9982E-05 0.468927 0.0356755 0.0969424 0.0585327 0.0477689
0.194072 0.119655 0.358799 0.122585 0.110661 9.9982E-05 9.9982E-05 0.0382438 0.0557841
0.0936707 9.9982E-05 0.44888 0.0193148 0.301717 0.0530123 0.0604153 0.0227894 9.9982E-05
0.0434912 9.9955E-05 9.9955E-05 9.9955E-05 0.679103 9.9955E-05 0.259526 0.0173801 9.9955E-05
0.0734691 9.9973E-05 0.122377 9.9973E-05 0.592567 0.10091 0.104058 0.00631866 9.9973E-05
9.9982E-05 0.0398252 0.342926 0.00771221 0.372498 9.9982E-05 0.0908519 0.0593884 0.0865977
0.117228 9.9982E-05 0.0902846 0.00887326 0.553978 0.0122051 0.147488 9.9982E-05 0.0697438
0.0492899 9.9973E-05 0.373398 9.9973E-05 0.338575 0.0697193 9.9973E-05 0.0057766 0.162942
0.106297 0.00563815 0.0827508 9.9982E-05 9.9982E-05 0.0487102 0.0233777 0.169848 0.563178
9.9955E-05 9.9955E-05 0.239716 9.9955E-05 9.9955E-05 9.9955E-05 0.320308 0.122533 0.316944
0.0151017 0.0281948 0.291049 0.0799075 9.9982E-05 9.9982E-05 0.100794 0.126109 0.358643
9.9973E-05 0.0417242 0.602302 0.0282024 9.9973E-05 0.0153648 9.9973E-05 0.147676 0.164431
0.0814955 0.00890194 0.173427 9.9973E-05 0.0491855 9.9973E-05 9.9973E-05 0.118782 0.567908
0.0124949 0.0523355 0.422575 0.0467456 9.9991E-05 0.0544396 0.213585 0.125001 0.0727241
0.055022 0.0119763 0.528048 9.9982E-05 0.0490195 0.12482 9.9982E-05 0.126825 0.10409
0.126771 0.00809763 0.374639 0.0435063 9.9982E-05 9.9982E-05 0.0918623 0.104729 0.250195
9.9973E-05 0.0731606 0.433361 9.9973E-05 9.9973E-05 0.0344508 0.009496 0.0922421 0.35699
0.0843471 0.0576394 0.315905 0.0052977 0.0992892 9.9982E-05 9.9982E-05 0.151797 0.285524
0.108209 0.056011 0.110477 9.9982E-05 9.9982E-05 0.00728505 0.00161207 0.144078 0.572128
9.9973E-05 0.138112 0.214053 9.9973E-05 9.9973E-05 0.0293841 0.117611 0.161632 0.338907
0.055792 0.0319448 0.476243 9.9982E-05 0.112749 9.9982E-05 0.0222158 0.0680127 0.232842
0.127478 9.9973E-05 0.627799 0.0766333 9.9973E-05 0.0043496 9.9973E-05 0.0492345 0.114206
0.0515261 9.9973E-05 0.468517 9.9973E-05 9.9973E-05 0.114838 0.0415681 0.187142 0.136109
0.0343085 0.0765886 0.429381 9.9982E-05 9.9982E-05 0.0226953 0.109235 0.0614555 0.266137
9.9973E-05 9.9973E-05 0.29006 0.0611313 0.0588675 0.0353423 9.9973E-05 0.141122 0.413177
0.0399746 9.9973E-05 0.620919 9.9973E-05 9.9973E-05 0.0536872 0.0161482 0.151407 0.117564
0.0717474 0.070705 0.479802 0.0348493 9.9973E-05 9.9973E-05 9.9973E-05 0.13587 0.206726
0.0400928 0.0289556 0.55573 0.0243262 9.9991E-05 0.101399 0.0757975 0.0954279 0.0781702
9.9973E-05 0.0552495 0.372433 0.326905 0.0861554 0.0505755 9.9973E-05 9.9973E-05 0.108381
0.104942 0.128138 0.499033 0.0324334 9.9973E-05 0.208837 0.0263171 9.9973E-05 9.9973E-05
0.020178 0.0722877 0.362637 0.0786473 9.9991E-05 0.171926 0.0872394 0.0534533 0.153531
0.0576184 0.0915228 0.558401 0.0706964 0.0394449 0.0199206 0.162196 9.9982E-05 9.9982E-05
0.0162177 0.188671 0.375429 0.157035 9.9982E-05 0.0928242 0.112519 9.9982E-05 0.0571037
0.0647482 0.0693603 0.295979 9.9982E-05 0.172674 9.9982E-05 0.16465 0.00421838 0.22817
0.0162474 0.0859332 0.532339 0.129021 9.9991E-05 0.0781282 0.0732042 0.0509073 0.0341207
0.0975475 0.10841 9.9982E-05 0.0898016 0.0395079 0.416002 0.0539877 9.9982E-05 0.194543
9.9982E-05 0.221645 0.374515 0.0259064 0.0980294 0.0822007 0.0400995 9.9982E-05 0.157404
0.0214928 0.10593 0.524018 0.0508341 0.0401986 0.130291 0.0994174 0.0252142 0.00260405
0.0476408 0.242371 0.381949 0.0178073 0.00149279 0.0985964 0.0953272 0.104533 0.0102828
0.049785 0.0680774 0.323636 0.11615 0.0272841 0.20985 9.9982E-05 9.9982E-05 0.205017
9.9982E-05 0.0728346 0.544254 0.150285 0.0238726 0.122279 0.0221753 9.9982E-05 0.0641
9.9964E-05 0.0910739 0.612816 0.0934129 9.9964E-05 0.162812 0.0394851 9.9964E-05 9.9964E-05
0.0122534 0.108099 9.9964E-05 0.252139 9.9964E-05 0.526636 0.100472 9.9964E-05 9.9964E-05
9.9973E-05 0.229476 0.424875 0.0421203 0.0315263 0.194989 9.9973E-05 9.9973E-05 0.0767139
9.9964E-05 0.0811907 0.657708 0.141321 9.9964E-05 0.111348 0.00803263 9.9964E-05 9.9964E-05
0.0731791 0.126611 0.513064 0.0843416 9.9982E-05 0.0759074 0.100241 0.0264563 9.9982E-05
9.9955E-05 0.0529783 0.600664 0.122695 9.9955E-05 0.223162 9.9955E-05 9.9955E-05 9.9955E-05
9.9991E-05 0.179767 0.450309 0.093815 0.0454273 0.0304595 0.0328338 0.147624 0.0196652
9.9964E-05 0.0839692 0.300248 0.0300181 0.0565848 9.9964E-05 0.52878 9.9964E-05 9.9964E-05
9.9964E-05 9.9964E-05 0.561605 0.063413 0.015921 9.9964E-05 0.332014 9.9964E-05 0.0266467
0.0222489 9.9955E-05 9.9955E-05 9.9955E-05 0.0128077 9.9955E-05 0.789433 9.9955E-05 0.175011
0.033286 9.9964E-05 0.0108429 0.0296642 9.9964E-05 9.9964E-05 0.906839 9.9964E-05 0.0189675
9.9964E-05 0.0244559 0.438206 0.0294952 9.9964E-05 9.9964E-05 0.342129 9.9964E-05 0.165313
9.9964E-05 0.175285 0.420116 0.0925676 9.9964E-05 0.18554 0.126092 9.9964E-05 9.9964E-05
9.9964E-05 0.226888 0.380118 0.038797 9.9964E-05 0.210173 0.143624 9.9964E-05 9.9964E-05
0.0344126 0.163475 0.187957 0.144925 9.9973E-05 0.310801 0.15813 9.9973E-05 9.9973E-05
9.9973E-05 0.155473 0.363591 0.165781 9.9973E-05 0.14296 0.138263 9.9973E-05 0.0336316
9.9973E-05 0.0385525 0.0486768 9.9973E-05 0.0282004 0.249015 0.620135 0.0151202 9.9973E-05
9.9964E-05 0.0327775 0.170349 0.028962 9.9964E-05 0.204878 0.562634 9.9964E-05 9.9964E-05
0.0273699 0.0333313 0.526546 0.0409513 9.9973E-05 0.035135 0.336366 9.9973E-05 9.9973E-05
9.9955E-05 0.107092 0.391914 0.0341233 9.9955E-05 9.9955E-05 0.466371 9.9955E-05 9.9955E-05
9.9964E-05 0.0752873 0.214942 0.00524786 9.9964E-05 0.0641804 0.639943 9.9964E-05 9.9964E-05
9.9973E-05 0.0135968 0.568505 0.00588618 9.9973E-05 0.102188 0.210115 9.9973E-05 0.0994097
9.9955E-05 0.0257095 0.577965 9.9955E-05 9.9955E-05 9.9955E-05 0.340448 0.0553775 9.9955E-05
0.054048 0.109333 0.47592 0.150226 9.9973E-05 9.9973E-05 0.164016 0.0461574 9.9973E-05
9.9955E-05 9.9955E-05 0.244362 9.9955E-05 9.9955E-05 9.9955E-05 0.611922 0.00320195 0.140015
0.00888446 0.0608619 0.261047 9.9973E-05 0.0375239 9.9973E-05 0.521023 9.9973E-05 0.11036
0.114001 9.9982E-05 0.515691 0.032785 0.0929616 9.9982E-05 0.189328 0.00703724 0.0479958
0.00574861 9.9982E-05 0.417166 0.0316999 0.0419322 0.083403 0.35471 0.0651402 9.9982E-05
0.0334962 0.0230686 0.461459 0.030598 0.0670222 0.0242077 0.23747 0.0599647 0.0627133
9.9973E-05 0.00742609 0.378857 9.9973E-05 0.13318 0.0129152 0.43255 9.9973E-05 0.0347728
9.9955E-05 9.9955E-05 0.243342 9.9955E-05 0.0395378 9.9955E-05 0.638273 0.0783482 9.9955E-05
0.110182 0.00720937 0.495718 0.0573044 9.9982E-05 0.0291861 0.28007 0.0201306 9.9982E-05
0.0317156 0.0918822 0.419367 9.9982E-05 9.9982E-05 0.10701 0.201049 0.0953648 0.0534111
0.0376893 9.99459E-05 0.17356 9.99459E-05 9.99459E-05 9.99459E-05 0.788151 9.99459E-05 9.99459E-05
9.9946E-05 9.9946E-05 0.427913 9.9946E-05 0.0506593 9.9946E-05 0.520828 9.9946E-05 9.9946E-05
0.0535218 9.9964E-05 0.590542 0.0521755 9.9964E-05 9.9964E-05 0.237561 0.0657993 9.9964E-05
0.157192 0.0380354 0.399854 9.9982E-05 9.9982E-05 0.0146285 0.343141 0.0189713 0.027978
0.0178964 0.184636 0.378771 0.155656 0.0492161 0.012115 0.0806345 9.9991E-05 0.120975
0.0337692 0.14707 0.225815 0.0801971 0.037912 0.0431439 0.326187 0.0310548 0.0748512
9.9991E-05 0.253538 0.267881 0.0676238 0.0815971 0.128951 0.096122 0.0223902 0.0817975
9.9982E-05 0.208166 0.251153 0.131871 0.239773 0.0773208 0.00259982 9.9982E-05 0.0889164
0.0474452 0.116426 0.413509 0.144182 0.0821004 9.9982E-05 9.9982E-05 0.0368095 0.159328
9.9982E-05 0.167397 0.394948 0.120322 0.0140784 0.0546723 0.165954 0.0824286 9.9982E-05
9.9955E-05 0.108613 9.9955E-05 0.18358 9.9955E-05 0.0838211 0.623486 9.9955E-05 9.9955E-05
9.9973E-05 0.141176 0.608808 0.0670361 0.075497 0.00563373 0.101548 9.9973E-05 9.9973E-05
9.9955E-05 0.0628373 9.9955E-05 0.343587 9.9955E-05 0.195004 0.398071 9.9955E-05 9.9955E-05
9.9964E-05 0.177092 0.48848 0.043513 9.9964E-05 0.00177503 0.288741 9.9964E-05 9.9964E-05
0.125814 9.9973E-05 0.0821999 9.9973E-05 0.0310286 0.0100915 0.748566 0.0019998 9.9973E-05
0.0251789 9.9946E-05 9.9946E-05 9.9946E-05 9.9946E-05 9.9946E-05 0.919242 9.9946E-05 0.0549798
0.0798184 9.9964E-05 0.42947 9.9964E-05 0.051008 9.9964E-05 0.420229 9.9964E-05 0.0190749
9.9955E-05 9.9955E-05 0.58468 0.00230263 0.0159266 9.9955E-05 0.396591 9.9955E-05 9.9955E-05
0.00393203 9.9955E-05 0.396987 9.9955E-05 9.9955E-05 9.9955E-05 0.557653 9.9955E-05 0.0409287
0.0939612 9.9955E-05 0.471186 0.00153265 9.9955E-05 9.9955E-05 0.43282 9.9955E-05 9.9955E-05
9.9946E-05 9.9946E-05 0.523791 9.9946E-05 9.9946E-05 9.9946E-05 0.464429 9.9946E-05 0.0111803
9.9964E-05 0.0786438 0.0406104 0.72177 9.9964E-05 0.034035 0.124541 9.9964E-05 9.9964E-05
9.9973E-05 0.107782 9.9973E-05 0.657876 0.0859727 0.0336277 0.0209174 0.0935242 9.9973E-05
9.9955E-05 0.104534 9.9955E-05 0.824728 9.9955E-05 9.9955E-05 9.9955E-05 0.0431984 0.0270393
9.9964E-05 0.00703322 0.00854654 0.906839 0.0323486 9.9964E-05 0.044833 9.9964E-05 9.9964E-05
0.379255 9.9955E-05 0.502806 0.116543 9.9955E-05 9.9955E-05 9.9955E-05 9.9955E-05 0.000896207
0.329502 0.0263663 0.451379 0.0525698 9.9982E-05 0.0318532 0.0258138 9.9982E-05 0.0823159
0.402899 9.9982E-05 0.450189 0.012286 9.9982E-05 0.00499789 0.0322925 0.0186798 0.0784555
0.212947 0.00104464 0.565466 0.113308 0.0275622 9.9973E-05 9.9973E-05 9.9973E-05 0.0793717
0.176062 0.0584956 0.478857 0.0214158 0.13536 9.9973E-05 9.9973E-05 0.12951 9.9973E-05
0.51659 0.0240044 0.233257 9.9973E-05 0.123957 9.9973E-05 9.9973E-05 0.082282 0.0196098
0.334776 0.0559957 0.54007 9.9964E-05 9.9964E-05 9.9964E-05 0.0169623 9.9964E-05 0.0517963
0.516421 9.9955E-05 0.277354 9.9955E-05 0.144453 9.9955E-05 0.0612725 9.9955E-05 9.9955E-05
9.9964E-05 0.114625 0.406008 0.242 9.9964E-05 9.9964E-05 0.0752153 9.9964E-05 0.161751
0.381804 0.0111144 0.376607 9.9982E-05 9.9982E-05 0.0375288 0.0850103 0.0445785 0.0631566
0.596445 9.9964E-05 0.302302 0.0196957 9.9964E-05 9.9964E-05 9.9964E-05 0.0123609 0.0687965
0.401578 9.9955E-05 0.505366 9.9955E-05 9.9955E-05 9.9955E-05 0.0908947 9.9955E-05 0.00166196
0.434392 9.9955E-05 0.354662 9.9955E-05 9.9955E-05 9.9955E-05 0.0369388 9.9955E-05 0.173507
0.429531 0.0136241 0.556245 9.9946E-05 9.9946E-05 9.9946E-05 9.9946E-05 9.9946E-05 9.9946E-05
0.284432 9.9973E-05 0.578978 0.0431021 9.9973E-05 0.053246 0.0157191 0.0242228 9.9973E-05
0.839008 9.9946E-05 0.0813343 9.9946E-05 9.9946E-05 9.9946E-05 0.079058 9.9946E-05 9.9946E-05
0.591019 0.0210752 0.203113 9.9991E-05 0.00318637 0.0700143 0.0513657 0.011587 0.0485398
0.585437 9.9964E-05 0.285786 9.9964E-05 9.9964E-05 0.0271747 0.0187939 0.0824078 9.9964E-05
0.845128 9.9946E-05 9.9946E-05 9.9946E-05 9.9946E-05 0.0258679 0.128405 9.9946E-05 9.9946E-05
0.350906 9.9973E-05 0.40684 9.9973E-05 9.9973E-05 0.00605462 0.0867163 0.147346 0.00183712
0.565095 9.9964E-05 0.0852919 9.9964E-05 0.127985 0.114998 0.106231 9.9964E-05 9.9964E-05
0.722495 9.9946E-05 9.9946E-05 9.9946E-05 9.9946E-05 0.101745 0.175161 9.9946E-05 9.9946E-05
0.328324 9.9973E-05 0.518305 0.00343847 9.9973E-05 0.0901106 9.9973E-05 0.0158694 0.0436529
0.560041 9.9964E-05 0.19734 0.0099848 0.0732214 9.9964E-05 9.9964E-05 9.9964E-05 0.159013
0.335357 0.0878599 0.318543 9.9982E-05 0.0617399 0.0460612 9.9982E-05 0.0196658 0.130574
0.175512 0.107774 0.51024 0.00493207 0.00479316 0.0103249 0.0422612 0.0652032 0.0789597
0.379531 9.9964E-05 0.514371 9.9964E-05 0.0366556 0.0353808 9.9964E-05 9.9964E-05 0.0336622
0.027691 0.0204642 0.294714 9.9991E-05 0.0233403 0.0513179 0.15031 0.0564643 0.375598
0.424959 9.9982E-05 0.474141 0.0374189 0.00388349 9.9982E-05 0.00786083 0.0493262 0.0022107
0.213559 9.9982E-05 0.44464 0.0506332 0.0513898 9.9982E-05 0.0432546 0.028272 0.168051
0.617234 9.9955E-05 0.274795 9.9955E-05 0.0538249 0.0536469 9.9955E-05 9.9955E-05 9.9955E-05
0.228765 0.00559457 0.560078 9.9973E-05 9.9973E-05 0.128059 9.9973E-05 0.0376992 0.0395046
0.0386979 0.0168427 9.9991E-05 0.573297 0.0328456 0.0748091 0.0130398 0.208066 0.0423022
0.0714257 0.0120054 0.00488299 0.726715 9.9982E-05 0.0163849 9.9982E-05 0.0825407 0.0858449
0.039245 9.9964E-05 9.9964E-05 0.78644 0.0192016 0.0492453 9.9964E-05 0.105468 9.9964E-05
0.0439116 9.9973E-05 9.9973E-05 0.783062 9.9973E-05 0.0163044 0.0123323 0.11087 0.0332194
9.9955E-05 9.9955E-05 9.9955E-05 0.697419 0.0989164 9.9955E-05 9.9955E-05 0.134749 0.0684159
0.625923 9.9964E-05 0.0682651 0.0301395 9.9964E-05 9.9964E-05 9.9964E-05 0.0157421 0.259531
