0.0471187 0.00617356 9.9982E-05 0.0791531 0.0353304 0.830036 9.9982E-05 0.00198812
0.0443964 9.9973E-05 9.9973E-05 0.0172008 0.0206504 0.894215 0.0232372 9.9973E-05
9.9982E-05 0.00919927 0.0366878 0.0619308 0.0224265 0.754474 9.9982E-05 0.115082
9.9982E-05 9.9982E-05 0.0663046 0.0405518 0.0121118 0.792088 0.0478904 0.0408538
9.9964E-05 9.9964E-05 0.0537227 9.9964E-05 9.9964E-05 0.891035 0.000656443 0.0541865
0.0934183 0.138852 0.0765459 0.0344551 0.0301925 0.537095 9.9991E-05 0.0893415
9.9973E-05 0.113729 9.9973E-05 0.0224383 0.00523369 0.795354 9.9973E-05 0.0629454
9.999E-05 0.0717626 0.0145779 0.0213155 0.0862696 0.719355 0.0757833 0.0108363
9.99639E-05 0.0158448 9.99639E-05 9.99639E-05 0.149525 0.833474 0.000756316 9.99639E-05
9.9991E-05 0.0307797 0.0347742 0.00354392 0.0139379 0.741686 0.0221558 0.153023
0.0919745 0.0435002 9.9982E-05 0.00142986 0.0925704 0.743804 9.9982E-05 0.0265213
0.198206 0.0176802 0.0277546 0.00399728 0.386095 0.0302884 9.9991E-05 0.335879
0.00530511 0.0480929 0.0648333 0.0170281 0.290289 9.9982E-05 9.9982E-05 0.574252
9.9982E-05 9.9982E-05 0.0247806 0.00862985 0.473549 0.0434053 0.107582 0.341853
0.104536 0.00773091 0.153658 0.0165408 0.319121 0.0690672 9.9991E-05 0.329246
0.164854 0.0142405 0.102929 0.0141719 0.141174 0.174074 9.9991E-05 0.388456
0.172009 9.9991E-05 0.101001 0.0468385 0.24015 0.00290206 0.022076 0.414923
0.0770825 9.9982E-05 0.0579171 0.0647376 0.359419 0.0374411 9.9982E-05 0.403202
0.0834425 0.108679 0.0493556 0.00975803 0.606132 0.00126918 0.0406106 0.100753
0.219093 0.0336151 0.0820183 0.0463128 0.252967 9.9991E-05 0.0110202 0.354873
0.0853839 0.208254 0.0332943 9.9991E-05 0.119995 0.0409965 0.0495522 0.462425
0.0114925 0.158238 9.9973E-05 9.9973E-05 0.134524 0.07347 9.9973E-05 0.621976
0.174889 0.054264 0.125264 0.0177312 0.282997 9.9982E-05 9.9982E-05 0.344656
0.0813605 0.0376434 0.0995174 9.9973E-05 0.242016 9.9973E-05 9.9973E-05 0.539163
0.203816 9.9982E-05 0.0754219 0.036713 0.391041 9.9982E-05 0.0363248 0.256484
0.152796 9.9982E-05 0.194138 0.00701812 0.371426 0.0215624 9.9982E-05 0.25286
0.0583549 0.0343085 0.0393501 9.9991E-05 0.433431 0.0305598 0.0531728 0.350723
9.994E-05 9.994E-05 9.994E-05 0.9993 9.994E-05 9.994E-05 9.994E-05 9.994E-05
9.994E-05 9.994E-05 9.994E-05 0.9993 9.994E-05 9.994E-05 9.994E-05 9.994E-05
9.9964E-05 9.9964E-05 9.9964E-05 0.333422 9.9964E-05 0.506772 0.00629265 0.153113
0.0650138 0.0486609 0.116589 0.252894 9.9982E-05 0.469366 9.9982E-05 0.0472761
0.19182 0.00964278 0.0177628 9.9991E-05 0.109277 0.0921436 0.00442768 0.574826
0.416139 9.9973E-05 0.0385204 9.9973E-05 9.9973E-05 0.0454091 0.0423358 0.457296
0.0867037 0.0329177 0.0716575 0.0349991 0.550769 0.040288 9.9991E-05 0.182565
0.50409 0.0209609 0.0874038 9.9991E-05 0.0138078 0.00628379 0.105134 0.26222
0.134961 0.0561095 9.9982E-05 0.0176886 9.9982E-05 0.0128187 0.0458703 0.732352
0.132994 0.0882454 0.0198773 0.0257532 0.0847952 0.076689 9.9991E-05 0.571546
0.0545621 0.130922 9.9982E-05 0.00745753 0.0878496 0.0771862 9.9982E-05 0.641823
0.700718 9.9964E-05 9.9964E-05 0.0607779 0.100788 9.9964E-05 9.9964E-05 0.137316
0.138236 0.18359 0.0231323 9.9991E-05 0.0541315 0.0175623 0.0377663 0.545482
0.663843 0.00833576 9.9955E-05 9.9955E-05 9.9955E-05 9.9955E-05 9.9955E-05 0.327321
0.730491 0.174979 9.9964E-05 9.9964E-05 9.9964E-05 0.050558 0.0435721 9.9964E-05
0.143766 0.0322404 9.9973E-05 9.9973E-05 0.482903 9.9973E-05 0.0938226 0.246968
0.278948 0.364619 0.00805291 9.9982E-05 0.205555 9.9982E-05 0.0728044 0.0698209
0.196547 0.0802068 0.0296566 0.0660662 0.361865 9.9991E-05 0.10555 0.160009
0.141631 0.0255295 0.119683 0.00499929 0.169558 0.0620442 9.9991E-05 0.476455
0.225952 0.041338 9.9991E-05 0.0421741 0.155169 0.105479 0.0734748 0.356313
0.0847095 0.158012 0.127126 0.0339109 0.386037 0.110433 0.0479349 0.0518373
0.12452 9.9991E-05 0.114259 0.0395451 0.298668 0.0634369 0.0576401 0.301831
0.168096 0.189343 9.9973E-05 0.0613787 0.462639 9.9973E-05 9.9973E-05 0.118244
0.0577342 0.0236854 0.0412927 0.0532097 0.243133 9.9991E-05 0.0465323 0.534313
0.0956256 0.0954273 0.0865709 9.9991E-05 0.00386999 0.0350897 0.0724121 0.610904
0.292269 0.0183444 0.107126 0.0459391 0.278204 0.000665746 0.119241 0.138211
0.219264 9.9982E-05 0.0509094 0.116481 0.124378 9.9982E-05 0.00347365 0.485293
0.186704 0.0590148 9.9982E-05 0.109998 0.298058 9.9982E-05 0.151946 0.194081
0.450642 9.9955E-05 9.9955E-05 9.9955E-05 0.0344495 9.9955E-05 9.9955E-05 0.514409
0.747598 9.9982E-05 0.00444019 0.0341974 0.0707876 0.00176435 9.9982E-05 0.141012
0.90267 0.0789203 0.00592218 9.9964E-05 9.9964E-05 0.0120879 9.9964E-05 9.9964E-05
0.818369 9.9964E-05 9.9964E-05 9.9964E-05 0.0258069 9.9964E-05 0.113611 0.0418132
0.637449 9.9964E-05 0.0198659 9.9964E-05 0.0581137 9.9964E-05 9.9964E-05 0.284171
0.471261 9.9964E-05 9.9964E-05 0.0188347 0.0159351 9.9964E-05 9.9964E-05 0.493569
0.487444 9.9964E-05 0.0108471 9.9964E-05 9.9964E-05 0.0698316 9.9964E-05 0.431477
0.671923 9.9973E-05 0.0355493 9.9973E-05 0.168411 0.0401219 9.9973E-05 0.083694
0.543534 9.9973E-05 9.9973E-05 0.0550847 0.159261 0.00340062 9.9973E-05 0.23842
0.507572 9.9982E-05 0.0537613 0.0352216 0.0720534 0.000205453 9.9982E-05 0.330986
0.434753 0.0521537 9.9982E-05 0.0178045 0.00663812 0.0846114 9.9982E-05 0.403839
0.549451 0.0381129 9.9973E-05 9.9973E-05 9.9973E-05 0.0477572 0.0159824 0.348397
0.714117 0.153147 9.9982E-05 9.9982E-05 0.0134553 0.0128673 0.104857 0.00135567
9.9973E-05 9.9973E-05 0.0267755 0.0412594 0.032771 0.778094 9.9973E-05 0.1208
0.00974234 9.9964E-05 9.9964E-05 0.0711204 9.9964E-05 0.849448 9.9964E-05 0.0692892
9.9973E-05 9.9973E-05 0.0481786 0.114436 0.0201 0.765715 9.9973E-05 0.0512699
9.9973E-05 0.0476403 0.0339041 0.0570543 9.9973E-05 0.830427 9.9973E-05 0.0306742
9.9973E-05 0.0764121 0.0748403 0.0760517 9.9973E-05 0.75242 9.9973E-05 0.0199764
9.9973E-05 0.0317603 0.0561349 0.0645853 9.9973E-05 0.804033 9.9973E-05 0.0431865
9.9964E-05 9.9964E-05 0.0265483 0.0511394 9.9964E-05 0.896131 9.9964E-05 0.0257818
0.759913 9.9964E-05 9.9964E-05 9.9964E-05 0.0107229 0.0757181 9.9964E-05 0.153246
0.366904 9.9973E-05 9.9973E-05 0.0228998 0.0469393 0.00122655 9.9973E-05 0.561731
0.232801 9.9982E-05 0.0239975 0.0624374 9.9982E-05 0.0432111 0.0684204 0.568933
0.328986 0.00836453 0.0105631 0.0527788 0.000493565 0.0216483 0.0631643 0.514001
0.470916 9.9955E-05 0.108517 9.9955E-05 9.9955E-05 9.9955E-05 9.9955E-05 0.420068
0.742683 9.9964E-05 9.9964E-05 9.9964E-05 0.173553 0.0621143 0.0212498 9.9964E-05
0.541712 0.0971569 0.0720865 0.0524081 9.9982E-05 9.9982E-05 0.0385603 0.197877
0.370866 9.9964E-05 9.9964E-05 9.9964E-05 9.9964E-05 0.0360987 0.0673481 0.525288
0.363265 0.0146285 9.9982E-05 0.0790654 0.0734464 9.9982E-05 0.0216322 0.447763
0.557461 9.9964E-05 0.120287 0.0126411 9.9964E-05 9.9964E-05 9.9964E-05 0.309211
0.438187 9.9973E-05 0.0033173 9.9973E-05 0.0637387 0.102059 9.9973E-05 0.392398
0.152111 0.107253 9.9982E-05 9.9982E-05 0.21066 0.075351 0.162504 0.291921
0.0189123 0.129306 0.0467296 0.0536217 0.236073 0.0644252 9.9991E-05 0.450833
9.9964E-05 9.9964E-05 9.9964E-05 0.0866505 0.304495 9.9964E-05 0.0988131 0.509641
9.9982E-05 0.0871967 0.0895844 9.9982E-05 0.248864 0.0222477 0.064917 0.486991
0.0419095 9.9973E-05 9.9973E-05 9.9973E-05 0.331806 0.0520793 0.107202 0.466703
0.122166 0.131097 9.9982E-05 0.0239696 0.136634 9.9982E-05 0.0661448 0.519788
9.9955E-05 9.9955E-05 9.9955E-05 9.9955E-05 0.301317 9.9955E-05 0.0460539 0.652129
0.0209017 9.9982E-05 0.0688886 9.9982E-05 0.266174 0.00865707 0.0399124 0.595266
0.166777 9.9982E-05 0.122155 0.0292676 0.167465 9.9982E-05 0.0257102 0.488425
9.9982E-05 0.220356 0.0207986 9.9982E-05 0.146302 0.12359 0.080036 0.408718
0.0312373 0.025337 0.0232938 0.00997931 0.171965 0.0763681 0.0123003 0.649519
9.9973E-05 0.0347761 9.9973E-05 9.9973E-05 0.0624238 0.0721971 0.111266 0.719037
0.191679 0.0503123 0.0589613 0.0260852 0.322102 0.021047 0.128442 0.201372
0.0671024 0.253253 0.00867542 0.0251682 0.243991 9.9991E-05 0.194868 0.206841
0.220168 0.151637 0.0883368 9.9982E-05 0.292917 9.9982E-05 0.24044 0.00630082
0.114858 0.026915 9.9982E-05 0.00625993 0.419682 9.9982E-05 0.10015 0.331936
0.18591 9.9973E-05 9.9973E-05 9.9973E-05 0.292864 0.0244821 0.033305 0.46314
0.116521 9.9973E-05 9.9973E-05 0.0366064 0.399469 9.9973E-05 0.110707 0.336396
0.190543 0.0254826 0.0110961 9.9991E-05 0.416315 0.0101462 0.0254543 0.320863
0.225369 0.0962564 0.0425954 0.0731995 0.0739231 9.9982E-05 9.9982E-05 0.488456
0.217812 0.246597 0.049352 9.9982E-05 0.282563 9.9982E-05 0.0322691 0.171207
0.0201478 0.202667 0.0600664 9.9991E-05 0.0588714 0.0332838 0.0864117 0.538452
0.115511 0.433573 9.9982E-05 9.9982E-05 0.123953 0.0898384 0.213736 0.023189
0.213893 0.170124 0.0363632 9.9982E-05 0.200453 0.0402664 9.9982E-05 0.3387
0.10043 0.244783 0.0647268 0.0157494 0.129134 9.9982E-05 9.9982E-05 0.444976
0.0451317 0.416665 9.9991E-05 0.0613879 0.0809944 0.00107926 0.131531 0.26311
0.0458479 0.368282 9.9982E-05 0.050974 0.18595 9.9982E-05 0.115734 0.233011
0.175458 0.0321183 9.9982E-05 0.0525847 0.154546 9.9982E-05 0.166447 0.418646
0.260559 0.352943 0.115484 0.033648 0.0770934 0.0115422 0.109284 0.0394464
0.232551 0.198683 9.9964E-05 9.9964E-05 0.14896 9.9964E-05 9.9964E-05 0.419407
0.130724 0.167726 0.0460994 9.9982E-05 0.124908 9.9982E-05 0.0918306 0.438513
9.9982E-05 0.349128 0.297617 0.0368729 0.0390615 0.19383 9.9982E-05 0.0832909
9.9955E-05 0.442202 0.104609 9.9955E-05 9.9955E-05 0.452689 9.9955E-05 9.9955E-05
9.9964E-05 0.563934 0.128571 0.0138192 9.9964E-05 0.293276 9.9964E-05 9.9964E-05
9.9973E-05 0.295804 0.360031 0.0557834 9.9973E-05 0.280417 9.9973E-05 0.00766442
0.0678259 0.184353 0.00560832 9.9973E-05 9.9973E-05 9.9973E-05 0.0739769 0.667936
0.0352222 9.9964E-05 0.67714 9.9964E-05 0.0673919 9.9964E-05 9.9964E-05 0.219846
0.229893 0.337635 9.9982E-05 0.00275509 0.0117461 9.9982E-05 0.134339 0.283431
0.00860161 0.393714 9.9982E-05 0.000442507 0.00650609 9.9982E-05 0.359931 0.230605
0.173166 0.199493 0.045974 9.9964E-05 9.9964E-05 9.9964E-05 9.9964E-05 0.580967
0.0970506 0.153031 9.9982E-05 9.9982E-05 0.100607 0.0404205 0.11565 0.493041
0.0650273 0.180654 0.027851 9.9982E-05 9.9982E-05 0.0562187 0.130563 0.539486
0.14077 0.463134 9.9973E-05 9.9973E-05 0.0838464 9.9973E-05 0.0987628 0.213188
9.9955E-05 9.9955E-05 0.946596 9.9955E-05 9.9955E-05 9.9955E-05 0.0343388 0.0185654
0.0120537 9.9964E-05 0.936554 9.9964E-05 9.9964E-05 9.9964E-05 0.00920472 0.0417878
9.9964E-05 9.9964E-05 0.70936 0.0340501 9.9964E-05 9.9964E-05 0.0753804 0.18081
0.0447086 9.9964E-05 0.783597 9.9964E-05 9.9964E-05 0.0564834 9.9964E-05 0.114811
9.9946E-05 9.9946E-05 0.992581 0.00681922 9.9946E-05 9.9946E-05 9.9946E-05 9.9946E-05
9.9955E-05 9.9955E-05 0.93625 0.00741591 0.055834 9.9955E-05 9.9955E-05 9.9955E-05
9.9946E-05 9.9946E-05 0.807557 9.9946E-05 9.9946E-05 9.9946E-05 9.9946E-05 0.191844
0.0079404 9.9964E-05 0.925384 9.9964E-05 0.0492409 9.9964E-05 9.9964E-05 0.0170344
0.00508777 9.9955E-05 0.98856 9.9955E-05 9.9955E-05 9.9955E-05 9.9955E-05 0.00585263
9.9946E-05 9.9946E-05 0.978737 0.0206629 9.9946E-05 9.9946E-05 9.9946E-05 9.9946E-05
9.9973E-05 9.9973E-05 0.728213 0.0933103 0.00719169 9.9973E-05 0.0319801 0.139005
0.0241475 0.0441869 0.773641 0.0143511 0.00457203 0.0317231 9.9991E-05 0.107279
0.0192211 9.9964E-05 0.955115 0.00816886 9.9964E-05 0.0170952 9.9964E-05 9.9964E-05
9.9973E-05 9.9973E-05 0.756422 0.0405152 9.9973E-05 0.0466057 0.0259817 0.130175
0.0030079 9.9982E-05 0.848611 0.00346696 0.0492034 9.9982E-05 0.0163053 0.0792057
9.9946E-05 9.9946E-05 0.980695 9.9946E-05 9.9946E-05 0.0187052 9.9946E-05 9.9946E-05
9.9982E-05 0.0179716 0.895598 0.00348859 0.0073431 0.0384385 0.0369599 9.9982E-05
9.9946E-05 9.9946E-05 0.982384 0.0170162 9.9946E-05 9.9946E-05 9.9946E-05 9.9946E-05
0.092609 9.9973E-05 0.650455 9.9973E-05 0.0926768 0.047159 9.9973E-05 0.1168
9.9973E-05 9.9973E-05 0.853767 9.9973E-05 0.00528623 0.053265 0.0754332 0.0119489
9.9973E-05 0.585332 0.00768083 9.9973E-05 9.9973E-05 0.247618 0.147161 0.0119079
9.9973E-05 0.295032 0.0332189 9.9973E-05 0.0631228 0.127098 9.9973E-05 0.481229
9.9982E-05 0.189878 0.0654705 9.9982E-05 0.0391891 0.189591 0.0740156 0.441655
9.9982E-05 0.491703 0.0741161 0.0528039 0.0372106 0.121741 9.9982E-05 0.222226
0.116963 0.341117 0.0819291 9.9982E-05 9.9982E-05 0.194969 0.0486832 0.216138
9.9973E-05 0.348401 0.112622 9.9973E-05 9.9973E-05 0.11049 0.0432633 0.384923
9.9982E-05 0.197696 0.01145 0.108344 0.0338557 0.0871689 9.9982E-05 0.561285
9.9973E-05 0.397604 0.131115 0.0944879 9.9973E-05 0.0503538 9.9973E-05 0.326139
9.9973E-05 0.0452852 9.9973E-05 9.9973E-05 0.0608505 0.840121 0.0165464 0.0368972
9.9973E-05 0.0146029 0.0380762 0.0832995 9.9973E-05 0.827742 0.03598 9.9973E-05
0.0251619 9.9964E-05 9.9964E-05 0.0418601 9.9964E-05 0.903777 0.0288008 9.9964E-05
9.9964E-05 9.9964E-05 9.9964E-05 0.0327876 0.0752754 0.891005 9.9964E-05 0.000531732
9.9982E-05 0.0126977 0.01373 0.0938749 0.0393846 0.818611 9.9982E-05 0.0215015
9.9964E-05 9.9964E-05 0.0699275 0.0472466 9.9964E-05 0.87145 0.0109764 9.9964E-05
9.9964E-05 9.9964E-05 0.0778594 0.0273717 9.9964E-05 0.863811 9.9964E-05 0.0305579
9.9973E-05 0.0677997 9.9973E-05 0.00691638 9.9973E-05 0.879509 0.0417347 0.00374041
9.9964E-05 9.9964E-05 9.9964E-05 0.00247816 9.9964E-05 0.923011 0.0141724 0.0599385
9.9982E-05 0.0219103 0.0955334 0.00380472 0.0634013 0.804066 0.0110847 9.9982E-05
0.142123 9.9973E-05 9.9973E-05 0.0407621 0.196093 0.587968 0.0327544 9.9973E-05
0.0877944 9.9964E-05 9.9964E-05 0.0109977 0.329165 0.571643 9.9964E-05 9.9964E-05
0.0516308 0.0568641 9.9982E-05 0.0404763 0.290291 0.529584 0.0309544 9.9982E-05
0.136247 9.9964E-05 9.9964E-05 9.9964E-05 0.310621 0.512662 0.0400702 9.9964E-05
0.205488 9.9982E-05 0.0233043 9.9982E-05 0.0290945 0.0299427 0.152439 0.559531
0.160637 0.0349752 0.0278141 9.9982E-05 0.106565 0.0582316 9.9982E-05 0.611577
0.223759 9.9982E-05 9.9982E-05 0.0412536 0.205 0.0855768 0.0854515 0.358759
0.163534 9.9973E-05 9.9973E-05 0.00217445 0.600311 9.9973E-05 0.0267265 0.206955
0.165794 0.0152626 0.057081 9.9982E-05 9.9982E-05 0.0445683 0.122177 0.594917
0.361092 9.9982E-05 0.0164552 0.0241114 0.067321 9.9982E-05 0.00526191 0.525559
0.339639 0.0304505 0.0396751 9.9982E-05 0.0563744 0.00331863 9.9982E-05 0.530342
0.420787 0.0397847 0.0739334 9.9982E-05 0.0418921 9.9982E-05 0.0836565 0.339746
0.423385 0.0151862 9.9991E-05 0.00848157 0.0594604 0.0526963 0.0153281 0.425363
0.708738 0.0284009 9.9964E-05 9.9964E-05 0.0630848 9.9964E-05 0.199376 9.9964E-05
0.539107 0.0947581 0.0154154 9.9973E-05 9.9973E-05 9.9973E-05 0.126665 0.223754
0.335573 0.0056728 0.0254647 0.0357383 9.9991E-05 0.00934345 0.0882007 0.499907
0.620371 9.9964E-05 9.9964E-05 9.9964E-05 0.166301 0.0593338 9.9964E-05 0.153594
0.0166569 0.047552 0.00667752 0.0234817 0.771148 0.134284 9.9982E-05 9.9982E-05
9.9982E-05 0.0213203 9.9982E-05 0.00956009 0.785395 0.0908298 0.0344346 0.0582599
9.9973E-05 9.9973E-05 9.9973E-05 0.00898983 0.847108 0.0628403 0.0576048 0.0231567
9.9955E-05 9.9955E-05 9.9955E-05 9.9955E-05 0.843079 0.0895702 0.066851 9.9955E-05
9.9982E-05 0.0818077 0.00717056 0.0129754 0.803593 9.9982E-05 0.0591087 0.0351449
9.9973E-05 9.9973E-05 0.0832925 9.9973E-05 0.82974 0.0450017 0.00512383 0.0365422
0.00225428 9.9973E-05 0.075999 0.0240664 9.9973E-05 0.810334 9.9973E-05 0.0870462
9.9973E-05 9.9973E-05 0.012696 0.00829132 0.067722 0.803634 9.9973E-05 0.107356
9.9964E-05 9.9964E-05 0.099049 0.0306336 9.9964E-05 0.754463 9.9964E-05 0.115455
9.9973E-05 9.9973E-05 0.0360675 0.0350819 0.0454896 0.76947 9.9973E-05 0.113591
9.9973E-05 9.9973E-05 0.089544 0.00966573 0.0332122 0.781763 9.9973E-05 0.0855149
9.9955E-05 0.102782 9.9955E-05 9.9955E-05 0.497172 0.399547 9.9955E-05 9.9955E-05
0.0410863 0.0432507 9.9973E-05 9.9973E-05 0.408385 0.465465 0.0415129 9.9973E-05
0.0455863 9.9973E-05 9.9973E-05 0.0189607 0.43851 0.458806 0.0378362 9.9973E-05
9.994E-05 9.994E-05 9.994E-05 0.9993 9.994E-05 9.994E-05 9.994E-05 9.994E-05
0.0486272 9.9973E-05 9.9973E-05 0.0506721 0.521845 0.329468 0.0490882 9.9973E-05
9.9964E-05 0.231289 0.354002 9.9964E-05 9.9964E-05 0.174241 9.9964E-05 0.240069
9.9973E-05 0.00937821 0.286445 0.0243714 9.9973E-05 0.168729 9.9973E-05 0.510776
9.9973E-05 0.155616 0.271981 0.0178752 9.9973E-05 0.213321 9.9973E-05 0.340907
9.9955E-05 0.319929 0.347821 9.9955E-05 9.9955E-05 0.331749 9.9955E-05 9.9955E-05
0.0850757 9.9991E-05 0.00336634 0.00908995 0.25956 0.0256238 0.133084 0.4841
0.0243968 0.160764 9.9973E-05 9.9973E-05 0.216403 9.9973E-05 0.189826 0.408311
9.9964E-05 9.9964E-05 9.9964E-05 0.060874 0.534415 0.023548 9.9964E-05 0.380763
0.179929 0.0319621 0.0144427 0.0132132 0.172709 0.00129566 0.201466 0.384983
0.165317 0.224023 9.9964E-05 9.9964E-05 0.210879 9.9964E-05 0.399381 9.9964E-05
0.040919 0.0151182 9.9991E-05 0.0163404 0.192106 0.0649003 0.163099 0.507417
0.0756406 0.0761708 9.9991E-05 0.0400375 0.298577 0.0238605 0.0938192 0.391795
0.167246 0.261948 9.9973E-05 9.9973E-05 0.251241 9.9973E-05 0.162833 0.156432
0.188981 0.0263917 0.0441877 0.0391128 0.0965746 9.9991E-05 0.246557 0.358096
0.0820662 0.0928338 0.00507873 0.0521758 0.271575 9.9982E-05 9.9982E-05 0.49607
0.13923 0.0734574 0.136484 9.9991E-05 0.0475686 0.117475 0.0305546 0.455131
9.9973E-05 0.0513307 0.00497343 9.9973E-05 0.238539 9.9973E-05 0.28176 0.423097
0.107076 9.9991E-05 0.0631316 0.000577169 0.186227 0.00481486 0.144315 0.493759
0.0567237 0.0812795 0.113745 0.0113472 0.103229 9.9991E-05 0.207005 0.426572
0.0862948 0.106438 9.9973E-05 9.9973E-05 0.200589 9.9973E-05 0.0435276 0.562851
0.0900037 9.9982E-05 0.0584011 0.0544575 0.0411353 9.9982E-05 0.152576 0.603227
9.9964E-05 9.9964E-05 0.0793093 0.00364048 9.9964E-05 0.760692 9.9964E-05 0.155958
9.9973E-05 9.9973E-05 0.0502576 0.0265609 9.9973E-05 0.812529 0.0300886 0.0802636
9.9973E-05 0.0415555 9.9973E-05 9.9973E-05 0.0219832 0.80807 0.0520463 0.076045
0.0865509 0.0122829 0.0557764 0.0438658 9.9982E-05 0.745972 0.055352 9.9982E-05
9.9973E-05 9.9973E-05 0.00498365 0.0166867 9.9973E-05 0.814591 0.00942453 0.154014
0.00980119 0.0857732 0.0705804 0.00127464 0.565922 0.00835315 9.9991E-05 0.258196
0.0159352 0.04757 0.048164 0.0580051 0.122545 9.9991E-05 0.00718177 0.700499
0.158545 9.9982E-05 9.9982E-05 0.0256958 0.166597 0.114315 0.046896 0.487751
9.9982E-05 0.142258 0.0622777 0.0040419 0.296039 9.9982E-05 0.172192 0.322991
0.156146 0.182517 9.9982E-05 0.0275904 0.510062 0.0736065 9.9982E-05 0.0498772
0.106431 9.9973E-05 0.0683224 0.0375215 0.321844 9.9973E-05 9.9973E-05 0.465581
0.000190465 9.9991E-05 0.0557386 0.00794421 0.506076 0.10735 0.123541 0.19906
0.0739833 0.184262 0.0254012 9.9982E-05 0.271066 0.0393312 9.9982E-05 0.405756
0.0157748 0.0183649 0.0187846 0.0516507 0.441496 0.0632881 0.214681 0.175961
0.088693 0.0173545 0.00999605 0.0419283 0.451106 0.0487484 0.0379889 0.304185
0.154848 0.0640057 0.0857273 0.00165269 0.20229 0.0409566 0.193018 0.257501
0.0206913 0.370785 9.9973E-05 9.9973E-05 0.12568 9.9973E-05 0.116165 0.366379
9.9973E-05 0.31559 9.9973E-05 0.00658832 0.048074 0.00556574 9.9973E-05 0.623882
9.9964E-05 0.414669 9.9964E-05 9.9964E-05 0.0774703 9.9964E-05 0.138192 0.369268
0.0861455 0.150779 9.9991E-05 0.0952848 0.0586455 0.0280402 0.193206 0.387799
0.1202 0.470318 9.9973E-05 9.9973E-05 0.146276 9.9973E-05 0.130114 0.132793
0.103833 0.489147 9.9973E-05 9.9973E-05 0.0250216 9.9973E-05 0.114632 0.267067
9.9973E-05 0.306194 9.9973E-05 0.0237504 0.0915575 9.9973E-05 0.0580943 0.520104
0.135501 0.361432 9.9973E-05 9.9973E-05 0.0888713 9.9973E-05 0.199441 0.214455
0.0793649 0.222168 9.9964E-05 9.9964E-05 0.140019 9.9964E-05 9.9964E-05 0.558049
0.239955 0.00600157 0.092974 0.00421909 0.603304 9.9991E-05 0.0100098 0.0434361
0.122968 0.0562062 0.0596049 9.9982E-05 0.352468 9.9982E-05 0.183296 0.225257
0.0727214 9.9982E-05 0.104896 0.0418697 0.368921 9.9982E-05 0.0777675 0.333625
9.9973E-05 0.118999 0.0303957 0.00709457 0.196553 9.9973E-05 9.9973E-05 0.646657
0.181035 9.9982E-05 0.00921722 0.0095198 0.421166 9.9982E-05 0.099694 0.279168
0.0856254 9.9982E-05 0.122803 0.0480226 0.189525 9.9982E-05 0.0850437 0.468781
0.152809 9.9982E-05 0.0589839 0.0222816 0.308576 0.0324377 9.9982E-05 0.424712
0.264156 9.9973E-05 0.0568436 9.9973E-05 0.40158 9.9973E-05 0.00240487 0.274716
0.0485548 0.0252673 0.108975 9.9982E-05 0.406239 9.9982E-05 0.133634 0.277129
9.9973E-05 0.0522422 0.0958767 9.9973E-05 0.20169 9.9973E-05 0.0392676 0.610624
0.0346489 0.0865954 0.0361158 0.00360003 0.230633 0.0634989 0.138126 0.406782
0.0459179 9.9973E-05 0.148567 9.9973E-05 0.202973 9.9973E-05 0.171505 0.430738
0.0446581 0.140759 0.0686996 0.0652465 0.323651 9.9982E-05 9.9982E-05 0.356786
0.0626729 9.9982E-05 0.170361 0.0209797 0.221168 0.0497474 9.9982E-05 0.474871
0.00973103 0.044802 0.110325 0.0494584 0.0202738 0.323407 9.9991E-05 0.441903
0.174099 0.112458 0.28181 0.019035 9.9982E-05 0.128192 9.9982E-05 0.284206
0.0511756 0.0460469 0.124914 0.101324 0.0862471 0.00341954 0.0643734 0.522499
0.11005 9.9982E-05 0.189198 0.0312138 9.9982E-05 0.20944 0.0229154 0.436982
0.0483013 0.0842333 0.0321495 0.0211536 0.137375 9.9991E-05 0.142763 0.533924
0.142154 0.501468 0.103017 9.9991E-05 0.0173846 0.153645 0.0127272 0.0695046
9.9982E-05 0.0492998 0.269805 9.9982E-05 0.230221 0.0145977 0.0207171 0.415159
0.0824121 9.9991E-05 0.228074 0.0172937 0.0614099 0.0747786 0.0889662 0.446965
0.0572723 0.218962 0.141876 0.036827 0.145092 0.123836 9.9991E-05 0.276036
9.9982E-05 0.0849725 0.139972 0.0569456 9.9982E-05 0.132257 0.0142017 0.571451
0.0294706 0.321478 0.200862 0.0356515 9.9982E-05 0.36973 0.0426078 9.9982E-05
9.9982E-05 0.0682109 0.18137 0.074711 9.9982E-05 0.140819 0.0316722 0.503017
9.9991E-05 0.115388 0.098876 0.119765 0.0533943 0.0896553 0.0328039 0.490018
0.0955856 9.9991E-05 0.1389 0.0241566 0.0591665 0.00566279 0.358425 0.318003
0.0840617 0.0471843 9.9964E-05 9.9964E-05 0.106753 9.9964E-05 0.761602 9.9964E-05
9.9946E-05 9.9946E-05 9.9946E-05 9.9946E-05 0.0500291 9.9946E-05 0.949371 9.9946E-05
9.9982E-05 0.120924 0.334238 9.9982E-05 0.0557542 0.0288361 0.0434322 0.416615
9.9973E-05 0.088551 0.332599 9.9973E-05 9.9973E-05 0.0930229 0.231976 0.253551
0.0252513 0.199183 0.265293 9.9991E-05 0.0070645 0.16603 0.191614 0.145464
9.9982E-05 0.0635574 0.293998 0.0291614 9.9982E-05 0.158984 0.212034 0.242066
9.9982E-05 0.138356 0.0772671 0.00379803 9.9982E-05 0.0623542 0.701727 0.0162977
0.00274945 0.0195264 0.149476 0.0353675 9.9991E-05 0.0629648 0.663875 0.0659407
9.9964E-05 9.9964E-05 0.144607 0.0362651 9.9964E-05 9.9964E-05 0.35588 0.462848
9.9964E-05 9.9964E-05 0.116749 9.9964E-05 9.9964E-05 0.0663264 0.410619 0.405905
9.9982E-05 9.9982E-05 0.166901 0.0330537 0.0234014 0.0119956 0.621724 0.142724
0.0462963 9.9991E-05 0.0816335 0.0347941 0.0288573 0.102735 0.227733 0.477851
9.9982E-05 9.9982E-05 0.0873636 0.0170812 0.038903 0.0116373 0.321113 0.523702
9.9964E-05 9.9964E-05 9.9964E-05 9.9964E-05 0.0879074 0.00690084 0.601965 0.302826
0.0906231 9.9991E-05 0.0794771 0.0364806 0.00474516 0.0216635 0.526195 0.240715
9.9991E-05 0.00945421 0.0152979 0.0289702 0.0822877 0.0399276 0.374882 0.449081
9.9955E-05 0.0634112 9.9955E-05 9.9955E-05 9.9955E-05 9.9955E-05 0.402167 0.533922
9.9964E-05 0.0316072 9.9964E-05 9.9964E-05 0.0327816 9.9964E-05 0.769207 0.166004
0.110162 9.9973E-05 0.0869046 9.9973E-05 9.9973E-05 0.0389059 0.289755 0.473973
0.0181165 9.9964E-05 9.9964E-05 9.9964E-05 0.0141381 9.9964E-05 0.814733 0.152613
0.0424148 9.9982E-05 0.0729384 0.0129244 0.0185551 9.9982E-05 0.531205 0.321762
9.9973E-05 0.114742 0.283365 9.9973E-05 9.9973E-05 0.139735 0.0636183 0.39824
9.9982E-05 0.149405 0.19457 0.000877726 0.142545 0.14255 9.9982E-05 0.369853
9.9973E-05 0.149041 0.0862516 0.0286929 9.9973E-05 0.169357 0.566358 9.9973E-05
9.9982E-05 0.0919595 0.219653 0.0162258 9.9982E-05 0.0477524 0.0275727 0.596637
9.9973E-05 0.189243 0.104458 0.0159612 9.9973E-05 0.308102 0.381936 9.9973E-05
9.9964E-05 9.9964E-05 0.215832 9.9964E-05 9.9964E-05 0.00952491 0.353217 0.421027
0.162291 9.9946E-05 9.9946E-05 9.9946E-05 9.9946E-05 9.9946E-05 0.83711 9.9946E-05
0.0508587 9.9955E-05 9.9955E-05 0.0185608 9.9955E-05 9.9955E-05 0.930081 9.9955E-05
0.0390089 9.9964E-05 0.00193941 9.9964E-05 9.9964E-05 9.9964E-05 0.502439 0.456212
9.9955E-05 9.9955E-05 9.9955E-05 0.0576517 9.9955E-05 9.9955E-05 0.354547 0.587302
9.9955E-05 9.9955E-05 9.9955E-05 0.00481682 9.9955E-05 9.9955E-05 0.60611 0.388574
0.0476342 9.9973E-05 0.00454727 9.9973E-05 9.9973E-05 0.0112131 0.463206 0.473099
0.035611 9.9973E-05 0.0080823 0.00793619 9.9973E-05 9.9973E-05 0.459229 0.488842
9.9973E-05 9.9973E-05 9.9973E-05 0.0538319 0.0221908 0.73932 0.0537438 0.130613
9.9964E-05 9.9964E-05 0.125649 9.9964E-05 0.144535 0.702039 0.0273767 9.9964E-05
9.9964E-05 9.9964E-05 0.0593577 0.0162286 0.038828 0.885186 9.9964E-05 9.9964E-05
9.9973E-05 9.9973E-05 0.000647409 0.112631 9.9973E-05 0.847406 0.0107777 0.0282381
0.380867 0.0151844 0.0634731 0.061297 0.00689497 0.0232451 0.0174465 0.431592
0.430609 9.9964E-05 9.9964E-05 0.0416958 0.0174593 9.9964E-05 9.9964E-05 0.509836
0.495446 0.0330636 9.9982E-05 9.9982E-05 0.148924 0.0389271 0.0140754 0.269364
0.361627 9.9973E-05 0.109203 0.0128566 9.9973E-05 9.9973E-05 0.0958963 0.420117
0.404961 0.127117 9.9973E-05 0.0423094 9.9973E-05 9.9973E-05 0.073734 0.351579
0.0222 9.9991E-05 0.176938 0.0315153 0.0285265 0.193641 0.100441 0.446638
0.344063 0.00492243 0.0526061 0.00829939 9.9991E-05 0.0144349 0.102075 0.473499
0.540456 9.9964E-05 9.9964E-05 0.0621215 0.0378067 9.9964E-05 9.9964E-05 0.359216
0.302062 9.9991E-05 0.0302252 0.00848018 0.000994398 0.01288 0.0974277 0.547831
0.407566 9.9973E-05 9.9973E-05 9.9973E-05 0.0509782 0.0560973 0.0445881 0.44047
0.368193 0.040006 0.073989 0.0182133 9.9982E-05 9.9982E-05 0.062111 0.437288
0.85723 9.9955E-05 9.9955E-05 9.9955E-05 9.9955E-05 9.9955E-05 0.0884052 0.0538653
0.541237 0.0239561 0.021814 9.9982E-05 0.0480515 9.9982E-05 0.0974421 0.267299
0.496747 0.097202 9.9982E-05 9.9982E-05 0.0706833 0.00261443 0.00322079 0.329332
0.881778 0.111926 9.9955E-05 9.9955E-05 9.9955E-05 9.9955E-05 0.00579566 9.9955E-05
0.35176 9.9991E-05 0.0773409 0.0203193 0.0312526 0.0386743 0.0645943 0.415958
0.596461 0.274136 9.9964E-05 9.9964E-05 9.9964E-05 9.9964E-05 0.0404405 0.0885631
0.793332 0.188645 9.9955E-05 9.9955E-05 9.9955E-05 9.9955E-05 0.0175234 9.9955E-05
0.328333 0.0182715 0.0318001 0.0550369 9.9982E-05 9.9982E-05 0.0416252 0.524733
0.614725 9.9982E-05 9.9982E-05 0.00990942 0.0189138 0.0793538 0.00685797 0.27004
0.370916 9.9964E-05 0.112954 9.9964E-05 0.141607 9.9964E-05 9.9964E-05 0.374123
0.366216 9.9964E-05 0.0454565 9.9964E-05 0.145615 9.9964E-05 9.9964E-05 0.442313
0.267894 0.0756478 0.0586842 0.0133561 0.246353 9.9991E-05 0.0660105 0.271955
0.352354 9.9982E-05 0.0320742 0.0161955 0.0494592 9.9982E-05 0.0555592 0.494158
0.360828 9.9991E-05 0.0460147 0.0558847 0.0455955 0.00213146 0.023998 0.465448
0.710744 0.0113434 9.9964E-05 0.0114705 9.9964E-05 9.9964E-05 9.9964E-05 0.266042
0.062959 9.9964E-05 9.9964E-05 0.0313076 0.253711 0.651623 9.9964E-05 9.9964E-05
0.0186345 0.0341608 9.9982E-05 0.0375637 0.107007 0.727319 9.9982E-05 0.0751151
9.9973E-05 0.0301531 9.9973E-05 0.111661 0.138439 0.715619 0.00382801 9.9973E-05
0.0154085 0.000769139 9.9982E-05 0.0653941 0.142484 0.751984 0.0237597 9.9982E-05
9.9973E-05 0.00889262 9.9973E-05 0.0487145 0.202666 0.693068 9.9973E-05 0.0463583
0.73115 9.9973E-05 0.00178828 9.9973E-05 0.0733853 0.0610465 9.9973E-05 0.13233
0.63164 9.9982E-05 9.9982E-05 0.0201486 0.103767 0.074431 0.0393378 0.130475
0.783716 0.00295766 0.00968041 9.9973E-05 9.9973E-05 9.9973E-05 0.110424 0.0929224
0.650483 0.00660856 0.0701282 0.00216755 9.9982E-05 0.0383087 9.9982E-05 0.232104
0.225132 9.9964E-05 0.0850642 9.9964E-05 9.9964E-05 9.9964E-05 0.0323978 0.657006
0.483163 0.0451393 9.9982E-05 9.9982E-05 0.00343692 0.0556872 0.0340387 0.378335
0.206246 0.0419414 9.9991E-05 0.00377857 0.00172188 0.0768267 0.0563722 0.613013
0.609599 9.9964E-05 0.0489561 9.9964E-05 0.180643 9.9964E-05 9.9964E-05 0.160402
0.575087 9.9973E-05 9.9973E-05 0.0388443 0.0179339 0.0203596 9.9973E-05 0.347475
0.471654 9.9955E-05 9.9955E-05 9.9955E-05 0.144079 9.9955E-05 9.9955E-05 0.383767
9.9964E-05 0.146211 9.9964E-05 9.9964E-05 0.0938254 0.111634 9.9964E-05 0.64793
0.555005 9.9955E-05 9.9955E-05 0.0651717 9.9955E-05 9.9955E-05 9.9955E-05 0.379324
0.338729 0.0192511 0.0575909 0.00139928 0.0643174 0.00442547 0.0409674 0.473319
9.9964E-05 9.9964E-05 0.522091 9.9964E-05 9.9964E-05 0.0523312 0.104981 0.320197
9.9991E-05 0.0827463 0.48067 0.036051 0.0135628 0.12975 0.000868269 0.256251
0.246902 0.201449 0.0463728 9.9973E-05 9.9973E-05 9.9973E-05 0.00720925 0.497767
9.9982E-05 0.0587461 0.613952 0.0426842 9.9982E-05 0.232885 0.0361659 0.0153673
9.9973E-05 0.0311319 0.490325 9.9973E-05 0.0202934 0.19017 9.9973E-05 0.26778
0.163101 0.212187 0.15851 0.0238073 0.0343471 0.0564534 0.00291456 0.348679
9.9982E-05 0.248054 9.9982E-05 0.0526624 0.0252111 0.0601969 0.0233226 0.590353
0.0656227 0.25192 9.9991E-05 0.0116193 0.0217266 0.0838441 0.0439181 0.52125
9.9973E-05 0.120925 0.503334 0.0371283 9.9973E-05 0.100631 9.9973E-05 0.237682
9.9973E-05 0.0988751 0.488144 0.00294764 9.9973E-05 0.000727665 9.9973E-05 0.409006
0.00615089 0.059361 0.536344 0.0600566 0.0130278 0.0352541 0.0510121 0.238794
9.9991E-05 0.073432 0.516558 0.0443147 0.0270858 0.0899171 0.042981 0.205612
0.024387 0.288408 0.0949528 0.0618569 0.0646984 0.000243398 9.9991E-05 0.465353
9.9973E-05 0.0807552 0.574461 0.0408774 9.9973E-05 0.110472 9.9973E-05 0.193134
0.0255752 0.3654 9.9982E-05 0.0452754 0.226093 0.038686 9.9982E-05 0.29877
9.9982E-05 0.179029 0.110721 0.0200129 0.103546 9.9982E-05 0.0141382 0.572353
9.9973E-05 0.141119 9.9973E-05 0.0439234 0.100864 0.0699789 9.9973E-05 0.643815
0.12128 0.152566 9.9991E-05 0.0483738 0.0390467 0.116057 0.00835595 0.514221
0.229124 0.0449661 0.267938 0.0464243 9.9991E-05 0.180975 0.103712 0.126761
9.9982E-05 0.0770441 0.312895 0.0623576 9.9982E-05 0.177262 0.0374834 0.332759
9.9973E-05 0.104586 0.549579 0.0275627 9.9973E-05 0.176775 9.9973E-05 0.141197
0.0292203 0.201129 9.9982E-05 0.0456964 0.0865038 0.101779 9.9982E-05 0.535472
0.0545127 0.594351 0.0166889 0.0405273 9.9991E-05 0.0254717 0.0438701 0.224478
0.137944 0.120263 9.9982E-05 9.9982E-05 0.113755 0.125134 0.0475425 0.455162
9.9982E-05 0.17256 0.178426 0.0595366 0.0355912 0.116137 9.9982E-05 0.43755
0.0212989 0.627907 0.177969 0.00448655 9.9973E-05 0.168038 9.9973E-05 9.9973E-05
9.9964E-05 0.797327 0.0478134 0.0759861 9.9964E-05 0.0784736 9.9964E-05 9.9964E-05
9.9982E-05 0.423162 0.13465 0.032919 0.029465 0.0777974 9.9982E-05 0.301806
0.00504263 0.488962 0.168979 9.9973E-05 9.9973E-05 0.268461 9.9973E-05 0.0682551
9.9955E-05 0.506856 0.209789 9.9955E-05 9.9955E-05 0.282855 9.9955E-05 9.9955E-05
9.9991E-05 0.292617 0.132196 0.0283737 0.00110327 0.0716556 0.0979763 0.375979
0.00370829 0.19173 0.0895529 0.0407964 9.9991E-05 0.152418 0.0585681 0.463126
0.0384094 0.359178 0.194433 0.002613 0.0484962 0.233054 9.9991E-05 0.123717
9.9973E-05 0.621319 0.096182 0.0525647 9.9973E-05 0.111971 9.9973E-05 0.117664
0.0946267 0.282875 0.172436 0.04712 0.0593102 0.0331578 9.9991E-05 0.310374
0.116219 0.568569 0.115512 0.0450452 9.9982E-05 0.0565018 9.9982E-05 0.0979528
9.9964E-05 0.700788 0.0318111 0.0390196 9.9964E-05 0.227982 9.9964E-05 9.9964E-05
9.9982E-05 0.348508 0.198671 0.0566945 9.9982E-05 0.0340977 0.037706 0.324123
0.04069 0.0741875 0.185983 0.0534639 9.9991E-05 0.236627 0.0146393 0.394309
9.9982E-05 0.0223552 0.219238 0.00908615 9.9982E-05 0.199039 0.00394585 0.546136
9.9982E-05 0.0062529 0.190925 9.9982E-05 0.0253191 0.179236 0.0949081 0.50316
9.9973E-05 0.0967256 0.206278 0.00520129 9.9973E-05 0.329911 9.9973E-05 0.361585
0.0596363 0.00906089 0.12228 0.0702564 9.9991E-05 0.157265 0.0392396 0.542162
0.00139989 0.0207165 0.246694 0.0762843 9.9982E-05 0.224081 9.9982E-05 0.430625
0.0181396 0.119838 0.223201 0.0644346 9.9982E-05 0.203655 9.9982E-05 0.370532
0.24909 0.0894211 0.149917 9.9991E-05 0.127292 0.182995 0.00377767 0.197406
9.9991E-05 0.0668716 0.204036 0.0058261 0.0198102 0.259588 0.0526434 0.391125
0.0768325 0.311471 0.235753 0.0123394 9.9982E-05 0.278017 9.9982E-05 0.085387
0.0633248 0.208802 0.364864 0.040801 9.9991E-05 0.152852 0.0773643 0.0918924
0.0230518 0.0770707 9.9982E-05 0.0406594 0.0806882 0.762368 0.0159622 9.9982E-05
0.00371223 0.0791609 9.9982E-05 9.9982E-05 0.714191 0.0623779 0.000583567 0.139774
9.9946E-05 9.9946E-05 9.9946E-05 9.9946E-05 0.953472 0.0459278 9.9946E-05 9.9946E-05
9.9946E-05 9.9946E-05 9.9946E-05 0.0285198 0.970881 9.9946E-05 9.9946E-05 9.9946E-05
9.9955E-05 9.9955E-05 0.00499727 9.9955E-05 0.933495 9.9955E-05 9.9955E-05 0.0610082
9.9964E-05 9.9964E-05 0.0504341 0.0102756 0.910031 9.9964E-05 9.9964E-05 0.0288591
9.9955E-05 9.9955E-05 9.9955E-05 0.0415485 0.912965 9.9955E-05 9.9955E-05 0.0449872
0.00727823 9.9973E-05 9.9973E-05 0.00727106 0.927568 0.0476152 0.00996751 9.9973E-05
9.9964E-05 9.9964E-05 0.0207436 0.0422547 0.786616 0.149986 9.9964E-05 9.9964E-05
0.00242418 0.00683597 0.0394372 0.023539 9.9982E-05 0.874395 9.9982E-05 0.0531687
9.9964E-05 9.9964E-05 9.9964E-05 0.0375345 0.0991164 0.75762 9.9964E-05 0.105329
0.0451818 0.000563642 0.0405538 0.0620108 0.0160021 0.835488 9.9982E-05 9.9982E-05
9.9982E-05 0.0128662 9.9982E-05 0.0317096 0.0919195 0.784149 0.0385793 0.0405761
9.9964E-05 9.9964E-05 0.0554181 0.0101509 9.9964E-05 0.911022 9.9964E-05 0.0230096
9.9982E-05 0.0410962 0.014443 0.0313691 0.0834497 0.812899 0.0165433 9.9982E-05
9.9982E-05 0.0344872 0.156262 0.0849987 0.123903 0.538722 9.9982E-05 0.0614277
0.0279019 9.9964E-05 0.0856927 0.0526663 9.9964E-05 0.833339 9.9964E-05 9.9964E-05
0.00903329 0.0193448 0.0666884 0.0609384 0.156945 0.675976 9.9991E-05 0.010974
9.9964E-05 9.9964E-05 0.0770237 0.0221707 9.9964E-05 0.851093 0.0493126 9.9964E-05
9.9955E-05 9.9955E-05 9.9955E-05 0.0547179 9.9955E-05 0.89338 0.0514023 9.9955E-05
9.9973E-05 0.0486431 0.0808399 0.0186014 9.9973E-05 0.816276 0.0353398 9.9973E-05
9.9955E-05 0.0448872 9.9955E-05 9.9955E-05 9.9955E-05 0.948175 9.9955E-05 0.00643841
9.9964E-05 0.0224113 0.0358456 0.0638832 9.9964E-05 0.87746 9.9964E-05 9.9964E-05
0.0061205 9.9982E-05 0.0231371 0.0535939 0.00834267 0.83177 9.9982E-05 0.0768363
9.9964E-05 9.9964E-05 0.0300493 0.0580204 9.9964E-05 0.761758 9.9964E-05 0.149772
9.9964E-05 9.9964E-05 0.124337 0.0162454 9.9964E-05 0.761324 9.9964E-05 0.0976936
9.9964E-05 9.9964E-05 0.0744821 0.0461472 9.9964E-05 0.775755 9.9964E-05 0.103216
9.9964E-05 9.9964E-05 0.09639 0.0545995 9.9964E-05 0.767178 9.9964E-05 0.0814329
0.0726406 0.32809 9.9973E-05 9.9973E-05 0.0102329 0.141572 9.9973E-05 0.447165
0.107317 0.106822 9.9964E-05 9.9964E-05 9.9964E-05 0.0930539 9.9964E-05 0.692407
0.0649559 0.658679 9.9964E-05 9.9964E-05 0.0682099 9.9964E-05 9.9964E-05 0.207756
9.9973E-05 0.156961 9.9973E-05 0.0295899 0.116349 0.103195 9.9973E-05 0.593606
9.9955E-05 0.704009 9.9955E-05 9.9955E-05 9.9955E-05 0.0401449 9.9955E-05 0.255346
9.9973E-05 0.188165 9.9973E-05 9.9973E-05 0.000420256 0.0639491 0.0612106 0.685955
0.0921821 0.264614 9.9973E-05 9.9973E-05 0.105199 0.0414438 9.9973E-05 0.496261
0.0391701 0.287402 9.9973E-05 9.9973E-05 0.0755074 0.0680981 9.9973E-05 0.529522
0.363177 9.9964E-05 9.9964E-05 9.9964E-05 0.0628995 0.0740052 9.9964E-05 0.499518
0.0775048 0.294846 9.9982E-05 0.0523734 0.0991736 0.00275335 9.9982E-05 0.473149
9.9982E-05 0.212823 9.9982E-05 0.0444201 0.137828 0.0475909 0.0222179 0.53492
0.239405 9.9973E-05 0.0364307 9.9973E-05 0.405151 9.9973E-05 0.249757 0.0689563
0.0391154 0.58162 9.9973E-05 9.9973E-05 0.153348 9.9973E-05 0.221657 0.00395915
9.9955E-05 0.647276 9.9955E-05 9.9955E-05 0.0789267 9.9955E-05 9.9955E-05 0.273297
9.9982E-05 0.290408 0.0135017 0.00904983 0.0264474 0.0750671 9.9982E-05 0.585326
0.0207859 0.288532 9.9964E-05 9.9964E-05 9.9964E-05 0.110121 9.9964E-05 0.580162
0.0541327 0.0587166 0.118586 9.9991E-05 0.003953 0.199409 0.0402675 0.524835
9.9973E-05 0.0469214 0.190311 9.9973E-05 0.0640428 0.159522 9.9973E-05 0.538903
0.0382364 0.0372209 0.175548 9.9991E-05 0.140416 0.443517 0.0519614 0.113
0.104835 0.0911024 0.135163 0.0258431 0.0377951 0.184924 0.0140458 0.406291
0.0254282 0.47863 0.192445 0.00311462 0.0214755 0.234215 0.0445909 9.9991E-05
0.0145546 0.198798 0.185143 0.0267405 9.9991E-05 0.220571 0.00200884 0.352084
0.186921 9.9982E-05 0.220887 0.0437062 0.0222979 0.368692 9.9982E-05 0.157296
0.0466488 0.0707942 0.10268 0.0284724 0.104247 0.24476 9.9991E-05 0.402297
0.0889142 0.12734 0.273677 9.9973E-05 9.9973E-05 0.109162 9.9973E-05 0.400607
0.113245 0.167449 0.111441 0.0301093 0.0119694 0.0767866 0.0583424 0.430657
0.0641576 0.081525 0.186343 0.063465 9.9991E-05 0.367918 0.0105698 0.225921
