0.805702 9.9973E-05 9.9973E-05 0.0417598 0.00857509 0.0210427 0.0613389 9.9973E-05 0.0516943 0.00958693
0.901975 0.0334516 9.9955E-05 0.0433446 9.9955E-05 0.00649956 0.0142295 9.9955E-05 9.9955E-05 9.9955E-05
0.739761 9.9973E-05 0.0359175 9.9973E-05 0.0430544 0.0247093 0.0516871 9.9973E-05 0.0344198 0.0701513
0.714801 9.9964E-05 0.0131628 0.0258376 0.078112 9.9964E-05 0.0557787 9.9964E-05 0.111908 9.9964E-05
0.841387 9.9946E-05 0.00566286 0.0947484 0.0576021 9.9946E-05 9.9946E-05 9.9946E-05 9.9946E-05 9.9946E-05
0.561378 0.403477 9.99475E-05 9.99475E-05 0.028854 9.99475E-05 9.99475E-05 9.99475E-05 0.00569124 9.99475E-05
0.802115 0.168187 9.99371E-05 9.99371E-05 9.99371E-05 9.99371E-05 0.0289986 9.99371E-05 9.99371E-05 9.99371E-05
0.653723 0.274631 9.9946E-05 9.9946E-05 9.9946E-05 9.9946E-05 0.00655461 9.9946E-05 0.0644914 9.9946E-05
0.782836 9.99549E-05 9.99549E-05 9.99549E-05 9.99549E-05 0.0371604 0.0377353 0.0691756 0.0725932 9.99549E-05
0.637471 0.223807 9.9964E-05 0.0691553 0.0449025 9.9964E-05 0.00590243 9.9964E-05 0.0183614 9.9964E-05
0.670954 0.269741 9.9946E-05 9.9946E-05 0.0043654 9.9946E-05 9.9946E-05 9.9946E-05 0.0543399 9.9946E-05
0.0132735 0.0569789 0.051422 9.9973E-05 0.068398 9.9973E-05 9.9973E-05 0.185181 0.299974 0.324472
9.9973E-05 9.9973E-05 9.9973E-05 0.046276 0.0135351 0.0290692 0.0517199 0.0508878 0.25652 0.551692
9.9982E-05 9.9982E-05 0.00840251 0.00868544 0.00773731 0.128503 0.0138045 0.176683 0.32365 0.332334
0.0106162 9.9982E-05 0.0630473 0.23152 0.0985185 0.0627019 9.9982E-05 0.0544971 0.266629 0.212271
0.15167 0.0716372 0.0694285 0.0374394 0.154587 9.9982E-05 9.9982E-05 0.0807741 0.14218 0.292084
0.0889809 0.0422272 0.00732881 0.0337079 0.154937 9.9982E-05 9.9982E-05 0.158408 0.0168934 0.497317
9.9982E-05 9.9982E-05 0.160676 0.0167708 0.101175 0.0442196 0.0730501 0.11018 0.0920007 0.401727
0.1294 9.9982E-05 0.0551233 9.9982E-05 0.0278532 0.0772423 0.00490574 0.0889624 0.162202 0.454111
0.00739754 0.183118 9.9973E-05 9.9973E-05 0.0805067 9.9973E-05 0.00259528 0.224901 0.427638 0.0735433
0.0156324 0.0355986 0.0895439 0.00312966 0.0571415 9.9991E-05 0.0192025 0.171918 0.130257 0.477476
9.9982E-05 0.0292506 0.107682 9.9982E-05 0.047077 0.0538071 0.0354204 0.134381 0.137139 0.455044
0.0518186 0.0574784 0.111815 0.138591 9.9982E-05 9.9982E-05 0.0256515 0.047439 0.133411 0.433595
0.0278127 0.0985892 0.140912 9.9982E-05 0.104363 9.9982E-05 0.024328 0.13043 0.216422 0.256943
0.0401499 0.0634798 9.9973E-05 0.120962 0.078994 9.9973E-05 0.0254115 9.9973E-05 0.106552 0.564151
9.9982E-05 0.0463195 0.0728651 9.9982E-05 0.0421398 0.0197084 0.0342833 0.0464101 0.159918 0.578156
9.9973E-05 9.9973E-05 0.107732 9.9973E-05 0.0605168 0.00695692 0.0214829 0.21117 0.305109 0.286733
0.0224187 9.9964E-05 0.0964039 9.9964E-05 0.185561 9.9964E-05 9.9964E-05 0.175947 0.270029 0.249241
0.0615687 9.9946E-05 9.9946E-05 9.9946E-05 9.9946E-05 9.9946E-05 9.9946E-05 0.368672 0.158542 0.410617
9.99201E-05 9.99201E-05 9.99201E-05 9.99201E-05 9.99201E-05 9.99201E-05 0.999101 9.99201E-05 9.99201E-05 9.99201E-05
9.99201E-05 9.99201E-05 9.99201E-05 9.99201E-05 9.99201E-05 9.99201E-05 0.999101 9.99201E-05 9.99201E-05 9.99201E-05
0.506286 9.9946E-05 0.0888381 9.9946E-05 0.0436352 9.9946E-05 0.360641 9.9946E-05 9.9946E-05 9.9946E-05
0.468345 9.9973E-05 0.0740176 0.039966 0.027496 0.0754664 0.292354 9.9973E-05 9.9973E-05 0.0220548
0.00334576 0.130541 0.142517 0.00783107 0.0619207 9.9991E-05 0.0336171 0.055948 0.0733026 0.490876
0.129779 0.147864 0.161589 0.107064 0.0935309 9.9973E-05 9.9973E-05 9.9973E-05 0.0242681 0.335605
9.9955E-05 0.035466 0.419807 0.107126 9.9955E-05 9.9955E-05 0.0187002 9.9955E-05 9.9955E-05 0.418401
0.0984224 9.9964E-05 0.0189987 9.9964E-05 9.9964E-05 9.9964E-05 0.0201888 0.270767 0.3728 0.218423
9.9964E-05 9.9964E-05 0.568122 9.9964E-05 0.0196815 0.0341298 0.0220895 0.0530229 9.9964E-05 0.302555
0.0783095 0.0313072 0.169113 9.9991E-05 0.0172869 0.0316176 0.000355824 0.0606138 0.0238722 0.587424
9.9973E-05 0.0622957 0.208743 0.134214 0.0300133 0.0424053 0.00100246 9.9973E-05 9.9973E-05 0.521026
0.0188544 0.416902 0.0454024 0.0186777 0.0192766 9.9982E-05 0.0557779 9.9982E-05 0.0174802 0.407429
0.00501704 0.219644 9.9973E-05 0.024479 0.00730355 9.9973E-05 0.0747212 9.9973E-05 0.0412414 0.627294
0.00443027 0.00633408 0.617892 9.9982E-05 9.9982E-05 0.0352818 0.0367424 0.0799809 0.119699 0.0994395
9.9973E-05 0.261076 0.165564 0.0196127 0.0574931 0.0531142 9.9973E-05 9.9973E-05 0.0145664 0.428274
0.086519 0.0581961 0.12824 0.143476 0.0762888 9.9973E-05 9.9973E-05 0.0135334 9.9973E-05 0.493446
0.0908472 0.00289307 0.0994017 0.0315204 0.118157 0.0622223 9.9982E-05 9.9982E-05 0.000254667 0.594504
0.00322195 9.9964E-05 0.666928 0.183361 9.9964E-05 0.00944698 9.9964E-05 0.0522556 9.9964E-05 0.0843858
0.0583692 9.9973E-05 0.199002 0.152698 0.0209014 0.048074 0.00496862 9.9973E-05 9.9973E-05 0.515687
0.139569 0.0308097 0.217888 0.096176 0.0577346 9.9964E-05 9.9964E-05 9.9964E-05 9.9964E-05 0.457424
0.0204711 0.026689 0.525784 9.9964E-05 9.9964E-05 0.130181 0.0226972 0.273777 9.9964E-05 9.9964E-05
9.9973E-05 0.101045 0.191564 0.0134045 9.9973E-05 0.0113789 9.9973E-05 0.117617 0.316991 0.2477
0.0179683 0.12305 0.15439 9.9973E-05 9.9973E-05 0.130568 9.9973E-05 0.355129 0.0998306 0.118764
0.0316917 0.00996038 0.0363753 0.0233777 0.0388441 9.9991E-05 0.0519736 0.138702 0.0493752 0.6196
0.0939083 0.0538695 0.0240709 0.0639731 0.095986 9.9982E-05 9.9982E-05 0.123816 0.00351706 0.540659
0.0173779 0.171569 0.0615113 0.253428 0.0969327 9.9973E-05 0.0356183 9.9973E-05 9.9973E-05 0.363263
0.0895676 0.0769406 0.212956 9.9982E-05 9.9982E-05 0.0483835 0.0165805 0.112267 0.252685 0.190419
9.9964E-05 0.0972136 0.025202 9.9964E-05 9.9964E-05 9.9964E-05 0.0370425 0.0696538 0.116951 0.653537
0.0974432 0.0414332 0.0552903 0.00521371 0.076006 0.0371534 9.9991E-05 0.0376515 0.0578856 0.591823
0.0979002 0.123954 0.138221 0.0782503 0.00675676 9.9991E-05 0.0284213 0.0826233 0.139832 0.303941
0.0760839 0.131234 0.115419 9.9991E-05 0.0233385 0.147174 0.0513999 0.146557 0.226789 0.0819044
9.999E-05 0.126638 0.142968 0.185143 0.063801 0.001304 0.0615315 0.0223819 0.0348562 0.361276
0.00194531 9.9973E-05 9.9973E-05 0.0155834 9.9973E-05 0.137696 0.0169329 0.12337 0.162744 0.541428
9.9973E-05 0.0114278 0.209137 9.9973E-05 9.9973E-05 0.014264 0.0683221 0.261674 0.333994 0.100882
9.9973E-05 9.9973E-05 0.0186599 0.0191636 9.9973E-05 0.0669173 0.0214323 0.174825 0.0938006 0.604901
9.9973E-05 9.9973E-05 0.0997483 0.281447 0.0670652 0.0769057 9.9973E-05 0.00617862 0.071351 0.397004
9.9973E-05 0.0749719 9.9973E-05 0.0872428 0.0397252 0.130192 0.0138319 9.9973E-05 0.181609 0.472127
0.0631581 9.9973E-05 0.093215 9.9973E-05 0.0492774 0.0698791 9.9973E-05 0.193633 0.203398 0.327139
0.0158431 9.9973E-05 0.0606338 9.9973E-05 9.9973E-05 0.0671283 0.0497332 0.171305 0.0790481 0.556009
9.999E-05 0.0214807 0.103887 0.111822 0.0552688 0.0106534 0.0862747 0.0203546 0.120841 0.469318
9.9973E-05 0.00274259 0.111514 9.9973E-05 9.9973E-05 0.0288871 0.0674555 0.29885 0.206094 0.284156
9.9955E-05 9.9955E-05 0.435049 0.0430886 9.9955E-05 0.00263036 9.9955E-05 9.9955E-05 0.0520663 0.466666
9.9964E-05 0.0243305 0.761144 9.9964E-05 0.0226289 9.9964E-05 0.0190366 9.9964E-05 0.0778061 0.0946538
0.0519867 0.0499524 0.221754 0.209842 0.00260974 9.9991E-05 0.0396481 0.00674273 0.0365741 0.380789
9.9955E-05 0.0148266 0.804681 9.9955E-05 9.9955E-05 0.0643292 9.9955E-05 0.105272 0.0103914 9.9955E-05
9.9946E-05 9.9946E-05 0.755638 9.9946E-05 9.9946E-05 0.0258153 9.9946E-05 0.184882 0.0330644 9.9946E-05
9.9955E-05 9.9955E-05 0.784261 0.0221635 0.00162035 9.9955E-05 9.9955E-05 0.0133032 9.9955E-05 0.178152
0.000373743 0.00721188 0.428126 0.0540137 9.9973E-05 9.9973E-05 0.00770982 9.9973E-05 0.0782848 0.42398
0.105244 9.9973E-05 0.171189 0.0162463 0.077067 9.9973E-05 0.0332205 9.9973E-05 0.0729973 0.523735
9.9964E-05 9.9964E-05 0.442152 9.9964E-05 0.0186031 0.0811149 0.0605991 0.0394088 9.9964E-05 0.357722
9.9937E-05 9.9937E-05 0.698081 9.9937E-05 0.111103 9.9937E-05 9.9937E-05 9.9937E-05 0.190117 9.9937E-05
0.0200741 9.9973E-05 0.515791 0.0315328 0.00847312 9.9973E-05 0.0124305 9.9973E-05 0.257482 0.153917
0.0802835 0.0683642 0.263879 9.9982E-05 0.054867 0.0329502 0.0275348 9.9982E-05 0.0283409 0.44358
0.0165189 0.0471671 0.638847 0.0366534 0.0927745 9.9973E-05 9.9973E-05 9.9973E-05 0.0275326 0.140207
0.0326152 0.0118356 0.44121 9.9982E-05 0.0232848 9.9982E-05 0.0416263 0.0565448 0.0130278 0.379656
9.9964E-05 0.093553 0.564865 0.10167 9.9964E-05 0.0235422 0.0138001 9.9964E-05 9.9964E-05 0.20217
9.9955E-05 0.00664796 0.561082 9.9955E-05 0.00715062 0.112353 9.9955E-05 0.312266 9.9955E-05 9.9955E-05
9.9964E-05 0.0551034 0.212841 0.032217 0.0341632 9.9964E-05 9.9964E-05 9.9964E-05 0.106171 0.559104
0.819401 9.9973E-05 0.00494892 0.0150361 0.0200411 9.9973E-05 0.0128047 9.9973E-05 0.037053 0.0904149
0.770408 9.9946E-05 9.9946E-05 0.0422341 9.9946E-05 9.9946E-05 0.136501 9.9946E-05 9.9946E-05 0.0502575
0.715699 9.9973E-05 0.003946 9.9973E-05 0.0341467 0.0543831 0.128169 9.9973E-05 0.000491033 0.0628649
0.774987 9.9946E-05 9.9946E-05 9.9946E-05 9.9946E-05 0.0761286 0.127333 9.9946E-05 9.9946E-05 0.0209512
0.729166 9.9964E-05 9.9964E-05 0.040244 0.0352751 0.0614865 0.103702 9.9964E-05 9.9964E-05 0.0297262
0.763412 9.9973E-05 0.0290945 0.0521046 0.0224994 0.0589442 0.0734971 9.9973E-05 0.000148381 9.9973E-05
0.829541 9.99461E-05 9.99461E-05 9.99461E-05 9.99461E-05 0.0345836 0.0553736 9.99461E-05 9.99461E-05 0.0799023
9.9973E-05 9.9973E-05 0.334944 0.151187 0.0599385 0.0289513 0.0458031 9.9973E-05 0.0772866 0.30159
0.0782218 9.9973E-05 0.223533 0.277669 0.062669 0.0324249 9.9973E-05 9.9973E-05 0.0123933 0.312789
0.0519592 9.9946E-05 0.716839 9.9946E-05 9.9946E-05 9.9946E-05 9.9946E-05 0.201977 0.0286258 9.9946E-05
0.0310784 0.0404767 0.243079 0.216675 0.0920641 9.9982E-05 0.0631237 0.0515041 9.9982E-05 0.2618
0.111468 0.0169549 0.433433 9.9955E-05 9.9955E-05 9.9955E-05 9.9955E-05 9.9955E-05 0.0214363 0.416208
0.0427882 0.0226292 0.254323 0.276131 0.0216975 9.9973E-05 0.0228554 9.9973E-05 9.9973E-05 0.359276
0.0526832 0.0946684 0.265592 0.0435933 0.0239391 9.9991E-05 0.0170201 0.0559896 0.00596176 0.440453
9.9964E-05 0.0170122 0.432062 0.243362 0.117391 9.9964E-05 0.00465707 9.9964E-05 9.9964E-05 0.185116
0.0199557 9.9955E-05 0.622948 9.9955E-05 9.9955E-05 9.9955E-05 0.00993938 0.123055 0.223602 9.9955E-05
0.0991802 0.0867832 0.166908 0.0205275 0.0894622 9.9982E-05 9.9982E-05 0.00687881 0.0177826 0.512277
0.0442251 9.9964E-05 0.232024 0.091477 9.9964E-05 0.0160313 0.0315618 9.9964E-05 9.9964E-05 0.584281
0.109063 0.0829182 0.0353166 0.0342052 0.118348 9.9991E-05 0.0376765 0.0724833 0.0796185 0.430271
9.9973E-05 0.0792733 0.49622 0.0531525 9.9973E-05 0.0336241 0.0463803 0.121231 9.9973E-05 0.169819
9.9964E-05 0.00154818 0.387176 0.244451 9.9964E-05 9.9964E-05 0.0320992 0.0327236 9.9964E-05 0.301603
0.00701425 0.0128684 0.424106 0.126643 9.9973E-05 9.9973E-05 0.0338155 9.9973E-05 0.0965392 0.298714
9.9946E-05 9.9946E-05 0.613882 0.224556 0.0942611 9.9946E-05 9.9946E-05 9.9946E-05 9.9946E-05 0.0667007
0.0414337 9.9946E-05 0.475598 9.9946E-05 9.9946E-05 9.9946E-05 9.9946E-05 9.9946E-05 0.137826 0.344543
0.132324 0.0529289 0.0973646 0.141069 9.9982E-05 0.0140974 0.00227251 9.9982E-05 0.0538735 0.50587
0.0700857 9.9982E-05 0.00140339 0.000547516 9.9982E-05 0.0922157 0.0148511 0.314916 0.170274 0.335506
0.0905554 0.0422187 9.9982E-05 9.9982E-05 0.069479 0.0313438 0.0330452 0.0691794 0.209575 0.454403
0.0693949 0.082262 0.0530411 0.11613 0.084131 9.9991E-05 0.031788 0.0969452 0.0251627 0.441045
0.0805966 0.0570124 0.0861341 0.164546 0.0585478 0.0548873 9.9982E-05 9.9982E-05 0.0425142 0.455561
9.9946E-05 9.9946E-05 9.9946E-05 9.9946E-05 9.9946E-05 9.9946E-05 0.0587172 0.225702 0.156296 0.558685
0.0145466 9.9973E-05 0.0349611 0.036153 0.000518089 9.9973E-05 9.9973E-05 0.161837 0.138829 0.612856
0.0293375 9.9955E-05 0.0116581 9.9955E-05 9.9955E-05 9.9955E-05 9.9955E-05 0.122117 0.249158 0.58723
0.12392 9.9991E-05 0.128717 0.0756035 0.0188024 0.0448095 0.00542843 0.0738288 0.117739 0.411051
0.00888994 0.0369676 9.9973E-05 9.9973E-05 9.9973E-05 0.0385708 0.0227078 0.114587 0.143915 0.634061
0.0285281 9.9973E-05 0.0520708 9.9973E-05 9.9973E-05 0.00815708 0.0543077 0.136096 0.0682959 0.652244
0.0338958 0.0826608 0.0542977 9.9973E-05 9.9973E-05 9.9973E-05 0.00219972 0.0398809 0.236089 0.550676
0.033144 0.0900474 0.0269677 0.154183 0.128009 0.0200609 9.9991E-05 0.0314169 0.0276748 0.488397
0.0625156 0.00982675 9.9991E-05 0.237172 0.0172932 0.0772622 0.0406999 0.0146012 0.0678051 0.472724
9.9964E-05 9.9964E-05 0.0983491 0.0054403 0.078985 9.9964E-05 9.9964E-05 0.0699788 0.184399 0.562448
0.0854545 0.0464233 0.0459186 0.180697 0.0458233 9.9982E-05 9.9982E-05 0.0165404 0.127142 0.451801
9.9964E-05 9.9964E-05 9.9964E-05 0.129173 0.0660411 9.9964E-05 0.0191016 0.128012 0.0853235 0.57195
0.0985821 0.0398368 9.9973E-05 9.9973E-05 9.9973E-05 0.0289844 0.0542284 0.318665 0.0464005 0.413003
9.9973E-05 9.9973E-05 0.0482926 0.0553605 0.0629026 0.033314 9.9973E-05 0.139009 0.0376931 0.623128
0.0342352 0.00549271 9.9964E-05 0.13071 9.9964E-05 0.0636061 9.9964E-05 0.108204 9.9964E-05 0.657352
0.0410095 9.9973E-05 0.183396 9.9973E-05 0.0782607 0.0279094 9.9973E-05 0.150429 0.25354 0.265156
0.0641249 0.0390402 9.9964E-05 9.9964E-05 0.0579897 9.9964E-05 9.9964E-05 0.489732 0.0906841 0.25803
0.00432882 9.9982E-05 0.0601854 0.0821911 0.00836082 0.0892054 9.9982E-05 0.00956397 0.18859 0.557374
9.9964E-05 9.9964E-05 0.0657906 9.9964E-05 0.0442361 0.0874557 9.9964E-05 0.466892 0.143295 0.19193
9.9973E-05 9.9973E-05 0.103732 9.9973E-05 0.0686282 0.00247237 0.0207386 0.189158 0.297726 0.317244
0.0258023 0.0425806 0.108323 9.9964E-05 9.9964E-05 9.9964E-05 9.9964E-05 0.171853 0.179413 0.471629
0.0441266 9.9964E-05 0.156866 9.9964E-05 9.9964E-05 9.9964E-05 0.0218962 0.106376 0.322491 0.347844
0.0101037 9.9955E-05 0.0799845 9.9955E-05 9.9955E-05 9.9955E-05 9.9955E-05 0.184759 0.34209 0.382563
0.0584102 0.0736549 0.067562 9.9982E-05 0.0990485 9.9982E-05 0.0408886 0.0977724 0.0101928 0.552271
0.0803374 0.0238537 0.0845846 0.158773 0.0679147 0.00330696 9.9991E-05 0.10617 0.0201486 0.454812
0.0922546 9.9982E-05 0.0737781 0.0828835 0.00406612 9.9982E-05 0.0334117 0.0816454 0.117537 0.514224
9.9964E-05 9.9964E-05 9.9964E-05 9.9964E-05 0.0519606 0.07745 0.0278764 0.45018 0.103073 0.28906
0.0953346 0.0814092 0.0854025 9.9982E-05 0.0835049 0.0681127 9.9982E-05 0.0331071 0.113741 0.439188
9.9982E-05 0.206221 0.0609938 0.0958574 0.0669705 0.064604 9.9982E-05 0.124648 0.0192034 0.361302
0.107644 0.217415 0.0583645 0.0569016 9.9973E-05 0.0903315 0.0093227 0.459721 9.9973E-05 9.9973E-05
0.0589219 0.0238485 0.178424 0.124293 0.0909028 9.9991E-05 0.0332002 0.0283527 0.00437137 0.457585
0.0883046 0.128825 0.175728 9.9964E-05 9.9964E-05 0.168045 9.9964E-05 0.113488 9.9964E-05 0.325209
0.0491424 0.0795424 0.141981 0.226298 0.0411332 0.102331 0.00777228 0.0600235 9.9991E-05 0.291676
9.99718E-05 0.19465 0.0649145 9.99718E-05 9.99718E-05 0.272222 9.99718E-05 0.163234 0.0924122 0.212168
0.0373299 0.313638 9.9982E-05 0.00126633 9.9982E-05 0.0679783 0.0428563 0.316617 0.0310033 0.189111
0.0118968 0.0120546 0.0822806 0.166333 9.9991E-05 0.118345 0.0207562 0.148542 0.0624725 0.377219
9.9982E-05 0.255108 9.9982E-05 0.116424 0.0408674 0.0153477 0.0620048 0.0105125 0.0230803 0.476455
0.139028 0.0599668 0.16115 0.0525334 0.0761797 0.0918794 0.0396163 9.9991E-05 0.0418469 0.3377
9.9973E-05 0.248793 0.196295 9.9973E-05 0.11062 0.172265 0.0141907 0.231604 0.0259324 9.9973E-05
0.136992 0.149141 9.9973E-05 0.0689531 9.9973E-05 0.0151254 9.9973E-05 0.0563788 0.0171957 0.555914
9.9964E-05 0.303979 0.0705081 9.9964E-05 9.9964E-05 0.0249487 9.9964E-05 0.215213 0.0431565 0.341795
9.9973E-05 0.115056 0.13572 0.0774529 9.9973E-05 0.0497463 9.9973E-05 0.137445 0.0267159 0.457564
0.100213 0.109121 0.133304 9.9982E-05 0.0824471 0.0254406 0.0465151 0.063089 9.9982E-05 0.439671
0.167058 0.103844 9.9973E-05 9.9973E-05 0.145961 0.264829 0.0921827 9.9973E-05 0.00459621 0.22123
0.372784 0.0873224 9.9955E-05 9.9955E-05 0.0863123 0.443713 9.9955E-05 0.00936801 9.9955E-05 9.9955E-05
0.277842 0.08081 9.9964E-05 9.9964E-05 0.0695027 0.467126 0.0261138 0.0782061 9.9964E-05 9.9964E-05
0.295993 0.05217 9.9973E-05 9.9973E-05 0.225664 0.287609 0.0120838 0.0296623 9.9973E-05 0.096518
9.99371E-05 0.373537 9.99371E-05 0.0259853 9.99371E-05 9.99371E-05 9.99371E-05 9.99371E-05 9.99371E-05 0.599778
0.0584142 0.0595866 0.108507 0.0467884 0.056699 0.0485511 0.0377374 9.9982E-05 9.9982E-05 0.583517
9.9946E-05 9.9946E-05 0.0447586 9.9946E-05 0.670336 9.9946E-05 9.9946E-05 9.9946E-05 0.0150125 0.269293
0.0442522 9.9982E-05 0.11283 0.0254282 0.390374 0.00179724 0.000969598 0.10948 9.9982E-05 0.314668
0.0914954 0.119142 0.0446501 0.055828 0.444692 9.9982E-05 0.0180331 9.9982E-05 0.0362107 0.189749
9.9955E-05 0.365183 9.9955E-05 9.9955E-05 0.0183691 9.9955E-05 0.00163028 0.291957 9.9955E-05 0.322361
9.9982E-05 0.0869134 0.102103 9.9982E-05 0.0823357 0.0611826 0.0432415 0.102439 0.0272332 0.494351
9.9955E-05 0.486209 9.9955E-05 0.11561 9.9955E-05 0.0390224 9.9955E-05 0.25924 9.9955E-05 0.0994187
9.9973E-05 0.189591 0.0642433 0.0740237 0.0131856 0.0133386 9.9973E-05 0.0911052 9.9973E-05 0.554213
0.0967479 0.0416214 0.0896665 0.062723 0.00951584 0.0593808 9.9982E-05 0.182062 9.9982E-05 0.458083
0.0445196 0.250959 9.9973E-05 0.115643 0.0914707 9.9973E-05 0.0132383 0.0644976 9.9973E-05 0.419373
9.9955E-05 0.255799 0.0585383 9.9955E-05 9.9955E-05 0.0642019 9.9955E-05 0.370969 9.9955E-05 0.249992
0.0358332 0.0693523 0.149361 9.9982E-05 0.113621 9.9982E-05 0.0322094 0.0333973 0.0391509 0.526874
9.9973E-05 0.214919 0.0922793 0.0319782 0.0799859 0.0662708 9.9973E-05 0.0900846 9.9973E-05 0.424182
9.9937E-05 9.9937E-05 9.9937E-05 0.0598999 0.92737 9.9937E-05 9.9937E-05 0.0120308 9.9937E-05 9.9937E-05
9.9955E-05 0.0536101 9.9955E-05 0.0294572 0.885908 9.9955E-05 9.9955E-05 9.9955E-05 0.00335935 0.0271655
0.0415388 0.0548955 0.0901443 9.9964E-05 0.573857 9.9964E-05 9.9964E-05 0.0206679 9.9964E-05 0.218497
0.00494466 9.9955E-05 9.9955E-05 0.101239 0.638983 9.9955E-05 9.9955E-05 9.9955E-05 0.022675 0.231659
9.9955E-05 9.9955E-05 0.00762395 9.9955E-05 0.805776 0.0118542 0.00734221 9.9955E-05 9.9955E-05 0.166904
9.9928E-05 9.9928E-05 9.9928E-05 9.9928E-05 0.996534 0.00266698 9.9928E-05 9.9928E-05 9.9928E-05 9.9928E-05
9.9946E-05 0.0130288 9.9946E-05 9.9946E-05 0.932881 0.00668102 9.9946E-05 9.9946E-05 0.04681 9.9946E-05
9.9937E-05 9.9937E-05 9.9937E-05 0.0977211 0.842127 9.9937E-05 9.9937E-05 9.9937E-05 9.9937E-05 0.059452
9.9937E-05 9.9937E-05 9.9937E-05 9.9937E-05 0.912777 9.9937E-05 9.9937E-05 9.9937E-05 0.0147328 0.0717905
9.99201E-05 9.99201E-05 9.99201E-05 9.99201E-05 0.999101 9.99201E-05 9.99201E-05 9.99201E-05 9.99201E-05 9.99201E-05
9.9928E-05 9.9928E-05 9.9928E-05 9.9928E-05 0.975425 9.9928E-05 0.0237752 9.9928E-05 9.9928E-05 9.9928E-05
9.9946E-05 9.9946E-05 9.9946E-05 9.9946E-05 0.721657 9.9946E-05 0.092585 0.0232295 9.9946E-05 0.161929
9.9955E-05 9.9955E-05 0.00945387 0.00814559 0.838771 9.9955E-05 9.9955E-05 9.9955E-05 0.0614945 0.0816356
9.9937E-05 9.9937E-05 0.0257526 9.9937E-05 0.951665 9.9937E-05 9.9937E-05 9.9937E-05 0.0218829 9.9937E-05
0.0827351 0.132178 0.0367754 0.0639261 0.362177 0.0121628 9.9982E-05 9.9982E-05 0.0409697 0.268876
0.122004 0.0175348 0.00769059 9.9955E-05 0.602232 9.9955E-05 9.9955E-05 9.9955E-05 9.9955E-05 0.250039
9.9955E-05 9.9955E-05 9.9955E-05 9.9955E-05 0.735494 0.0635965 0.0301228 9.9955E-05 0.0295284 0.140759
0.0258044 9.9964E-05 9.9964E-05 0.023095 0.854526 9.9964E-05 0.0173036 9.9964E-05 0.0112826 0.0675881
9.9937E-05 9.9937E-05 9.9937E-05 0.00741984 0.939575 0.0523057 9.9937E-05 9.9937E-05 9.9937E-05 9.9937E-05
0.0203121 9.9955E-05 9.9955E-05 9.9955E-05 0.834416 0.0531937 9.9955E-05 0.00301136 9.9955E-05 0.0885673
9.9928E-05 9.9928E-05 9.9928E-05 9.9928E-05 0.974166 9.9928E-05 0.0250347 9.9928E-05 9.9928E-05 9.9928E-05
0.0424293 9.9973E-05 0.042169 0.152485 0.58324 9.9973E-05 0.0184522 9.9973E-05 0.0589729 0.101952
0.000347331 9.9946E-05 9.9946E-05 9.9946E-05 0.88567 9.9946E-05 9.9946E-05 0.0771244 0.0362584 9.9946E-05
0.232654 0.420092 9.9946E-05 9.9946E-05 9.9946E-05 0.181161 9.9946E-05 0.165494 9.9946E-05 9.9946E-05
9.9973E-05 0.205489 9.9973E-05 0.198102 0.0510069 0.171037 0.0223332 9.9973E-05 0.0999404 0.251792
0.157349 0.292233 9.9982E-05 0.0926864 0.0671511 0.033477 0.00684801 9.9982E-05 0.081811 0.268245
0.136874 0.345518 9.9982E-05 0.0645681 0.0323839 0.262232 0.0169046 0.0494838 9.9982E-05 0.0918362
0.0729943 0.209475 0.129177 0.186124 0.119832 0.083519 9.9973E-05 9.9973E-05 9.9973E-05 0.198579
0.170364 0.243392 0.0644514 9.9982E-05 0.0460102 0.180629 0.0387602 0.117638 9.9982E-05 0.138555
0.119437 0.242096 9.9973E-05 0.227691 9.9973E-05 0.00158904 0.0532674 9.9973E-05 0.119982 0.235639
0.0689881 0.423675 0.0500987 0.0384451 0.164234 0.0957457 9.9973E-05 9.9973E-05 9.9973E-05 0.158513
0.0312302 0.196208 9.9973E-05 9.9973E-05 0.131118 0.0383023 0.104699 0.0409958 9.9973E-05 0.457146
9.9964E-05 0.296275 9.9964E-05 0.0543817 0.174226 0.237922 0.00220565 9.9964E-05 9.9964E-05 0.23459
0.132978 0.184828 0.0300949 9.9991E-05 0.0911169 0.0346844 0.060331 0.0325528 0.0360309 0.397284
0.793528 0.0688382 9.9964E-05 0.0435998 9.9964E-05 9.9964E-05 9.9964E-05 0.0162577 0.0704601 0.00691668
0.8158 9.9955E-05 9.9955E-05 0.00769951 0.0494095 0.0579494 0.0686418 9.9955E-05 9.9955E-05 9.9955E-05
0.869435 9.9946E-05 9.9946E-05 9.9946E-05 9.9946E-05 0.043371 0.0667609 9.9946E-05 9.9946E-05 0.0198331
0.868365 9.9955E-05 9.9955E-05 9.9955E-05 9.9955E-05 0.0762872 0.0152774 9.9955E-05 0.023276 0.0162944
0.732577 9.9955E-05 9.9955E-05 9.9955E-05 9.9955E-05 0.0547894 0.138673 9.9955E-05 0.0489656 0.0244942
0.758953 9.9955E-05 9.9955E-05 9.9955E-05 0.0734137 0.0693029 0.0831616 0.0146692 9.9955E-05 9.9955E-05
0.805948 0.0224018 0.00190184 9.9964E-05 0.067534 9.9964E-05 0.0543285 9.9964E-05 9.9964E-05 0.0474859
0.819105 9.9964E-05 0.0029098 9.9964E-05 9.9964E-05 0.0901924 0.0549596 0.000527496 9.9964E-05 0.0319059
0.849797 9.9955E-05 9.9955E-05 9.9955E-05 0.0160719 0.065266 0.0179152 9.9955E-05 9.9955E-05 0.0504504
0.782936 9.9964E-05 9.9964E-05 0.0203447 0.0694517 0.0890032 0.0315339 9.9964E-05 9.9964E-05 0.0063303
0.580944 9.9955E-05 0.00245694 9.9955E-05 9.9955E-05 9.9955E-05 0.0252583 0.189554 0.201287 9.9955E-05
0.494485 9.9964E-05 0.00532112 0.0657112 9.9964E-05 0.0551715 0.0214634 9.9964E-05 0.357448 9.9964E-05
0.516081 9.9955E-05 9.9955E-05 9.9955E-05 9.9955E-05 0.0312054 0.0500598 0.216333 0.185821 9.9955E-05
0.505198 0.0313894 0.0781836 9.9955E-05 9.9955E-05 9.9955E-05 9.9955E-05 0.156195 0.228535 9.9955E-05
0.0192736 9.9982E-05 0.31163 0.0862639 9.9982E-05 0.0262329 0.032066 0.00410672 0.0718929 0.448334
9.9973E-05 0.0307004 0.208255 0.0904811 0.0933591 9.9973E-05 9.9973E-05 0.152765 0.0628102 0.36133
9.9991E-05 0.0592085 0.12666 0.132411 0.040919 0.00589939 0.00452208 0.0630188 0.181936 0.385325
0.0283904 9.9964E-05 0.0208422 9.9964E-05 9.9964E-05 0.0850812 9.9964E-05 0.216598 0.126287 0.522402
9.9964E-05 0.0404763 0.0545576 9.9964E-05 0.0190076 9.9964E-05 9.9964E-05 0.2231 0.420086 0.242373
0.039639 0.0335345 0.181945 0.0759285 0.0216491 9.9982E-05 0.039549 0.0556155 9.9982E-05 0.55194
0.0225431 9.9955E-05 0.193193 9.9955E-05 9.9955E-05 9.9955E-05 0.0200647 0.151629 9.9955E-05 0.612071
9.9973E-05 0.0299189 0.284077 9.9973E-05 9.9973E-05 0.0688965 0.0496765 0.10728 0.00604961 0.453802
9.9973E-05 0.00991647 0.501091 0.135023 0.100524 9.9973E-05 9.9973E-05 0.0971159 0.0143365 0.141693
0.0434135 9.9973E-05 0.210594 0.0731158 9.9973E-05 0.0647393 9.9973E-05 0.0461354 0.0196871 0.542015
9.9973E-05 0.0211203 0.348779 0.147272 9.9973E-05 9.9973E-05 0.0112787 0.00931405 0.133783 0.328153
9.9937E-05 9.9937E-05 0.480051 9.9937E-05 9.9937E-05 9.9937E-05 0.0198093 0.49944 9.9937E-05 9.9937E-05
0.0468402 0.00745097 0.134386 0.105408 0.0540561 9.9982E-05 9.9982E-05 0.0836091 0.11591 0.45214
0.026602 9.9955E-05 0.316936 9.9955E-05 9.9955E-05 0.0956458 9.9955E-05 0.29382 9.9955E-05 0.266496
0.00386373 0.0577084 0.292565 0.12619 9.9973E-05 0.012622 9.9973E-05 0.00651421 9.9973E-05 0.500237
0.0259939 9.9955E-05 0.548688 9.9955E-05 9.9955E-05 9.9955E-05 9.9955E-05 0.141246 0.158595 0.124978
0.0225564 0.167189 9.9946E-05 9.9946E-05 9.9946E-05 0.0642984 9.9946E-05 9.9946E-05 0.745356 9.9946E-05
0.0417798 0.216798 9.9946E-05 0.0815911 9.9946E-05 9.9946E-05 9.9946E-05 9.9946E-05 0.659232 9.9946E-05
9.9937E-05 0.103162 9.9937E-05 0.0728735 9.9937E-05 9.9937E-05 9.9937E-05 9.9937E-05 0.823265 9.9937E-05
0.0670122 0.128551 0.00582073 0.0234907 9.9955E-05 9.9955E-05 9.9955E-05 9.9955E-05 0.774625 9.9955E-05
9.9955E-05 0.0786194 9.9955E-05 0.118275 9.9955E-05 9.9955E-05 0.0115444 9.9955E-05 0.767138 0.0239235
0.0163938 0.0481498 9.9964E-05 0.108491 0.0418275 0.0264197 9.9964E-05 9.9964E-05 0.758318 9.9964E-05
0.756142 9.9955E-05 9.9955E-05 0.0850287 9.9955E-05 0.0470855 0.0820999 9.9955E-05 9.9955E-05 0.0291443
0.810878 9.99461E-05 9.99461E-05 9.99461E-05 9.99461E-05 0.00209361 9.99461E-05 9.99461E-05 0.0557219 0.130707
0.707508 0.014662 9.9955E-05 9.9955E-05 0.109253 9.9955E-05 0.0514819 9.9955E-05 9.9955E-05 0.116594
0.704924 9.9964E-05 9.9964E-05 9.9964E-05 0.0806424 0.0241207 0.028428 9.9964E-05 0.0585904 0.102894
0.762536 0.0363191 9.9973E-05 9.9973E-05 0.0252115 0.00811097 0.0299107 9.9973E-05 0.0224551 0.115157
0.327274 0.126155 9.9955E-05 9.9955E-05 9.9955E-05 0.0205952 0.0152093 9.9955E-05 0.510267 9.9955E-05
0.401387 0.0664326 0.00681395 9.9973E-05 9.9973E-05 0.0546979 0.0192979 0.0641629 0.386908 9.9973E-05
0.422073 9.9973E-05 0.0560451 0.0449974 9.9973E-05 0.0480419 0.00226762 0.00552895 0.420746 9.9973E-05
9.99201E-05 9.99201E-05 9.99201E-05 9.99201E-05 9.99201E-05 9.99201E-05 0.999101 9.99201E-05 9.99201E-05 9.99201E-05
0.299092 0.0718717 0.0255344 9.9964E-05 9.9964E-05 0.0846406 0.00107359 9.9964E-05 0.517388 9.9964E-05
0.0723446 0.0181802 9.9982E-05 0.140966 0.233885 0.255878 0.00242853 9.9982E-05 0.023753 0.252365
0.0816189 0.0518516 0.109828 0.194746 0.171719 0.0453775 0.00451466 9.9991E-05 0.0381969 0.302048
0.174142 9.9955E-05 9.9955E-05 9.9955E-05 0.250703 0.00724825 0.00564264 9.9955E-05 9.9955E-05 0.561764
0.238709 0.0301372 0.0774367 0.0156257 0.133385 0.122549 0.00552559 9.9991E-05 0.0241154 0.352416
0.150282 0.177829 0.0761248 9.9955E-05 0.137568 9.9955E-05 9.9955E-05 9.9955E-05 9.9955E-05 0.457697
0.36305 0.0656914 9.9955E-05 0.00572586 0.194549 0.370484 9.9955E-05 9.9955E-05 9.9955E-05 9.9955E-05
9.9964E-05 0.0838732 0.0275042 0.0121956 9.9964E-05 9.9964E-05 9.9964E-05 0.172685 0.196994 0.506348
0.00396697 0.0223735 9.9982E-05 0.0383338 9.9982E-05 0.0993145 0.000806975 0.295454 0.108198 0.431352
0.0752835 9.9973E-05 0.0932498 0.0510315 9.9973E-05 9.9973E-05 0.00488438 0.0631138 0.401266 0.310871
9.9973E-05 0.0288565 0.000660274 0.0413312 0.00791865 9.9973E-05 9.9973E-05 0.334347 0.0431569 0.54343
9.99459E-05 9.99459E-05 0.0274862 9.99459E-05 9.99459E-05 0.10973 9.99459E-05 0.756299 0.105886 9.99459E-05
0.0513702 9.9982E-05 9.9982E-05 0.156941 0.023794 0.00601027 0.0498635 0.143426 0.0804109 0.487985
0.0181789 0.0360927 0.0241998 0.164564 9.9991E-05 0.0364119 0.0197094 0.171017 0.10713 0.422597
0.0460882 9.9964E-05 0.0513079 9.9964E-05 9.9964E-05 9.9964E-05 0.0406499 0.156146 0.267554 0.437854
0.0810918 0.0140464 0.125345 0.123871 0.0363718 0.059494 9.9982E-05 9.9982E-05 0.0828722 0.476708
9.9964E-05 0.0172428 0.057456 9.9964E-05 9.9964E-05 0.119011 9.9964E-05 0.434058 0.119749 0.252082
9.9964E-05 0.102494 9.9964E-05 9.9964E-05 0.0132751 0.0437122 9.9964E-05 0.321213 0.0234337 0.495473
9.9964E-05 0.0547556 0.0685348 0.0436313 9.9964E-05 9.9964E-05 9.9964E-05 0.0613813 0.225916 0.545381
0.141203 0.0589903 0.181883 0.0332721 0.145667 0.108596 9.9982E-05 9.9982E-05 0.00666291 0.323525
9.9955E-05 9.9955E-05 9.9955E-05 0.0541486 0.00525483 9.9955E-05 9.9955E-05 0.368231 0.124064 0.447801
0.0519887 9.9991E-05 0.00204169 0.0402106 0.0470496 0.00442412 0.00631695 0.166934 0.180126 0.500808
9.9973E-05 0.0248493 0.0601446 0.0530273 0.0445693 9.9973E-05 9.9973E-05 0.275766 0.0191074 0.522236
9.9973E-05 0.0694856 0.0730886 0.04405 9.9973E-05 0.0122756 9.9973E-05 0.110893 0.0681501 0.621757
0.0628961 0.0405339 0.123282 9.9991E-05 0.00945049 0.0099046 0.0244999 0.0658628 0.0333816 0.630089
0.0488053 0.0189913 9.9982E-05 0.140397 0.0202566 0.0108895 9.9982E-05 0.0706801 0.150274 0.539507
0.126439 0.0199097 0.0960476 0.113135 0.0169842 0.0550872 9.9991E-05 0.0420381 0.0990059 0.431253
0.776198 9.9937E-05 9.9937E-05 9.9937E-05 0.117369 9.9937E-05 9.9937E-05 9.9937E-05 9.9937E-05 0.105733
0.805127 0.0392075 0.0221792 0.0196603 0.102556 9.9964E-05 9.9964E-05 9.9964E-05 9.9964E-05 0.0108703
0.728813 0.0937718 9.9973E-05 0.0442538 0.0225855 0.0422439 9.9973E-05 0.0181836 0.0498483 9.9973E-05
0.796552 9.9955E-05 0.0874366 0.0513042 0.0235743 9.9955E-05 0.0406332 9.9955E-05 9.9955E-05 9.9955E-05
0.766004 0.0306244 0.0238256 9.9964E-05 0.0376067 9.9964E-05 0.0766744 9.9964E-05 9.9964E-05 0.0648647
0.00813825 9.9955E-05 9.9955E-05 9.9955E-05 0.0597484 9.9955E-05 9.9955E-05 0.295384 0.387447 0.248782
0.0762167 0.0199247 0.0889345 0.0981383 0.00600662 0.0106297 0.0360023 0.142614 0.0504412 0.471092
0.167576 0.107234 9.9973E-05 0.0811494 0.169463 0.058552 9.9973E-05 0.0624348 9.9973E-05 0.353291
9.9964E-05 0.00646686 9.9964E-05 9.9964E-05 9.9964E-05 0.0817011 0.0139628 0.0587786 0.08706 0.751631
0.119717 9.9955E-05 0.0749469 9.9955E-05 9.9955E-05 9.9955E-05 9.9955E-05 0.0566082 0.167539 0.580689
9.9955E-05 9.9955E-05 9.9955E-05 9.9955E-05 0.0332092 0.0914334 9.9955E-05 0.32157 0.15595 0.397337
0.105159 9.9955E-05 9.9955E-05 9.9955E-05 9.9955E-05 9.9955E-05 0.0561754 0.393159 0.326255 0.118751
9.9973E-05 0.0226782 0.0932126 9.9973E-05 0.0472058 9.9973E-05 0.0526013 0.0114914 0.278543 0.493968
0.0784473 0.00812171 9.9982E-05 0.0376075 0.024783 9.9982E-05 0.0104698 0.296229 0.342041 0.202101
0.0632645 0.131025 0.0377179 0.1078 0.0111509 0.0302133 9.9982E-05 0.185317 9.9982E-05 0.433311
0.170617 9.9946E-05 9.9946E-05 9.9946E-05 9.9946E-05 9.9946E-05 9.9946E-05 0.300698 0.329061 0.199025
0.0704344 9.9973E-05 9.9973E-05 0.0338468 0.0292519 9.9973E-05 0.035291 0.141467 0.0577509 0.631658
0.0484981 9.9955E-05 9.9955E-05 9.9955E-05 9.9955E-05 9.9955E-05 0.0598328 0.316859 0.277834 0.296476
0.0303956 0.0301653 9.9973E-05 0.04064 0.0945667 9.9973E-05 9.9973E-05 0.298133 0.152323 0.353477
9.9973E-05 0.206742 9.9973E-05 9.9973E-05 0.0637275 0.0392638 0.0336164 0.197103 0.0160343 0.443213
0.0137551 0.501084 9.9964E-05 0.0605381 9.9964E-05 9.9964E-05 9.9964E-05 0.16217 0.0318022 0.230251
0.0540617 0.191977 0.142455 9.9973E-05 0.0298367 9.9973E-05 0.0061775 0.0787551 9.9973E-05 0.496437
0.0867314 0.103604 0.0285492 9.9973E-05 9.9973E-05 0.0647427 0.0621504 9.9973E-05 0.100919 0.553003
9.99459E-05 0.416222 9.99459E-05 0.0667295 9.99459E-05 9.99459E-05 9.99459E-05 0.254017 9.99459E-05 0.262432
0.0137694 0.203992 0.0434163 0.0406631 0.0871752 9.9982E-05 0.0335788 0.145476 9.9982E-05 0.43173
0.0614415 0.279796 0.148479 0.342 9.9955E-05 9.9955E-05 9.9955E-05 9.9955E-05 9.9955E-05 0.167783
9.9946E-05 0.56958 0.030541 9.9946E-05 9.9946E-05 9.9946E-05 9.9946E-05 0.352278 9.9946E-05 0.0470016
9.9973E-05 0.493386 0.140638 0.0658174 9.9973E-05 0.075231 9.9973E-05 0.12703 0.0157372 0.0818602
9.9982E-05 0.288084 0.0807874 0.0456095 9.9982E-05 0.00239628 0.00707408 0.0840094 0.0270836 0.464755
9.9973E-05 0.502966 0.0873282 9.9973E-05 9.9973E-05 0.0203495 0.0132783 0.246705 0.0518269 0.0772455
9.9964E-05 0.363256 0.0190283 9.9964E-05 9.9964E-05 0.0318044 9.9964E-05 0.0854022 0.0439016 0.456207
9.9973E-05 9.9973E-05 0.0647403 9.9973E-05 0.0209966 0.0373057 0.0215915 0.286221 0.368649 0.200197
9.9946E-05 9.9946E-05 9.9946E-05 9.9946E-05 0.0310976 9.9946E-05 9.9946E-05 0.572687 0.0881491 0.307466
9.9973E-05 9.9973E-05 0.0248722 0.0459651 0.102154 9.9973E-05 0.0120873 0.187505 0.289772 0.337345
9.9982E-05 0.107924 0.00535018 0.110299 0.0146692 0.0770679 0.0194054 9.9982E-05 0.120748 0.544337
9.9973E-05 0.00461503 0.193217 0.035064 0.00769475 9.9973E-05 9.9973E-05 0.146433 0.397054 0.215623
0.0421925 0.0764299 9.9982E-05 0.273715 0.0403602 0.0816293 9.9982E-05 0.0114953 0.14649 0.327488
9.9991E-05 0.0645819 0.108555 0.127827 0.06182 0.00299676 0.0657447 0.0270048 0.0680997 0.473271
9.9973E-05 9.9973E-05 0.0115617 0.103906 0.03 9.9973E-05 0.0068187 0.145821 0.178778 0.522815
9.9973E-05 9.9973E-05 0.0465009 0.125771 0.0718527 9.9973E-05 0.047125 0.122344 0.200628 0.385479
9.9964E-05 0.020231 0.0198476 9.9964E-05 0.0315751 9.9964E-05 9.9964E-05 0.193162 0.239895 0.494889
9.9955E-05 9.9955E-05 0.0664008 9.9955E-05 0.057492 9.9955E-05 9.9955E-05 0.167594 0.348233 0.35978
9.9964E-05 0.0382211 0.0504692 9.9964E-05 0.105951 9.9964E-05 9.9964E-05 0.164615 0.342259 0.298085
9.9973E-05 0.0243735 0.127685 0.0734256 0.0820805 9.9973E-05 9.9973E-05 0.0683437 0.165733 0.458059
9.9973E-05 0.0421544 9.9973E-05 0.0353666 9.9973E-05 0.0605368 0.0409639 0.140511 0.0781481 0.602019
9.9982E-05 0.00652142 0.0260452 0.130034 9.9982E-05 0.0913062 0.0422273 0.158855 0.180691 0.36412
9.9955E-05 9.9955E-05 9.9955E-05 9.9955E-05 0.0324482 0.0411344 9.9955E-05 0.23516 0.0770235 0.613734
9.9964E-05 0.11423 9.9964E-05 9.9964E-05 9.9964E-05 0.117463 0.0336319 0.0102483 0.314697 0.409329
0.0281457 9.9973E-05 0.0605066 0.201158 9.9973E-05 0.0101343 9.9973E-05 0.0232667 0.148451 0.528038
0.0305352 0.0590952 0.0556367 0.160937 0.0547514 9.9991E-05 0.01539 0.109635 0.0918225 0.422097
0.10007 0.0795665 0.0688423 0.149558 0.0729707 9.9991E-05 0.00221616 0.0497686 0.111576 0.365332
0.300816 0.0900059 0.0297436 9.9964E-05 0.126363 0.0849812 9.9964E-05 9.9964E-05 9.9964E-05 0.36769
0.00692061 9.9973E-05 0.0931051 0.0883218 0.145996 0.245746 0.0676255 9.9973E-05 9.9973E-05 0.351985
0.106185 0.149571 9.9973E-05 9.9973E-05 0.16078 0.0196711 9.9973E-05 0.128758 0.0511723 0.383563
0.0356511 9.9991E-05 0.100442 0.184446 0.143318 0.0328178 0.0349371 0.00952558 0.037094 0.421668
0.115124 9.9973E-05 0.0948655 0.231406 0.227301 0.113246 0.00813164 9.9973E-05 9.9973E-05 0.209626
9.9964E-05 0.102278 9.9964E-05 9.9964E-05 0.0354073 0.00815621 0.0234996 0.362389 9.9964E-05 0.46787
0.234668 9.9982E-05 0.0939891 0.125447 0.0840605 0.0280368 0.00180165 9.9982E-05 0.020492 0.411304
0.168716 0.0959173 0.0958767 9.9982E-05 0.119129 0.270911 0.0016967 0.228492 9.9982E-05 0.019062
0.0676891 9.9973E-05 9.9973E-05 9.9973E-05 0.1322 0.0455149 0.0567921 0.135393 0.0393635 0.522748
0.0881168 9.9973E-05 0.0753714 0.280624 0.148361 0.00122852 9.9973E-05 9.9973E-05 0.0594451 0.346554
0.0324249 0.0363843 0.0166813 0.156827 0.185997 0.0812235 9.9982E-05 9.9982E-05 0.129587 0.360675
0.0772195 0.0891424 0.10965 0.0283982 0.110994 0.17531 0.0331494 0.0737081 0.0683621 0.234066
0.163922 9.9973E-05 9.9973E-05 0.103583 0.157676 9.9973E-05 0.0195691 0.0353982 0.0334499 0.486102
0.115039 0.033447 9.9991E-05 0.11081 0.164284 0.0411779 0.0872074 0.0535724 0.0285333 0.365828
0.249817 9.9955E-05 9.9955E-05 9.9955E-05 0.112793 0.420443 0.0520086 0.164439 9.9955E-05 9.9955E-05
0.18452 9.9973E-05 0.0471402 0.275162 0.116547 0.0294663 0.0272084 9.9973E-05 9.9973E-05 0.319656
0.154612 0.0386931 9.9964E-05 0.136334 0.147228 0.0530779 9.9964E-05 9.9964E-05 9.9964E-05 0.469656
0.117381 0.103422 0.0368441 0.223665 0.145801 0.0204479 9.9982E-05 0.0140078 9.9982E-05 0.338231
0.169841 9.9955E-05 9.9955E-05 0.0945126 0.157784 0.0930547 9.9955E-05 9.9955E-05 9.9955E-05 0.484309
0.150717 0.0853924 0.00808031 0.0661167 0.0991264 9.9982E-05 9.9982E-05 0.0164632 0.112553 0.461352
0.00253056 0.00957859 0.0799578 0.237917 0.030164 9.9991E-05 0.0355036 0.236998 0.0280192 0.339232
0.0277176 0.0246971 0.14229 0.311861 0.0787388 9.9982E-05 9.9982E-05 0.0939835 0.0468617 0.273651
9.9937E-05 0.0021317 9.9937E-05 0.31359 9.9937E-05 9.9937E-05 9.9937E-05 0.683579 9.9937E-05 9.9937E-05
9.99279E-05 9.99279E-05 9.99279E-05 0.346217 9.99279E-05 9.99279E-05 9.99279E-05 0.652983 9.99279E-05 9.99279E-05
9.9964E-05 9.9964E-05 9.9964E-05 0.342281 0.120801 9.9964E-05 0.0289128 0.198824 0.0316848 0.277097
0.00359226 0.0166671 9.9973E-05 0.263182 0.242934 0.154979 9.9973E-05 0.0491866 9.9973E-05 0.269159
0.00172796 9.9955E-05 9.9955E-05 0.524933 0.187578 0.232162 9.9955E-05 9.9955E-05 9.9955E-05 0.053099
0.0271467 0.0697314 0.0282678 0.298213 0.246474 0.269976 0.0501584 0.00813999 9.9991E-05 0.00179254
0.0669057 9.9964E-05 9.9964E-05 0.508998 0.19169 0.17901 0.011447 9.9964E-05 9.9964E-05 0.0415499
9.9937E-05 9.9937E-05 9.9937E-05 0.456834 9.9937E-05 0.176168 9.9937E-05 0.366298 9.9937E-05 9.9937E-05
9.9946E-05 9.9946E-05 9.9946E-05 0.626507 9.9946E-05 0.197315 0.0131271 0.162451 9.9946E-05 9.9946E-05
9.9964E-05 9.9964E-05 0.0559822 0.794312 0.062101 9.9964E-05 0.00154183 9.9964E-05 0.0335362 0.0521271
0.0540179 0.0155828 0.0264968 0.818683 0.0186508 9.9973E-05 9.9973E-05 0.0589215 0.00734764 9.9973E-05
9.9946E-05 9.9946E-05 9.9946E-05 0.60843 9.9946E-05 0.127174 0.02267 0.241126 9.9946E-05 9.9946E-05
0.0319623 0.0096393 0.0646854 0.551907 0.0404539 0.0774758 9.9982E-05 9.9982E-05 0.0507352 0.172941
9.9973E-05 0.0382665 9.9973E-05 0.544306 0.0350875 0.000255536 0.00308308 0.0749106 9.9973E-05 0.303791
9.9973E-05 0.113164 9.9973E-05 0.422673 0.0747202 0.062841 0.0259921 9.9973E-05 0.089685 0.210625
9.99549E-05 9.99549E-05 0.00559194 0.553458 9.99549E-05 9.99549E-05 9.99549E-05 0.289285 0.065062 0.0861033
9.99549E-05 0.0175668 9.99549E-05 0.499068 9.99549E-05 9.99549E-05 0.0116479 0.340069 9.99549E-05 0.131149
0.0201874 0.0649607 0.0630493 0.359343 0.045757 9.9991E-05 0.0159703 0.0459473 0.0641243 0.320561
0.0215049 0.113244 0.00921442 0.61865 0.0196142 9.9991E-05 0.00501936 0.0746774 0.11157 0.0264063
9.9991E-05 0.0488851 0.104074 0.145018 0.0902576 0.129965 0.00163637 0.0480073 0.141081 0.290975
9.9955E-05 0.0445265 9.9955E-05 0.468226 9.9955E-05 0.0443272 9.9955E-05 0.210036 9.9955E-05 0.232384
9.99459E-05 0.00351338 9.99459E-05 0.474987 9.99459E-05 9.99459E-05 9.99459E-05 0.493816 9.99459E-05 0.0270843
0.00999622 9.9955E-05 0.178922 0.451266 9.9955E-05 0.0654816 9.9955E-05 9.9955E-05 9.9955E-05 0.293834
9.99369E-05 9.99369E-05 0.121064 0.486412 9.99369E-05 9.99369E-05 9.99369E-05 0.391825 9.99369E-05 9.99369E-05
9.99459E-05 9.99459E-05 0.124783 0.659315 9.99459E-05 9.99459E-05 9.99459E-05 0.190617 9.99459E-05 0.0246859
9.9973E-05 0.0183658 0.0385028 0.417372 0.00433018 9.9973E-05 0.0795137 0.150057 9.9973E-05 0.291559
0.0466146 0.0101771 0.0613402 0.372003 0.0457125 9.9973E-05 9.9973E-05 0.175989 9.9973E-05 0.287864
0.135783 0.0189175 0.0150415 0.264733 0.162107 0.00294635 0.0206455 0.0773717 9.9991E-05 0.302354
0.116448 0.0584026 9.9982E-05 0.135493 0.0613543 0.00883156 9.9982E-05 0.13184 0.103699 0.383732
0.055342 0.126858 0.0051801 0.278052 0.20986 0.120999 0.0107297 9.9991E-05 0.0587354 0.134144
0.0244209 0.132305 0.056143 0.178115 0.157755 0.123291 0.0546344 9.9991E-05 0.114073 0.159163
0.134621 9.9973E-05 0.159127 0.136376 0.180967 9.9973E-05 0.0226878 9.9973E-05 0.0690028 0.296918
0.051191 0.07038 9.9982E-05 0.435743 0.159298 0.0912213 0.0195051 9.9982E-05 0.0523868 0.120075
0.152149 9.9964E-05 9.9964E-05 0.259025 0.0608135 0.170854 0.00126311 0.355495 9.9964E-05 9.9964E-05
0.0470047 0.00659751 9.9973E-05 0.455532 0.139129 0.0252598 9.9973E-05 9.9973E-05 0.0452576 0.280919
0.263568 9.9964E-05 9.9964E-05 0.130143 0.0702647 0.275708 0.00920184 0.250715 9.9964E-05 9.9964E-05
9.9964E-05 0.0234524 9.9964E-05 0.377932 0.121682 0.0542229 9.9964E-05 0.0467091 9.9964E-05 0.375602
9.99369E-05 9.99369E-05 0.0364365 0.517012 9.99369E-05 9.99369E-05 9.99369E-05 0.445852 9.99369E-05 9.99369E-05
9.99279E-05 9.99279E-05 9.99279E-05 0.273683 9.99279E-05 9.99279E-05 9.99279E-05 0.725518 9.99279E-05 9.99279E-05
