0.874633 9.9964E-05 0.0126605 9.9964E-05 9.9964E-05 0.0419427 9.9964E-05 0.0593761 0.010988
0.901062 9.9955E-05 0.0301669 0.0258958 0.0423757 9.9955E-05 9.9955E-05 9.9955E-05 9.9955E-05
0.771227 9.9973E-05 0.0346925 9.9973E-05 9.9973E-05 0.0371572 0.102549 0.00284762 0.0512271
0.755595 9.9955E-05 9.9955E-05 0.0437127 9.9955E-05 0.088473 9.9955E-05 9.9955E-05 0.11172
0.831331 9.9964E-05 9.9964E-05 0.0801644 0.00744004 0.0773542 9.9964E-05 9.9964E-05 0.00331026
0.55559 9.9964E-05 9.9964E-05 9.9964E-05 0.316595 0.122124 9.9964E-05 0.00190283 0.00338914
0.81145 9.99461E-05 9.99461E-05 9.99461E-05 0.182073 9.99461E-05 9.99461E-05 0.00587807 9.99461E-05
0.705504 9.9955E-05 9.9955E-05 9.9955E-05 0.196678 0.00734862 9.9955E-05 9.9955E-05 0.0899694
0.754618 0.0666827 0.0907665 9.99549E-05 9.99549E-05 9.99549E-05 9.99549E-05 9.99549E-05 0.0874325
0.688145 9.9955E-05 9.9955E-05 9.9955E-05 0.155116 0.0728814 0.0833584 9.9955E-05 9.9955E-05
0.696428 9.9955E-05 9.9955E-05 9.9955E-05 0.221245 9.9955E-05 9.9955E-05 0.0265643 0.0552635
9.9955E-05 9.9955E-05 9.9955E-05 9.9955E-05 0.0711764 0.0492653 0.0487507 0.830308 9.9955E-05
0.0116363 9.9973E-05 0.0133765 9.9973E-05 9.9973E-05 0.0313746 0.50029 0.419141 0.0238816
9.9964E-05 9.9964E-05 0.090311 0.0951773 9.9964E-05 0.0412366 0.0950691 0.677806 9.9964E-05
0.000357613 9.9964E-05 9.9964E-05 0.00361484 9.9964E-05 0.0836123 0.123404 0.788611 9.9964E-05
0.109214 9.9964E-05 9.9964E-05 9.9964E-05 0.0259888 0.142873 0.209591 0.511934 9.9964E-05
0.0398083 0.119245 0.00154442 0.0209017 9.9982E-05 0.126555 0.343699 0.348046 9.9982E-05
0.0201752 0.0622041 0.027856 9.9982E-05 0.0315987 0.0433887 0.370723 0.443854 9.9982E-05
0.0986219 9.9964E-05 0.0568096 9.9964E-05 9.9964E-05 0.047486 0.157546 0.639137 9.9964E-05
0.0156514 9.9955E-05 9.9955E-05 9.9955E-05 0.142547 9.9955E-05 9.9955E-05 0.829043 0.0122584
9.9973E-05 0.113758 9.9973E-05 0.0254571 9.9973E-05 0.144272 0.243009 0.372642 0.100562
0.00414728 0.0159723 0.0194826 9.9991E-05 0.18025 0.0666895 0.371629 0.304943 0.0367864
9.9964E-05 0.0465494 9.9964E-05 0.0331481 0.0868266 9.9964E-05 0.514243 0.318833 9.9964E-05
9.9964E-05 0.00620737 9.9964E-05 9.9964E-05 0.0897761 0.120789 0.0112421 0.771586 9.9964E-05
0.0414417 0.156808 9.9982E-05 0.0299559 9.9982E-05 0.140974 0.439957 0.111104 0.079559
9.9964E-05 9.9964E-05 9.9964E-05 9.9964E-05 0.00194938 0.132102 0.391102 0.395974 0.078473
9.9946E-05 0.001099 9.9946E-05 9.9946E-05 9.9946E-05 0.130846 9.9946E-05 0.867455 9.9946E-05
9.9937E-05 9.9937E-05 9.9937E-05 9.9937E-05 9.9937E-05 0.158868 9.9937E-05 0.840432 9.9937E-05
9.9964E-05 9.9964E-05 0.00290198 0.156805 0.0234782 9.9964E-05 0.0327478 0.783667 9.9964E-05
0.820207 9.9946E-05 9.9946E-05 9.9946E-05 9.9946E-05 0.0583387 0.120855 9.9946E-05 9.9946E-05
0.831533 9.9946E-05 9.9946E-05 9.9946E-05 9.9946E-05 0.00155257 0.166315 9.9946E-05 9.9946E-05
0.797394 0.00696659 0.00365975 9.9973E-05 9.9973E-05 0.0497803 0.139101 0.0027982 9.9973E-05
0.726467 0.0727333 0.0810299 9.9964E-05 9.9964E-05 0.0649333 0.0544366 9.9964E-05 9.9964E-05
0.0600978 0.189573 9.9973E-05 9.9973E-05 0.0747624 9.9973E-05 0.529434 0.124339 0.0214945
0.122429 0.310014 9.9973E-05 0.00816244 9.9973E-05 0.00509096 0.497171 0.0568329 9.9973E-05
9.9973E-05 0.325348 0.00673407 0.0434309 9.9973E-05 0.0605301 0.455621 0.108036 9.9973E-05
0.0669706 0.0836563 9.9982E-05 0.0259816 9.9982E-05 0.0298466 0.0866065 0.34929 0.357449
0.0280943 0.637296 9.9955E-05 9.9955E-05 9.9955E-05 0.042597 0.291513 9.9955E-05 9.9955E-05
0.0467509 0.262551 0.012447 0.0452513 9.9982E-05 9.9982E-05 0.473209 0.0761807 0.0834105
9.9973E-05 0.154112 0.0449379 9.9973E-05 0.105016 0.0157444 0.674749 0.00514119 9.9973E-05
0.0308262 0.091198 9.9982E-05 9.9982E-05 0.224505 0.0261982 0.535908 0.0181917 0.0729724
0.106733 0.0260054 9.9982E-05 9.9982E-05 0.135599 0.035589 0.619992 0.0288569 0.0470253
9.9964E-05 0.624601 0.0854144 9.9964E-05 9.9964E-05 9.9964E-05 0.104696 0.128979 0.0559103
9.9964E-05 0.0623016 9.9964E-05 9.9964E-05 0.353287 0.102353 0.37087 0.110788 9.9964E-05
0.114229 0.0366723 9.9982E-05 9.9982E-05 0.161692 0.0328929 0.633724 0.0111969 0.00939324
0.114727 0.0368203 0.0773142 0.0241778 9.9982E-05 0.0768609 0.553551 9.9982E-05 0.116349
9.9955E-05 0.664034 0.0538441 9.9955E-05 9.9955E-05 9.9955E-05 0.278472 9.9955E-05 0.00315077
0.0392861 0.222236 0.0714753 9.9964E-05 9.9964E-05 0.0166856 0.649917 9.9964E-05 9.9964E-05
0.0256354 0.150105 0.0812657 9.9982E-05 9.9982E-05 0.0593579 0.55271 0.0861135 0.0446125
0.0284808 0.699633 0.185359 0.00393834 0.0255761 9.9973E-05 9.9973E-05 9.9973E-05 0.0567131
9.9982E-05 0.224567 0.0532086 0.0384682 0.053403 9.9982E-05 0.131731 0.199723 0.298699
9.9973E-05 0.216455 0.101404 0.0663199 0.243917 9.9973E-05 9.9973E-05 0.342312 0.0292924
0.0513255 0.072332 9.9982E-05 0.0361239 9.9982E-05 0.016501 0.625557 0.108172 0.0897886
0.0621027 0.0050019 0.0431312 0.000839506 0.116371 9.9982E-05 0.576876 0.195478 9.9982E-05
0.0108503 0.0491851 0.033688 0.113421 0.022549 0.0696624 0.53626 0.0477978 0.116587
0.0950543 0.294372 0.0537497 0.107248 0.000223859 9.9991E-05 0.120132 0.0566937 0.272427
9.9964E-05 9.9964E-05 0.0011283 9.9964E-05 0.0936283 9.9964E-05 0.533122 0.224793 0.146928
9.9982E-05 0.0676252 0.0962986 0.023759 0.0790533 0.0186654 0.546922 0.167477 9.9982E-05
0.0932765 0.126814 9.9982E-05 0.0922381 0.14875 9.9982E-05 0.309167 0.206233 0.0233201
0.125041 0.086044 0.166495 9.9982E-05 0.0806062 0.030051 9.9982E-05 0.380293 0.13127
0.00734534 0.085323 0.120991 0.0707566 9.9982E-05 9.9982E-05 0.53822 0.00490018 0.172264
0.049259 9.9982E-05 0.068985 0.0737497 9.9982E-05 0.00634139 0.376174 0.332386 0.092905
9.9964E-05 0.140615 0.0351775 9.9964E-05 0.0484966 9.9964E-05 9.9964E-05 0.572383 0.202928
9.9973E-05 0.000890687 0.0384871 0.0879164 9.9973E-05 9.9973E-05 0.450607 0.36016 0.0616389
0.0275845 0.0340653 0.0387203 0.136078 9.9982E-05 9.9982E-05 0.645514 0.0325112 0.0853269
0.0515309 0.0677074 0.0529638 9.9991E-05 0.0245453 0.0161958 0.574177 0.159113 0.0536672
9.9982E-05 0.159527 0.0699681 0.0776763 9.9982E-05 0.0438497 0.205199 0.386943 0.0566365
9.9982E-05 0.099577 0.0797541 0.0148108 9.9982E-05 0.0352151 0.437812 0.288427 0.0442039
0.0698225 0.101641 9.9982E-05 0.111225 9.9982E-05 0.0785364 0.566537 0.0348493 0.0371889
9.9982E-05 0.103441 0.0390956 0.0597366 0.0450245 9.9982E-05 0.118393 0.548768 0.085342
9.9946E-05 0.453342 9.9946E-05 9.9946E-05 9.9946E-05 9.9946E-05 0.507903 9.9946E-05 0.0381553
0.00255177 0.637328 9.9955E-05 9.9955E-05 9.9955E-05 9.9955E-05 0.197244 0.162376 9.9955E-05
0.0548529 0.113284 0.0774632 0.0129909 0.0315524 0.0309602 0.542688 0.0637809 0.0724273
9.9955E-05 0.807502 0.0661976 9.9955E-05 0.105164 9.9955E-05 9.9955E-05 0.0206368 9.9955E-05
9.9964E-05 0.759817 0.0240195 0.0794455 0.00193895 9.9964E-05 9.9964E-05 0.134379 9.9964E-05
9.9946E-05 0.734017 9.9946E-05 0.0188017 9.9946E-05 9.9946E-05 0.246582 9.9946E-05 9.9946E-05
0.0272786 0.412752 9.99604E-05 9.99604E-05 9.99604E-05 9.99604E-05 0.475093 0.0843766 9.99604E-05
0.162736 0.218693 0.07998 9.9964E-05 9.9964E-05 9.9964E-05 0.528963 0.00922819 9.9964E-05
9.9973E-05 0.374736 0.0634602 9.9973E-05 9.9973E-05 0.00611985 0.414618 0.0623864 0.0783802
0.0441386 0.613879 9.9973E-05 9.9973E-05 9.9973E-05 0.0646362 0.0902878 0.0741936 0.112565
0.027826 0.465529 9.9973E-05 0.0144852 9.9973E-05 0.0309828 0.184724 9.9973E-05 0.276154
0.0743866 0.312174 9.9982E-05 0.00410807 0.0660473 0.14642 0.360691 9.9982E-05 0.0359733
0.0458112 0.553629 9.9955E-05 9.9955E-05 9.9955E-05 9.9955E-05 0.220455 0.179605 9.9955E-05
0.0528395 0.300148 9.9982E-05 0.0257884 0.0657629 9.9982E-05 0.423808 0.101025 0.0304284
9.9964E-05 0.472857 9.9964E-05 0.0834497 0.11771 9.9964E-05 0.31671 0.0088737 9.9964E-05
9.9964E-05 0.657622 0.170943 0.119214 0.0457656 9.9964E-05 9.9964E-05 0.00605488 9.9964E-05
9.9973E-05 0.283795 0.023632 9.9973E-05 0.022638 0.108259 0.500586 9.9973E-05 0.0607898
0.855977 9.9955E-05 9.9955E-05 9.9955E-05 9.9955E-05 0.00361576 0.0868582 0.053049 9.9955E-05
0.873907 9.99371E-05 9.99371E-05 9.99371E-05 9.99371E-05 9.99371E-05 0.125393 9.99371E-05 9.99371E-05
0.818827 9.9955E-05 0.0491353 9.9955E-05 9.9955E-05 0.0199449 0.111593 9.9955E-05 9.9955E-05
0.863144 9.9955E-05 0.0705022 9.9955E-05 9.9955E-05 0.00706319 0.0587908 9.9955E-05 9.9955E-05
0.842382 9.9955E-05 0.0397631 0.0150886 9.9955E-05 9.9955E-05 0.102267 9.9955E-05 9.9955E-05
0.869002 0.0488547 0.0359916 0.00401715 9.9973E-05 0.0229663 0.0188682 9.9973E-05 9.9973E-05
0.861961 9.99461E-05 0.0562425 9.99461E-05 9.99461E-05 9.99461E-05 0.0811969 9.99461E-05 9.99461E-05
0.080525 0.202011 0.0167208 9.9982E-05 0.0408708 0.110172 0.439505 9.9982E-05 0.109996
0.0574951 0.0931194 9.9991E-05 0.119655 0.0100211 0.0475936 0.521558 0.0191715 0.131286
0.0558501 0.809133 9.9982E-05 0.0120416 0.0142645 9.9982E-05 0.0432343 0.0431989 0.0220772
0.0500043 0.199493 0.0558492 0.0594312 9.9973E-05 9.9973E-05 0.577577 0.0573455 9.9973E-05
0.0374333 0.342893 9.9973E-05 9.9973E-05 0.0836826 9.9973E-05 0.412786 0.101286 0.0216196
0.0380854 0.331258 9.9955E-05 9.9955E-05 9.9955E-05 0.0507843 0.579372 9.9955E-05 9.9955E-05
0.0183512 0.339834 0.0160889 0.08215 9.9982E-05 0.0606916 0.466219 0.0164648 9.9982E-05
9.9955E-05 0.447899 9.9955E-05 0.0368896 9.9955E-05 0.0744455 0.440266 9.9955E-05 9.9955E-05
0.0173987 0.651992 9.9955E-05 9.9955E-05 9.9955E-05 9.9955E-05 9.9955E-05 0.234958 0.0951514
0.174918 0.0395694 0.0385676 0.192833 9.9973E-05 9.9973E-05 0.499319 9.9973E-05 0.0544936
0.0844517 0.0792341 9.9982E-05 0.0887181 0.133758 0.0653652 0.456316 0.0919565 9.9982E-05
0.119678 0.13034 9.9973E-05 0.107541 9.9973E-05 9.9973E-05 0.507433 0.0466985 0.0880104
0.0147061 0.51679 0.0451365 0.0792 0.0296501 0.0280223 0.27191 0.014485 9.9991E-05
0.0264283 0.399109 9.9964E-05 0.0803809 9.9964E-05 0.00165442 0.492028 9.9964E-05 9.9964E-05
0.0337869 0.303651 9.9964E-05 0.0230041 9.9964E-05 9.9964E-05 0.449811 0.189347 9.9964E-05
9.9955E-05 0.557396 9.9955E-05 0.0498591 9.9955E-05 0.14418 0.248065 9.9955E-05 9.9955E-05
0.0272467 0.324533 9.9973E-05 9.9973E-05 0.0192359 9.9973E-05 0.481491 0.0361571 0.111036
0.144739 0.165136 9.9973E-05 0.0563868 9.9973E-05 9.9973E-05 0.530871 0.0579935 0.0445736
9.9964E-05 9.9964E-05 0.101826 0.251011 9.9964E-05 9.9964E-05 0.221444 0.253027 0.172292
0.10661 0.0286986 0.0364338 9.9991E-05 0.0349748 0.0730441 0.31656 0.205818 0.19776
0.107718 0.0760471 0.00399346 0.109751 9.9991E-05 0.0139608 0.561573 0.0778937 0.0489632
0.0653497 0.0679115 0.0512133 0.0784011 0.0103609 0.0440196 0.557087 0.0554024 0.070254
0.0472216 9.9973E-05 9.9973E-05 0.0198494 0.024823 9.9973E-05 0.488035 0.187046 0.232725
9.9964E-05 9.9964E-05 0.0224093 9.9964E-05 0.0118815 9.9964E-05 0.62472 0.202236 0.138353
0.00198321 0.0134422 9.9973E-05 0.00947534 9.9973E-05 9.9973E-05 0.498585 0.182368 0.293846
0.0397659 0.127647 0.0607441 0.118731 0.0754086 0.00755466 0.470582 9.9991E-05 0.0994665
0.02888 0.0906939 0.0251488 9.9982E-05 0.107223 0.0944693 0.50011 9.9982E-05 0.153275
9.9982E-05 0.0742462 0.0513329 0.0421051 0.0977247 9.9982E-05 0.5245 0.155078 0.0548136
9.9955E-05 0.047583 9.9955E-05 9.9955E-05 9.9955E-05 9.9955E-05 0.533353 0.118486 0.300078
0.0243405 9.9982E-05 9.9982E-05 0.0268706 0.147049 0.0510198 0.588834 0.0669351 0.0947507
0.110655 0.202353 9.9982E-05 9.9982E-05 0.0426307 0.00583242 0.54216 0.00717461 0.0889951
9.9973E-05 0.0491762 9.9973E-05 0.0502708 9.9973E-05 0.0556165 0.546905 0.172299 0.125432
0.0743824 0.04286 9.9982E-05 0.117819 0.00667808 0.00938887 0.595873 9.9982E-05 0.152799
9.9973E-05 9.9973E-05 9.9973E-05 0.132156 0.0299253 0.0846493 0.545995 0.0591148 0.14786
0.0433394 0.0125996 0.148785 0.0391622 0.0193643 9.9991E-05 0.353812 0.21151 0.171328
0.0381595 0.0484508 0.0330907 0.00442672 9.9991E-05 0.00903502 0.567486 0.121707 0.177544
9.9964E-05 9.9964E-05 0.057686 0.0659065 0.0092368 9.9964E-05 0.696123 9.9964E-05 0.170648
9.9991E-05 0.0987739 0.034925 0.0385741 0.00154857 0.0744186 0.197807 0.367968 0.185885
0.00757909 0.118405 0.147831 0.230973 0.00297607 9.9991E-05 0.14605 0.184127 0.161959
0.0679674 0.0353126 9.9982E-05 0.0584153 0.0610565 9.9982E-05 0.50113 0.168947 0.106971
9.9982E-05 0.266579 0.0597411 0.311319 0.0145415 0.0630665 9.9982E-05 0.00294371 0.281609
0.0207684 0.12731 9.9982E-05 0.101302 0.0333982 9.9982E-05 0.225018 0.342474 0.14953
9.9964E-05 0.168394 9.9964E-05 0.0184428 9.9964E-05 9.9964E-05 0.417943 0.255016 0.139805
0.0434429 0.120662 9.9964E-05 9.9964E-05 9.9964E-05 9.9964E-05 0.285415 0.279677 0.270404
9.9973E-05 0.0799731 9.9973E-05 0.0544104 0.0551401 9.9973E-05 0.25367 0.265292 0.291214
0.0652928 9.9964E-05 9.9964E-05 9.9964E-05 0.164269 0.0369318 0.629167 0.10394 9.9964E-05
0.11513 0.0872772 0.0473195 9.9982E-05 0.0430131 9.9982E-05 0.578684 0.0730552 0.0553213
0.00141699 0.10996 0.00246241 0.120407 9.9991E-05 0.0560491 0.499869 0.100533 0.109203
9.9982E-05 0.0932802 0.161668 0.100378 0.014309 9.9982E-05 0.20921 0.160284 0.26067
0.128722 0.173256 0.0594047 0.0870513 0.0589451 9.9982E-05 0.462935 9.9982E-05 0.0294854
0.0226824 0.119812 0.0990346 0.0640432 0.177985 9.9991E-05 0.472393 0.0315205 0.0124287
0.0208072 0.122582 0.219884 0.148258 0.343405 9.9982E-05 9.9982E-05 0.0262436 0.11862
0.115787 0.0412118 9.9982E-05 0.178645 0.0490458 0.0484654 0.514382 0.0522629 9.9982E-05
0.0238756 0.233233 0.17618 0.0174956 0.0802657 9.9982E-05 0.368609 9.9982E-05 0.100142
0.0872288 0.10635 0.127153 0.111195 0.0730675 0.0142419 0.467892 0.0127723 9.9991E-05
9.9982E-05 0.152728 0.235859 0.0224301 0.226713 9.9982E-05 0.201968 0.0392411 0.12086
0.0792335 0.0448723 0.0433955 0.160033 0.345481 9.9991E-05 0.103454 0.107046 0.116385
9.9982E-05 0.047666 0.0957702 0.113928 0.244665 9.9982E-05 0.348212 0.0589946 0.0905638
9.9955E-05 9.9955E-05 0.105629 9.9955E-05 0.225289 9.9955E-05 0.440312 0.228272 9.9955E-05
0.127867 0.0402033 0.0130376 0.113739 0.133019 0.0222703 0.383476 0.166288 9.9991E-05
9.9973E-05 0.209585 0.199585 0.0334958 0.240527 0.123434 9.9973E-05 0.193073 9.9973E-05
0.00439862 0.0715895 0.0942689 0.109981 0.0204858 0.0294565 0.483931 0.104459 0.0814302
9.9973E-05 0.133971 0.013525 0.00321756 0.40915 9.9973E-05 0.25077 0.189067 9.9973E-05
9.9964E-05 0.140664 9.9964E-05 0.0710216 0.187788 9.9964E-05 0.375749 0.224377 9.9964E-05
0.0683791 0.0581372 9.9982E-05 0.120936 0.0263383 9.9982E-05 0.629281 0.0661513 0.0305769
0.188392 9.9991E-05 0.209609 0.0405124 0.121758 0.256054 0.0754127 0.0955393 0.0126228
0.391307 9.9955E-05 0.447518 9.9955E-05 0.0621278 0.0985481 9.9955E-05 9.9955E-05 9.9955E-05
0.265596 9.9964E-05 0.543962 0.00665194 0.106656 0.0767345 9.9964E-05 9.9964E-05 9.9964E-05
0.257034 9.9964E-05 0.357516 9.9964E-05 9.9964E-05 0.225932 0.0852104 9.9964E-05 0.0739077
9.9946E-05 9.9946E-05 9.9946E-05 0.0469071 0.4275 9.9946E-05 0.524994 9.9946E-05 9.9946E-05
0.0338663 0.0629756 0.0695665 0.112898 0.0975034 0.0147004 0.532376 9.9991E-05 0.0760137
9.9946E-05 0.00278749 9.9946E-05 9.9946E-05 9.9946E-05 0.667953 0.32866 9.9946E-05 9.9946E-05
0.0728101 0.0251633 9.9982E-05 0.0831367 9.9982E-05 0.333424 0.355076 0.0694183 0.0607722
0.0291105 0.0147501 0.0712791 0.0280711 0.0268061 0.367717 0.345933 0.116234 9.9991E-05
9.9964E-05 0.121398 9.9964E-05 0.0931659 0.535136 0.0325667 0.217334 9.9964E-05 9.9964E-05
0.00417049 0.133024 0.094756 0.015092 0.129253 0.0431163 0.504689 9.9991E-05 0.0757984
9.9982E-05 0.0539405 0.0622736 0.186904 0.485529 0.0224106 0.0729771 0.115765 9.9982E-05
9.9973E-05 0.0312718 0.0592131 0.0643439 0.229272 9.9973E-05 0.589198 0.0264014 9.9973E-05
0.0112556 0.0887096 0.0628797 0.102571 0.237363 9.9991E-05 0.437862 0.0465585 0.0127008
9.9964E-05 9.9964E-05 0.164265 0.0784729 0.198446 9.9964E-05 0.549081 0.00933451 9.9964E-05
9.9973E-05 0.151022 0.0898728 0.0846043 0.42587 9.9973E-05 0.116907 0.131424 9.9973E-05
9.9982E-05 0.0754187 0.107508 9.9982E-05 0.0841885 0.0200908 0.671232 0.0348509 0.00651171
0.0309654 0.120594 9.9982E-05 0.0381529 0.244187 0.127253 0.435042 9.9982E-05 0.00360605
9.9946E-05 0.0322088 9.9946E-05 0.0121772 9.9946E-05 0.955014 9.9946E-05 9.9946E-05 9.9946E-05
9.9955E-05 9.9955E-05 9.9955E-05 0.00551889 0.0187011 0.959059 9.9955E-05 9.9955E-05 0.0162212
0.0596396 0.0102523 9.9973E-05 9.9973E-05 0.0841897 0.553147 0.232904 0.0595682 9.9973E-05
0.006402 9.9955E-05 9.9955E-05 0.00627959 9.9955E-05 0.665002 0.321816 9.9955E-05 9.9955E-05
9.9964E-05 0.0198153 9.9964E-05 9.9964E-05 0.0608216 0.864659 0.0195278 0.0347762 9.9964E-05
9.9937E-05 9.9937E-05 0.00498463 9.9937E-05 9.9937E-05 0.994316 9.9937E-05 9.9937E-05 9.9937E-05
9.9946E-05 9.9946E-05 0.0455 0.0146975 9.9946E-05 0.939203 9.9946E-05 9.9946E-05 9.9946E-05
9.9964E-05 0.0111088 0.00266835 9.9964E-05 9.9964E-05 0.814278 0.163632 9.9964E-05 0.00791302
9.9937E-05 9.9937E-05 9.9937E-05 9.9937E-05 9.9937E-05 0.973124 9.9937E-05 9.9937E-05 0.0261767
9.993E-05 9.993E-05 9.993E-05 9.993E-05 9.993E-05 0.999201 9.993E-05 9.993E-05 9.993E-05
9.9937E-05 9.9937E-05 0.00564185 9.9937E-05 9.9937E-05 0.993659 9.9937E-05 9.9937E-05 9.9937E-05
0.0406828 0.00420831 9.9973E-05 0.0373231 9.9973E-05 0.764992 0.124987 9.9973E-05 0.0275066
0.0564215 9.9982E-05 0.0223597 9.9982E-05 0.00323703 0.835092 0.0544882 0.00279225 0.0254091
9.9946E-05 0.037667 9.9946E-05 9.9946E-05 9.9946E-05 0.925641 9.9946E-05 9.9946E-05 0.036092
0.0995357 9.9964E-05 9.9964E-05 0.141852 9.9964E-05 0.357016 0.351259 0.0499371 9.9964E-05
0.0298718 0.0173314 9.9973E-05 0.0181882 9.9973E-05 0.626764 0.21659 9.9973E-05 0.0909546
0.0541765 0.0280961 0.0467624 9.9982E-05 9.9982E-05 0.727803 0.104941 0.0108964 0.0271251
0.012198 9.9964E-05 0.0181269 9.9964E-05 9.9964E-05 0.842994 0.0705104 0.0557709 9.9964E-05
9.9955E-05 0.00866543 0.0219924 9.9955E-05 0.00619246 0.96265 9.9955E-05 9.9955E-05 9.9955E-05
9.9955E-05 9.9955E-05 0.0649099 9.9955E-05 9.9955E-05 0.853777 0.0556142 9.9955E-05 0.025199
9.993E-05 9.993E-05 9.993E-05 9.993E-05 9.993E-05 0.999201 9.993E-05 9.993E-05 9.993E-05
0.0521994 9.9973E-05 9.9973E-05 0.0273667 0.0230566 0.591227 0.237527 0.0683227 9.9973E-05
0.0295166 9.9973E-05 9.9973E-05 0.00571163 9.9973E-05 0.873221 0.0231662 0.0490118 0.019073
0.183987 9.9955E-05 0.29754 0.0268489 0.491124 9.9955E-05 9.9955E-05 9.9955E-05 9.9955E-05
0.125033 9.9982E-05 0.15114 9.9982E-05 0.204473 0.0739163 0.301649 0.131443 0.0121442
0.17873 0.0815878 0.0694782 9.9973E-05 0.226383 0.0475463 0.395975 9.9973E-05 9.9973E-05
0.0667378 9.9973E-05 0.395933 0.0257681 0.298361 0.0846931 0.128207 9.9973E-05 9.9973E-05
0.126325 0.104749 0.0840401 9.9982E-05 0.196574 0.219153 0.239163 9.9982E-05 0.0297968
0.158814 0.117922 0.231199 0.0588965 0.207822 0.0489135 0.176232 9.9982E-05 9.9982E-05
0.170633 9.9982E-05 0.0504077 9.9982E-05 0.0544228 0.0539104 0.463021 0.0584544 0.14895
0.0575594 0.00891191 0.134282 0.0211372 0.369805 0.183023 0.225082 9.9982E-05 9.9982E-05
0.125913 0.0100075 0.0777931 0.0857515 0.181474 0.143375 0.366293 9.9991E-05 0.00929325
0.0320858 9.9973E-05 0.164264 0.0133165 0.395515 0.196327 0.198193 9.9973E-05 9.9973E-05
0.182989 0.0845151 0.0146174 0.0439419 0.0739638 0.0728212 0.413921 0.11313 9.9991E-05
0.805104 0.014184 0.0192127 9.9973E-05 0.0701516 9.9973E-05 0.0361063 9.9973E-05 0.0549415
0.846397 9.9946E-05 0.0966276 9.9946E-05 9.9946E-05 0.056376 9.9946E-05 9.9946E-05 9.9946E-05
0.929968 9.9955E-05 0.0604972 9.9955E-05 9.9955E-05 9.9955E-05 0.0063487 9.9955E-05 0.00268606
0.880051 9.9946E-05 0.098917 9.9946E-05 9.9946E-05 9.9946E-05 9.9946E-05 9.9946E-05 0.0204322
0.828061 9.9964E-05 0.107551 9.9964E-05 9.9964E-05 9.9964E-05 0.0208956 0.0169955 0.0260964
0.825505 9.9964E-05 0.121788 0.00652331 9.9964E-05 0.0441213 0.00166234 9.9964E-05 9.9964E-05
0.888792 9.9955E-05 0.00301495 9.9955E-05 9.9955E-05 0.017107 0.0905857 9.9955E-05 9.9955E-05
0.829281 9.9964E-05 0.0807458 0.0294065 9.9964E-05 9.9964E-05 0.0181666 9.9964E-05 0.0419997
0.849451 9.9946E-05 0.0843244 9.9946E-05 9.9946E-05 9.9946E-05 0.0656249 9.9946E-05 9.9946E-05
0.784518 9.9955E-05 0.120872 9.9955E-05 9.9955E-05 0.0464104 0.0476996 9.9955E-05 9.9955E-05
0.604121 0.0625682 9.9973E-05 0.0351723 9.9973E-05 0.00499305 9.9973E-05 0.218281 0.0745651
0.570403 0.0109295 0.031897 9.9964E-05 9.9964E-05 9.9964E-05 9.9964E-05 0.183095 0.203275
0.527947 0.0274686 0.0478747 9.9973E-05 0.0215472 9.9973E-05 9.9973E-05 0.308687 0.066175
0.496852 0.0745252 9.9964E-05 9.9964E-05 0.0485625 9.9964E-05 9.9964E-05 0.254142 0.125518
0.034149 0.244117 9.9982E-05 0.019848 0.0393945 9.9982E-05 0.49194 0.147288 0.0230641
9.9973E-05 0.255316 0.0277545 0.0317557 9.9973E-05 9.9973E-05 0.460787 0.21876 0.00532689
9.9982E-05 0.130413 9.9982E-05 0.0353258 0.111551 0.109766 0.417592 0.0718618 0.123291
9.9973E-05 0.153704 0.102467 0.0232184 9.9973E-05 9.9973E-05 0.441762 0.0818605 0.196689
9.9982E-05 0.0874058 9.9982E-05 0.0181531 0.0386252 0.00396772 0.0907799 0.371107 0.389761
0.0324291 0.166664 9.9982E-05 9.9982E-05 0.0202957 0.0748156 0.605317 0.0834846 0.0167938
9.9955E-05 0.254176 9.9955E-05 9.9955E-05 0.0618595 9.9955E-05 0.550653 9.9955E-05 0.132811
9.9982E-05 0.267703 0.0428498 0.0829398 0.0402341 9.9982E-05 0.468874 0.0689725 0.0282272
9.9964E-05 0.594098 9.9964E-05 9.9964E-05 0.0642693 0.0948023 0.23117 0.0152599 9.9964E-05
9.9973E-05 0.212042 0.050092 0.011475 9.9973E-05 0.00342738 0.567815 9.9973E-05 0.154849
9.9955E-05 0.361263 9.9955E-05 9.9955E-05 9.9955E-05 9.9955E-05 0.391108 0.123313 0.123817
9.9946E-05 0.717696 9.9946E-05 0.181535 9.9946E-05 9.9946E-05 9.9946E-05 9.9946E-05 0.10017
0.020838 0.135934 0.0256621 0.0399926 0.0301957 9.9991E-05 0.524201 0.135717 0.0873598
9.9982E-05 0.478025 0.113346 0.0903687 0.00984306 0.0159938 0.226349 9.9982E-05 0.065874
0.0177118 0.266753 0.0180067 0.0618422 0.053871 9.9982E-05 0.521942 9.9982E-05 0.0596732
0.0396807 0.626444 9.9964E-05 9.9964E-05 9.9964E-05 9.9964E-05 0.118748 0.141312 0.0734154
0.109724 0.0221528 9.9964E-05 9.9964E-05 0.126468 0.00556713 9.9964E-05 9.9964E-05 0.735689
0.0568424 9.9955E-05 9.9955E-05 9.9955E-05 0.113096 0.044606 9.9955E-05 9.9955E-05 0.784956
0.0236275 9.9955E-05 9.9955E-05 0.0824133 0.0783315 9.9955E-05 9.9955E-05 9.9955E-05 0.815128
0.0894481 0.0517079 9.9955E-05 9.9955E-05 0.0829091 9.9955E-05 9.9955E-05 9.9955E-05 0.775435
9.9946E-05 9.9946E-05 9.9946E-05 9.9946E-05 0.179509 0.0423279 9.9946E-05 9.9946E-05 0.777564
0.0341063 9.9964E-05 9.9964E-05 9.9964E-05 0.0597938 0.0841822 0.00239089 9.9964E-05 0.819127
0.840304 9.9946E-05 0.023485 9.9946E-05 9.9946E-05 9.9946E-05 0.135611 9.9946E-05 9.9946E-05
0.760787 9.9973E-05 0.0548006 9.9973E-05 9.9973E-05 0.0442939 0.0432273 0.0427744 0.0538166
0.738162 9.9964E-05 0.0345537 9.9964E-05 9.9964E-05 0.100198 0.10174 0.0249476 9.9964E-05
0.7179 9.9964E-05 9.9964E-05 9.9964E-05 0.0285342 0.119475 9.9964E-05 0.094116 0.0395747
0.769328 9.9973E-05 0.0307412 9.9973E-05 0.0571243 0.0607243 0.0640812 0.0177014 9.9973E-05
0.385817 0.0421515 9.9964E-05 9.9964E-05 0.0852382 9.9964E-05 9.9964E-05 0.0375175 0.448876
0.429717 0.0487256 0.027613 0.0602104 0.0451867 9.9982E-05 9.9982E-05 0.00199483 0.386352
0.421615 0.0883475 9.9964E-05 0.0691916 9.9964E-05 0.0176893 9.9964E-05 9.9964E-05 0.402757
0.817943 9.9955E-05 9.9955E-05 9.9955E-05 9.9955E-05 0.0124938 0.160163 9.9955E-05 0.00890017
0.377845 0.0822586 9.9955E-05 9.9955E-05 0.0527959 9.9955E-05 9.9955E-05 9.9955E-05 0.486601
0.057225 9.9964E-05 0.313006 0.034247 9.9964E-05 0.265625 0.329497 9.9964E-05 9.9964E-05
0.0285635 0.0355833 0.0611725 0.0599998 0.118354 0.217087 0.4472 0.0230202 0.00902021
0.149706 9.9955E-05 0.0755519 9.9955E-05 9.9955E-05 0.22805 0.546193 9.9955E-05 9.9955E-05
0.185674 0.0739017 0.137073 9.9973E-05 0.0969526 0.186063 0.320036 9.9973E-05 9.9973E-05
0.13627 0.0463481 0.00797638 0.0199346 0.0351553 0.124401 0.513923 0.105897 0.0100948
0.290491 9.9955E-05 0.423993 9.9955E-05 0.0515475 0.233468 9.9955E-05 9.9955E-05 9.9955E-05
9.9973E-05 0.0732673 0.0390308 0.101644 9.9973E-05 9.9973E-05 0.379174 0.247889 0.158695
9.9982E-05 0.0810143 0.0669448 0.234215 0.0429763 9.9982E-05 0.322092 0.0864991 0.166058
0.0936482 9.9964E-05 9.9964E-05 0.0559454 9.9964E-05 9.9964E-05 0.246867 0.450233 0.152906
9.9982E-05 0.0531436 0.0457013 0.286494 0.0140014 9.9982E-05 0.459331 0.0149607 0.126168
9.9964E-05 0.23444 0.190718 0.356866 9.9964E-05 9.9964E-05 9.9964E-05 0.00364399 0.213932
0.00637972 0.0811674 0.079897 0.0373162 0.031455 9.9991E-05 0.485896 0.199956 0.0778326
9.9973E-05 9.9973E-05 0.0463599 0.200228 0.0046144 9.9973E-05 0.509829 0.176585 0.0620838
0.00424355 0.0298201 9.9973E-05 0.0987235 9.9973E-05 9.9973E-05 0.265826 0.360738 0.240349
0.117919 0.142904 0.0756395 9.9982E-05 0.00368256 9.9982E-05 0.568859 0.0336361 0.0571593
9.9964E-05 0.156767 0.124656 0.205987 0.0461112 9.9964E-05 9.9964E-05 0.466079 9.9964E-05
9.9982E-05 0.13737 9.9982E-05 0.188701 0.177475 0.110639 0.304667 0.0658015 0.0151461
9.9964E-05 0.0683892 9.9964E-05 0.0572035 9.9964E-05 9.9964E-05 0.499999 0.128717 0.245292
0.0416244 0.0674211 0.127943 9.9991E-05 0.0881465 0.18472 0.387428 0.0852101 0.0174063
9.9973E-05 0.105594 0.0113572 0.182719 9.9973E-05 9.9973E-05 0.35329 0.217395 0.129345
0.0310097 0.12297 0.0251556 0.146633 9.9982E-05 9.9982E-05 0.415319 0.132238 0.126476
9.9982E-05 9.9982E-05 0.036388 0.152203 0.0863905 0.041179 0.423288 0.2316 0.0287519
9.9982E-05 0.0629056 0.023998 0.146421 0.0376597 9.9982E-05 0.505614 0.0852742 0.137927
0.0632801 9.9982E-05 0.021424 0.0597138 9.9982E-05 0.000510859 0.644721 0.0521349 0.158016
0.112678 0.117029 9.9964E-05 9.9964E-05 9.9964E-05 9.9964E-05 0.53647 0.124201 0.109222
0.0995508 0.113168 9.9991E-05 0.0183417 0.05106 0.031059 0.552464 0.0977796 0.0364776
0.767385 9.9955E-05 9.9955E-05 9.9955E-05 0.00675589 0.0893132 0.136047 9.9955E-05 9.9955E-05
0.791596 9.9955E-05 9.9955E-05 0.0558393 0.0360236 0.116042 9.9955E-05 9.9955E-05 9.9955E-05
0.7256 0.0296178 0.0635028 0.019226 0.0322865 0.000737095 0.0536586 9.9991E-05 0.0752709
0.842902 0.0873947 9.9973E-05 0.0322866 9.9973E-05 0.0233336 0.00744972 9.9973E-05 0.00633328
0.818839 9.9964E-05 9.9964E-05 0.0205899 0.0418553 0.00597858 0.112337 9.9964E-05 9.9964E-05
9.9955E-05 9.9955E-05 0.10076 9.9955E-05 9.9955E-05 9.9955E-05 0.176323 0.457982 0.264435
0.015842 0.05732 0.0964163 0.0719573 9.9982E-05 9.9982E-05 0.519779 0.104895 0.13359
0.169179 0.0262596 0.101965 9.9982E-05 0.0891412 0.144315 0.429903 0.0390373 9.9982E-05
9.9982E-05 0.075843 0.104861 0.0201798 0.0171648 9.9982E-05 0.653823 0.087146 0.0407829
0.0079122 0.10542 0.0066108 0.0214717 9.9991E-05 0.0507387 0.472089 0.0934643 0.242193
9.9973E-05 9.9973E-05 0.187882 0.187836 0.00572838 9.9973E-05 0.24716 0.198819 0.172275
0.074835 0.137219 0.128116 0.00556512 9.9973E-05 9.9973E-05 9.9973E-05 0.274643 0.379322
0.0307592 0.0922025 9.9982E-05 0.0586406 9.9982E-05 0.0410824 0.497794 0.00460474 0.274716
0.0879633 0.0229916 9.9991E-05 0.13113 0.0749982 0.0011438 0.114316 0.252572 0.314785
9.9991E-05 0.0764941 0.0910074 0.0891496 0.128212 0.0910041 0.333369 0.036918 0.153745
0.149163 0.0619246 0.0135864 0.0942633 9.9982E-05 9.9982E-05 0.0499344 0.378423 0.252505
0.122714 0.0671528 9.9973E-05 9.9973E-05 9.9973E-05 0.0294895 0.523509 0.126517 0.130318
0.0499701 0.106652 0.0200833 0.00481944 9.9982E-05 9.9982E-05 0.11404 0.427168 0.277068
9.9982E-05 0.0164697 9.9982E-05 0.146797 0.111098 0.0301971 0.318513 0.126899 0.249825
0.0438343 0.0653771 9.9991E-05 0.00756706 0.292398 0.0301121 0.435161 0.122713 0.00273823
0.028675 9.9982E-05 9.9982E-05 0.113548 0.542812 0.0835033 0.125729 0.0691362 0.0363959
0.0288377 0.0247596 9.9964E-05 9.9964E-05 0.4597 0.0686824 0.41762 9.9964E-05 9.9964E-05
0.123024 9.9973E-05 0.0493075 0.0397671 0.192194 9.9973E-05 0.503833 9.9973E-05 0.0915748
9.9964E-05 9.9964E-05 0.0309349 0.0695776 0.617457 9.9964E-05 0.227822 9.9964E-05 0.0538091
0.0231506 9.9991E-05 0.017869 0.0874457 0.215857 0.0889666 0.442496 0.028688 0.0954271
0.0411126 0.131293 0.0117637 0.157052 0.219815 9.9982E-05 0.430933 9.9982E-05 0.00782973
9.9964E-05 0.115873 9.9964E-05 0.157564 0.661839 9.9964E-05 9.9964E-05 0.0581079 0.00621694
9.9964E-05 0.099239 0.0778967 0.0521018 0.629636 9.9964E-05 0.140726 9.9964E-05 9.9964E-05
9.9964E-05 9.9964E-05 0.0442409 0.0899062 0.383152 9.9964E-05 0.422449 9.9964E-05 0.0598522
9.9982E-05 0.139356 0.0309385 0.0962215 0.599709 9.9982E-05 0.0345087 0.00504811 0.0940182
9.9973E-05 0.0553478 0.0379384 9.9973E-05 0.350351 9.9973E-05 0.313401 0.189289 0.053372
9.9973E-05 0.0946178 0.0620733 0.00599767 9.9973E-05 9.9973E-05 0.0911216 0.348022 0.397868
9.9982E-05 0.117403 0.0260237 0.260455 9.9982E-05 0.0186978 0.219769 0.0784186 0.279033
0.0128577 0.0586572 0.0226403 0.0331826 9.9991E-05 0.0458503 0.265782 0.268085 0.292845
9.9973E-05 0.0198692 0.0733782 9.9973E-05 9.9973E-05 0.0613167 0.596039 0.159149 0.0899485
9.9973E-05 0.158453 9.9973E-05 0.0440918 0.0704447 9.9973E-05 0.192524 0.224216 0.309971
0.0124681 0.122906 0.153743 0.0321152 0.00922336 0.0757031 0.47814 9.9991E-05 0.115602
9.9991E-05 0.0530844 0.109367 0.0463599 0.035104 0.0457873 0.490277 0.0452519 0.174669
0.0705674 0.0823014 9.9991E-05 0.0757064 0.0231731 0.0212657 0.415949 0.259859 0.0510777
9.9991E-05 0.0611616 0.00278255 0.0788514 0.0252689 0.0960629 0.398755 0.0661519 0.270866
0.0200262 0.202035 9.9982E-05 9.9982E-05 0.0395316 0.0385059 0.37803 0.104319 0.217353
9.9964E-05 0.161049 9.9964E-05 9.9964E-05 9.9964E-05 0.0467825 0.19559 0.300398 0.295781
9.9973E-05 9.9973E-05 9.9973E-05 0.128237 0.0194093 0.117418 0.271543 0.129827 0.333266
9.9982E-05 0.0591394 0.0659524 0.0535118 0.0145314 9.9982E-05 0.602781 0.0678748 0.136009
9.9991E-05 0.0168119 0.0574325 0.0289916 0.0416492 0.0100618 0.588679 0.128591 0.127683
0.0151682 0.0676465 0.105357 0.0853789 9.9982E-05 9.9982E-05 0.380329 0.125962 0.219958
9.9973E-05 9.9973E-05 0.065881 0.166808 9.9973E-05 0.0221917 0.525678 0.0305033 0.188638
0.0181146 9.9982E-05 0.0863281 0.00318918 0.00185743 9.9982E-05 0.355886 0.1963 0.338125
9.9964E-05 0.0647348 9.9964E-05 9.9964E-05 9.9964E-05 0.029363 0.623883 0.112771 0.168848
0.0599047 9.9982E-05 9.9982E-05 0.120791 0.0259669 0.0299596 0.543941 0.00375149 0.215486
0.027467 0.128406 0.0536788 0.107511 0.0261941 0.116186 0.452331 9.9991E-05 0.0881268
0.261129 9.9973E-05 0.0627069 9.9973E-05 0.10122 0.149341 0.322387 0.102916 9.9973E-05
0.0354974 0.10319 0.189757 0.0354224 9.9982E-05 0.19566 0.407954 0.0323193 9.9982E-05
0.132811 0.0392995 0.0829565 0.00461252 0.109128 0.123166 0.451081 0.0568454 9.9991E-05
0.0935957 0.0713901 0.0426325 0.108066 9.9982E-05 0.111892 0.541068 9.9982E-05 0.0311552
0.162005 0.0782069 0.0910021 0.0271826 9.9982E-05 0.194792 0.379169 0.0674431 9.9982E-05
9.9973E-05 9.9973E-05 9.9973E-05 0.203724 0.111324 0.0107539 0.349866 0.149405 0.174627
0.104437 0.172146 0.0696924 0.00650905 0.0549592 0.0730402 0.519017 9.9982E-05 9.9982E-05
0.0766088 0.190778 0.369269 9.9973E-05 0.121475 0.0880049 9.9973E-05 0.153564 9.9973E-05
0.0368508 9.9982E-05 0.0767524 9.9982E-05 0.0361042 0.177095 0.364172 0.163662 0.145164
0.120324 0.0766816 0.0761691 0.0666074 0.00164353 0.0509586 0.581155 9.9991E-05 0.0263601
9.9982E-05 0.0733764 0.112596 0.0314668 9.9982E-05 0.173273 0.460903 0.0890604 0.0591244
0.131543 0.0549318 0.176736 0.0241915 0.0664989 0.0506566 0.30034 0.195001 9.9991E-05
0.201546 0.0697623 0.0845214 9.9982E-05 9.9982E-05 0.0188577 0.611116 0.00988572 0.00411026
0.128538 9.9982E-05 0.0509524 0.085442 0.0621563 0.0988023 0.561684 9.9982E-05 0.0122247
0.301779 0.0918658 0.497563 9.9955E-05 9.9955E-05 0.108292 9.9955E-05 9.9955E-05 9.9955E-05
0.147359 0.088712 0.0259326 9.9973E-05 9.9973E-05 0.233632 0.433664 0.0703998 9.9973E-05
0.129719 0.0109498 0.0493227 0.0612749 9.9982E-05 0.224343 0.447779 0.0764114 9.9982E-05
0.0966653 0.0425765 0.0522214 0.112455 0.00370444 0.102153 0.524898 0.0652269 9.9991E-05
0.10465 9.9955E-05 0.172836 9.9955E-05 9.9955E-05 0.124004 0.598011 9.9955E-05 9.9955E-05
0.126083 0.0406469 9.9991E-05 0.130828 0.0937039 0.126005 0.418799 0.034535 0.0292983
0.0157461 0.117821 9.9991E-05 0.406031 0.0460478 0.0874321 0.227839 0.035645 0.0633381
0.0506192 9.9973E-05 0.104873 0.159125 0.0570135 9.9973E-05 0.584283 9.9973E-05 0.0437858
9.9964E-05 0.087106 9.9964E-05 0.784422 0.0509939 9.9964E-05 9.9964E-05 0.0362681 0.0408104
9.9964E-05 0.0430922 9.9964E-05 0.836485 0.0580709 9.9964E-05 9.9964E-05 0.0294457 0.0325067
0.0396583 9.9964E-05 9.9964E-05 0.31779 9.9964E-05 0.0735949 0.416462 0.152095 9.9964E-05
0.0232349 9.9982E-05 0.139856 0.0455249 0.0478393 0.219581 0.43887 0.0848939 9.9982E-05
0.00645956 9.9964E-05 0.176259 0.226987 9.9964E-05 0.266654 0.32324 9.9964E-05 9.9964E-05
0.0948227 0.0470302 0.21442 0.156569 9.9982E-05 0.267305 0.114817 0.104835 9.9982E-05
0.060397 9.9973E-05 0.165157 0.154455 9.9973E-05 0.254986 0.32153 0.0431758 9.9973E-05
0.034935 9.9955E-05 0.238185 0.665096 9.9955E-05 9.9955E-05 0.0612845 9.9955E-05 9.9955E-05
0.0135876 9.9964E-05 0.190794 0.622592 9.9964E-05 0.0147931 0.157834 9.9964E-05 9.9964E-05
0.00940388 9.9964E-05 0.0232315 0.408855 9.9964E-05 0.178493 0.379617 9.9964E-05 9.9964E-05
0.0436099 9.9964E-05 0.00298531 0.467001 9.9964E-05 0.058922 0.427082 9.9964E-05 9.9964E-05
0.0168707 9.9964E-05 0.102029 0.656872 9.9964E-05 0.0759229 0.147905 9.9964E-05 9.9964E-05
0.0521692 9.9982E-05 0.0048692 0.333746 9.9982E-05 0.0585785 0.450484 0.0699815 0.0299717
0.0104707 9.9973E-05 0.0833345 0.349538 9.9973E-05 0.0517904 0.489494 9.9973E-05 0.0150721
0.117624 0.0555871 0.0261646 0.222408 9.9982E-05 0.102659 0.368078 0.107279 9.9982E-05
9.9973E-05 0.0819128 9.9973E-05 0.536142 0.0368801 9.9973E-05 0.201073 0.0892861 0.0544055
9.9982E-05 0.0237971 9.9982E-05 0.465996 0.07691 0.0332549 0.28227 0.0740334 0.0435382
0.020321 0.0706061 0.0224554 0.270119 0.0109352 9.9982E-05 0.54011 9.9982E-05 0.0652535
0.0862112 9.9982E-05 9.9982E-05 0.427702 0.0917075 0.0259974 0.30766 0.0445112 0.0160106
0.0658802 0.0172769 0.0604776 0.0825681 0.0966751 0.129025 0.341341 0.148494 0.0582611
9.9955E-05 9.9955E-05 0.058279 0.439642 0.0765156 9.9955E-05 0.425064 9.9955E-05 9.9955E-05
9.9955E-05 9.9955E-05 9.9955E-05 0.752348 0.0734769 9.9955E-05 0.132663 9.9955E-05 0.0410118
0.0500475 0.110419 9.9964E-05 0.330987 9.9964E-05 0.0193508 0.488796 9.9964E-05 9.9964E-05
9.9973E-05 0.095979 9.9973E-05 0.636439 0.0869053 0.0336815 0.130089 9.9973E-05 0.0166064
9.9955E-05 9.9955E-05 9.9955E-05 0.555784 0.0821723 9.9955E-05 0.308954 0.0525898 9.9955E-05
0.129068 0.0323598 0.0199409 0.190148 0.0168652 0.0109943 0.56327 9.9991E-05 0.0372546
0.0106092 0.14579 9.9982E-05 0.407895 9.9982E-05 0.0470336 0.372565 0.00669599 0.00921136
0.135666 0.0443505 0.0186586 0.119378 9.9982E-05 0.265185 0.350541 0.0660211 9.9982E-05
0.0876568 9.9991E-05 0.0130103 0.185722 0.0131047 0.185139 0.341818 0.119051 0.0543984
0.0717176 9.9991E-05 0.112221 0.0465609 0.0281774 0.24268 0.326343 0.0599198 0.112279
0.144567 0.0124071 9.9991E-05 0.0847032 0.129348 0.184028 0.299546 0.102505 0.0427959
0.169002 0.0295218 0.0368933 0.131912 0.0625803 0.187641 0.375384 9.9991E-05 0.00696466
0.158503 0.0392766 0.0257924 0.178781 0.0397751 0.172328 0.349035 0.00774291 0.0287663
0.132781 9.9964E-05 0.183205 0.532532 9.9964E-05 0.0672663 9.9964E-05 9.9964E-05 0.0838162
0.0197808 9.9973E-05 0.0974592 0.10716 9.9973E-05 0.140417 0.575839 9.9973E-05 0.0590437
0.274633 9.9955E-05 0.262615 0.384579 9.9955E-05 0.0776724 9.9955E-05 9.9955E-05 9.9955E-05
0.0783989 9.9955E-05 9.9955E-05 0.273563 9.9955E-05 0.133149 0.514389 9.9955E-05 9.9955E-05
9.9946E-05 0.145289 9.9946E-05 0.805124 9.9946E-05 9.9946E-05 0.0489881 9.9946E-05 9.9946E-05
9.9937E-05 0.0655443 9.9937E-05 0.933756 9.9937E-05 9.9937E-05 9.9937E-05 9.9937E-05 9.9937E-05
9.9964E-05 0.100088 9.9964E-05 0.457173 9.9964E-05 0.013887 0.379818 0.0486341 9.9964E-05
9.9946E-05 9.9946E-05 0.0198146 0.329794 9.9946E-05 9.9946E-05 0.649792 9.9946E-05 9.9946E-05
9.9955E-05 0.0925348 9.9955E-05 0.61673 9.9955E-05 9.9955E-05 0.265573 0.0246623 9.9955E-05
9.9955E-05 0.092232 9.9955E-05 0.418744 9.9955E-05 9.9955E-05 0.487606 0.000918717 9.9955E-05
9.9946E-05 9.9946E-05 9.9946E-05 0.52829 9.9946E-05 0.000377926 0.470733 9.9946E-05 9.9946E-05
0.752486 9.9964E-05 9.9964E-05 0.0544456 0.0661285 0.0454303 0.0811099 9.9964E-05 9.9964E-05
0.708276 9.9973E-05 9.9973E-05 0.0153085 0.0814453 0.1036 9.9973E-05 0.0216937 0.0693765
0.89061 9.9955E-05 9.9955E-05 9.9955E-05 9.9955E-05 0.0852342 9.9955E-05 0.0115891 0.0120668
0.899928 9.9955E-05 0.0170255 0.00899828 9.9955E-05 9.9955E-05 0.0735483 9.9955E-05 9.9955E-05
0.0682318 0.407622 9.9964E-05 0.0509531 9.9964E-05 9.9964E-05 0.446173 9.9964E-05 0.0266202
0.111642 0.334352 9.9973E-05 0.0322403 9.9973E-05 0.0203549 0.481593 9.9973E-05 0.0195183
0.02666 0.356728 9.9964E-05 9.9964E-05 9.9964E-05 9.9964E-05 0.475975 0.11676 0.0234771
0.0575301 0.228966 9.9964E-05 9.9964E-05 0.0752171 9.9964E-05 0.598696 0.0391909 9.9964E-05
0.0426199 0.289406 9.9973E-05 9.9973E-05 0.0959152 0.00998595 0.499203 9.9973E-05 0.0625699
9.9982E-05 0.507306 9.9982E-05 0.00447643 0.169755 0.0327541 0.145514 0.12391 0.0160846
9.9964E-05 0.253696 9.9964E-05 0.0394139 9.9964E-05 0.00803249 0.604371 0.0940871 9.9964E-05
9.9955E-05 0.520652 9.9955E-05 0.0868924 0.0990682 9.9955E-05 0.292888 9.9955E-05 9.9955E-05
0.2382 9.9982E-05 0.0442572 0.0345641 0.0474791 0.104698 0.47402 0.056582 9.9982E-05
9.9973E-05 0.373333 0.0120378 0.0792341 9.9973E-05 0.0264428 0.42972 9.9973E-05 0.0789327
0.00738663 0.438289 0.0175133 9.9973E-05 9.9973E-05 9.9973E-05 0.348784 0.0694746 0.118253
9.9964E-05 0.319031 9.9964E-05 0.0538599 9.9964E-05 9.9964E-05 0.50984 0.112211 0.00465811
0.0618465 0.357507 0.019053 0.0101377 9.9982E-05 9.9982E-05 0.393159 0.131595 0.0265013
9.9955E-05 0.294856 9.9955E-05 0.187354 9.9955E-05 0.0545604 0.46273 9.9955E-05 9.9955E-05
0.0764995 0.235558 0.0157756 0.0676272 9.9973E-05 9.9973E-05 0.553732 0.0505081 9.9973E-05
9.9955E-05 0.89917 0.0162636 0.0214902 9.9955E-05 9.9955E-05 0.0625761 9.9955E-05 9.9955E-05
0.0287164 0.514806 0.0610795 0.073008 0.0451263 0.0366287 0.226928 0.0136066 9.9991E-05
9.9973E-05 0.421132 0.0570726 0.106574 9.9973E-05 9.9973E-05 0.328709 0.0292635 0.0569493
9.9946E-05 0.897744 0.087377 0.0142796 9.9946E-05 9.9946E-05 9.9946E-05 9.9946E-05 9.9946E-05
0.0439773 0.383845 0.0393646 9.9973E-05 9.9973E-05 9.9973E-05 0.401253 0.00377067 0.12749
9.9964E-05 0.619606 0.106778 9.9964E-05 0.175354 9.9964E-05 0.0487215 9.9964E-05 0.0491403
9.9946E-05 0.765935 0.151725 0.0817403 9.9946E-05 9.9946E-05 9.9946E-05 9.9946E-05 9.9946E-05
0.0709473 0.314967 0.0186298 0.035282 9.9982E-05 0.0377953 0.489308 9.9982E-05 0.0328709
0.0287494 0.532107 9.9991E-05 0.027841 0.0110523 0.00995311 0.212691 0.117185 0.0603212
0.0300397 0.47699 0.00361259 9.9991E-05 0.0317272 0.0275588 0.368562 0.0297508 0.0316592
0.0572101 0.204061 0.00483321 0.0486351 9.9991E-05 0.00970352 0.632606 0.0348935 0.00795791
9.9955E-05 0.405708 0.051551 9.9955E-05 9.9955E-05 9.9955E-05 0.50019 9.9955E-05 0.0420507
9.9991E-05 0.0911709 0.0165271 0.133384 0.0333169 0.0223384 0.374478 0.0996706 0.229014
9.9955E-05 0.313458 9.9955E-05 0.0525126 9.9955E-05 9.9955E-05 0.587837 9.9955E-05 0.0456921
0.0445317 0.362841 9.9973E-05 9.9973E-05 9.9973E-05 0.0307868 0.403319 0.0871889 0.0710335
9.9946E-05 0.697473 9.9946E-05 9.9946E-05 0.00786826 9.9946E-05 0.294059 9.9946E-05 9.9946E-05
0.0937697 0.256774 9.9991E-05 0.0928929 0.00847146 0.0202729 0.492217 0.00198369 0.0335178
0.58924 9.9955E-05 9.9955E-05 9.9955E-05 0.095335 9.9955E-05 9.9955E-05 0.10223 0.212696
0.736577 0.0733915 0.0239665 0.0183306 0.00742844 0.0325388 9.9991E-05 0.0378165 0.0698509
0.803563 0.0154467 0.0298723 9.9973E-05 0.0494139 9.9973E-05 9.9973E-05 0.0135407 0.0878639
0.802443 0.0213115 9.9973E-05 0.035004 0.00875942 9.9973E-05 9.9973E-05 0.00527377 0.126909
0.702164 9.9955E-05 9.9955E-05 9.9955E-05 0.170617 9.9955E-05 9.9955E-05 0.0142699 0.112449
0.0229673 0.644744 9.9964E-05 9.9964E-05 9.9964E-05 0.108276 9.9964E-05 0.152548 0.0710655
0.0398059 0.612545 9.9973E-05 9.9973E-05 0.0410691 9.9973E-05 0.132149 0.0785477 0.0955835
