0.0594761 9.9964E-05 9.9964E-05 0.85011 0.0301717 9.9964E-05 0.0594726 0.000369529 9.9964E-05
0.003552 0.0247506 9.9964E-05 0.897791 9.9964E-05 0.055078 9.9964E-05 0.0184283 9.9964E-05
0.0616956 9.9982E-05 0.0444112 0.742344 0.000835849 9.9982E-05 0.0345446 0.0257607 0.0902083
0.0391202 0.0915578 0.0603194 0.788328 0.0202751 9.9964E-05 9.9964E-05 9.9964E-05 9.9964E-05
0.00541147 0.0495926 0.0683328 0.866321 9.9964E-05 0.00994257 9.9964E-05 9.9964E-05 9.9964E-05
9.999E-05 0.0250995 0.0544965 0.568134 0.0336268 0.00704219 0.0562698 0.0835596 0.171671
0.0365963 9.9964E-05 9.9964E-05 0.750668 0.0362762 9.9964E-05 0.0353623 9.9964E-05 0.140697
0.00672105 9.9982E-05 0.0283876 0.663978 0.00862123 0.0796428 0.12925 9.9982E-05 0.0831992
0.00108174 0.111395 9.99639E-05 0.764719 9.99639E-05 9.99639E-05 0.0590495 9.99639E-05 0.0633556
0.0235226 9.9982E-05 0.0482687 0.58525 0.0392039 9.9982E-05 0.0783075 0.0804508 0.144797
0.00247549 0.127191 0.00959463 0.695902 0.0695142 0.0349136 9.9982E-05 9.9982E-05 0.0602089
9.9964E-05 0.033987 0.0236147 9.9964E-05 0.876755 9.9964E-05 9.9964E-05 0.0502701 0.0149732
0.0583173 9.9955E-05 0.0141507 9.9955E-05 0.865859 0.0611735 9.9955E-05 9.9955E-05 9.9955E-05
0.0164997 9.9964E-05 0.0539913 0.0922786 0.834337 9.9964E-05 9.9964E-05 9.9964E-05 0.00249404
0.00138218 0.0836506 9.9973E-05 0.0286938 0.842376 9.9973E-05 0.0145925 9.9973E-05 0.0290045
9.9946E-05 9.9946E-05 0.0823312 9.9946E-05 0.893255 9.9946E-05 9.9946E-05 0.0238141 9.9946E-05
0.0086887 9.9946E-05 0.0344176 9.9946E-05 0.956294 9.9946E-05 9.9946E-05 9.9946E-05 9.9946E-05
9.9946E-05 9.9946E-05 0.0711797 9.9946E-05 0.880211 9.9946E-05 9.9946E-05 9.9946E-05 0.0480091
0.000221144 9.9973E-05 9.9973E-05 0.0449197 0.862005 9.9973E-05 0.047416 0.0297238 0.015414
0.999201 9.993E-05 9.993E-05 9.993E-05 9.993E-05 9.993E-05 9.993E-05 9.993E-05 9.993E-05
0.999201 9.993E-05 9.993E-05 9.993E-05 9.993E-05 9.993E-05 9.993E-05 9.993E-05 9.993E-05
0.325043 9.9982E-05 0.013865 0.517884 0.0597283 0.0731014 9.9982E-05 0.00953483 0.000643734
0.299023 9.9964E-05 0.0657253 0.435382 9.9964E-05 9.9964E-05 9.9964E-05 0.119799 0.0796716
0.0441027 0.167985 0.0164043 9.9973E-05 0.678807 0.0567581 9.9973E-05 0.0356427 9.9973E-05
0.0358067 9.9973E-05 0.00779954 0.0135725 0.402585 9.9973E-05 0.0165177 0.523419 9.9973E-05
0.00516856 0.0692579 0.108592 9.9982E-05 0.0524758 0.0869909 9.9982E-05 0.668472 0.00884295
9.9955E-05 0.116763 9.9955E-05 0.00327546 9.9955E-05 9.9955E-05 9.9955E-05 0.761056 0.118406
9.9964E-05 0.0702728 9.9964E-05 9.9964E-05 0.504846 0.119721 0.108677 0.196084 9.9964E-05
9.9964E-05 0.076096 9.9964E-05 9.9964E-05 0.278592 0.212297 9.9964E-05 0.227784 0.20483
9.9982E-05 0.165298 9.9982E-05 0.0593222 0.314398 0.176083 0.0473594 0.152336 0.085003
0.0507882 9.9982E-05 0.026189 0.126678 0.497104 9.9982E-05 0.137419 0.064356 0.0972659
0.0523525 0.0808036 9.9982E-05 0.0061513 0.632979 9.9982E-05 0.0896538 0.108145 0.0297148
0.0509328 0.0115854 0.0663628 9.9991E-05 0.508768 0.0284778 0.0422988 0.194035 0.0974389
0.0830333 0.106163 9.9964E-05 9.9964E-05 0.502795 0.158733 9.9964E-05 0.148875 9.9964E-05
0.0381263 0.0319242 0.0216755 0.00641666 0.296876 9.9973E-05 9.9973E-05 0.604681 9.9973E-05
9.9955E-05 9.9955E-05 9.9955E-05 0.0134621 9.9955E-05 9.9955E-05 0.00330087 0.959524 0.0232129
0.00774933 9.9964E-05 9.9964E-05 0.0237838 0.0503081 9.9964E-05 0.0381437 0.879615 9.9964E-05
9.9955E-05 9.9955E-05 0.0698546 0.00671684 9.9955E-05 9.9955E-05 0.0521258 0.870803 9.9955E-05
0.00162556 0.130119 0.0847328 0.0273831 0.25353 9.9982E-05 0.0101351 0.492274 9.9982E-05
0.0411069 0.0834616 0.0962173 9.9973E-05 0.155779 9.9973E-05 0.0963527 0.526783 9.9973E-05
9.9955E-05 0.0434708 9.9955E-05 9.9955E-05 9.9955E-05 0.0563988 9.9955E-05 0.764319 0.135312
0.0369859 0.00657024 0.0316592 0.74679 0.172533 0.00516248 9.9973E-05 9.9973E-05 9.9973E-05
0.0797358 0.010272 0.0207468 0.858903 9.9964E-05 9.9964E-05 9.9964E-05 0.0299426 9.9964E-05
0.0727782 9.9982E-05 0.0115571 0.799795 0.0331528 9.9982E-05 0.0410464 0.0157271 0.0257436
0.0428085 9.9955E-05 9.9955E-05 0.881305 9.9955E-05 9.9955E-05 9.9955E-05 0.0250377 0.0503488
0.0807693 9.9973E-05 0.00696476 0.801393 0.0283338 0.0181831 9.9973E-05 9.9973E-05 0.064056
0.0834717 9.9955E-05 0.0632526 0.801003 9.9955E-05 9.9955E-05 0.0517725 9.9955E-05 9.9955E-05
0.0602402 9.9964E-05 0.00198048 0.875908 0.0548761 0.00659525 9.9964E-05 9.9964E-05 9.9964E-05
9.9946E-05 9.9946E-05 9.9946E-05 0.0306418 0.230674 9.9946E-05 9.9946E-05 0.738085 9.9946E-05
0.0200143 9.9964E-05 9.9964E-05 0.0421562 0.214783 9.9964E-05 0.111325 0.611322 9.9964E-05
0.00614252 9.9982E-05 0.129339 0.0238574 0.0565631 0.0927771 0.0513986 0.639722 9.9982E-05
9.999E-05 0.0804304 0.0279351 0.0893082 0.390199 0.230104 0.00647712 0.14275 0.0326964
0.0317814 0.17451 0.0904384 0.000196261 0.395285 0.092384 0.0543013 0.161004 9.9991E-05
0.0100065 0.0792342 9.9982E-05 9.9982E-05 0.316268 0.317734 0.107657 0.0636844 0.105216
9.9982E-05 0.0903239 0.0212929 9.9982E-05 0.156552 0.240491 0.110261 0.250487 0.130392
9.9973E-05 0.161793 0.00704601 0.0451741 0.531485 0.105678 9.9973E-05 0.148525 9.9973E-05
9.9982E-05 0.111563 0.0361499 0.0357853 0.633974 0.0800143 0.021411 0.0809023 9.9982E-05
0.0170498 0.0409384 0.088238 9.9991E-05 0.338098 0.194511 0.0873296 0.154471 0.0792641
9.9973E-05 0.0630284 9.9973E-05 0.108616 9.9973E-05 0.290326 0.113804 0.147447 0.276479
0.0276762 0.00594694 0.0171531 9.9991E-05 0.207916 0.185525 0.0662436 0.161082 0.328358
0.00651089 0.0781846 9.9982E-05 9.9982E-05 0.154772 0.215225 0.0497385 0.165294 0.330074
0.0402123 9.9982E-05 0.125646 0.0162956 0.212054 0.284206 0.0840041 0.237383 9.9982E-05
0.0184878 9.9973E-05 0.0425173 9.9973E-05 0.266833 0.212716 9.9973E-05 0.0922802 0.366866
9.9964E-05 9.9964E-05 9.9964E-05 9.9964E-05 0.3462 0.262922 0.0780722 0.166767 0.145639
0.0443382 9.9991E-05 0.261078 0.14516 0.112129 0.0358388 0.0411286 0.0558007 0.304427
9.9955E-05 9.9955E-05 0.0287329 0.308676 9.9955E-05 9.9955E-05 0.0111102 9.9955E-05 0.650981
0.0309512 0.025629 0.055283 0.176036 9.9964E-05 9.9964E-05 9.9964E-05 9.9964E-05 0.711701
0.00603453 9.9991E-05 0.267482 0.253953 0.0329626 0.0338668 0.0218256 0.0289418 0.354833
0.0312136 9.9973E-05 0.0895068 9.9973E-05 0.100851 0.357689 9.9973E-05 0.302328 0.118112
9.9973E-05 9.9973E-05 0.0033419 9.9973E-05 0.174394 0.451151 0.0186457 0.143872 0.208295
9.9973E-05 9.9973E-05 0.00801069 9.9973E-05 0.259296 0.288274 0.0604946 0.170876 0.21275
9.9964E-05 9.9964E-05 0.905226 0.00966367 9.9964E-05 0.0284299 0.00767327 0.0486072 9.9964E-05
9.9955E-05 9.9955E-05 0.881873 9.9955E-05 0.0201864 0.0387572 0.0586833 9.9955E-05 9.9955E-05
0.00498031 9.9946E-05 0.985676 9.9946E-05 9.9946E-05 9.9946E-05 9.9946E-05 9.9946E-05 0.00874424
9.9946E-05 0.0759314 0.908203 9.9946E-05 9.9946E-05 9.9946E-05 9.9946E-05 9.9946E-05 0.0152657
9.9946E-05 9.9946E-05 0.916874 9.9946E-05 0.0619889 9.9946E-05 0.0205369 9.9946E-05 9.9946E-05
9.993E-05 9.993E-05 0.999201 9.993E-05 9.993E-05 9.993E-05 9.993E-05 9.993E-05 9.993E-05
0.0219176 9.9937E-05 0.977383 9.9937E-05 9.9937E-05 9.9937E-05 9.9937E-05 9.9937E-05 9.9937E-05
0.02067 9.9955E-05 0.960173 9.9955E-05 0.0141012 9.9955E-05 0.00455651 9.9955E-05 9.9955E-05
9.9964E-05 0.0393181 0.91569 0.0219244 9.9964E-05 9.9964E-05 9.9964E-05 0.010422 0.0122457
9.9955E-05 9.9955E-05 0.811068 0.104651 0.0623218 9.9955E-05 9.9955E-05 0.0214598 9.9955E-05
0.0340096 9.9937E-05 0.965291 9.9937E-05 9.9937E-05 9.9937E-05 9.9937E-05 9.9937E-05 9.9937E-05
9.9964E-05 0.0211118 0.85903 0.0788616 9.9964E-05 0.0133855 9.9964E-05 0.0272109 9.9964E-05
9.9955E-05 9.9955E-05 9.9955E-05 0.200629 9.9955E-05 0.16563 9.9955E-05 0.157149 0.476091
0.0965206 9.9991E-05 0.036016 0.118553 0.0686193 0.134034 0.069723 0.140695 0.335738
0.0164082 9.9991E-05 0.0770687 0.0806098 0.184346 0.00519203 0.0200913 0.150979 0.465205
9.9964E-05 0.0693685 9.9964E-05 0.823463 9.9964E-05 9.9964E-05 0.00834643 0.0439871 0.0544354
0.0664119 0.0221817 0.0451813 0.819147 9.9964E-05 9.9964E-05 9.9964E-05 9.9964E-05 0.0466779
9.9946E-05 0.0551141 9.9946E-05 0.85196 9.9946E-05 9.9946E-05 9.9946E-05 9.9946E-05 0.0923267
0.0146388 0.0465334 9.9964E-05 0.851572 9.9964E-05 9.9964E-05 0.0139265 9.9964E-05 0.0729299
0.0498253 0.0129757 9.9964E-05 0.789105 0.0307456 9.9964E-05 9.9964E-05 9.9964E-05 0.116949
0.0202633 9.9955E-05 0.0648247 0.847299 9.9955E-05 9.9955E-05 9.9955E-05 9.9955E-05 0.0671133
0.0265095 0.00294377 0.118776 0.840326 9.9964E-05 9.9964E-05 0.0110451 9.9964E-05 9.9964E-05
0.0330076 0.000794552 9.9964E-05 0.843064 9.9964E-05 0.104968 9.9964E-05 9.9964E-05 0.017766
0.0112099 0.0460522 0.0662506 0.809601 9.9982E-05 0.00673154 9.9982E-05 0.01462 0.045335
9.9955E-05 0.0293271 0.0564007 0.770798 9.9955E-05 9.9955E-05 9.9955E-05 9.9955E-05 0.142974
0.0549307 0.0204255 9.9973E-05 0.569391 0.202228 9.9973E-05 0.0748332 0.0778917 9.9973E-05
0.0196689 0.0594549 9.9964E-05 0.515057 0.216664 9.9964E-05 0.188756 9.9964E-05 9.9964E-05
0.03509 0.104641 9.9991E-05 0.471701 0.106103 0.0239061 0.0867745 0.0797431 0.0919411
9.9973E-05 0.0886502 9.9973E-05 0.465751 0.278024 0.0486888 0.0823002 0.0362856 9.9973E-05
0.00787648 0.281303 9.9973E-05 9.9973E-05 0.573988 0.0716072 0.030368 0.0345578 9.9973E-05
9.9973E-05 0.0230109 0.175127 9.9973E-05 0.0205767 0.0534454 0.00603243 0.721508 9.9973E-05
9.9946E-05 0.0532851 9.9946E-05 9.9946E-05 9.9946E-05 0.17008 9.9946E-05 0.776035 9.9946E-05
0.018909 0.0197961 0.0652243 0.0380528 0.0649104 0.084954 0.0232803 0.610362 0.0745107
9.9964E-05 0.0830628 9.9964E-05 0.0685452 0.130656 9.9964E-05 0.0647132 0.652623 9.9964E-05
9.9955E-05 0.0919759 9.9955E-05 0.0579039 9.9955E-05 9.9955E-05 0.825222 9.9955E-05 0.0243986
9.9937E-05 9.9937E-05 0.010878 9.9937E-05 9.9937E-05 9.9937E-05 0.988422 9.9937E-05 9.9937E-05
9.993E-05 9.993E-05 9.993E-05 9.993E-05 9.993E-05 9.993E-05 0.999201 9.993E-05 9.993E-05
9.9946E-05 9.9946E-05 9.9946E-05 0.0404617 0.0333295 9.9946E-05 0.925609 9.9946E-05 9.9946E-05
9.9946E-05 9.9946E-05 0.0115241 9.9946E-05 0.0647837 9.9946E-05 0.923092 9.9946E-05 9.9946E-05
9.9937E-05 9.9937E-05 0.0615853 9.9937E-05 9.9937E-05 9.9937E-05 0.937715 9.9937E-05 9.9937E-05
0.0251862 9.9973E-05 0.0470485 0.81025 9.9973E-05 0.0153904 9.9973E-05 0.032702 0.0691231
0.0123668 0.00825637 9.9964E-05 0.747798 0.152662 9.9964E-05 9.9964E-05 9.9964E-05 0.078517
0.0456912 9.9982E-05 0.0878549 0.673567 0.119833 0.0202367 0.032566 9.9982E-05 0.0200507
0.0379761 9.9955E-05 0.145944 0.641823 0.173757 9.9955E-05 9.9955E-05 9.9955E-05 9.9955E-05
0.00936154 0.0542695 0.101046 0.698416 0.0595111 9.9973E-05 9.9973E-05 9.9973E-05 0.0770957
0.00569509 0.361711 9.9973E-05 0.377953 0.0242649 9.9973E-05 0.157923 0.0721542 9.9973E-05
9.9964E-05 0.266507 9.9964E-05 0.447423 9.9964E-05 0.0631369 0.154756 0.067777 9.9964E-05
0.0479137 0.274839 0.0111288 0.335212 9.9982E-05 0.0583386 0.227427 0.044941 9.9982E-05
0.999201 9.993E-05 9.993E-05 9.993E-05 9.993E-05 9.993E-05 9.993E-05 9.993E-05 9.993E-05
0.0295843 0.295696 0.0262011 0.337271 9.9973E-05 9.9973E-05 0.18828 0.122668 9.9973E-05
0.00778299 0.0330326 0.348135 0.116378 0.0242833 0.0651213 9.9991E-05 0.0464133 0.358753
9.9964E-05 9.9964E-05 0.300151 0.280475 9.9964E-05 0.00221245 0.0282462 9.9964E-05 0.388515
9.9973E-05 0.00909533 0.0585387 9.9973E-05 0.371803 0.29517 9.9973E-05 0.144591 0.120501
0.0363117 0.10446 0.00192944 0.0601835 0.718247 0.0545855 0.024083 9.9982E-05 9.9982E-05
9.9982E-05 0.0330148 0.138026 0.0116998 0.268582 0.351567 0.00458263 0.192328 9.9982E-05
9.9973E-05 0.08246 9.9973E-05 9.9973E-05 0.113357 0.435086 0.0508954 0.238146 0.0797556
0.00540741 0.0164514 0.0114695 9.9991E-05 0.77709 0.0504789 0.034712 0.0628184 0.0414722
9.9964E-05 9.9964E-05 9.9964E-05 9.9964E-05 0.440644 0.242366 0.0216356 0.216174 0.0787794
9.9973E-05 0.0143977 0.0356675 9.9973E-05 0.447384 0.238778 9.9973E-05 0.213126 0.0503464
0.00781756 0.0285979 0.144191 0.0018409 0.369835 0.194394 0.0289348 0.224287 9.9991E-05
0.00173095 9.9964E-05 0.0956064 0.819667 9.9964E-05 0.0759091 0.00668675 9.9964E-05 9.9964E-05
0.00614587 9.9955E-05 0.0346235 0.859125 9.9955E-05 0.0996057 9.9955E-05 9.9955E-05 9.9955E-05
9.9964E-05 0.0558879 0.00979918 0.811501 9.9964E-05 0.0724984 9.9964E-05 0.049914 9.9964E-05
0.0113414 9.9964E-05 0.0519331 0.753201 9.9964E-05 0.126753 0.0563719 9.9964E-05 9.9964E-05
0.0189308 9.9964E-05 0.0588941 0.778037 9.9964E-05 0.0829254 0.0608125 9.9964E-05 9.9964E-05
9.9973E-05 0.120279 9.9973E-05 0.0312789 0.739092 0.0117589 0.0655828 9.9973E-05 0.0317081
0.0307639 0.101778 9.9982E-05 0.0684891 0.519221 9.9982E-05 0.107059 0.11294 0.059549
9.9964E-05 0.208457 9.9964E-05 0.0753804 0.523075 0.187214 0.0054748 9.9964E-05 9.9964E-05
9.9964E-05 0.0643923 9.9964E-05 0.16512 0.564392 0.152425 0.0532703 9.9964E-05 9.9964E-05
9.9946E-05 0.203891 9.9946E-05 0.093788 0.701721 9.9946E-05 9.9946E-05 9.9946E-05 9.9946E-05
0.0106018 0.0623099 0.112984 0.0762838 0.287569 0.221366 9.9991E-05 0.187582 0.0412037
9.9973E-05 9.9973E-05 0.0578974 9.9973E-05 0.195142 0.169741 0.10911 0.319156 0.148653
9.9964E-05 0.0601011 9.9964E-05 9.9964E-05 9.9964E-05 0.350633 0.116125 0.248641 0.2241
9.9964E-05 9.9964E-05 9.9964E-05 9.9964E-05 0.154149 0.217184 0.0732882 0.239435 0.315543
9.9964E-05 9.9964E-05 9.9964E-05 9.9964E-05 0.118992 0.303142 0.112702 0.288053 0.176711
9.9955E-05 0.161398 9.9955E-05 9.9955E-05 0.690572 9.9955E-05 0.0954201 0.0521101 9.9955E-05
9.9973E-05 0.164556 0.0932897 9.9973E-05 0.213445 0.349675 9.9973E-05 0.166448 0.0122858
0.0226207 0.139409 0.0216608 9.9973E-05 0.637459 0.0964131 9.9973E-05 0.0821381 9.9973E-05
9.9973E-05 0.164066 0.0632344 9.9973E-05 0.561222 0.0821641 0.0332948 0.0957182 9.9973E-05
9.9973E-05 9.9973E-05 0.0368897 0.0153467 0.144335 0.0542597 9.9973E-05 0.168999 0.57987
0.0366012 9.9973E-05 0.107405 0.283874 9.9973E-05 0.0236064 9.9973E-05 0.0286198 0.519594
9.9946E-05 9.9946E-05 9.9946E-05 9.9946E-05 0.0126648 0.939691 0.0470445 9.9946E-05 9.9946E-05
9.9955E-05 0.0424289 9.9955E-05 0.0230746 9.9955E-05 0.916766 9.9955E-05 0.0172306 9.9955E-05
9.9964E-05 9.9964E-05 0.386846 0.136641 9.9964E-05 0.288301 9.9964E-05 0.0500642 0.137748
0.0370977 9.9973E-05 0.311028 0.0991344 0.1851 0.261411 9.9973E-05 9.9973E-05 0.105928
0.0150866 9.9973E-05 0.0901949 0.074832 9.9973E-05 0.644098 0.0226731 9.9973E-05 0.152815
0.0392214 0.0163627 0.0853799 0.055511 9.9982E-05 0.597863 9.9982E-05 0.00107772 0.204384
9.9964E-05 9.9964E-05 0.291561 0.10881 0.0479503 0.547295 0.00398329 9.9964E-05 9.9964E-05
0.0659269 9.9973E-05 0.149903 0.00476218 9.9973E-05 0.700389 0.00731086 9.9973E-05 0.0714076
9.9973E-05 0.0167279 0.0428388 0.0435307 0.00108238 0.803266 0.092254 9.9973E-05 9.9973E-05
9.9964E-05 9.9964E-05 0.0136585 0.0672367 0.118854 0.790737 0.00911319 9.9964E-05 9.9964E-05
0.0280577 0.00752644 0.0438568 0.207383 9.9973E-05 0.646051 9.9973E-05 9.9973E-05 0.0668259
0.0104663 9.9964E-05 0.0693071 0.248613 9.9964E-05 0.409457 9.9964E-05 9.9964E-05 0.261756
9.9946E-05 9.9946E-05 9.9946E-05 9.9946E-05 9.9946E-05 0.972917 9.9946E-05 0.016777 0.00970627
0.00919125 9.9955E-05 9.9955E-05 0.0156581 9.9955E-05 0.97256 9.9955E-05 0.00209111 9.9955E-05
0.00393167 9.9973E-05 0.112758 0.0309665 0.132644 0.708935 9.9973E-05 0.0104652 9.9973E-05
9.9946E-05 9.9946E-05 0.0452812 9.9946E-05 0.110611 0.843508 9.9946E-05 9.9946E-05 9.9946E-05
0.0728993 9.9973E-05 0.0523654 0.761225 0.0291822 0.0815189 0.00250895 9.9973E-05 9.9973E-05
0.0592695 0.0556787 0.100138 0.68742 9.9982E-05 9.9982E-05 0.0250113 0.0373212 0.034962
0.00316598 0.0193782 0.0902306 0.875964 9.9964E-05 9.9964E-05 0.0108618 9.9964E-05 9.9964E-05
0.0873605 9.9946E-05 9.9946E-05 0.869698 9.9946E-05 0.0423422 9.9946E-05 9.9946E-05 9.9946E-05
0.0175035 9.9937E-05 9.9937E-05 9.9937E-05 9.9937E-05 9.9937E-05 9.9937E-05 0.981797 9.9937E-05
0.0100182 9.9973E-05 0.0273484 0.0729743 0.19433 0.0298225 9.9973E-05 0.665207 9.9973E-05
0.00361356 9.9946E-05 9.9946E-05 9.9946E-05 9.9946E-05 0.0686027 9.9946E-05 0.927184 9.9946E-05
9.9964E-05 0.0469874 0.0161109 9.9964E-05 9.9964E-05 0.0134714 9.9964E-05 0.716408 0.206623
9.9937E-05 9.9937E-05 9.9937E-05 9.9937E-05 9.9937E-05 9.9937E-05 9.9937E-05 0.860821 0.13848
0.034392 0.0354669 0.0430111 0.0587433 0.319955 0.0452563 9.9982E-05 0.462976 9.9982E-05
0.0112936 9.9973E-05 0.105776 9.9973E-05 0.0476067 0.0141997 0.0680904 0.752734 9.9973E-05
0.0372261 0.21911 0.0319131 0.516978 0.0517912 0.0283939 0.0700138 9.9991E-05 0.0444735
0.035858 9.9982E-05 0.0544578 0.675432 0.0990945 0.0507873 0.0768109 9.9982E-05 0.00735929
0.143842 0.127143 9.9964E-05 0.66274 9.9964E-05 9.9964E-05 0.0235643 9.9964E-05 0.0423104
0.0820513 0.121729 9.9973E-05 0.710697 9.9973E-05 0.015128 0.0299444 9.9973E-05 0.0401511
0.0758999 0.0638871 9.9982E-05 0.612949 0.0752315 0.049277 0.0636826 9.9982E-05 0.0588734
0.0247246 0.0860696 0.0246536 0.067958 0.193391 9.9982E-05 0.00533461 0.597669 9.9982E-05
9.9964E-05 0.057906 9.9964E-05 0.123658 0.196264 9.9964E-05 0.0234112 0.598361 9.9964E-05
9.9946E-05 9.9946E-05 0.0578705 9.9946E-05 9.9946E-05 0.105189 9.9946E-05 0.83634 9.9946E-05
0.0143134 0.130543 0.0911345 0.00795465 0.230113 0.0557646 9.9982E-05 0.469976 9.9982E-05
0.0344766 9.9973E-05 0.118726 9.9973E-05 0.214726 0.127314 0.0111985 0.493259 9.9973E-05
0.0285427 0.00381734 0.493031 0.266216 9.9991E-05 0.0766031 0.00993429 0.0197573 0.101999
0.00206899 9.9991E-05 0.00193941 0.115188 0.296927 0.120419 0.168288 0.151437 0.143634
0.0373508 9.9973E-05 0.00434706 9.9973E-05 9.9973E-05 0.21788 0.109408 0.178619 0.452096
9.9982E-05 0.0159555 0.00786846 0.0235757 0.0314457 9.9982E-05 0.00974001 0.0164501 0.894765
0.0200021 9.9937E-05 9.9937E-05 9.9937E-05 9.9937E-05 9.9937E-05 9.9937E-05 9.9937E-05 0.979298
0.0501533 9.9973E-05 0.0226374 0.0457455 0.159229 0.00518675 9.9973E-05 9.9973E-05 0.716748
9.9946E-05 9.9946E-05 0.0981314 0.176905 9.9946E-05 9.9946E-05 9.9946E-05 9.9946E-05 0.724364
9.9982E-05 9.9982E-05 0.123272 0.240773 0.101103 0.0419458 0.0136298 0.101172 0.377904
0.0429275 9.9955E-05 0.0229033 9.9955E-05 0.124964 9.9955E-05 9.9955E-05 9.9955E-05 0.808705
0.0392387 9.9964E-05 0.00711949 9.9964E-05 0.313062 9.9964E-05 9.9964E-05 0.0242584 0.615921
0.0626661 9.9946E-05 9.9946E-05 0.0494207 9.9946E-05 9.9946E-05 9.9946E-05 9.9946E-05 0.887314
9.9973E-05 9.9973E-05 0.215029 0.237832 0.0981886 0.0231359 9.9973E-05 0.0801588 0.345356
9.9973E-05 9.9973E-05 0.306406 0.24033 0.0421856 0.067166 9.9973E-05 0.100792 0.24282
0.0289637 0.091857 9.99639E-05 0.742589 9.99639E-05 0.0712208 0.0649692 9.99639E-05 9.99639E-05
9.9955E-05 0.921685 9.9955E-05 0.00198693 0.0696247 0.00620339 9.9955E-05 9.9955E-05 9.9955E-05
9.993E-05 0.999201 9.993E-05 9.993E-05 9.993E-05 9.993E-05 9.993E-05 9.993E-05 9.993E-05
9.993E-05 0.999201 9.993E-05 9.993E-05 9.993E-05 9.993E-05 9.993E-05 9.993E-05 9.993E-05
9.9937E-05 0.954017 0.0452833 9.9937E-05 9.9937E-05 9.9937E-05 9.9937E-05 9.9937E-05 9.9937E-05
0.0364484 0.925682 9.9946E-05 9.9946E-05 9.9946E-05 9.9946E-05 0.0372701 9.9946E-05 9.9946E-05
9.9955E-05 0.915028 9.9955E-05 0.039946 9.9955E-05 0.0421033 9.9955E-05 9.9955E-05 0.00242326
0.0115449 0.777718 9.9955E-05 0.191767 9.9955E-05 9.9955E-05 0.0184697 9.9955E-05 9.9955E-05
0.0244982 9.9964E-05 0.00932454 0.874386 0.0889462 9.9964E-05 9.9964E-05 0.00244521 9.9964E-05
0.0579793 0.0534402 9.9973E-05 0.664672 0.08693 9.9973E-05 0.0414251 9.9973E-05 0.0952536
0.0619939 0.0225274 0.0645017 0.822238 9.9973E-05 9.9973E-05 0.0245812 0.00385818 9.9973E-05
0.0188534 9.9955E-05 9.9955E-05 0.789599 0.184321 9.9955E-05 0.00672706 9.9955E-05 9.9955E-05
0.00217661 9.9973E-05 0.0328811 0.839686 0.0503813 9.9973E-05 0.00978737 0.0647881 9.9973E-05
0.00341113 0.0933607 0.045822 0.77327 9.9973E-05 9.9973E-05 0.0204696 9.9973E-05 0.0633668
0.0516079 9.9973E-05 0.0628715 0.792961 9.9973E-05 0.0103061 0.041746 9.9973E-05 0.0402079
0.0170621 9.9973E-05 0.0636396 0.819969 0.0241248 9.9973E-05 0.0221419 0.0527627 9.9973E-05
0.0218172 9.9955E-05 9.9955E-05 0.902931 0.0459859 9.9955E-05 0.0287658 9.9955E-05 9.9955E-05
0.0362252 9.9973E-05 0.0657302 0.807886 0.0568117 0.0198368 9.9973E-05 9.9973E-05 0.0132099
9.9946E-05 9.9946E-05 9.9946E-05 0.916676 9.9946E-05 9.9946E-05 0.0405085 9.9946E-05 0.0422156
0.0570593 9.9964E-05 0.0398958 0.845046 9.9964E-05 9.9964E-05 9.9964E-05 0.00710747 0.0504915
0.0714336 0.00445845 0.0849795 0.766646 0.0267733 9.9973E-05 9.9973E-05 0.0454088 9.9973E-05
0.0675379 9.9964E-05 0.114955 0.783533 0.0222154 9.9964E-05 9.9964E-05 0.0113582 9.9964E-05
9.9955E-05 9.9955E-05 0.174505 0.752836 0.010366 9.9955E-05 9.9955E-05 9.9955E-05 0.0617939
0.0488186 9.9964E-05 0.114559 0.768857 0.0457965 9.9964E-05 9.9964E-05 0.0215686 9.9964E-05
0.0343949 9.9964E-05 0.137346 0.767045 0.0527256 9.9964E-05 9.9964E-05 0.00808823 9.9964E-05
9.9982E-05 9.9982E-05 0.107775 0.106961 0.276038 0.0739049 0.0644766 0.208715 0.161929
9.9964E-05 9.9964E-05 0.0113292 9.9964E-05 9.9964E-05 0.144969 0.150227 0.370434 0.32264
9.9964E-05 0.00741816 9.9964E-05 9.9964E-05 9.9964E-05 0.226893 0.0360554 0.21129 0.517944
9.9973E-05 0.298576 0.0354423 9.9973E-05 0.201544 0.14952 9.9973E-05 0.223857 0.0907611
9.9955E-05 9.9955E-05 9.9955E-05 9.9955E-05 9.9955E-05 0.376574 0.184138 0.192948 0.24584
9.9964E-05 0.076678 9.9964E-05 9.9964E-05 9.9964E-05 0.157883 0.018045 0.298305 0.448689
0.0324155 9.9991E-05 0.162524 0.0392446 0.277218 0.106489 0.0170363 0.216395 0.148578
9.9982E-05 0.0471502 0.136639 0.467315 0.274683 0.0313562 9.9982E-05 0.00953843 0.0331172
0.0222419 0.0462833 0.13473 0.127927 9.9973E-05 9.9973E-05 0.0281985 9.9973E-05 0.64032
0.00500638 0.0251305 0.277123 0.290764 0.226713 9.9991E-05 0.0138743 0.105155 0.0561336
0.0604131 9.9973E-05 0.186647 0.33503 0.269286 9.9973E-05 9.9973E-05 0.0512328 0.0970906
