0.0289249 0.0827558 9.9982E-05 0.888119 9.9982E-05
9.9982E-05 0.0290912 0.0516976 0.919011 9.9982E-05
0.0356043 0.0318774 9.9991E-05 0.84216 0.090258
0.0416385 0.0915667 9.9991E-05 0.83276 0.0339348
0.0702133 9.9982E-05 9.9982E-05 0.897626 0.0319609
0.0961476 0.113515 0.155549 0.634438 0.000349992
0.000241057 0.0556472 0.0452667 0.854382 0.044463
0.0259588 0.159811 0.0408983 0.773232 9.9991E-05
9.9982E-05 0.109272 0.0650364 0.825491 9.9982E-05
0.0949773 0.0324466 0.036278 0.71332 0.122978
9.9991E-05 0.12659 0.107258 0.756853 0.0091983
0.0902971 0.456438 0.161413 9.9991E-05 0.291752
0.102149 0.345563 9.9991E-05 0.00913923 0.543049
0.120219 0.35691 0.202016 0.0526127 0.268243
0.193091 0.352247 0.00502365 0.0902322 0.359407
0.142004 0.228699 0.101812 0.107301 0.420184
0.0970916 0.176722 0.0388039 0.0819979 0.605384
0.111471 0.227305 0.191842 0.00754317 0.461839
0.0760095 0.452152 0.0378251 0.0752747 0.358739
0.0453124 0.62441 0.187347 0.0960538 0.0468765
0.0749501 0.30851 0.231496 9.9991E-05 0.384944
0.153371 0.192634 0.275599 0.038137 0.340259
0.100132 0.234227 0.0559591 0.0363796 0.573302
0.136194 0.361409 0.205051 0.00448882 0.292857
0.0798333 0.12442 0.0333452 0.154228 0.608173
0.145135 0.346227 0.0673477 9.9991E-05 0.44119
0.0900349 0.487535 0.10148 0.0456935 0.275257
0.207753 0.500171 0.098546 9.9991E-05 0.19343
0.0275843 0.424345 0.172276 9.9991E-05 0.375695
0.0387605 9.9982E-05 9.9982E-05 0.857753 0.103287
9.9982E-05 0.00225025 9.9982E-05 0.846123 0.151427
0.0226754 0.0447624 9.9991E-05 0.79357 0.138892
0.0995173 9.9991E-05 0.022225 0.763504 0.114653
0.0714207 0.166258 0.150234 0.0220281 0.590059
0.0387134 0.0462299 0.227556 0.0804342 0.607066
9.9991E-05 0.0148625 0.231542 0.0503746 0.703121
0.0614098 0.674774 0.0350659 0.0429192 0.185831
0.0663643 0.0516664 0.5243 9.9991E-05 0.357569
9.9991E-05 0.18607 0.179609 0.0247954 0.609426
0.116334 9.9982E-05 0.147356 9.9982E-05 0.73611
0.00182907 0.0853963 0.0879612 0.136799 0.688015
0.012898 0.126726 0.107497 0.110816 0.642063
9.9991E-05 0.212794 0.507387 0.0419729 0.237746
0.106935 0.02058 0.258715 0.0767187 0.537052
0.00668577 0.0355327 0.207129 0.110571 0.640081
0.0930962 9.9991E-05 0.127566 0.159671 0.619566
9.9973E-05 9.9973E-05 0.506106 9.9973E-05 0.493594
0.0150128 0.0163442 0.166309 0.0715247 0.73081
0.0465029 0.0515191 0.19274 0.130941 0.578297
9.9982E-05 0.0312613 0.858055 0.110484 9.9982E-05
9.9982E-05 0.490665 0.237552 9.9982E-05 0.271583
0.0945623 0.196921 0.588451 0.0356926 0.0843726
0.0522814 0.148327 0.0228658 0.163645 0.61288
0.07309 0.123696 0.134915 0.119182 0.549117
0.109405 0.033107 0.188208 0.0374246 0.631856
9.9991E-05 0.398795 0.261238 0.135476 0.20439
9.9991E-05 0.267429 0.0722587 0.00599853 0.654214
0.128187 0.0996691 0.122164 0.0786613 0.571319
0.0228905 0.284032 0.196173 0.140157 0.356748
0.0218625 0.388624 0.240026 0.253065 0.0964221
0.0552366 0.0534236 0.147685 0.117377 0.626278
0.116572 0.325301 0.112239 0.0742542 0.371634
9.9991E-05 0.49855 0.316536 0.0444274 0.140386
0.102873 0.260763 0.18314 9.9991E-05 0.453124
0.081391 0.0559413 0.152632 0.0654216 0.644614
0.0568497 0.220068 0.031254 0.0352215 0.656607
9.9991E-05 0.269143 0.211261 0.0987368 0.420759
0.0106883 0.181048 0.241232 0.0103865 0.556645
0.000891329 0.170693 0.136199 0.102238 0.58998
0.00632579 0.427285 0.284922 0.0397945 0.241672
9.9982E-05 0.215408 0.140575 9.9982E-05 0.643817
9.9982E-05 0.184603 0.450708 9.9982E-05 0.36449
0.0845747 0.110079 0.11927 0.109035 0.577041
9.9982E-05 0.0131276 0.843892 9.9982E-05 0.142781
9.9982E-05 0.0811482 0.700971 9.9982E-05 0.217681
9.9982E-05 0.0319303 0.557301 9.9982E-05 0.410568
9.9982E-05 0.107983 0.29062 9.9982E-05 0.601197
0.0399719 0.110163 0.133214 0.119141 0.59751
9.9991E-05 0.046834 0.279637 0.0438142 0.629615
9.9991E-05 0.33071 0.334996 0.0310739 0.303119
9.9991E-05 0.32737 0.252086 0.0165962 0.403848
0.0737718 0.0674994 0.20048 0.0855751 0.572674
9.9991E-05 0.157273 0.340153 0.0152338 0.48724
0.00771174 0.0637596 0.360804 9.9991E-05 0.567625
9.9973E-05 9.9973E-05 0.442222 9.9973E-05 0.557478
0.00390029 0.0230268 0.863643 0.00917194 0.100258
0.0233278 0.186769 0.0948455 9.9991E-05 0.694958
0.0652179 0.0672658 9.9991E-05 0.773867 0.0935493
9.9973E-05 9.9973E-05 9.9973E-05 0.899326 0.100374
0.0783827 9.9982E-05 9.9982E-05 0.858713 0.0627039
0.043679 9.9982E-05 9.9982E-05 0.883219 0.0729019
9.9973E-05 9.9973E-05 9.9973E-05 0.897494 0.102206
9.9982E-05 9.9982E-05 0.0126462 0.91678 0.0703739
0.0519118 9.9991E-05 0.0064668 0.917489 0.0240328
0.120439 0.0712935 0.175063 0.057259 0.575946
0.0542294 0.0549641 0.263929 0.113664 0.513214
9.9982E-05 0.0964268 0.628486 9.9982E-05 0.274888
0.169117 0.122292 0.11837 0.0305638 0.559657
9.9982E-05 0.139288 0.240221 9.9982E-05 0.620291
9.9991E-05 0.00509493 0.155341 0.0968533 0.74261
9.9982E-05 9.9982E-05 0.257697 0.0477774 0.694326
0.119125 0.0114334 0.275012 0.0367382 0.557692
9.9991E-05 0.193918 0.63435 0.0266707 0.144961
0.092803 0.106806 0.197921 0.101048 0.501421
0.0196527 9.9991E-05 0.176154 0.0590169 0.745077
0.0934977 0.0828562 0.102954 0.132945 0.587747
0.035904 0.0311669 0.556058 9.9991E-05 0.376771
9.9973E-05 9.9973E-05 0.36161 9.9973E-05 0.63809
9.9991E-05 0.145334 0.325726 0.020903 0.507938
0.0495612 0.0467352 0.442133 9.9991E-05 0.461471
9.9991E-05 0.14553 0.162212 0.0775538 0.614605
9.9991E-05 0.113386 0.176139 0.12745 0.582924
0.10295 0.393034 0.299198 9.9991E-05 0.204719
0.00616758 0.329117 9.9991E-05 0.124409 0.540206
0.0649015 0.101439 0.0915555 0.15793 0.584174
0.0605518 0.187346 0.0440714 0.053581 0.65445
9.9991E-05 0.377343 0.0281861 0.0457984 0.548573
0.0658661 0.275235 9.9982E-05 9.9982E-05 0.658699
0.0525854 0.385802 0.0738725 9.9991E-05 0.48764
9.9991E-05 0.154423 0.103512 0.13509 0.606875
0.0751403 0.27619 9.9991E-05 0.0688946 0.579675
0.0120625 0.207347 0.0970912 0.000867568 0.682632
9.9991E-05 0.367063 0.00354215 0.00336626 0.625928
0.0500826 0.189756 0.0546115 0.0421559 0.663394
0.085319 0.0321817 0.0841741 0.110606 0.687719
0.0633155 0.267129 9.9991E-05 0.0197917 0.649664
0.166223 0.222975 0.113904 0.0300119 0.466886
0.109773 0.292099 0.0301802 9.9991E-05 0.567848
0.0300155 0.158074 0.24097 0.162417 0.408523
0.100242 0.196627 0.047959 9.9991E-05 0.655072
0.152033 0.200083 9.9982E-05 9.9982E-05 0.647685
0.0950347 0.416661 0.218814 9.9991E-05 0.26939
0.091815 0.297605 0.407592 0.0680578 0.134931
0.101215 0.233536 0.129146 0.0124502 0.523653
0.0813653 0.288726 0.489216 9.9991E-05 0.140592
9.9991E-05 0.443167 0.156809 0.0470362 0.352887
9.9982E-05 0.37385 0.15447 9.9982E-05 0.47148
9.9991E-05 0.462249 0.185028 0.00821049 0.344413
0.0395623 0.512413 0.131586 9.9991E-05 0.316338
0.0766505 0.180246 0.0597234 0.0704515 0.612929
0.0661198 0.123024 0.0855286 0.128183 0.597145
0.0318383 0.191064 0.14431 0.0839841 0.548804
0.0554793 0.436903 0.336008 9.9991E-05 0.17151
0.0285547 0.0472194 0.185001 0.185762 0.553464
0.00597936 0.102455 0.184077 0.142265 0.565223
0.0132728 0.105406 0.640448 0.181655 0.0592181
0.0298833 9.9991E-05 0.114429 0.185392 0.670196
0.06016 0.0593634 0.442652 0.0631327 0.374692
0.13411 0.0295119 0.19974 0.109497 0.527142
0.0852531 0.209915 0.388937 0.0623852 0.25351
9.9991E-05 0.112593 0.48688 0.141649 0.258778
9.9991E-05 0.172917 0.293168 0.0249366 0.508878
0.0191742 0.0297599 0.169045 0.163022 0.618999
0.0437337 0.159163 0.0886991 0.192201 0.516203
0.142721 0.0493508 0.574431 0.132643 0.100854
0.107736 0.110051 0.153229 0.118118 0.510866
9.9982E-05 0.0511189 0.481313 9.9982E-05 0.467368
0.0336278 0.197435 0.317558 9.9991E-05 0.45128
0.0359251 0.0929591 0.126086 0.115781 0.629249
0.244241 0.0168979 0.244419 0.330212 0.164231
0.197537 9.9982E-05 0.230545 0.571719 9.9982E-05
0.146775 9.9982E-05 0.315965 0.537061 9.9982E-05
0.359929 0.0677488 0.128566 0.398286 0.0454696
9.9982E-05 0.0225701 0.18879 9.9982E-05 0.78844
0.0146665 0.0313666 0.114496 0.118323 0.721148
0.760458 0.00726077 9.9982E-05 9.9982E-05 0.232081
0.517171 0.101417 0.0059778 0.0115871 0.363847
0.446918 0.114111 9.9991E-05 0.0577521 0.381119
0.0458311 0.0521339 0.491717 0.0343419 0.375976
0.0765859 9.9991E-05 0.2002 0.0801578 0.642956
0.045465 0.0581402 0.596766 0.0346454 0.264983
0.010466 0.078326 0.239901 0.0234855 0.647821
0.0490533 0.0232213 0.347084 0.0937759 0.486866
0.0891894 0.0134825 0.245162 0.0685657 0.5836
0.00607331 0.00461842 0.68605 0.0271657 0.276093
0.086719 0.0191124 0.165328 0.0323609 0.69648
0.0602557 0.0219361 0.199315 0.0962371 0.622256
0.9996 9.997E-05 9.997E-05 9.997E-05 9.997E-05
0.922274 9.9973E-05 9.9973E-05 9.9973E-05 0.0774259
0.675617 9.9991E-05 0.0830855 0.0537301 0.187467
0.675521 9.9982E-05 9.9982E-05 0.0341774 0.290101
0.804845 9.9982E-05 9.9982E-05 0.0344767 0.160478
0.9996 9.997E-05 9.997E-05 9.997E-05 9.997E-05
0.968896 0.030804 9.9973E-05 9.9973E-05 9.9973E-05
0.857284 9.9973E-05 9.9973E-05 9.9973E-05 0.142416
0.984265 0.00454344 9.9982E-05 9.9982E-05 0.0109919
0.9996 9.997E-05 9.997E-05 9.997E-05 9.997E-05
0.9996 9.997E-05 9.997E-05 9.997E-05 9.997E-05
0.803283 0.032529 9.9991E-05 0.0329862 0.131102
0.85097 0.00828808 9.9991E-05 0.00705142 0.133591
0.988911 0.0107892 9.9973E-05 9.9973E-05 9.9973E-05
0.457069 0.107829 0.0453959 0.0508281 0.338878
0.610824 0.0382097 9.9991E-05 0.102669 0.248197
0.727208 9.9982E-05 9.9982E-05 0.0733272 0.199265
0.881842 0.0244491 0.0122014 0.00815311 0.0733547
0.996533 9.9973E-05 9.9973E-05 9.9973E-05 0.00316686
0.917591 0.039625 0.00289211 0.0397923 9.9991E-05
0.995032 9.9982E-05 0.00368393 0.00108408 9.9982E-05
0.677246 0.0854522 0.0190408 0.0565247 0.161736
0.917938 0.0204529 0.00316991 0.0560358 0.00240337
0.0826755 9.9982E-05 0.517528 0.399596 9.9982E-05
0.123115 0.122015 0.144597 0.196068 0.414205
0.0825181 0.0641587 0.187241 0.242008 0.424074
0.0664017 9.9991E-05 0.359311 0.303133 0.271054
0.219005 0.0987828 0.159928 0.173562 0.348723
0.156976 9.9991E-05 0.341141 0.311293 0.19049
0.121397 0.0859757 0.173033 0.200011 0.419584
0.26773 9.9991E-05 0.327424 0.174976 0.22977
0.115965 9.9991E-05 0.127223 0.195818 0.560894
0.32591 9.9991E-05 0.224531 0.172114 0.277346
0.106141 0.0756813 0.113955 0.211429 0.492794
9.9991E-05 0.087848 0.0442034 0.861391 0.00645748
0.052302 0.00457938 9.9982E-05 0.942919 9.9982E-05
9.9973E-05 0.025706 9.9973E-05 0.973994 9.9973E-05
9.9982E-05 0.0371638 9.9982E-05 0.940654 0.0219826
9.9982E-05 0.0555177 9.9982E-05 0.920116 0.0241663
0.0836262 9.9982E-05 0.0117029 0.904471 9.9982E-05
0.0867784 9.9973E-05 9.9973E-05 0.912922 9.9973E-05
0.00277225 9.9982E-05 0.0954857 0.901542 9.9982E-05
0.0212823 9.9991E-05 0.0139263 0.914695 0.049996
0.119442 0.00166425 0.0327477 0.846046 9.9991E-05
9.9982E-05 0.327023 0.0793093 0.593467 9.9982E-05
0.00468222 0.407073 9.9982E-05 0.588045 9.9982E-05
9.9982E-05 0.320921 0.101539 0.57734 9.9982E-05
9.9982E-05 0.346528 0.160394 0.492878 9.9982E-05
0.00430849 0.157765 0.225739 0.04261 0.569578
0.0477802 0.0827239 0.218475 0.0557851 0.595236
0.0543655 0.232481 0.186153 9.9991E-05 0.5269
9.9991E-05 0.268748 0.186245 0.00495474 0.539952
9.9982E-05 0.667772 0.120474 9.9982E-05 0.211554
9.9991E-05 0.0442964 0.154949 0.068653 0.732002
0.0262261 0.124494 0.184608 0.00866094 0.656011
9.9982E-05 0.0959683 0.307745 9.9982E-05 0.596087
0.0209534 0.017619 0.399076 9.9991E-05 0.562251
0.0313723 0.0931399 0.0837679 0.0348827 0.756837
0.0112921 0.167039 0.278865 9.9991E-05 0.542703
9.9973E-05 0.172863 0.826837 9.9973E-05 9.9973E-05
9.9991E-05 0.163942 0.131098 0.00986311 0.694997
0.0297629 0.0422111 0.603323 9.9991E-05 0.324603
0.0417171 0.0949452 0.299439 9.9991E-05 0.563798
9.9991E-05 0.200857 0.454202 0.035351 0.30949
0.00307744 0.791848 0.0476856 0.157289 9.9991E-05
9.9991E-05 0.81636 0.0381219 0.0974844 0.0479333
0.00989776 0.872974 0.082102 0.0349264 9.9991E-05
9.9982E-05 0.837826 0.0400117 0.121963 9.9982E-05
0.0404148 0.789298 0.149992 9.9991E-05 0.020195
0.0673638 0.785694 9.9991E-05 0.0690707 0.0777713
0.0184627 9.9982E-05 9.9982E-05 0.864133 0.117204
9.9982E-05 0.016007 9.9982E-05 0.87447 0.109324
0.0750964 9.9982E-05 9.9982E-05 0.783164 0.141539
0.125037 0.083665 9.9991E-05 0.767389 0.0238094
0.0428811 0.0286613 9.9991E-05 0.798233 0.130125
9.9973E-05 0.627786 9.9973E-05 0.371914 9.9973E-05
9.9982E-05 0.428321 0.0735868 0.497892 9.9982E-05
9.9982E-05 0.519639 0.0504656 0.429695 9.9982E-05
0.0547106 0.00411316 9.9991E-05 0.827359 0.113717
9.9982E-05 0.596539 0.0788777 0.324383 9.9982E-05
0.437957 9.9991E-05 0.13742 0.23869 0.185834
0.285948 0.0250004 9.9991E-05 0.129367 0.559585
0.334834 9.9982E-05 9.9982E-05 0.18351 0.481456
0.314584 0.0626528 0.0567954 0.22506 0.340908
0.22075 0.122514 0.0668527 0.107855 0.482028
0.327042 9.9982E-05 0.197109 0.475649 9.9982E-05
9.9991E-05 0.370519 0.133745 0.00156993 0.494067
0.0337043 0.264598 0.276119 0.0053561 0.420222
9.9982E-05 0.569649 9.9982E-05 0.0717919 0.358359
0.0554521 0.205659 0.24866 9.9991E-05 0.490128
9.9973E-05 0.212092 0.787608 9.9973E-05 9.9973E-05
0.149649 0.135018 0.135235 0.0386171 0.541481
0.0075713 0.17278 0.16022 0.0674284 0.592
9.9991E-05 0.462673 0.0509174 0.0803376 0.405972
0.0118209 0.31865 0.00034473 0.0907613 0.578424
0.0139131 0.271453 0.467988 0.0289426 0.217703
0.0358188 0.166372 0.211657 0.00653459 0.579618
0.077628 0.331744 0.0722775 9.9991E-05 0.51825
0.322682 0.143044 0.195141 0.0783253 0.260809
0.0578012 0.284863 0.207628 9.9991E-05 0.449608
0.029045 0.261199 0.179461 0.0252503 0.505045
0.162026 0.0915605 0.215746 9.9991E-05 0.530567
9.9982E-05 0.2088 0.210603 9.9982E-05 0.580397
0.0821433 0.0241879 0.212188 0.0497301 0.63175
0.130108 0.21341 0.0611034 0.0567443 0.538634
0.0401568 0.201219 0.0249593 0.104798 0.628868
0.114018 9.9982E-05 9.9982E-05 0.810499 0.0752832
0.0287612 9.9991E-05 0.0573588 0.849644 0.0641357
9.9991E-05 0.0736565 0.0690021 0.77969 0.0775518
0.0680898 0.091356 0.0290465 0.811408 9.9991E-05
9.9982E-05 0.0116743 9.9982E-05 0.864249 0.123877
0.146886 0.61416 0.0892133 9.9991E-05 0.14964
0.122113 0.206779 0.14129 0.0919536 0.437864
0.171672 9.9991E-05 0.11097 0.300961 0.416297
0.0471727 0.188133 9.9991E-05 0.0737066 0.690888
0.0187181 0.273216 0.0562706 0.0302637 0.621531
0.143794 0.40478 0.234475 0.00568001 0.21127
9.9991E-05 0.589961 0.199166 0.148478 0.0622949
0.0779525 0.362697 0.0251806 0.0539609 0.480209
0.0956434 0.615208 0.103147 0.036443 0.149559
0.087819 0.19248 0.292637 0.0080707 0.418994
0.0956775 0.507081 0.136062 0.116288 0.144892
0.110103 0.259061 9.9991E-05 0.0901601 0.540577
0.0445516 0.60631 0.071211 0.0804709 0.197457
0.146088 0.289611 0.221046 0.0300128 0.313242
0.0530495 0.152391 0.254852 0.0437089 0.495999
9.9991E-05 0.182937 0.345916 0.0947312 0.376315
9.9991E-05 0.0460728 0.163851 0.134274 0.655702
0.0954921 0.102026 0.101043 0.114598 0.586841
9.9991E-05 0.136022 0.392059 0.06878 0.403039
0.100351 0.170012 0.186351 0.0196106 0.523675
9.9982E-05 9.9982E-05 0.235347 0.15629 0.608163
9.9982E-05 0.110232 0.688743 9.9982E-05 0.200825
9.9982E-05 9.9982E-05 0.597983 0.0718528 0.329965
9.9991E-05 0.129729 0.200864 0.0544853 0.614822
9.9991E-05 0.11472 0.594711 0.0667486 0.223721
9.9982E-05 0.0959083 0.319412 9.9982E-05 0.584479
0.0448512 0.630342 0.141966 9.9991E-05 0.18274
0.101068 0.373312 0.272453 9.9991E-05 0.253067
0.0833174 0.463836 0.0448932 0.00878888 0.399164
0.0691448 0.257693 9.9982E-05 9.9982E-05 0.672962
9.9982E-05 0.583228 0.0544993 9.9982E-05 0.362073
0.082077 0.192707 0.162767 0.0732671 0.489181
0.0881279 0.246195 0.053832 0.0314631 0.580382
0.0897591 0.354385 0.111329 0.00229452 0.442233
0.0815886 0.328839 0.0426757 9.9991E-05 0.546797
0.0694035 0.336641 0.122587 0.00966848 0.4617
0.0627196 0.620512 0.045733 9.9991E-05 0.270936
0.152268 0.411344 0.1329 9.9991E-05 0.303387
0.0808209 0.296454 9.9982E-05 9.9982E-05 0.622525
0.0593932 0.0818306 0.140973 0.116793 0.601011
0.0449094 0.268947 0.14449 0.0833654 0.458288
0.165653 0.29729 0.0476786 9.9991E-05 0.489278
0.0164054 0.432449 0.000358691 0.0724388 0.478349
0.0249071 0.192787 0.00223156 0.0174566 0.762617
0.13088 0.258371 0.057011 9.9991E-05 0.553638
0.0779418 0.159379 0.0387761 0.131566 0.592337
0.0675681 9.9982E-05 9.9982E-05 0.436284 0.495948
0.183751 0.0311506 0.160561 0.163782 0.460756
0.228219 9.9991E-05 0.0837331 0.146025 0.541924
0.0783169 0.0868191 0.114198 0.095837 0.624829
0.235897 0.0156454 0.124606 0.183808 0.440044
0.100054 0.181005 0.230877 9.9991E-05 0.487965
0.0921156 0.0934045 0.0220916 0.175648 0.61674
0.225109 0.0415616 0.453644 0.279585 9.9991E-05
0.27186 0.157221 9.9991E-05 0.0998239 0.470995
0.153028 0.0946975 0.0635818 0.144576 0.544117
0.31905 9.9991E-05 0.14645 0.069948 0.464452
0.143738 0.141535 0.186086 0.190347 0.338294
0.172514 9.9991E-05 0.145009 0.154643 0.527734
0.259006 9.9991E-05 0.120437 0.125353 0.495103
0.191504 9.9982E-05 0.327383 0.480913 9.9982E-05
0.293217 0.0444036 0.0601227 0.123907 0.478349
0.160745 9.9991E-05 0.0567447 0.181619 0.600791
0.206382 0.0677697 0.144298 0.0912027 0.490348
0.194944 9.9991E-05 0.0514559 0.23638 0.517119
0.158582 0.0476592 0.146075 0.114295 0.53339
0.113056 0.0259285 0.402554 0.0592943 0.399167
0.0907048 0.134827 0.166881 0.110526 0.497061
9.9982E-05 0.114545 0.750679 9.9982E-05 0.134576
9.9991E-05 0.0335188 0.815297 0.0322456 0.118838
0.126181 0.0453236 0.278808 0.0897601 0.459928
0.347024 9.9991E-05 0.156895 0.125322 0.370659
0.375223 9.9991E-05 0.1613 0.142943 0.320434
0.349027 0.0247546 0.224212 0.215631 0.186375
0.328407 9.9991E-05 0.145922 0.211228 0.314343
0.146007 0.0197959 0.697464 0.123433 0.0133006
0.193617 9.9991E-05 0.603465 0.091637 0.111181
0.129589 0.0140589 0.262186 0.0264447 0.567721
0.239295 0.0324624 0.294325 0.0428073 0.39111
0.164619 0.0177697 0.47055 0.0814309 0.26563
0.133104 0.0725913 0.268328 0.0468253 0.479152
0.186727 0.03609 0.242588 0.0502174 0.484377
0.228983 9.9991E-05 0.177188 0.0670145 0.526715
9.9982E-05 0.0998292 0.471673 9.9982E-05 0.428298
0.0783277 0.119958 0.388027 9.9991E-05 0.413587
0.0800521 0.109389 0.207904 0.0570381 0.545616
0.0937362 0.202633 0.316026 0.0250621 0.362542
0.166982 0.0944316 0.174875 0.152776 0.410935
9.9991E-05 0.0099181 0.387123 0.0273815 0.575478
0.0427896 0.0669461 0.623365 9.9991E-05 0.2668
0.0304818 9.9991E-05 0.323486 0.0570743 0.588858
0.138262 0.0845213 0.137518 0.0854927 0.554206
0.0479971 0.0315076 0.631646 9.9991E-05 0.28875
0.122823 0.0337549 0.446151 9.9991E-05 0.397171
0.0670123 0.0790032 0.190441 0.0416077 0.621936
0.0792236 9.9991E-05 0.317484 0.0330318 0.570161
0.180456 0.102013 0.0455814 0.184603 0.487346
0.148658 0.0923172 0.189784 0.151133 0.418108
0.347336 0.0871765 0.127553 0.161354 0.27658
0.204295 0.0561659 0.164197 0.199013 0.376328
0.131453 0.161243 0.103294 0.115605 0.488405
0.16622 0.0120655 0.107821 0.253898 0.459995
0.233928 0.0416273 0.549363 0.174981 9.9991E-05
0.148665 0.0773477 9.9991E-05 0.152591 0.621296
0.170402 9.9982E-05 0.398323 0.431075 9.9982E-05
0.261039 9.9991E-05 0.180744 0.0977735 0.460344
9.9973E-05 9.9973E-05 0.847615 9.9973E-05 0.152085
0.0182635 0.0362608 0.883649 0.00144834 0.0603786
0.0128903 0.0304943 0.407452 9.9991E-05 0.549063
0.0207442 9.9991E-05 0.240735 0.071997 0.666424
9.9982E-05 0.012099 0.484174 9.9982E-05 0.503527
0.0512981 9.9982E-05 0.399996 9.9982E-05 0.548506
0.0185501 9.9982E-05 0.412373 9.9982E-05 0.568877
0.0631194 9.9991E-05 0.0393481 0.811916 0.0855164
0.122561 0.148404 9.9982E-05 0.728834 9.9982E-05
0.0884409 0.0600161 9.9982E-05 0.851343 9.9982E-05
9.9973E-05 9.9973E-05 9.9973E-05 0.962071 0.0376294
9.9991E-05 0.00290158 0.229475 0.130827 0.636696
9.9982E-05 9.9982E-05 0.302377 0.0819809 0.615442
9.9982E-05 0.0435562 0.363673 9.9982E-05 0.592571
9.9991E-05 0.112962 0.137307 0.150104 0.599527
0.0351 0.162446 0.0872859 0.11507 0.600098
9.9991E-05 0.153059 0.405016 0.00974251 0.432082
0.0426812 0.0546652 0.215139 0.0235217 0.663993
9.9982E-05 9.9982E-05 0.515758 0.00998849 0.474053
0.190517 0.104148 0.00618559 0.272899 0.426251
0.103368 0.0477273 0.335805 9.9991E-05 0.513
9.9982E-05 0.182694 0.388347 9.9982E-05 0.428759
9.9982E-05 0.0311817 0.263412 9.9982E-05 0.705206
9.9982E-05 0.0841617 0.281765 9.9982E-05 0.633873
9.9973E-05 9.9973E-05 0.275333 9.9973E-05 0.724367
9.9991E-05 0.0279502 0.148701 0.126004 0.697245
9.9973E-05 9.9973E-05 0.732029 9.9973E-05 0.267671
0.101558 9.9982E-05 0.622536 9.9982E-05 0.275706
9.9982E-05 0.0995795 0.450252 9.9982E-05 0.449969
9.9973E-05 9.9973E-05 0.954511 9.9973E-05 0.0451889
0.0185405 0.127645 0.240306 0.0258709 0.587637
0.0105699 0.013149 0.735031 0.00654106 0.234709
9.9982E-05 9.9982E-05 0.979551 0.0155612 0.004688
0.00994222 0.0437177 0.187178 0.0528002 0.706362
9.9991E-05 0.164336 0.438856 0.0294247 0.367283
0.0398652 0.182458 0.220905 9.9991E-05 0.556671
0.0819847 0.0101784 0.175965 0.0675636 0.664308
9.9982E-05 0.138762 0.194043 9.9982E-05 0.666996
0.079622 0.258632 0.288304 9.9991E-05 0.373342
9.9991E-05 0.0623342 0.243069 0.0139151 0.680582
9.9991E-05 0.118649 0.229098 0.0396092 0.612544
9.9973E-05 9.9973E-05 0.536685 9.9973E-05 0.463015
0.0222571 0.0069844 0.249018 0.0692419 0.652498
0.0126509 0.308159 0.0570564 0.622034 9.9991E-05
9.9991E-05 0.149344 0.0462907 0.769342 0.0349236
9.9982E-05 0.119699 0.0366948 0.843407 9.9982E-05
9.9982E-05 0.148342 0.0332609 0.818197 9.9982E-05
9.9982E-05 0.214913 9.9982E-05 0.748352 0.0365353
9.9982E-05 0.236346 0.441746 9.9982E-05 0.321709
9.9991E-05 0.218036 0.482966 0.0278488 0.271049
9.9973E-05 9.9973E-05 0.707771 9.9973E-05 0.29193
0.150614 0.032454 0.146029 0.101635 0.569269
0.000415 0.146854 0.0952308 0.139214 0.618286
0.0195879 9.9991E-05 0.542784 0.0421345 0.395394
0.118903 9.9991E-05 0.247789 0.0206173 0.61259
9.9982E-05 9.9982E-05 0.385892 0.0915645 0.522343
0.0251651 0.0617037 0.243237 0.0379663 0.631928
0.0312351 0.098532 0.165331 0.0405327 0.664369
9.9982E-05 0.173746 0.453052 9.9982E-05 0.373002
9.9982E-05 0.0722999 0.407335 9.9982E-05 0.520165
9.9982E-05 0.20866 0.259406 9.9982E-05 0.531735
9.9991E-05 0.0883322 0.104478 0.177756 0.629335
9.9991E-05 0.105286 0.298217 0.0274249 0.568972
0.0345239 0.0586694 0.330038 0.0487397 0.528029
0.412728 0.0215976 0.0661738 0.111382 0.388118
0.4828 9.9982E-05 9.9982E-05 0.179301 0.337699
0.541155 0.0318815 0.0167892 0.105038 0.305136
0.500447 0.0151041 0.0108441 0.186478 0.287127
0.399098 0.0907 0.0082361 0.0903462 0.41162
0.0357036 9.9991E-05 0.390505 0.0454282 0.528263
0.674192 9.9991E-05 0.0179427 0.269863 0.0379022
0.535117 9.9982E-05 9.9982E-05 0.197936 0.266748
0.180807 9.9991E-05 0.212776 0.209527 0.39679
0.0339968 0.0737498 0.0642535 0.168259 0.659741
0.0842302 0.112194 0.266464 0.109491 0.427622
0.135875 0.105373 0.0476429 0.113977 0.597132
9.9991E-05 0.0674547 0.119619 0.102726 0.7101
0.549203 9.9982E-05 9.9982E-05 0.203721 0.246876
0.456532 0.129581 0.00942927 0.178538 0.22592
0.593955 9.9982E-05 9.9982E-05 0.0632645 0.342581
0.371084 0.0928767 0.0154689 0.0901154 0.430455
0.517952 0.022822 9.9991E-05 0.18424 0.274885
0.35943 0.0177418 0.0238255 0.144753 0.45425
0.54238 0.0626584 0.0175418 0.120354 0.257066
0.413933 0.0586566 0.0752204 0.0437581 0.408432
0.0664247 0.013955 0.285244 0.0613573 0.573019
0.441465 0.111797 0.0376697 0.153324 0.255744
0.661352 9.9982E-05 9.9982E-05 0.178604 0.159844
0.48226 0.10931 0.119036 0.0900156 0.199378
9.9991E-05 0.23626 0.28567 0.219864 0.258107
0.192409 0.0793575 0.176456 0.00711942 0.544658
0.309599 0.110667 0.00416964 0.146249 0.429316
9.9982E-05 0.180011 9.9982E-05 0.165646 0.654143
0.0613391 0.0992921 0.117361 0.184368 0.53764
0.291006 0.106171 0.142894 0.150557 0.309372
0.353891 0.0118509 0.121524 0.224755 0.287979
0.134337 0.0278029 0.117071 0.0992371 0.621552
0.392167 9.9991E-05 0.019873 0.188152 0.399708
0.475468 9.9982E-05 9.9982E-05 0.148943 0.375389
0.59104 9.9991E-05 0.0377331 0.2258 0.145327
9.9991E-05 0.0445852 0.0755835 0.18353 0.696202
9.9991E-05 0.178244 0.164674 0.100099 0.556883
0.0391208 9.9991E-05 0.527102 0.19689 0.236786
0.0345464 0.0343143 0.182167 0.149674 0.599298
0.0750553 0.230798 0.219557 0.110487 0.364103
0.164152 9.9991E-05 0.186968 0.183273 0.465506
0.171655 0.0798787 0.1982 0.128999 0.421267
0.22519 9.9982E-05 0.418224 0.356386 9.9982E-05
0.179788 9.9982E-05 0.44974 0.370272 9.9982E-05
0.165442 9.9991E-05 0.302094 0.213434 0.31893
0.244618 9.9982E-05 0.385664 0.369518 9.9982E-05
0.266904 9.9982E-05 0.245685 0.487211 9.9982E-05
0.159191 9.9991E-05 0.311637 0.162947 0.366124
0.167012 9.9991E-05 0.229671 0.204651 0.398566
0.263325 0.0296268 0.345025 0.29973 0.0622931
0.150771 9.9991E-05 0.319974 0.382607 0.146548
0.133134 0.000850591 0.164418 0.161276 0.540321
0.162196 9.9991E-05 0.423839 0.29336 0.120505
0.0490678 9.9982E-05 0.382443 0.568289 9.9982E-05
0.218427 0.0815477 0.0773512 0.177284 0.44539
0.263513 0.0588177 0.182447 0.196076 0.299146
0.213133 9.9991E-05 0.046418 0.370451 0.369898
0.228139 9.9982E-05 9.9982E-05 0.176114 0.595548
0.220267 0.0436137 0.145164 0.185255 0.4057
0.30409 0.0545401 0.054642 0.105678 0.481049
0.230406 0.0503306 9.9991E-05 0.174379 0.544784
0.218642 0.0406077 9.9991E-05 0.373802 0.366848
0.151431 0.0776599 0.0672785 0.186341 0.517289
0.239121 9.9982E-05 9.9982E-05 0.287118 0.47356
0.285924 0.0120836 0.139829 0.251724 0.310439
0.171696 0.13152 0.22634 0.157984 0.312461
0.191829 0.179923 0.0249726 0.168608 0.434667
0.132887 0.0719 0.071771 0.162859 0.560584
0.089891 0.0253147 0.0653118 0.159375 0.660108
0.369845 0.0741531 9.9991E-05 0.229677 0.326225
0.177783 9.9991E-05 0.0379989 0.284505 0.499614
0.210546 9.9991E-05 0.252026 0.410002 0.127326
0.252303 0.0722588 9.9991E-05 0.182938 0.492401
0.362345 9.9991E-05 0.212004 0.298193 0.127358
9.9982E-05 0.0985232 0.0861158 0.815161 9.9982E-05
9.9982E-05 0.771338 9.9982E-05 0.102104 0.126358
9.9973E-05 0.964444 9.9973E-05 0.0352559 9.9973E-05
9.9973E-05 0.981325 9.9973E-05 0.0183747 9.9973E-05
9.9973E-05 0.940682 9.9973E-05 9.9973E-05 0.0590178
0.0717382 0.911546 9.9991E-05 0.013468 0.00314773
9.9973E-05 0.870777 9.9973E-05 9.9973E-05 0.128924
9.9973E-05 0.983722 9.9973E-05 0.015978 9.9973E-05
9.9973E-05 0.808793 9.9973E-05 0.190907 9.9973E-05
0.00600547 0.0688773 9.9991E-05 0.892468 0.0325493
9.9982E-05 0.113598 9.9982E-05 0.851799 0.0344037
0.0239953 0.00653289 9.9991E-05 0.908284 0.0610881
9.9991E-05 0.136733 0.0101814 0.820161 0.0328244
0.0556893 0.0230091 9.9991E-05 0.899642 0.02156
0.00757531 0.0410068 0.0289549 0.922363 9.9991E-05
0.161366 0.115524 9.9991E-05 0.705183 0.0178268
0.0323459 9.9982E-05 9.9982E-05 0.916328 0.051126
0.0573998 0.11231 9.99926E-05 0.733888 0.0963018
0.0307552 9.9982E-05 9.9982E-05 0.904741 0.0643043
9.9973E-05 0.0125089 9.9973E-05 0.987191 9.9973E-05
0.0498402 0.0489732 9.9991E-05 0.855606 0.0454809
9.9973E-05 0.0281533 9.9973E-05 0.971547 9.9973E-05
0.00967548 9.9982E-05 9.9982E-05 0.95266 0.0374643
0.025562 9.9982E-05 9.9982E-05 0.878243 0.0959952
9.9973E-05 9.9973E-05 9.9973E-05 0.898873 0.100827
0.144927 9.9982E-05 9.9982E-05 0.800419 0.0544538
0.0571382 9.9982E-05 9.9982E-05 0.819113 0.123549
0.054304 9.9982E-05 9.9982E-05 0.843302 0.102195
0.0234776 0.0897496 0.183259 0.189853 0.51366
9.9982E-05 9.9982E-05 0.120396 0.103648 0.775756
0.117687 0.122953 0.034198 0.0746936 0.650468
0.0470517 9.9991E-05 0.683143 0.12454 0.145165
0.00125541 0.163893 0.0576213 0.194958 0.582272
0.0148753 0.0249694 0.560572 0.25391 0.145673
9.9991E-05 0.010277 0.160714 0.0949297 0.733979
9.9991E-05 0.147765 0.323092 0.0613244 0.467718
9.9991E-05 0.16184 0.0910439 0.118265 0.628751
0.0401063 0.0735119 0.248544 0.0418033 0.596034
0.0195812 0.144043 0.193711 0.0868283 0.555837
0.0648679 9.9991E-05 0.225621 0.100186 0.609225
0.0592376 0.225604 0.0543336 0.0967025 0.564123
0.0764272 0.512591 0.345418 9.9991E-05 0.0654639
9.9982E-05 0.0953545 0.786873 0.117573 9.9982E-05
0.0900785 0.0549026 0.555222 0.128365 0.171431
0.0206408 0.0362011 0.083672 0.157165 0.702321
9.9991E-05 0.0604263 0.166934 0.191614 0.580925
9.9982E-05 9.9982E-05 0.277419 0.169237 0.553145
0.0579124 0.0937071 0.0807234 0.122389 0.645268
0.13187 9.9991E-05 0.0213303 0.192215 0.654485
0.174207 0.0220902 9.9991E-05 0.237386 0.566216
0.170095 0.177436 0.0884922 0.435526 0.128451
0.0326979 0.0958793 0.100634 0.115609 0.655179
0.152779 0.148929 0.0360944 0.221433 0.440765
0.208641 9.9982E-05 0.396355 0.394804 9.9982E-05
0.234053 9.9991E-05 0.19524 0.287898 0.282709
0.242412 0.0294221 0.0729765 0.345306 0.309883
0.102338 0.0756392 9.9991E-05 0.342039 0.479884
0.244674 0.0293703 0.116924 0.0957999 0.513231
0.198813 0.0748822 9.9991E-05 0.225023 0.501182
0.135416 0.00505883 0.0214162 0.220778 0.61733
0.207113 9.9991E-05 0.161941 0.239795 0.391051
0.166648 0.0402782 0.054493 0.423735 0.314845
