9.9964E-05 0.0095656 0.0334558 0.0151589 0.160918 0.0611969 9.9964E-05 9.9964E-05 9.9964E-05 0.719305
9.9955E-05 9.9955E-05 9.9955E-05 9.9955E-05 0.084345 0.0424308 0.0284588 9.9955E-05 0.0257443 0.818521
0.0992176 0.0057568 9.9973E-05 0.0411361 0.0407419 0.0622165 9.9973E-05 0.0738975 9.9973E-05 0.676734
9.9964E-05 9.9964E-05 9.9964E-05 0.017415 0.184981 0.0195512 0.0360874 0.0647828 9.9964E-05 0.676782
9.9964E-05 9.9964E-05 9.9964E-05 0.00807944 0.194945 9.9964E-05 0.00523656 0.0620317 0.00410858 0.725199
9.9937E-05 0.0558764 9.9937E-05 9.9937E-05 0.897151 9.9937E-05 9.9937E-05 0.0462728 9.9937E-05 9.9937E-05
9.99201E-05 9.99201E-05 9.99201E-05 9.99201E-05 0.999101 9.99201E-05 9.99201E-05 9.99201E-05 9.99201E-05 9.99201E-05
9.9928E-05 9.9928E-05 0.0298443 9.9928E-05 0.969356 9.9928E-05 9.9928E-05 9.9928E-05 9.9928E-05 9.9928E-05
0.0232947 0.0212965 0.033378 9.99729E-05 0.131482 0.00540187 0.0742978 9.99729E-05 9.99729E-05 0.71055
9.9937E-05 0.00354358 9.9937E-05 9.9937E-05 0.925997 9.9937E-05 9.9937E-05 0.0697597 9.9937E-05 9.9937E-05
9.9946E-05 9.9946E-05 9.9946E-05 0.000685082 0.894053 9.9946E-05 0.040418 9.9946E-05 9.9946E-05 0.0642439
9.9946E-05 0.0279558 0.00931839 0.945063 0.0170627 9.9946E-05 9.9946E-05 9.9946E-05 9.9946E-05 9.9946E-05
0.109203 9.9946E-05 9.9946E-05 0.87335 9.9946E-05 9.9946E-05 0.00428021 0.0125674 9.9946E-05 9.9946E-05
9.9964E-05 0.00617212 9.9964E-05 0.796134 0.00544823 0.0120739 9.9964E-05 0.0706071 9.9964E-05 0.109164
0.0288396 9.9946E-05 9.9946E-05 0.807805 0.0986425 9.9946E-05 0.0641137 9.9946E-05 9.9946E-05 9.9946E-05
0.0125116 0.0165073 9.9955E-05 0.859236 0.0255201 9.9955E-05 9.9955E-05 0.0857249 9.9955E-05 9.9955E-05
9.9955E-05 9.9955E-05 9.9955E-05 0.947993 0.000116797 0.0446909 9.9955E-05 0.000877559 9.9955E-05 0.00582212
9.9946E-05 9.9946E-05 9.9946E-05 0.912535 0.00169148 0.0064098 9.9946E-05 0.0787637 9.9946E-05 9.9946E-05
0.0750766 9.9937E-05 0.0644719 0.859752 9.9937E-05 9.9937E-05 9.9937E-05 9.9937E-05 9.9937E-05 9.9937E-05
9.99201E-05 9.99201E-05 9.99201E-05 9.99201E-05 9.99201E-05 0.999101 9.99201E-05 9.99201E-05 9.99201E-05 9.99201E-05
9.99201E-05 9.99201E-05 9.99201E-05 9.99201E-05 9.99201E-05 0.999101 9.99201E-05 9.99201E-05 9.99201E-05 9.99201E-05
0.0335697 0.00980096 9.9973E-05 0.0253527 9.9973E-05 0.337944 9.9973E-05 0.0377528 0.0512678 0.504012
0.0156572 0.0777761 9.9973E-05 9.9973E-05 0.0820411 0.283112 0.00455981 0.088483 9.9973E-05 0.44807
0.0109625 9.9982E-05 0.0494771 0.672379 0.037326 0.0472076 0.140033 9.9982E-05 0.0348862 0.00752877
9.9973E-05 0.583295 0.0144121 0.26709 0.038594 0.0383394 0.0262167 9.9973E-05 9.9973E-05 0.0317525
9.9964E-05 0.563402 9.9964E-05 0.106087 0.0222235 9.9964E-05 0.043529 0.108087 0.156271 9.9964E-05
0.107004 0.70853 9.9964E-05 9.9964E-05 0.00410344 9.9964E-05 0.0280561 9.9964E-05 0.0859161 0.0659906
9.997E-05 0.266571 0.0654485 0.347039 0.0307405 0.0446271 0.152937 9.997E-05 0.0923373 9.997E-05
0.162725 0.23508 0.0524626 0.225992 0.0431477 9.9964E-05 9.9964E-05 9.9964E-05 0.280193 9.9964E-05
0.028795 0.144394 0.0455973 0.442007 9.9982E-05 9.9982E-05 0.129882 0.00399423 0.0939431 0.111188
0.113072 0.0559935 0.132536 0.476025 0.0120541 0.00943057 9.9982E-05 9.9982E-05 0.0505766 0.150112
0.0523843 0.13993 0.119405 0.578429 0.0559362 0.0343318 0.0192828 9.9973E-05 9.9973E-05 9.9973E-05
0.0472912 0.0760893 0.0356114 0.508949 0.113327 0.00727761 0.00483989 0.0674387 0.139076 9.9991E-05
0.0406799 0.221197 0.0312393 0.484151 9.9973E-05 0.072112 0.0707068 9.9973E-05 0.0796143 9.9973E-05
9.9946E-05 0.68511 9.9946E-05 0.242502 9.9946E-05 0.0177045 9.9946E-05 0.054084 9.9946E-05 9.9946E-05
0.051986 0.947215 9.9928E-05 9.9928E-05 9.9928E-05 9.9928E-05 9.9928E-05 9.9928E-05 9.9928E-05 9.9928E-05
9.9946E-05 0.88305 0.00673822 0.0721051 9.9946E-05 9.9946E-05 9.9946E-05 9.9946E-05 9.9946E-05 0.0375071
9.9946E-05 0.854415 0.0202294 9.9946E-05 9.9946E-05 9.9946E-05 9.9946E-05 0.0967214 9.9946E-05 0.0280342
9.9964E-05 0.497642 0.0690002 0.253001 9.9964E-05 9.9964E-05 0.0692139 0.096848 9.9964E-05 0.013895
9.9973E-05 0.543874 0.0605957 0.14588 0.0161437 0.0578847 0.107241 0.0680809 9.9973E-05 9.9973E-05
0.110196 0.769781 9.9955E-05 9.9955E-05 9.9955E-05 9.9955E-05 0.0444281 9.9955E-05 0.0641803 0.0109154
9.9955E-05 9.9955E-05 9.9955E-05 0.122365 0.134041 0.048091 9.9955E-05 0.0439584 9.9955E-05 0.651045
9.9955E-05 9.9955E-05 9.9955E-05 9.9955E-05 0.114695 0.0717166 0.00919738 0.0249603 9.9955E-05 0.778931
9.9955E-05 0.015278 9.9955E-05 0.037273 9.9955E-05 0.0705258 9.9955E-05 0.0390534 9.9955E-05 0.83737
0.0301179 0.00524996 9.9964E-05 9.9964E-05 0.013932 0.0804536 9.9964E-05 0.0164428 9.9964E-05 0.853404
0.0247701 9.9973E-05 0.0242975 0.00993846 0.0843449 0.0917108 9.9973E-05 0.0587539 9.9973E-05 0.705884
0.00732497 9.9964E-05 0.040527 9.9964E-05 0.0631319 0.0908492 9.9964E-05 0.0591392 9.9964E-05 0.738628
9.9955E-05 9.9955E-05 9.9955E-05 0.0563405 0.154705 0.0502529 9.9955E-05 9.9955E-05 0.000104627 0.738097
9.995E-05 0.730637 9.995E-05 0.17274 0.0868834 9.995E-05 0.001585 9.995E-05 9.995E-05 0.0076549
9.9955E-05 0.656819 0.0834922 0.191724 9.9955E-05 0.0135281 9.9955E-05 9.9955E-05 9.9955E-05 0.0539371
9.9973E-05 0.61711 0.0384173 0.0888798 0.00216179 0.0254997 9.9973E-05 0.166108 0.0615234 9.9973E-05
0.126229 0.074671 9.9982E-05 0.456286 0.0769216 9.9982E-05 0.0741943 0.0136024 0.168091 0.00980479
9.9982E-05 0.172718 0.00210707 0.394605 9.9982E-05 0.0119994 0.162939 0.0735814 0.116395 0.0654551
0.125942 0.0969612 0.135716 0.287193 9.9991E-05 0.00806342 0.0646087 0.0253103 0.237698 0.0184074
0.152652 0.299269 0.12027 0.103656 9.9973E-05 9.9973E-05 0.109575 0.0146815 0.199596 9.9973E-05
9.9973E-05 0.115606 9.9973E-05 0.615907 9.9973E-05 0.0123929 0.0472754 0.00553305 0.144285 0.0587001
0.00998622 0.142973 0.0298204 0.623208 9.9973E-05 9.9973E-05 0.102 0.0445245 9.9973E-05 0.0471883
0.0544072 0.128662 0.0154059 0.396495 9.9991E-05 0.00491136 0.103678 0.0454771 0.2233 0.0275637
0.300764 0.162708 0.0906652 9.9973E-05 0.125748 9.9973E-05 0.0610249 9.9973E-05 0.253412 0.00537823
0.236416 0.162666 0.0623556 0.260093 0.0759182 0.0262583 9.9982E-05 0.0235573 0.152535 9.9982E-05
0.22888 0.135266 0.0387309 0.155905 0.0390114 0.021305 0.0857054 9.9982E-05 0.294996 9.9982E-05
0.0605908 0.300767 0.074671 0.115515 9.9991E-05 0.0332916 0.0374524 0.11774 0.223127 0.0367456
0.270608 0.259358 9.9982E-05 0.272387 0.00690714 0.00488251 9.9982E-05 0.0510621 0.0857677 0.0488273
0.126025 0.29448 0.0565897 0.361448 9.9964E-05 9.9964E-05 9.9964E-05 0.0398334 0.121224 9.9964E-05
0.206366 9.9973E-05 0.0464656 0.183951 9.9973E-05 0.0964817 9.9973E-05 0.286271 0.0231492 0.157015
0.561798 9.9946E-05 9.9946E-05 9.9946E-05 0.127451 9.9946E-05 9.9946E-05 0.0656154 9.9946E-05 0.244536
0.706344 9.9955E-05 9.9955E-05 9.9955E-05 0.0494517 0.0551625 9.9955E-05 0.0372796 9.9955E-05 0.151262
0.346469 9.9973E-05 0.0196769 0.0429763 0.0104325 0.0226242 9.9973E-05 0.30188 9.9973E-05 0.255641
0.130385 0.284113 9.9973E-05 0.160672 0.0631787 0.0189259 9.9973E-05 0.0635285 0.278896 9.9973E-05
0.203112 0.0944907 0.0191793 0.214213 9.9964E-05 9.9964E-05 9.9964E-05 0.0236566 0.444948 9.9964E-05
0.248741 0.122962 9.9955E-05 0.222497 0.0172569 9.9955E-05 9.9955E-05 9.9955E-05 0.388043 9.9955E-05
9.9946E-05 0.0122088 0.0410089 9.9946E-05 9.9946E-05 9.9946E-05 9.9946E-05 0.921183 9.9946E-05 0.0249996
9.9946E-05 0.00720498 9.9946E-05 9.9946E-05 9.9946E-05 9.9946E-05 0.0960967 0.893234 0.00286424 9.9946E-05
9.99201E-05 9.99201E-05 9.99201E-05 9.99201E-05 9.99201E-05 9.99201E-05 9.99201E-05 0.999101 9.99201E-05 9.99201E-05
9.9928E-05 9.9928E-05 9.9928E-05 9.9928E-05 9.9928E-05 9.9928E-05 0.0773218 0.921879 9.9928E-05 9.9928E-05
9.9937E-05 9.9937E-05 0.0147006 0.0547724 9.9937E-05 9.9937E-05 9.9937E-05 0.929827 9.9937E-05 9.9937E-05
9.99201E-05 9.99201E-05 9.99201E-05 9.99201E-05 9.99201E-05 9.99201E-05 9.99201E-05 0.999101 9.99201E-05 9.99201E-05
9.9928E-05 9.9928E-05 9.9928E-05 9.9928E-05 9.9928E-05 0.0146754 9.9928E-05 0.984525 9.9928E-05 9.9928E-05
9.9928E-05 9.9928E-05 9.9928E-05 9.9928E-05 9.9928E-05 0.0460081 9.9928E-05 0.953193 9.9928E-05 9.9928E-05
0.0111998 9.9946E-05 9.9946E-05 9.9946E-05 9.9946E-05 0.00129039 9.9946E-05 0.945567 0.041343 9.9946E-05
0.00414591 0.0224937 9.9955E-05 9.9955E-05 0.101864 9.9955E-05 9.9955E-05 0.824601 9.9955E-05 0.0463957
9.9928E-05 9.9928E-05 9.9928E-05 9.9928E-05 0.0326775 9.9928E-05 9.9928E-05 0.966523 9.9928E-05 9.9928E-05
9.9955E-05 9.9955E-05 0.0158061 9.9955E-05 0.0442559 9.9955E-05 9.9955E-05 0.862179 0.02305 0.0542094
0.502422 0.0895751 9.9964E-05 0.0887713 0.0558324 9.9964E-05 9.9964E-05 9.9964E-05 0.150279 0.11272
0.31427 0.0670061 0.0546602 0.0775459 0.0717768 0.125658 0.0400911 0.103785 0.108446 0.0367602
0.40276 0.0802394 9.9982E-05 0.188687 0.114192 0.0300187 9.9982E-05 0.106034 0.0478488 0.0300189
0.0391638 0.0675346 0.0270923 9.9964E-05 0.0128902 9.9964E-05 0.0469645 9.9964E-05 9.9964E-05 0.805955
9.9964E-05 9.9964E-05 9.9964E-05 0.000799283 9.9964E-05 0.0717477 0.0413321 0.0343844 0.0105883 0.840748
0.0304278 9.9946E-05 9.9946E-05 9.9946E-05 9.9946E-05 0.046866 0.0309202 9.9946E-05 9.9946E-05 0.891186
0.0882567 9.9955E-05 0.0288607 9.9955E-05 9.9955E-05 0.0176252 0.00606567 9.9955E-05 9.9955E-05 0.858692
0.125521 9.9973E-05 9.9973E-05 0.0128435 0.0405968 0.0758224 0.0166061 0.00208563 9.9973E-05 0.726225
0.0328557 9.9955E-05 9.9955E-05 9.9955E-05 0.049071 0.0391854 9.9955E-05 0.0732915 9.9955E-05 0.805097
9.996E-05 0.00811308 0.0100598 9.996E-05 0.129084 0.0256372 9.996E-05 0.101558 9.996E-05 0.725148
0.10202 9.9955E-05 9.9955E-05 9.9955E-05 0.116494 0.0501185 9.9955E-05 9.9955E-05 0.0369618 0.693905
0.0717948 0.024581 0.00174108 9.9982E-05 0.020129 0.0403219 0.0146418 0.0339508 9.9982E-05 0.79264
0.137666 9.9946E-05 9.9946E-05 9.9946E-05 9.9946E-05 9.9946E-05 0.032971 0.0560541 9.9946E-05 0.77271
9.997E-05 0.0528399 0.107597 0.193493 0.185574 0.0113196 0.0102471 9.997E-05 9.997E-05 0.43863
9.9964E-05 9.9964E-05 0.169242 0.128248 0.134494 0.00378606 0.100782 9.9964E-05 9.9964E-05 0.463049
0.0910136 0.0955601 0.0839609 0.0754645 0.0371078 0.00536252 0.131803 9.9991E-05 0.00660265 0.473025
9.9964E-05 0.101914 0.135011 0.206404 0.160178 9.9964E-05 0.0694741 9.9964E-05 9.9964E-05 0.326619
9.9964E-05 0.080459 0.0137552 0.577106 0.0412731 9.9964E-05 0.276818 9.9964E-05 0.0101889 9.9964E-05
9.9964E-05 0.671472 9.9964E-05 0.0223614 9.9964E-05 9.9964E-05 0.00549956 0.209557 0.0860474 0.00466253
9.9937E-05 0.707783 9.9937E-05 9.9937E-05 9.9937E-05 9.9937E-05 0.0384274 9.9937E-05 0.25309 9.9937E-05
0.0652972 0.631617 0.0418821 9.9973E-05 9.9973E-05 0.000687215 9.9973E-05 0.100782 0.104633 0.0548017
9.996E-05 0.613866 0.103208 0.149316 9.996E-05 9.996E-05 0.087281 0.0116515 9.996E-05 0.0342773
9.9964E-05 0.0190667 0.886032 9.9964E-05 0.0454895 0.0423894 0.00617467 9.9964E-05 9.9964E-05 0.000447431
9.99201E-05 9.99201E-05 0.999101 9.99201E-05 9.99201E-05 9.99201E-05 9.99201E-05 9.99201E-05 9.99201E-05 9.99201E-05
9.99201E-05 9.99201E-05 0.999101 9.99201E-05 9.99201E-05 9.99201E-05 9.99201E-05 9.99201E-05 9.99201E-05 9.99201E-05
9.9946E-05 9.9946E-05 0.927549 0.0445815 9.9946E-05 9.9946E-05 0.00753848 9.9946E-05 9.9946E-05 0.0197309
9.9964E-05 0.00530663 0.878692 0.0770173 9.9964E-05 0.0189973 0.0104194 0.00916762 9.9964E-05 9.9964E-05
9.9937E-05 9.9937E-05 0.897725 9.9937E-05 9.9937E-05 9.9937E-05 0.0307212 0.0708543 9.9937E-05 9.9937E-05
0.0506169 9.9973E-05 0.0120353 9.9973E-05 9.9973E-05 0.0791139 0.0044557 0.0463789 0.0206884 0.786411
0.0512011 9.9973E-05 0.00520967 0.083649 0.0305994 9.9973E-05 0.0334834 0.0147071 9.9973E-05 0.78085
0.0773986 9.996E-05 0.0639728 0.0442671 9.996E-05 0.0633046 9.996E-05 0.103855 9.996E-05 0.646803
9.9946E-05 9.9946E-05 9.9946E-05 0.174504 9.9946E-05 0.0558265 9.9946E-05 0.102873 9.9946E-05 0.666197
0.10058 9.9955E-05 9.9955E-05 0.0834206 0.0493447 9.9955E-05 9.9955E-05 0.09181 9.9955E-05 0.674345
9.9955E-05 0.0585896 0.122769 9.9955E-05 0.183621 9.9955E-05 0.343533 9.9955E-05 9.9955E-05 0.290988
9.9964E-05 0.0575015 0.158886 9.9964E-05 0.133099 9.9964E-05 0.180321 9.9964E-05 0.102304 0.367488
9.9982E-05 9.9982E-05 0.205464 0.0042412 0.152763 0.0157368 0.2261 0.00910035 0.0797233 0.306672
9.99201E-05 9.99201E-05 9.99201E-05 9.99201E-05 9.99201E-05 0.999101 9.99201E-05 9.99201E-05 9.99201E-05 9.99201E-05
9.9964E-05 0.0677029 0.259792 9.9964E-05 0.113273 0.0277982 0.290776 9.9964E-05 9.9964E-05 0.240258
0.244882 0.0255854 0.0510379 9.9982E-05 9.9982E-05 0.0185605 0.0462946 0.390263 0.115758 0.107418
0.441911 9.9964E-05 0.0014363 9.9964E-05 0.033366 9.9964E-05 9.9964E-05 0.24925 0.00405538 0.269581
0.0427447 0.225046 9.9973E-05 0.186523 9.9973E-05 9.9973E-05 0.174692 0.083548 0.281805 0.00534048
9.9973E-05 9.9973E-05 0.0624298 0.73192 0.0149141 0.0398954 0.0659021 9.9973E-05 0.0398421 0.0447967
9.9982E-05 0.259973 0.0434015 0.176547 9.9982E-05 0.00187555 0.0701172 0.134289 0.248792 0.0648046
0.0924548 0.237637 0.0174142 0.127244 9.996E-05 9.996E-05 0.0864054 9.996E-05 0.438446 9.996E-05
0.0408897 0.0279076 9.9973E-05 0.658648 9.9973E-05 0.0394808 0.0390993 9.9973E-05 0.163067 0.0306076
0.159253 0.295487 0.0170958 0.384452 9.995E-05 9.995E-05 9.995E-05 9.995E-05 0.143213 9.995E-05
0.0445547 0.103078 9.9964E-05 0.524427 9.9964E-05 9.9964E-05 0.035619 0.0517075 0.240214 9.9964E-05
9.9973E-05 0.123552 0.107868 0.364207 9.9973E-05 9.9973E-05 0.0290071 0.10155 0.20116 0.0723555
9.9946E-05 0.00782993 9.9946E-05 9.9946E-05 9.9946E-05 9.9946E-05 9.9946E-05 0.124108 0.0448562 0.822606
9.9946E-05 9.9946E-05 9.9946E-05 9.9946E-05 0.0632332 9.9946E-05 9.9946E-05 0.0956477 0.0643232 0.776196
9.9964E-05 0.0635408 9.9964E-05 9.9964E-05 0.00767055 9.9964E-05 0.0571961 0.0111516 0.0642313 0.79581
9.9973E-05 0.0146662 0.0360047 9.9973E-05 0.00228189 0.00708744 9.9973E-05 0.0452871 0.123987 0.770386
9.996E-05 9.996E-05 0.053245 0.00617678 9.996E-05 0.0168455 9.996E-05 0.0776087 0.0506727 0.795051
0.0182591 0.00193547 0.103558 0.717343 9.9973E-05 9.9973E-05 0.0996856 9.9973E-05 0.00645065 0.0524677
0.0901352 0.163382 0.092443 0.401165 9.997E-05 0.0696233 0.155624 9.997E-05 9.997E-05 0.0273272
9.998E-05 9.998E-05 0.0379942 0.471966 0.0392875 0.00226208 0.146923 0.0235652 0.165894 0.111908
0.0573973 9.998E-05 0.0701427 0.547712 0.0148028 0.0113327 0.044507 9.998E-05 0.174652 0.0792539
9.9973E-05 9.9973E-05 0.00812791 0.631482 0.0104742 9.9973E-05 0.154196 0.0182238 0.105816 0.0713798
0.0687317 0.128156 0.0456734 0.1997 9.998E-05 9.998E-05 0.113339 0.117062 0.26493 0.0622082
0.225328 0.250663 0.0421439 0.178153 9.997E-05 9.997E-05 0.0555004 0.0197408 0.22817 9.997E-05
0.306037 0.307408 0.0635994 9.9955E-05 9.9955E-05 9.9955E-05 0.0698606 9.9955E-05 0.252595 9.9955E-05
0.359497 0.14416 0.0780507 0.136457 9.995E-05 9.995E-05 9.995E-05 9.995E-05 0.281335 9.995E-05
0.198945 0.193666 0.0530257 0.144875 0.0313854 9.9973E-05 0.0324795 9.9973E-05 0.345323 9.9973E-05
0.100753 0.104255 0.0112061 0.604918 9.9982E-05 9.9982E-05 0.150822 0.00592031 0.0116248 0.0103012
0.103133 0.22757 9.9964E-05 0.196526 9.9964E-05 9.9964E-05 0.16568 0.0663852 0.240306 9.9964E-05
9.997E-05 0.0822917 0.0480106 0.584579 9.997E-05 0.0373105 0.107559 0.0350012 0.104948 9.997E-05
9.997E-05 0.163071 0.0383886 0.50257 9.997E-05 0.024381 0.14241 0.10611 0.0227692 9.997E-05
0.550587 0.153303 9.996E-05 0.110009 9.996E-05 9.996E-05 9.996E-05 0.0273862 0.0488514 0.109464
0.493345 0.0398188 9.9955E-05 9.9955E-05 9.9955E-05 0.0111151 9.9955E-05 0.122139 9.9955E-05 0.333083
9.9937E-05 9.9937E-05 0.0657953 0.0768251 9.9937E-05 9.9937E-05 9.9937E-05 9.9937E-05 0.85668 9.9937E-05
9.99459E-05 0.0603976 9.99459E-05 9.99459E-05 9.99459E-05 9.99459E-05 0.0337566 9.99459E-05 0.84869 0.0565561
0.08892 9.9973E-05 9.9973E-05 0.0586438 0.0314878 0.0489693 9.9973E-05 0.392915 0.317825 0.0609394
0.0263233 9.997E-05 9.997E-05 0.1727 0.0149504 0.0604056 9.997E-05 0.30438 0.28959 0.131351
0.14713 9.9955E-05 0.0467387 9.9955E-05 9.9955E-05 9.9955E-05 9.9955E-05 0.0991311 0.648021 0.0584794
0.0565346 0.0231486 9.997E-05 9.997E-05 9.997E-05 0.0347778 0.00574245 0.0624552 0.632031 0.185011
9.996E-05 9.996E-05 0.0817764 0.0860164 0.0787228 9.996E-05 9.996E-05 0.267429 0.480055 0.00560028
9.9937E-05 9.9937E-05 9.9937E-05 9.9937E-05 9.9937E-05 0.114899 9.9937E-05 0.113118 0.771283 9.9937E-05
9.9964E-05 9.9964E-05 0.0515015 0.159278 0.0160794 9.9964E-05 9.9964E-05 0.0350018 0.724687 0.0130525
9.996E-05 9.996E-05 0.0419199 0.125061 0.00336049 9.996E-05 9.996E-05 0.000473535 0.75013 0.0786558
0.0905289 9.996E-05 9.996E-05 9.996E-05 0.0886884 0.0538329 9.996E-05 0.0443966 0.603451 0.118702
0.168887 9.9964E-05 9.9964E-05 9.9964E-05 0.285723 0.00750452 9.9964E-05 0.059352 0.401228 0.0769065
9.9928E-05 0.0510121 9.9928E-05 9.9928E-05 9.9928E-05 9.9928E-05 9.9928E-05 9.9928E-05 0.948188 9.9928E-05
9.9937E-05 9.9937E-05 9.9937E-05 9.9937E-05 0.0219259 0.0164392 9.9937E-05 9.9937E-05 0.960935 9.9937E-05
9.9964E-05 0.0392355 9.9964E-05 0.143025 9.9964E-05 0.00445496 0.0208226 0.174838 0.617224 9.9964E-05
9.9955E-05 9.9955E-05 9.9955E-05 0.127693 9.9955E-05 0.0209641 9.9955E-05 0.0481453 0.789691 0.0130071
0.029281 9.999E-05 0.00678576 0.0350228 0.0795641 0.0598186 0.00388736 0.0567135 0.0924999 0.636327
0.080562 0.0122504 0.0131868 0.00758256 0.095218 0.0873018 0.031892 0.0523025 0.0552717 0.564432
9.9964E-05 9.9964E-05 0.0503609 9.9964E-05 0.00505349 0.0214072 0.00238867 0.0665029 9.9964E-05 0.853887
0.0112613 9.9955E-05 9.9955E-05 9.9955E-05 0.0697694 0.10345 9.9955E-05 9.9955E-05 0.01102 0.803999
9.9937E-05 0.930411 9.9937E-05 9.9937E-05 9.9937E-05 0.0243407 9.9937E-05 9.9937E-05 0.0445484 9.9937E-05
0.071265 0.564323 9.997E-05 0.182277 0.0198848 9.997E-05 9.997E-05 0.0336948 0.0905264 0.0377293
0.0292504 0.922496 9.9937E-05 9.9937E-05 9.9937E-05 9.9937E-05 9.9937E-05 9.9937E-05 0.0475538 9.9937E-05
0.169024 0.620081 9.9955E-05 9.9955E-05 9.9955E-05 9.9955E-05 0.0769369 9.9955E-05 0.130587 0.00287091
0.159755 0.839446 9.99281E-05 9.99281E-05 9.99281E-05 9.99281E-05 9.99281E-05 9.99281E-05 9.99281E-05 9.99281E-05
9.997E-05 0.528708 9.997E-05 0.339356 0.0311139 0.0147073 0.00213293 0.0381621 9.997E-05 0.0455204
9.9964E-05 0.684493 0.0503203 0.106925 9.9964E-05 0.0375692 9.9964E-05 0.112276 0.00801681 9.9964E-05
9.9973E-05 9.9973E-05 0.0142701 0.11096 9.9973E-05 0.0361286 0.17793 0.00158655 0.0514963 0.607329
0.00233408 0.0532663 0.0597137 0.0958153 9.9991E-05 0.0417107 0.0230245 0.045677 0.00487876 0.67348
0.0453522 0.00717152 0.0053036 9.9964E-05 9.9964E-05 0.151689 0.0989468 9.9964E-05 9.9964E-05 0.691137
9.9955E-05 9.9955E-05 0.065636 9.9955E-05 9.9955E-05 0.0792696 0.0592409 9.9955E-05 0.0659409 0.729413
0.0373729 0.0373214 0.0954603 0.071099 0.0127054 0.0646211 0.0599705 9.9982E-05 9.9982E-05 0.621249
9.9964E-05 0.574179 0.00142665 0.30008 0.0571654 9.9964E-05 0.00882338 9.9964E-05 9.9964E-05 0.0579258
9.9973E-05 0.678821 0.00467687 0.177382 0.0625369 0.0200494 0.0239235 9.9973E-05 9.9973E-05 0.03231
0.0017859 0.898246 9.9946E-05 9.9946E-05 9.9946E-05 9.9946E-05 9.9946E-05 0.0694669 0.0299014 9.9946E-05
9.998E-05 0.5451 0.0533303 0.171572 0.0289489 0.0045716 0.107586 0.0604325 0.0282592 9.998E-05
9.9955E-05 0.536473 0.0431984 0.332102 9.9955E-05 0.000215295 9.9955E-05 0.0875112 9.9955E-05 9.9955E-05
0.0228821 0.043521 9.9982E-05 9.9982E-05 0.149045 0.0386329 0.027143 0.543444 0.0025967 0.172535
0.135128 0.119665 0.127982 0.353502 0.199273 0.00986677 9.999E-05 0.0126171 0.041463 0.000403733
0.390344 0.132503 0.0531663 0.0474721 9.997E-05 0.0654517 9.997E-05 9.997E-05 0.274035 0.0367277
0.852556 9.9955E-05 0.0296148 0.00545497 9.9955E-05 9.9955E-05 9.9955E-05 0.057638 9.9955E-05 0.0542369
0.923464 9.9937E-05 9.9937E-05 9.9937E-05 9.9937E-05 0.0396992 0.0361368 9.9937E-05 9.9937E-05 9.9937E-05
0.691786 0.0423092 0.037703 0.0144647 0.0599666 0.0348671 9.9982E-05 0.0845086 9.9982E-05 0.0341949
0.643518 9.9937E-05 9.9937E-05 9.9937E-05 9.9937E-05 9.9937E-05 9.9937E-05 0.113364 9.9937E-05 0.242418
0.348638 0.0694704 0.0744292 0.0392936 0.0331124 0.022016 0.00444504 0.158448 0.0821177 0.168029
0.798787 9.9964E-05 9.9964E-05 0.0951783 9.9964E-05 0.0292377 0.0197075 0.0109065 9.9964E-05 0.0457828
0.592975 0.17073 9.9955E-05 0.144525 9.9955E-05 0.0906223 0.000648639 9.9955E-05 9.9955E-05 9.9955E-05
0.875771 9.9937E-05 9.9937E-05 9.9937E-05 9.9937E-05 0.0829693 9.9937E-05 9.9937E-05 9.9937E-05 0.0405604
0.286052 0.109202 9.9964E-05 9.9964E-05 0.0829463 9.9964E-05 9.9964E-05 0.255888 0.0322433 0.23327
0.228293 0.010139 9.9973E-05 0.0438405 0.0787527 9.9973E-05 9.9973E-05 0.369328 0.113213 0.156134
9.996E-05 0.0485103 0.0410017 9.996E-05 9.996E-05 0.0359703 0.0918122 9.996E-05 0.0445449 0.737761
9.9946E-05 9.9946E-05 0.000505036 0.0153952 0.0623769 9.9946E-05 0.921123 9.9946E-05 9.9946E-05 9.9946E-05
9.9928E-05 9.9928E-05 9.9928E-05 9.9928E-05 9.9928E-05 0.0144933 0.984707 9.9928E-05 9.9928E-05 9.9928E-05
0.00299633 9.9937E-05 9.9937E-05 9.9937E-05 9.9937E-05 9.9937E-05 0.991744 9.9937E-05 0.00456015 9.9937E-05
9.9928E-05 9.9928E-05 9.9928E-05 9.9928E-05 9.9928E-05 9.9928E-05 0.924885 0.0743152 9.9928E-05 9.9928E-05
9.9937E-05 9.9937E-05 0.0266685 9.9937E-05 9.9937E-05 0.0478524 0.92478 9.9937E-05 9.9937E-05 9.9937E-05
9.9964E-05 0.0119148 9.9964E-05 0.00577952 0.00644406 9.9964E-05 0.910263 9.9964E-05 0.0231158 0.0420833
9.9946E-05 9.9946E-05 9.9946E-05 9.9946E-05 0.0172468 0.0825427 0.770586 9.9946E-05 9.9946E-05 0.129025
0.0312103 0.00641006 9.9964E-05 0.0720871 9.9964E-05 0.016708 9.9964E-05 0.00528121 9.9964E-05 0.867903
0.000917463 9.997E-05 0.0413418 0.096158 0.140854 0.0578356 0.0239301 9.997E-05 9.997E-05 0.638664
9.9964E-05 0.000898986 0.0119032 9.9964E-05 0.104536 0.11145 9.9964E-05 0.0723674 9.9964E-05 0.698445
9.9946E-05 9.9946E-05 9.9946E-05 0.142305 9.9946E-05 0.0477777 9.9946E-05 9.9946E-05 0.0342955 0.775022
0.0117066 9.9955E-05 0.00471863 0.0770761 9.9955E-05 9.9955E-05 9.9955E-05 0.0315968 9.9955E-05 0.874402
0.04124 9.997E-05 0.0684168 9.997E-05 0.0451545 0.0112109 0.0520867 0.0284294 9.997E-05 0.753162
9.9964E-05 9.9964E-05 0.0460371 9.9964E-05 0.116131 0.0215978 9.9964E-05 0.0699087 0.0134511 0.732475
9.9973E-05 0.041205 0.01437 9.9973E-05 0.0583596 0.0219898 9.9973E-05 0.0688575 0.013 0.781918
9.9955E-05 9.9955E-05 0.00789404 0.0376823 9.9955E-05 0.047897 9.9955E-05 9.9955E-05 0.0138549 0.892172
9.9955E-05 9.9955E-05 9.9955E-05 9.9955E-05 0.0858346 0.0696367 9.9955E-05 0.0541858 0.0591418 0.730701
0.027995 9.9946E-05 0.0438669 9.9946E-05 0.0854854 9.9946E-05 9.9946E-05 9.9946E-05 9.9946E-05 0.842053
0.0204448 9.9964E-05 9.9964E-05 9.9964E-05 0.0755579 0.0581303 0.0310617 0.0360906 9.9964E-05 0.778315
9.9964E-05 0.0268356 9.9964E-05 9.9964E-05 0.0486822 0.0899761 0.0316645 0.0990327 9.9964E-05 0.703409
9.9946E-05 9.9946E-05 9.9946E-05 9.9946E-05 0.0495668 0.0947576 9.9946E-05 0.124543 9.9946E-05 0.730533
0.110069 9.9964E-05 0.0103067 9.9964E-05 0.0606066 0.00414995 9.9964E-05 0.166738 9.9964E-05 0.64773
9.9964E-05 9.9964E-05 0.0152403 0.0604223 0.0224442 0.0477179 9.9964E-05 0.0999906 9.9964E-05 0.753785
9.9955E-05 0.0256725 9.9955E-05 9.9955E-05 0.0209805 0.0520602 9.9955E-05 0.136537 9.9955E-05 0.76425
0.181507 0.309401 0.0251585 0.214986 9.998E-05 0.0150003 9.998E-05 0.0860687 0.0324217 0.135258
0.376509 0.281787 0.118745 9.9964E-05 0.0350009 9.9964E-05 9.9964E-05 0.0109404 0.176618 9.9964E-05
0.577134 0.107811 0.0113185 9.9964E-05 0.0226666 9.9964E-05 0.0313593 9.9964E-05 0.249311 9.9964E-05
0.0633527 0.168735 9.996E-05 0.124855 9.996E-05 9.996E-05 0.34506 0.0487048 0.248893 9.996E-05
0.289335 0.100102 0.190086 9.99538E-05 9.99538E-05 9.99538E-05 9.99538E-05 9.99538E-05 0.419877 9.99538E-05
0.498962 0.208942 0.053362 9.9955E-05 9.9955E-05 9.9955E-05 0.0802722 9.9955E-05 0.157962 9.9955E-05
0.162872 0.17938 9.998E-05 0.249398 0.0140457 0.00777543 9.998E-05 0.171616 0.159352 0.0553607
0.0635263 9.9964E-05 0.030612 0.310317 9.9964E-05 9.9964E-05 9.9964E-05 0.117366 0.0473389 0.43044
0.586721 9.9964E-05 0.00789594 9.9964E-05 9.9964E-05 0.0183872 9.9964E-05 0.127508 0.0695205 0.189568
0.0935062 0.125244 0.00692204 0.216084 0.082661 0.022211 9.998E-05 0.238164 9.998E-05 0.215008
0.129426 0.0624986 9.9973E-05 0.213895 9.9973E-05 0.0357936 9.9973E-05 0.162518 0.0341965 0.361372
