0.0187301 9.9964E-05 0.0988402 0.00614904 0.0696276 9.9964E-05 9.9964E-05 0.806253 9.9964E-05
9.9946E-05 0.0656178 9.9946E-05 0.00261209 9.9946E-05 9.9946E-05 9.9946E-05 0.93117 9.9946E-05
0.128378 9.9964E-05 0.0639586 9.9964E-05 0.0326883 9.9964E-05 0.0112617 0.763314 9.9964E-05
0.0352573 9.9964E-05 0.074536 9.9964E-05 0.0789975 9.9964E-05 9.9964E-05 0.751996 0.0588132
0.0391689 0.0293755 9.9955E-05 9.9955E-05 9.9955E-05 9.9955E-05 9.9955E-05 0.870201 0.0607553
9.9964E-05 9.9964E-05 0.0572298 9.9964E-05 0.0494437 0.245509 9.9964E-05 0.580712 0.066706
9.9946E-05 9.9946E-05 0.0561359 9.9946E-05 9.9946E-05 0.16635 9.9946E-05 0.776914 9.9946E-05
9.9964E-05 9.9964E-05 0.0453042 9.9964E-05 0.11015 0.171961 9.9964E-05 0.639935 0.0322497
9.99729E-05 0.0131537 0.0114063 0.0420777 0.0860589 9.99729E-05 0.0877585 0.759245 9.99729E-05
0.02795 0.0170231 0.0288762 9.9982E-05 0.00133349 0.198056 9.9982E-05 0.652505 0.0740562
9.9946E-05 9.9946E-05 9.9946E-05 9.9946E-05 0.0340051 0.236517 9.9946E-05 0.728878 9.9946E-05
0.285331 9.9982E-05 9.9982E-05 0.133864 0.436713 0.00376674 0.030195 0.00283656 0.107095
0.58962 9.9964E-05 0.0116571 0.036123 0.286035 9.9964E-05 0.0761657 9.9964E-05 9.9964E-05
0.260301 0.0765345 0.0175131 0.055521 0.446378 9.9973E-05 0.143453 9.9973E-05 9.9973E-05
0.413847 0.00835578 0.000420118 0.0454657 0.319264 9.9982E-05 0.144256 9.9982E-05 0.0681913
0.387291 0.0333159 9.9991E-05 0.0750727 0.190536 0.0412689 0.0409584 0.140232 0.0912251
0.640541 9.9964E-05 9.9964E-05 9.9964E-05 0.224289 9.9964E-05 0.119265 0.00552189 0.0099833
0.404251 9.9973E-05 9.9973E-05 0.211026 0.177861 0.0769948 0.0345815 9.9973E-05 0.0949857
0.362505 9.9982E-05 0.000507676 0.119495 0.23882 9.9982E-05 0.134129 0.0998212 0.0445226
0.0421311 9.9982E-05 0.0484218 0.0401324 0.61957 0.149264 0.0448413 9.9982E-05 0.0554402
0.466782 0.011506 0.0259726 0.0670251 0.340214 0.0320795 0.0319396 9.9991E-05 0.0243811
0.438993 0.0480065 0.000191267 0.0763681 0.167981 0.128865 0.139395 9.9982E-05 9.9982E-05
0.586147 0.00293979 0.00301987 0.00278813 0.198411 0.117732 0.00253074 0.058662 0.027769
0.278305 9.9991E-05 0.042065 0.210264 0.269424 0.0531802 0.0243805 0.0117038 0.110577
0.585518 0.0553101 0.0436636 9.9982E-05 0.0576973 0.118469 0.0041731 0.134969 9.9982E-05
0.496384 9.9973E-05 9.9973E-05 0.0764759 0.229044 0.0319571 0.123588 9.9973E-05 0.042251
0.292331 9.9982E-05 0.0376808 0.108883 0.471411 9.9982E-05 0.0211552 0.037126 0.031213
0.29968 9.9964E-05 0.00928544 9.9964E-05 0.417773 9.9964E-05 0.162538 9.9964E-05 0.110324
0.277477 0.100176 9.9982E-05 0.0677128 0.395826 0.0792601 0.0490609 0.0302881 9.9982E-05
9.993E-05 9.993E-05 0.999201 9.993E-05 9.993E-05 9.993E-05 9.993E-05 9.993E-05 9.993E-05
9.993E-05 9.993E-05 0.999201 9.993E-05 9.993E-05 9.993E-05 9.993E-05 9.993E-05 9.993E-05
0.0760996 9.9982E-05 0.368043 0.0436474 0.00784933 9.9982E-05 0.0117349 0.452249 0.0401769
0.0877491 9.9973E-05 0.303427 0.0613305 9.9973E-05 9.9973E-05 0.028311 0.481165 0.0377178
0.524941 0.11426 0.0313788 0.166424 0.0555353 0.0443493 9.9982E-05 0.0629119 9.9982E-05
0.440734 9.9964E-05 0.0366914 0.36212 0.0730637 9.9964E-05 9.9964E-05 9.9964E-05 0.0869914
0.535006 9.9973E-05 0.0197669 0.397809 9.9973E-05 0.0282961 9.9973E-05 0.00986957 0.00895263
0.185597 9.9982E-05 9.9982E-05 0.0351401 0.609509 0.0456735 0.0530423 0.0610376 0.0098003
0.309847 9.9955E-05 9.9955E-05 0.615811 9.9955E-05 9.9955E-05 0.0667047 9.9955E-05 0.00713717
0.486641 0.0120254 0.00621806 0.243587 0.0953755 9.9973E-05 9.9973E-05 0.155853 9.9973E-05
0.571589 0.0450677 9.9964E-05 0.235506 9.9964E-05 9.9964E-05 0.0177624 9.9964E-05 0.129675
0.471562 9.9973E-05 0.0595475 0.0923351 9.9973E-05 0.300013 9.9973E-05 0.0552585 0.0209833
0.539959 9.9964E-05 0.0967938 9.9964E-05 0.0611348 0.293785 9.9964E-05 9.9964E-05 0.00792776
0.120665 9.9964E-05 0.0589275 0.645628 0.118681 9.9964E-05 0.0556979 9.9964E-05 9.9964E-05
0.485093 9.9991E-05 0.000176092 0.007082 0.000165872 0.383593 0.00255762 0.0575977 0.0636347
0.459554 0.0805961 0.125321 0.22673 9.9982E-05 0.0298314 0.0382716 9.9982E-05 0.0394957
0.510436 0.107515 0.0539844 0.0433306 0.0198471 0.0555743 0.0101926 0.0974902 0.10163
0.264654 0.0573103 0.00983184 0.632427 0.0183898 9.9973E-05 0.0170878 9.9973E-05 9.9973E-05
0.592157 9.9973E-05 0.0482638 0.299872 9.9973E-05 9.9973E-05 0.0534323 0.00294874 0.0030263
0.390546 9.9973E-05 0.032565 0.233553 9.9973E-05 0.161323 9.9973E-05 0.0805641 0.101148
9.9964E-05 9.9964E-05 9.9964E-05 0.699325 0.0111124 0.0414049 0.206078 0.04168 9.9964E-05
0.218858 9.9964E-05 9.9964E-05 0.212335 0.404799 0.0566014 0.107006 9.9964E-05 9.9964E-05
0.0436064 0.1392 9.9973E-05 0.227005 0.195963 0.227524 0.166402 9.9973E-05 9.9973E-05
0.55171 9.9982E-05 0.0185501 0.0740333 0.239287 0.00631285 0.0508024 9.9982E-05 0.0591047
0.696676 0.0886643 0.0593795 9.9973E-05 9.9973E-05 0.0413113 0.106388 0.00728026 9.9973E-05
0.588893 0.0372407 9.9991E-05 0.0545726 0.0977444 0.0830829 0.0315047 0.0880801 0.0187812
0.163944 0.024609 0.0517291 0.259503 0.354146 0.029007 0.0646974 0.052264 9.9991E-05
0.540245 0.00504251 0.00470279 0.0417024 0.272416 0.0577622 0.0779293 9.9982E-05 9.9982E-05
0.53864 0.0896898 0.0109974 0.00888044 0.0941507 0.0759448 0.0735495 0.0496114 0.0585358
0.315672 0.1381 0.0272709 0.117293 0.184311 0.13285 0.00645146 0.042894 0.0351573
0.0696611 0.00884813 0.0222267 0.105195 0.354411 0.0993789 0.178116 0.142968 0.0191949
0.574182 9.9964E-05 0.0412674 0.19697 0.117397 9.9964E-05 0.0697838 9.9964E-05 9.9964E-05
0.409193 0.0606099 0.0106835 0.109918 0.245181 9.9982E-05 0.15567 0.00854545 9.9982E-05
0.00607955 0.0125837 0.065386 0.186899 0.537116 0.166248 0.0254889 9.9982E-05 9.9982E-05
0.543627 0.124684 0.0216079 0.0633479 0.182839 9.9973E-05 0.063594 9.9973E-05 9.9973E-05
0.568806 0.0905869 0.026325 0.105298 0.0677045 9.9982E-05 0.11816 9.9982E-05 0.0229201
0.515195 0.0436216 0.0658468 0.0903713 0.0880906 0.00558133 0.12994 0.00907474 0.0522784
0.252738 0.0865185 0.0145162 0.180685 0.279442 9.9982E-05 0.175508 9.9982E-05 0.0103915
0.4496 0.0854608 0.0553076 0.143623 0.133791 0.0492823 0.0827355 9.9982E-05 9.9982E-05
0.639646 0.0706459 0.0285197 0.106019 0.0562665 0.0267288 0.0719736 9.9982E-05 9.9982E-05
0.191141 0.0800098 0.0385615 0.144539 0.386295 0.0815142 0.0777396 9.9982E-05 9.9982E-05
0.526601 9.9955E-05 0.00988549 0.455086 0.00792864 9.9955E-05 9.9955E-05 9.9955E-05 9.9955E-05
0.149808 9.9964E-05 0.0236077 0.701985 0.10153 9.9964E-05 9.9964E-05 9.9964E-05 0.0226699
0.566743 0.145212 0.0210021 0.145444 0.0128702 9.9991E-05 0.00833263 0.0541799 0.0461168
9.9946E-05 9.9946E-05 9.9946E-05 0.875031 9.9946E-05 0.0186983 0.105671 9.9946E-05 9.9946E-05
9.9955E-05 0.0734937 9.9955E-05 0.870817 9.9955E-05 0.0414142 9.9955E-05 0.0137752 9.9955E-05
0.299093 0.06045 9.9955E-05 0.618347 9.9955E-05 9.9955E-05 9.9955E-05 0.0216099 9.9955E-05
0.441934 9.9973E-05 0.00783639 0.470397 0.0169235 0.0366097 9.9973E-05 0.0259996 9.9973E-05
0.388117 0.0310645 0.0854086 0.172342 0.123116 0.0327753 0.00606232 0.0217425 0.139371
0.401457 0.0223346 0.0506997 0.407369 0.0690716 9.9991E-05 0.00784585 0.00823383 0.0328881
0.133162 9.9973E-05 0.0167568 0.629043 0.147861 9.9973E-05 9.9973E-05 0.0428781 0.0299991
0.19207 9.9964E-05 9.9964E-05 0.511603 0.232087 9.9964E-05 9.9964E-05 0.0621742 0.00166504
0.445273 0.0834553 0.0651144 0.24053 0.0533381 9.9991E-05 0.0101544 0.0185939 0.0834405
0.29185 0.0469097 0.0325628 0.571442 0.00239351 9.9973E-05 9.9973E-05 0.0545422 9.9973E-05
0.417561 9.9964E-05 9.9964E-05 0.406882 0.0550101 0.0676999 9.9964E-05 0.0524477 9.9964E-05
0.324585 0.036319 0.0207464 0.514507 9.9991E-05 0.051072 0.0325436 0.00711449 0.0130124
9.9982E-05 0.0771637 9.9982E-05 0.718084 0.0115789 0.091903 0.0502486 0.0300641 0.0207578
0.534301 9.9973E-05 0.0213651 0.351153 0.0149139 0.0283974 9.9973E-05 9.9973E-05 0.0495695
0.107844 9.9964E-05 0.0363616 9.9964E-05 0.0381783 9.9964E-05 9.9964E-05 0.773113 0.0441033
0.0777413 9.9955E-05 0.133636 9.9955E-05 9.9955E-05 9.9955E-05 0.0107047 0.777418 9.9955E-05
0.067609 9.9982E-05 0.126766 9.9982E-05 0.0129895 0.00441972 0.00723766 0.72301 0.0577677
0.0179848 9.9955E-05 0.132184 9.9955E-05 9.9955E-05 9.9955E-05 0.126541 0.72279 9.9955E-05
0.0126427 0.0243856 0.132267 0.0194486 9.9991E-05 0.0257576 0.0186548 0.73583 0.0309137
0.0505037 0.00613661 0.0733031 9.9973E-05 9.9973E-05 9.9973E-05 0.0998562 0.762739 0.00716182
0.069473 9.9964E-05 0.0703215 9.9964E-05 9.9964E-05 9.9964E-05 0.00677445 0.84571 0.00732075
0.461011 0.053608 0.0534887 0.203022 0.00499798 0.0390262 9.9991E-05 0.135286 0.049461
0.580197 9.9973E-05 0.104157 0.178152 0.00690326 0.0848918 9.9973E-05 0.0453998 9.9973E-05
0.0369392 0.0732125 9.9964E-05 0.771936 0.066898 9.9964E-05 9.9964E-05 0.0506144 9.9964E-05
0.479951 0.0309198 0.0553663 0.188301 0.107069 0.0448616 0.0288611 9.9991E-05 0.0645695
0.422601 9.9982E-05 0.0284801 0.374102 0.0871477 0.0385199 9.9982E-05 0.0350036 0.0139454
0.497682 0.061022 0.0277755 0.217556 9.9982E-05 0.107572 9.9982E-05 0.0532795 0.034913
0.565369 0.165125 9.9955E-05 0.180836 9.9955E-05 9.9955E-05 9.9955E-05 0.088169 9.9955E-05
0.416916 0.0875714 0.0114774 0.403031 9.9973E-05 0.0154144 9.9973E-05 9.9973E-05 0.0652898
9.9955E-05 9.9955E-05 9.9955E-05 0.735548 0.199875 0.00563572 9.9955E-05 0.0584417 9.9955E-05
0.622175 0.0219242 0.031578 0.0356252 0.000920361 0.122459 0.0810471 0.0829273 0.00134462
0.650892 0.0497895 0.0142657 0.182651 0.0024422 0.0583682 0.0328631 0.00862882 9.9991E-05
0.52614 0.0915974 0.0150303 0.0864991 0.103752 0.0898183 0.0224712 0.0406288 0.0240632
0.300201 0.0258438 9.9973E-05 0.490335 9.9973E-05 0.0779797 0.101429 0.00391195 9.9973E-05
0.457923 0.0875649 0.0167109 0.405133 9.9973E-05 9.9973E-05 9.9973E-05 0.0283754 0.00399311
0.441086 0.0229378 0.035775 0.399686 0.0696965 0.0150553 9.9982E-05 0.0155635 9.9982E-05
0.325435 0.0135183 9.9955E-05 0.585134 9.9955E-05 9.9955E-05 9.9955E-05 9.9955E-05 0.0754133
0.437938 0.0169328 0.00377411 0.418964 0.0614 9.9973E-05 9.9973E-05 0.0606914 9.9973E-05
0.500427 0.157322 0.00776796 0.14346 0.0849359 9.9982E-05 9.9982E-05 0.0809021 0.0249855
0.250203 0.250149 0.0105782 0.0564183 0.309085 9.9973E-05 0.123266 9.9973E-05 9.9973E-05
0.377369 9.9991E-05 0.0274518 0.0043913 0.279865 0.139819 0.00790441 0.108422 0.0546775
0.513331 0.0681956 0.00984694 0.0833339 0.127669 0.0989772 9.9991E-05 0.0966071 0.00193868
0.611736 9.9973E-05 9.9973E-05 0.131777 0.0388492 9.9973E-05 0.0196054 0.178983 0.0187498
0.57063 0.042539 0.0448558 9.9964E-05 0.314037 9.9964E-05 0.027538 9.9964E-05 9.9964E-05
0.615526 9.9973E-05 9.9973E-05 0.0137728 0.185397 0.119743 0.0647637 9.9973E-05 0.000497287
0.538328 0.0856973 9.9964E-05 9.9964E-05 0.349465 9.9964E-05 0.00868931 9.9964E-05 0.0174205
0.524416 0.0974711 0.0530432 0.096507 0.174339 9.9973E-05 0.0539233 9.9973E-05 9.9973E-05
0.543408 9.9973E-05 9.9973E-05 0.0754829 0.120647 0.110373 9.9973E-05 0.117462 0.0323269
0.59455 0.0863515 0.00358621 0.055261 0.131729 0.0538136 0.0726006 0.00200812 9.9991E-05
0.478671 0.0611094 9.9973E-05 0.101444 0.331419 0.025699 9.9973E-05 0.00135723 9.9973E-05
0.533338 0.054903 9.9991E-05 0.0746417 0.105307 0.0522453 0.0523218 0.0902616 0.0368813
0.566125 0.0520437 0.0369864 9.9982E-05 0.0907049 0.12837 9.9982E-05 0.0751922 0.0503777
0.678823 9.9955E-05 0.0219975 0.0785432 0.220136 9.9955E-05 9.9955E-05 9.9955E-05 9.9955E-05
0.523409 0.111647 0.0303773 9.9982E-05 0.0945744 0.152025 0.0535979 9.9982E-05 0.0341693
0.459587 0.0764257 0.012083 0.0688203 0.247392 0.0145333 9.9982E-05 9.9982E-05 0.120959
0.372938 0.118741 0.0161604 9.9982E-05 0.212023 0.0586493 0.203731 0.0175575 9.9982E-05
0.628047 9.9973E-05 0.0126498 9.9973E-05 0.226817 0.0764567 0.0184457 9.9973E-05 0.0372839
0.714761 0.105581 9.9964E-05 9.9964E-05 0.0477104 0.0702086 0.0613385 9.9964E-05 9.9964E-05
0.238669 0.111283 0.04153 0.161 0.392782 9.9982E-05 0.00783753 9.9982E-05 0.0466984
0.220377 0.143021 9.9973E-05 0.0826648 0.286181 0.0661192 0.201337 9.9973E-05 9.9973E-05
0.539282 0.0264752 9.9982E-05 0.101494 0.208365 0.0474353 0.0124559 0.0642921 9.9982E-05
0.115171 0.169105 9.9973E-05 0.165163 0.373094 0.0835446 0.0936237 9.9973E-05 9.9973E-05
0.290333 0.0220445 9.9973E-05 0.165814 0.420825 9.9973E-05 0.041527 0.0591563 9.9973E-05
0.472666 0.0703163 9.9973E-05 0.0257984 0.276505 0.137561 9.9973E-05 0.0168539 9.9973E-05
0.387689 9.9964E-05 0.0178859 0.126998 0.425142 9.9964E-05 9.9964E-05 0.0418853 9.9964E-05
0.304711 0.0275071 0.00111458 0.119013 0.465264 0.0309577 9.9991E-05 0.0397934 0.01154
0.581387 0.00946743 0.0337322 0.0425687 0.115871 0.127332 0.0463345 0.0272549 0.0160531
0.519219 0.0190313 9.9982E-05 0.0611376 0.15037 9.9982E-05 0.0368285 0.130649 0.0825646
0.450378 0.063267 0.0269636 0.105364 0.101979 0.110358 9.9991E-05 0.07226 0.0693304
0.21684 0.0568214 9.9973E-05 0.132386 0.342557 0.0565696 0.194526 9.9973E-05 9.9973E-05
0.483599 0.000633043 0.0034942 0.14496 0.0475585 0.0932179 0.0705472 0.155891 9.9991E-05
0.431961 0.0179507 9.9982E-05 0.142817 0.0583144 0.237433 0.0395861 0.071738 9.9982E-05
9.9982E-05 0.104055 0.030506 0.172775 0.0938447 0.340729 0.209317 0.0485737 9.9982E-05
0.611055 0.122572 0.0334392 0.0459515 9.9973E-05 9.9973E-05 0.0270232 0.159659 9.9973E-05
0.371129 0.0661697 0.0147093 0.143338 0.147142 0.0726038 0.18372 9.9991E-05 0.00108803
0.545234 0.0640958 0.0182719 0.147254 0.0227346 0.0660654 0.0260876 0.1035 0.00675678
0.188864 0.0768783 0.0295921 0.105103 0.102523 0.270114 0.200145 0.0266795 9.9991E-05
0.109549 0.153625 0.00466565 0.0593844 0.132368 0.422118 0.0714329 0.0467578 9.9991E-05
0.434861 0.22839 9.9973E-05 0.0404748 0.0768687 0.209514 9.9973E-05 0.00959118 9.9973E-05
0.531173 0.0578246 0.0162496 9.9982E-05 0.121114 0.163057 0.0369163 0.0734657 9.9982E-05
0.365544 0.00114357 9.9991E-05 0.0742923 0.162594 0.209243 0.0841026 0.0748474 0.0281329
9.9982E-05 0.0766116 0.00654952 0.225786 0.0927932 0.200396 0.284324 9.9982E-05 0.11334
0.320257 0.0330504 0.0112218 0.0889679 0.147053 0.171011 0.00837422 0.051719 0.168345
0.237172 0.0199512 9.9973E-05 0.18323 0.0847765 0.474031 0.000539188 9.9973E-05 9.9973E-05
0.46799 0.0523966 9.9973E-05 0.172209 0.116558 0.166071 0.0244761 9.9973E-05 9.9973E-05
0.43163 0.137103 9.9982E-05 0.0805501 0.124111 9.9982E-05 0.0319909 0.128249 0.0661659
0.156096 0.034965 0.0878204 9.9982E-05 9.9982E-05 0.0912933 0.250223 0.18752 0.191882
9.9964E-05 9.9964E-05 0.0435175 9.9964E-05 9.9964E-05 0.0612285 0.429292 0.350834 0.114728
9.9973E-05 0.0616876 0.0359918 9.9973E-05 9.9973E-05 0.0917076 0.473455 0.292635 0.0442239
0.147783 0.0130604 9.9973E-05 9.9973E-05 9.9973E-05 0.0306735 0.26628 0.285612 0.256291
0.542571 9.9955E-05 0.000837721 0.0480462 9.9955E-05 0.408045 9.9955E-05 9.9955E-05 9.9955E-05
0.542232 0.104331 0.0210459 0.063576 0.0601676 0.169632 9.9982E-05 9.9982E-05 0.0388155
0.299302 9.9937E-05 9.9937E-05 9.9937E-05 9.9937E-05 9.9937E-05 9.9937E-05 9.9937E-05 0.699999
0.481048 0.0141035 9.9973E-05 0.0342146 0.0793737 9.9973E-05 0.033915 9.9973E-05 0.357045
0.369671 9.9973E-05 9.9973E-05 9.9973E-05 0.0289453 0.101528 0.0482177 0.0497868 0.401551
0.24708 0.204005 0.0311269 0.0683617 0.0016967 0.387704 0.0598258 9.9982E-05 9.9982E-05
0.453419 9.9991E-05 0.0433512 0.174255 0.0869164 0.112879 0.0166589 0.0416922 0.0707282
0.10308 0.229653 9.9973E-05 0.0780899 9.9973E-05 0.490416 0.0832025 9.9973E-05 0.0152585
0.606624 0.0401 9.9973E-05 0.0656108 9.9973E-05 0.235676 0.0341679 0.0175208 9.9973E-05
0.399406 0.148285 0.00893272 0.0374082 9.9973E-05 0.300959 0.10471 9.9973E-05 9.9973E-05
0.458861 0.0948061 9.9991E-05 0.00848978 0.0378792 0.268239 0.0176701 0.02617 0.0877845
0.168428 0.211624 9.9964E-05 0.093819 9.9964E-05 0.445311 0.080418 9.9964E-05 9.9964E-05
0.542155 0.0170948 0.00476935 0.101482 0.0492601 0.140566 0.00929204 0.0162006 0.11918
0.607304 9.9955E-05 9.9955E-05 9.9955E-05 9.9955E-05 0.177796 0.112836 0.101565 9.9955E-05
0.0101348 0.0306423 9.9955E-05 0.0032884 9.9955E-05 9.9955E-05 9.9955E-05 9.9955E-05 0.955435
0.044028 9.9946E-05 9.9946E-05 9.9946E-05 9.9946E-05 0.0931431 9.9946E-05 9.9946E-05 0.862229
0.160458 9.9973E-05 0.0208254 0.0145845 9.9973E-05 0.131697 9.9973E-05 0.0349854 0.637149
0.33509 9.9955E-05 0.0404611 9.9955E-05 0.0446894 9.9955E-05 9.9955E-05 9.9955E-05 0.57926
0.119742 9.9964E-05 0.0117347 0.0249174 9.9964E-05 9.9964E-05 9.9964E-05 0.0223464 0.82086
9.993E-05 9.993E-05 9.993E-05 9.993E-05 9.993E-05 9.993E-05 9.993E-05 9.993E-05 0.999201
9.9946E-05 9.9946E-05 0.00573025 0.0159532 9.9946E-05 9.9946E-05 9.9946E-05 9.9946E-05 0.977717
0.177017 9.9937E-05 9.9937E-05 9.9937E-05 9.9937E-05 9.9937E-05 9.9937E-05 9.9937E-05 0.822283
0.0473858 9.9946E-05 9.9946E-05 9.9946E-05 0.0215461 9.9946E-05 9.9946E-05 9.9946E-05 0.930468
9.993E-05 9.993E-05 9.993E-05 9.993E-05 9.993E-05 9.993E-05 9.993E-05 9.993E-05 0.999201
9.9937E-05 9.9937E-05 0.0195353 9.9937E-05 9.9937E-05 9.9937E-05 9.9937E-05 9.9937E-05 0.979765
0.164739 9.9964E-05 0.0545548 0.00247052 9.9964E-05 0.00241588 9.9964E-05 9.9964E-05 0.77542
0.150667 9.9973E-05 0.00763749 0.035579 0.0282202 9.9973E-05 0.0456628 9.9973E-05 0.731933
9.9937E-05 9.9937E-05 9.9937E-05 0.0133359 9.9937E-05 9.9937E-05 9.9937E-05 9.9937E-05 0.985965
0.249588 0.0511946 0.0876158 9.9982E-05 0.0888501 0.065311 9.9982E-05 0.0319836 0.425257
0.237948 9.9964E-05 0.067163 0.00341329 0.0733511 9.9964E-05 9.9964E-05 9.9964E-05 0.617724
0.184636 9.9955E-05 9.9955E-05 9.9955E-05 9.9955E-05 9.9955E-05 0.0613903 0.0211407 0.732334
0.0707481 9.9955E-05 0.026094 9.9955E-05 0.0305256 9.9955E-05 9.9955E-05 9.9955E-05 0.872133
0.046713 9.9937E-05 9.9937E-05 9.9937E-05 9.9937E-05 9.9937E-05 9.9937E-05 9.9937E-05 0.952587
0.0592209 0.0122619 0.0236058 9.9973E-05 0.0130617 9.9973E-05 9.9973E-05 0.0143239 0.877226
9.9937E-05 9.9937E-05 0.0222191 9.9937E-05 9.9937E-05 9.9937E-05 9.9937E-05 9.9937E-05 0.977081
0.255304 0.0143599 0.0195758 9.9982E-05 0.102756 0.00110646 9.9982E-05 0.0326711 0.574027
0.0414376 0.0531739 9.9973E-05 9.9973E-05 0.0405069 9.9973E-05 0.000829658 0.00500426 0.858748
9.9982E-05 0.0468522 0.00191141 0.0130815 9.9982E-05 0.404722 0.25878 0.266816 0.00763758
0.347128 0.0186973 0.0632685 9.9991E-05 0.0601706 0.28832 0.0811538 0.109565 0.0315966
0.321663 9.9982E-05 0.0251424 0.0293881 0.0235152 0.337697 9.9982E-05 0.21901 0.0433847
0.0239174 0.0267842 0.0358738 0.0693144 0.0181689 0.34098 0.264282 0.0623179 0.158361
0.395021 0.019796 0.0175159 0.0673586 9.9991E-05 0.232329 0.0249959 0.178051 0.0648334
0.0853658 0.0067263 0.0198295 0.0445956 9.9991E-05 0.393352 0.116921 0.186309 0.1468
0.440914 9.9973E-05 9.9973E-05 9.9973E-05 0.0727686 0.147225 0.0532059 0.203653 0.081934
0.223079 0.0195714 9.9982E-05 0.0192832 9.9982E-05 0.388895 0.0637488 0.0993374 0.185885
0.463388 9.9982E-05 0.0530405 9.9982E-05 0.0634412 0.134592 0.119582 0.0584397 0.107318
0.246484 0.0586045 0.0798348 9.9973E-05 9.9973E-05 0.275119 0.153489 9.9973E-05 0.186168
0.436368 9.9982E-05 0.0104041 0.100261 9.9982E-05 0.187532 0.028861 0.15757 0.0788035
0.0509206 0.0573911 9.9964E-05 9.9964E-05 0.0690034 9.9964E-05 0.000700782 0.821584 9.9964E-05
9.9955E-05 9.9955E-05 0.0614672 9.9955E-05 9.9955E-05 9.9955E-05 0.0714968 0.815963 0.0505734
9.9955E-05 9.9955E-05 0.0548809 9.9955E-05 0.0283117 9.9955E-05 0.116895 0.799413 9.9955E-05
0.00119863 9.9955E-05 0.0484551 9.9955E-05 0.0597856 9.9955E-05 9.9955E-05 0.890061 9.9955E-05
0.000145287 9.9973E-05 0.0932526 9.9973E-05 0.0650285 9.9973E-05 0.0543483 0.746485 0.0404404
9.9964E-05 0.0179277 0.0473839 9.9964E-05 9.9964E-05 9.9964E-05 0.0497889 0.816022 0.0684777
0.0522625 9.9955E-05 0.0704229 9.9955E-05 9.9955E-05 9.9955E-05 9.9955E-05 0.797883 0.0789322
0.00252643 0.0309517 0.0304091 0.0389353 0.0270581 0.000638904 0.0688376 0.800543 9.9991E-05
0.0584662 9.9964E-05 0.0255548 9.9964E-05 9.9964E-05 9.9964E-05 0.0575544 0.852477 0.00554807
0.00156086 9.9964E-05 0.014387 9.9964E-05 9.9964E-05 9.9964E-05 0.1138 0.790257 0.0795956
9.9964E-05 0.0269657 0.076756 0.0926178 0.244236 9.9964E-05 9.9964E-05 0.559024 9.9964E-05
9.9964E-05 9.9964E-05 0.0709859 0.0226026 0.314833 9.9964E-05 0.0674198 0.523759 9.9964E-05
9.9964E-05 9.9964E-05 0.0670224 0.0421788 0.312569 9.9964E-05 0.127441 0.450388 9.9964E-05
9.9964E-05 0.0294867 9.9964E-05 0.0726313 0.304452 0.0513056 9.9964E-05 0.541724 9.9964E-05
0.455158 9.9973E-05 0.0211962 0.32368 0.153943 9.9973E-05 9.9973E-05 0.0293211 0.0164015
0.510544 0.092411 0.0295186 0.292747 0.0564865 0.0179934 9.9973E-05 9.9973E-05 9.9973E-05
0.576814 9.9964E-05 0.0190105 0.166949 0.204761 0.0320647 9.9964E-05 9.9964E-05 9.9964E-05
0.382736 0.0261418 0.0469478 0.244495 0.178862 0.0174161 0.103201 9.9982E-05 9.9982E-05
0.108915 9.9964E-05 9.9964E-05 0.156095 0.569032 0.123405 9.9964E-05 9.9964E-05 0.0421531
0.585504 0.0331918 0.0538443 0.175463 0.0232255 0.0764449 9.9982E-05 0.0521271 9.9982E-05
0.536085 9.9982E-05 0.00940874 0.248 0.0860615 0.0732655 9.9982E-05 0.0171151 0.0298643
0.493122 0.00756696 9.9964E-05 0.354092 0.133563 0.0112563 9.9964E-05 9.9964E-05 9.9964E-05
0.28811 0.0825598 9.9955E-05 0.550085 9.9955E-05 9.9955E-05 9.9955E-05 9.9955E-05 0.0787459
0.627302 0.047511 0.00750702 0.150785 0.0858435 0.0570147 0.0135368 0.0103997 9.9991E-05
0.403533 9.9955E-05 0.0423289 0.417563 0.136076 9.9955E-05 9.9955E-05 9.9955E-05 9.9955E-05
9.9946E-05 0.200195 9.9946E-05 0.696398 0.102808 9.9946E-05 9.9946E-05 9.9946E-05 9.9946E-05
0.549471 0.026463 9.9973E-05 0.235106 0.11941 9.9973E-05 9.9973E-05 0.0575148 0.0117353
0.227634 0.0369105 9.9982E-05 0.543475 9.9982E-05 0.0628723 0.119707 0.00599701 0.00320414
0.480376 0.0627166 0.0793539 0.355975 9.9973E-05 0.0168094 0.00446839 9.9973E-05 9.9973E-05
0.0953228 0.0173351 9.9964E-05 0.659745 0.157883 9.9964E-05 9.9964E-05 0.0693145 9.9964E-05
9.9955E-05 9.9955E-05 9.9955E-05 9.9955E-05 0.695921 0.199488 9.9955E-05 0.0976132 0.00647802
9.9946E-05 9.9946E-05 9.9946E-05 9.9946E-05 0.618208 0.27105 9.9946E-05 0.110142 9.9946E-05
9.9955E-05 0.0347062 9.9955E-05 9.9955E-05 0.742035 0.177323 9.9955E-05 0.0454364 9.9955E-05
9.9946E-05 9.9946E-05 9.9946E-05 9.9946E-05 0.703368 0.156633 9.9946E-05 0.139399 9.9946E-05
9.9955E-05 9.9955E-05 0.0329949 9.9955E-05 0.773999 0.146154 9.9955E-05 9.9955E-05 0.0463527
9.9973E-05 0.0315319 0.0169475 9.9973E-05 0.695851 0.109479 9.9973E-05 0.0399511 0.10594
0.0530743 9.9973E-05 0.0749876 0.00635944 9.9973E-05 9.9973E-05 0.079157 0.757946 0.0281756
0.0823603 9.9964E-05 0.015152 9.9964E-05 0.0807034 9.9964E-05 0.071786 0.749598 9.9964E-05
0.0867476 0.000573417 0.0662605 9.9973E-05 9.9973E-05 9.9973E-05 0.0776841 0.660798 0.107637
0.0150901 9.9973E-05 0.0690936 9.9973E-05 0.112904 9.9973E-05 0.0221156 0.665848 0.114649
0.0648124 9.9973E-05 0.0317913 9.9973E-05 9.9973E-05 0.0304591 0.0878993 0.689083 0.0956548
9.9964E-05 0.0361468 0.0104967 9.9964E-05 0.504528 0.0454244 9.9964E-05 0.403005 9.9964E-05
9.9955E-05 0.093381 9.9955E-05 9.9955E-05 0.355008 0.0518073 9.9955E-05 0.499304 9.9955E-05
9.9955E-05 0.143542 0.0387518 9.9955E-05 0.399593 9.9955E-05 9.9955E-05 0.417613 9.9955E-05
9.993E-05 9.993E-05 0.999201 9.993E-05 9.993E-05 9.993E-05 9.993E-05 9.993E-05 9.993E-05
9.9973E-05 0.0535332 0.00942179 0.0379143 0.499218 0.00526474 9.9973E-05 0.394348 9.9973E-05
0.316142 0.0471685 0.0546799 9.9973E-05 9.9973E-05 9.9973E-05 0.19675 0.0762836 0.308676
0.532636 0.0416217 0.0367239 0.0245987 9.9991E-05 0.00513917 0.0691964 0.0454063 0.244578
0.556159 9.9955E-05 0.0425923 9.9955E-05 9.9955E-05 9.9955E-05 9.9955E-05 0.189912 0.210837
0.370399 9.9973E-05 0.0134415 9.9973E-05 9.9973E-05 0.0833769 0.190118 0.181694 0.160672
0.535337 9.9973E-05 0.0646892 9.9973E-05 0.0638588 0.0410736 9.9973E-05 0.154052 0.14069
9.9964E-05 0.0239691 9.9964E-05 9.9964E-05 9.9964E-05 0.116382 0.240413 0.365325 0.253511
0.430309 0.104431 9.9973E-05 0.0955534 0.238509 0.0566536 0.0742441 9.9973E-05 9.9973E-05
0.368665 0.251416 9.9964E-05 0.0713924 0.208018 9.9964E-05 0.100109 9.9964E-05 9.9964E-05
0.321402 0.0240701 0.040618 9.9964E-05 0.505531 9.9964E-05 0.107979 9.9964E-05 9.9964E-05
0.455836 0.199083 9.9964E-05 0.0727609 0.216739 9.9964E-05 0.0551813 9.9964E-05 9.9964E-05
9.9955E-05 0.362722 9.9955E-05 0.28973 0.173285 9.9955E-05 0.173763 9.9955E-05 9.9955E-05
0.540503 0.0908997 0.0180179 0.00745272 0.145775 0.0330456 0.159774 0.0036745 0.00085766
0.527389 0.145099 9.9973E-05 0.0490876 0.17375 0.0172218 0.0871519 9.9973E-05 9.9973E-05
0.384849 0.023171 0.0197285 0.0740511 0.449313 9.9973E-05 0.0485873 9.9973E-05 9.9973E-05
0.515556 0.0340018 0.0254177 0.092119 0.166753 9.9982E-05 0.0507355 0.115217 9.9982E-05
0.112265 0.0415089 9.9973E-05 0.229771 0.296283 0.0888478 0.231024 9.9973E-05 9.9973E-05
0.391131 0.225328 0.00346962 0.115898 0.105299 0.0503939 0.106351 9.9991E-05 0.00202882
0.501299 9.9982E-05 0.0318443 0.0972784 0.313782 0.00197113 0.015112 9.9982E-05 0.0385132
0.352407 9.9973E-05 9.9973E-05 0.155008 0.078238 9.9973E-05 0.129772 0.158319 0.125956
0.437713 0.107957 9.9964E-05 0.0933022 0.269493 9.9964E-05 0.0911347 9.9964E-05 9.9964E-05
0.488062 0.131008 9.9964E-05 0.0702198 0.203808 9.9964E-05 0.106502 9.9964E-05 9.9964E-05
0.476307 0.0423059 9.9982E-05 0.0902021 0.0790499 0.180396 0.0285275 9.9982E-05 0.103012
0.546839 0.086139 9.9982E-05 0.0868891 0.137653 0.0800723 0.00580071 0.056407 9.9982E-05
0.559845 0.116346 0.0266443 0.016871 0.0714669 0.0775422 9.9991E-05 0.0358975 0.0952871
0.46783 0.0417667 0.0138164 0.228214 0.0120136 0.0220629 0.141791 0.0356434 0.0368622
0.577517 9.9973E-05 9.9973E-05 0.0997724 0.154171 9.9973E-05 0.085491 0.0699016 0.0128473
0.084882 9.9955E-05 9.9955E-05 9.9955E-05 9.9955E-05 0.00732513 9.9955E-05 0.767932 0.139361
0.0348015 0.0224485 9.9964E-05 9.9964E-05 9.9964E-05 0.0233195 9.9964E-05 0.83592 0.0831109
0.0676598 0.0578305 9.9973E-05 9.9973E-05 0.0363142 0.0474203 0.0103848 0.780091 9.9973E-05
0.000191461 0.025926 0.0527137 0.0363333 0.0665745 9.9982E-05 9.9982E-05 0.755144 0.0629167
0.155111 0.000645731 0.052932 9.9955E-05 9.9955E-05 9.9955E-05 9.9955E-05 0.790811 9.9955E-05
0.217368 9.9964E-05 9.9964E-05 0.00780415 0.533869 9.9964E-05 0.211701 9.9964E-05 0.0288584
0.533261 0.118309 9.9982E-05 0.0352534 0.192097 9.9982E-05 0.0357943 0.0542032 0.0308815
0.391112 0.0378824 0.0436958 9.9991E-05 0.0631941 0.140122 0.107895 0.0956952 0.120303
0.649092 0.122975 0.0534452 0.0532064 0.120855 9.9973E-05 0.000125859 9.9973E-05 9.9973E-05
0.460401 0.0394795 0.0322396 0.0686954 0.30136 9.9991E-05 0.0482145 0.0347535 0.0147563
0.248031 0.164336 9.9964E-05 9.9964E-05 0.28584 0.160018 0.141376 9.9964E-05 9.9964E-05
9.9973E-05 9.9973E-05 0.0513143 0.157987 0.54003 0.0391697 0.175476 0.0357228 9.9973E-05
0.490513 0.0725532 0.0254469 0.0397393 0.344214 9.9973E-05 9.9973E-05 9.9973E-05 0.027233
0.0948752 0.114871 0.0250499 0.12357 0.476852 0.0439455 9.9991E-05 0.0535412 0.0671952
0.470867 0.0927177 9.9982E-05 0.0648565 0.210361 0.0787202 0.0431666 9.9982E-05 0.0391113
0.140044 0.181896 0.0323342 0.0222376 0.464573 9.9991E-05 0.0640782 0.0942976 0.000440541
0.591016 0.0532719 9.9982E-05 0.0080171 0.175713 0.0726252 0.0370669 0.0620905 9.9982E-05
0.281293 0.0601162 9.9964E-05 0.00784756 0.542387 9.9964E-05 9.9964E-05 0.107956 9.9964E-05
0.372081 0.0426835 0.00437542 0.0443886 0.270202 0.118439 0.078951 0.013169 0.0557105
0.446561 0.00290481 9.9982E-05 0.115296 0.136401 0.209616 9.9982E-05 0.0463554 0.042665
0.269512 0.101265 9.9964E-05 9.9964E-05 0.103955 0.513609 9.9964E-05 0.0112593 9.9964E-05
0.460258 9.99683E-05 9.99683E-05 0.00337931 9.99683E-05 0.42947 9.99683E-05 0.0700746 0.0364185
0.585311 9.9982E-05 0.0196924 0.0292961 0.0409957 0.0519843 0.152693 0.119827 9.9982E-05
0.162609 0.094668 9.9973E-05 0.0182532 0.0845288 0.629891 9.9973E-05 0.00974942 9.9973E-05
0.535529 0.163918 0.0446532 0.0249832 0.117412 0.107947 0.005357 9.9982E-05 9.9982E-05
0.47917 0.101304 9.9964E-05 9.9964E-05 0.0273319 0.380944 9.9964E-05 0.0108498 9.9964E-05
0.0240803 0.15459 9.9973E-05 0.0586682 0.0696108 0.68202 0.0107315 9.9973E-05 9.9973E-05
0.165389 0.053103 9.9964E-05 0.0181759 9.9964E-05 0.641169 0.121763 9.9964E-05 9.9964E-05
0.452091 0.0609084 9.9964E-05 9.9964E-05 0.0770683 0.375001 0.0345312 9.9964E-05 9.9964E-05
0.0345713 0.105579 9.9973E-05 0.172708 0.079955 0.592824 0.0140622 9.9973E-05 9.9973E-05
0.406257 9.9973E-05 9.9973E-05 0.109381 0.0853643 0.298482 0.0723565 0.0278602 9.9973E-05
0.137255 0.0145434 0.0108251 0.118489 0.599401 9.9973E-05 0.119186 9.9973E-05 9.9973E-05
0.245754 0.338682 9.9964E-05 0.108852 0.304156 9.9964E-05 0.00215633 9.9964E-05 9.9964E-05
0.435477 0.0474937 9.9964E-05 0.0860783 0.336538 9.9964E-05 9.9964E-05 9.9964E-05 0.0940138
0.642442 0.0345239 9.9991E-05 0.0270048 0.160641 0.0446794 0.0435476 0.0160371 0.0310243
0.258483 9.9982E-05 0.00920247 0.202358 0.43645 0.0672088 0.00372141 9.9982E-05 0.0223769
0.501663 0.125773 0.0194225 0.00394154 0.169411 9.9982E-05 0.134463 9.9982E-05 0.045126
0.490703 0.0587941 0.0520996 0.0212041 0.198703 0.0561197 0.000515127 9.9991E-05 0.121761
0.53639 0.0362245 0.00641363 0.0514103 0.26006 9.9982E-05 0.103242 0.00606013 9.9982E-05
0.361786 0.0663128 0.0352507 0.116253 0.249199 9.9982E-05 9.9982E-05 0.0212963 0.149702
0.348328 9.9982E-05 0.0304353 0.102961 0.367495 0.0245438 9.9982E-05 0.0182422 0.107795
0.264664 9.9973E-05 0.00753489 0.153506 0.532226 9.9973E-05 0.01118 9.9973E-05 0.0305896
0.32901 0.022183 9.9973E-05 9.9973E-05 0.415614 0.116921 0.0371987 9.9973E-05 0.0787726
0.597783 0.129183 9.9964E-05 9.9964E-05 0.192557 0.0569846 9.9964E-05 0.0230928 9.9964E-05
0.616678 0.0661724 0.0159347 0.00966833 0.18938 0.0289952 0.0358571 0.037214 9.9991E-05
0.415829 0.10812 0.0379501 0.0803231 0.2332 9.9973E-05 0.124278 9.9973E-05 9.9973E-05
0.556554 0.107929 9.9973E-05 0.0130873 0.218199 9.9973E-05 0.0712808 9.9973E-05 0.0326499
0.343509 9.9982E-05 0.0133068 9.9982E-05 0.419162 0.0717295 0.0751519 0.0344729 0.0424674
0.634436 0.00394193 9.9973E-05 0.0516039 0.203798 9.9973E-05 0.0809431 9.9973E-05 0.024978
0.450926 0.106361 0.0439926 9.9973E-05 0.284436 9.9973E-05 9.9973E-05 0.0473901 0.0665948
0.515808 0.00713355 9.9991E-05 0.0308867 0.227363 0.0325217 0.030124 0.096878 0.0591847
0.391498 9.9991E-05 0.0319877 0.0162586 0.025248 0.0522253 0.110813 0.310133 0.0617359
0.468989 0.0112335 0.0404332 0.0503143 0.0125778 0.0699645 0.0992575 0.10644 0.14079
0.501175 9.9991E-05 0.0501711 0.0307387 0.129471 0.0341916 0.108971 0.0384761 0.106705
0.518921 0.126362 0.0405455 0.118493 0.00150263 0.0282502 0.0401044 0.0268573 0.0989636
0.460546 0.0876517 0.0332749 0.0668329 9.9982E-05 9.9982E-05 0.0150922 0.179523 0.156879
0.409538 0.188852 9.9973E-05 0.102499 0.150125 0.118758 0.0299286 9.9973E-05 9.9973E-05
0.514481 0.0145535 9.9991E-05 0.0375595 0.142066 0.0533996 0.0330074 0.15005 0.0547819
0.0593698 0.0386974 9.9982E-05 0.0993835 9.9982E-05 0.203193 0.413449 0.132349 0.0533582
0.575333 9.9991E-05 0.0202273 0.05279 0.0598321 0.0100326 0.1253 0.115515 0.0408711
0.560608 0.113231 0.00400661 9.9982E-05 0.0411647 9.9982E-05 0.157833 0.0250503 0.0979063
0.532918 0.00622811 0.0241376 9.9991E-05 0.0758716 0.0425475 0.0720207 0.0350098 0.211166
0.291896 9.9991E-05 0.0172589 0.15025 0.013361 0.0765535 0.277692 0.112276 0.0606122
0.615943 9.9955E-05 9.9955E-05 9.9955E-05 9.9955E-05 9.9955E-05 0.112194 0.210957 0.0604059
0.524716 0.0753896 0.0505897 9.9991E-05 0.0142632 0.0391506 0.112919 0.0628378 0.120035
9.9973E-05 0.00966102 0.0110707 0.0608282 9.9973E-05 9.9973E-05 0.550963 0.258869 0.108309
0.550043 0.0230919 0.084799 0.00122265 9.9991E-05 0.00819531 0.146049 0.102737 0.0837627
0.504044 0.121358 0.0404879 9.9973E-05 9.9973E-05 9.9973E-05 0.0532263 0.133642 0.146941
0.498456 0.0751014 0.0085365 0.0674916 0.0508191 0.0328304 0.0599826 0.0729277 0.133854
0.597418 9.9973E-05 0.00834223 9.9973E-05 0.0561948 9.9973E-05 0.163596 0.104364 0.0697848
0.43881 0.07534 0.0253234 0.08377 0.0727951 0.0481667 0.0130916 0.131132 0.111571
0.426635 0.374221 0.0062323 0.107857 9.9973E-05 9.9973E-05 9.9973E-05 0.0588561 0.0258987
0.384628 0.215808 0.0320369 0.15458 0.0467051 0.00372007 9.9991E-05 0.0884167 0.0740052
0.0145309 0.76564 9.9955E-05 0.155421 0.0639079 9.9955E-05 9.9955E-05 9.9955E-05 9.9955E-05
9.99459E-05 0.925826 9.99459E-05 9.99459E-05 0.0458238 0.027751 9.99459E-05 9.99459E-05 9.99459E-05
0.470213 0.254914 0.0797983 9.9973E-05 0.118654 9.9973E-05 9.9973E-05 0.0471703 0.0289509
0.416552 0.0856533 9.9973E-05 9.9973E-05 9.9973E-05 0.0680585 0.120771 0.0526899 0.255976
0.312618 0.243224 0.012703 9.9973E-05 9.9973E-05 9.9973E-05 0.0927118 0.0238979 0.314545
0.20984 0.113496 0.0137872 0.00426344 9.9991E-05 0.0638625 0.203461 0.148867 0.242323
0.329087 0.180145 0.025683 9.9982E-05 9.9982E-05 0.0300872 0.112638 0.0932833 0.228877
0.0230409 0.704575 9.9964E-05 9.9964E-05 9.9964E-05 9.9964E-05 0.173815 0.0285388 0.0696303
0.102913 0.611193 0.0723068 9.9973E-05 9.9973E-05 9.9973E-05 0.14891 0.0108214 0.0535559
0.477132 0.338471 0.0268514 0.0379705 9.9982E-05 9.9982E-05 0.00607914 0.00139634 0.1119
0.405394 0.440781 9.9955E-05 9.9955E-05 9.9955E-05 9.9955E-05 9.9955E-05 0.0945453 0.0587798
0.138922 0.63175 0.085608 9.9973E-05 9.9973E-05 9.9973E-05 0.0476711 0.00799597 0.0877536
0.398949 0.285906 0.0429328 9.9973E-05 0.086968 9.9973E-05 9.9973E-05 0.0386847 0.14626
0.379125 0.407775 0.00382224 9.9982E-05 9.9982E-05 0.018596 0.0025424 0.0639175 0.124022
0.407927 0.207314 0.0193094 0.0477294 0.0329757 9.9982E-05 9.9982E-05 0.0922498 0.192295
0.299906 0.554431 9.9964E-05 0.0620595 0.0743745 9.9964E-05 9.9964E-05 0.00882926 9.9964E-05
0.358156 0.40462 0.0391572 0.106233 0.0647747 0.0104007 9.9982E-05 9.9982E-05 0.0164581
0.497627 0.267007 0.0674403 9.9973E-05 0.0784206 0.072942 9.9973E-05 9.9973E-05 0.016263
0.363454 0.393484 0.04418 9.9982E-05 0.0888897 0.0698679 9.9982E-05 0.0269505 0.0129739
0.392544 0.0987797 0.0220118 9.9991E-05 0.0820551 0.166868 0.0844615 0.0724685 0.0807119
0.402109 0.433574 0.0150493 9.9964E-05 9.9964E-05 0.138351 9.9964E-05 0.0105174 9.9964E-05
0.204974 0.74524 9.9946E-05 9.9946E-05 9.9946E-05 0.0491872 9.9946E-05 9.9946E-05 9.9946E-05
0.506285 0.320789 9.9973E-05 0.0334723 9.9973E-05 0.093107 0.0210461 9.9973E-05 0.0250012
0.177444 0.676145 9.9973E-05 0.0822936 0.0347093 9.9973E-05 0.0143594 9.9973E-05 0.0147488
0.325229 0.529422 0.0347064 9.9973E-05 0.0081914 0.0992505 9.9973E-05 0.00290124 9.9973E-05
0.435037 0.256772 0.0758994 0.0690186 0.0143308 9.9982E-05 9.9982E-05 0.0761709 0.0725711
0.460708 0.300033 0.010413 0.055184 0.0704703 0.0707901 9.9982E-05 0.0322014 9.9982E-05
0.520413 0.0904122 0.0250164 9.9982E-05 9.9982E-05 0.096938 0.0513221 0.0826011 0.133097
0.427306 0.157339 9.9982E-05 9.9982E-05 0.0713374 0.0869584 0.0185969 0.129044 0.109219
0.290564 9.9991E-05 0.00607997 0.0447227 0.0250751 0.137711 0.0902012 0.153091 0.252455
0.38464 0.118727 0.0602793 9.9991E-05 0.104193 0.0276713 0.126668 0.0595177 0.118203
0.427789 0.0514964 9.9991E-05 0.023404 0.117233 0.0655399 0.0101945 0.0870457 0.217197
0.46988 0.201205 0.0448427 9.9982E-05 0.0403233 0.0843904 9.9982E-05 0.142138 0.0170209
9.9973E-05 0.60395 0.00438143 9.9973E-05 0.00728017 9.9973E-05 0.117441 0.190217 0.0764307
0.551635 0.0356016 0.0503778 9.9982E-05 0.0163528 0.0500378 9.9982E-05 0.100743 0.195053
9.9964E-05 0.436321 0.00083168 9.9964E-05 9.9964E-05 9.9964E-05 0.162762 0.330953 0.068732
0.514557 0.317936 9.9955E-05 9.9955E-05 9.9955E-05 9.9955E-05 9.9955E-05 0.060273 0.106734
0.0414932 0.824657 9.99474E-05 0.13325 9.99474E-05 9.99474E-05 9.99474E-05 9.99474E-05 9.99474E-05
9.9955E-05 0.806038 0.000531129 0.138349 0.0545813 9.9955E-05 9.9955E-05 9.9955E-05 9.9955E-05
0.475693 0.403476 0.000128762 0.025935 0.0734811 0.0209862 9.9973E-05 9.9973E-05 9.9973E-05
0.586036 0.369225 9.9955E-05 0.0425738 9.9955E-05 9.9955E-05 9.9955E-05 0.00166564 9.9955E-05
0.403192 0.548169 9.9946E-05 9.9946E-05 9.9946E-05 0.0480401 9.9946E-05 9.9946E-05 9.9946E-05
0.439194 0.497508 0.0200821 0.0340725 9.9964E-05 9.9964E-05 9.9964E-05 9.9964E-05 0.00874334
0.452249 0.546402 9.9946E-05 9.9946E-05 0.000749551 9.9946E-05 9.9946E-05 9.9946E-05 9.9946E-05
0.0318666 0.0817664 0.0734493 9.9964E-05 9.9964E-05 9.9964E-05 9.9964E-05 0.730351 0.0821665
9.9973E-05 0.0206036 0.102792 9.9973E-05 0.132016 0.0186213 9.9973E-05 0.614077 0.11159
9.9964E-05 9.9964E-05 0.019233 9.9964E-05 0.013986 9.9964E-05 0.0228978 0.858597 0.0848861
0.0335652 9.9955E-05 0.15753 9.9955E-05 9.9955E-05 9.9955E-05 0.0418703 0.766534 9.9955E-05
0.406278 0.0102078 0.0461079 0.356517 0.0912008 9.9991E-05 0.0510657 0.0044202 0.0341023
0.374245 0.0260424 0.0229719 0.400396 0.0825036 9.9982E-05 9.9982E-05 0.0245808 0.0690598
0.437509 9.9955E-05 0.0536258 0.440174 0.0681919 9.9955E-05 9.9955E-05 9.9955E-05 9.9955E-05
0.493757 9.9964E-05 9.9964E-05 0.212497 9.9964E-05 0.123538 9.9964E-05 0.155488 0.0143201
0.459252 9.9973E-05 0.0382536 0.230127 0.0799339 0.137359 9.9973E-05 9.9973E-05 0.0547747
0.194553 0.0291669 0.0174396 0.551056 0.0830335 0.0712219 9.9982E-05 0.0533292 9.9982E-05
0.581389 9.9955E-05 9.9955E-05 0.370366 9.9955E-05 9.9955E-05 9.9955E-05 0.00600036 0.0417449
0.303516 0.0737091 0.025755 0.520102 9.9964E-05 0.0765183 9.9964E-05 9.9964E-05 9.9964E-05
0.511349 0.0505579 0.0042869 9.9982E-05 0.00941637 9.9982E-05 0.0403824 0.274908 0.108899
0.400016 0.0877959 9.9973E-05 0.384706 9.9973E-05 0.0618773 0.0260705 9.9973E-05 0.0392347
0.28347 9.9955E-05 0.0448653 0.537706 0.133459 9.9955E-05 9.9955E-05 9.9955E-05 9.9955E-05
0.499891 0.0976197 9.9973E-05 0.30934 0.0460627 9.9973E-05 9.9973E-05 0.0244928 0.0222936
0.375557 9.9955E-05 9.9955E-05 0.452065 0.143568 9.9955E-05 9.9955E-05 0.0283102 9.9955E-05
0.569457 0.0134419 0.0166731 0.3816 9.9964E-05 0.0184281 9.9964E-05 9.9964E-05 9.9964E-05
0.497606 0.0886191 0.0491657 0.329799 9.9964E-05 9.9964E-05 9.9964E-05 0.0344101 9.9964E-05
0.0570049 0.0276817 9.9946E-05 0.914714 9.9946E-05 9.9946E-05 9.9946E-05 9.9946E-05 9.9946E-05
0.251486 0.0440037 0.0277245 0.540391 0.0129875 0.0642317 0.0359156 0.0231598 9.9991E-05
0.243892 0.0137039 0.0356814 0.628447 0.0363421 9.9991E-05 0.0130558 0.0271408 0.00163737
9.9955E-05 0.0980062 9.9955E-05 0.871624 9.9955E-05 0.00156404 0.0283057 9.9955E-05 9.9955E-05
0.426806 9.9982E-05 0.00681916 0.329017 0.0774587 0.0658627 0.0182168 0.0756197 9.9982E-05
0.0436047 0.0547838 9.9964E-05 0.623031 9.9964E-05 0.143258 0.134923 9.9964E-05 9.9964E-05
9.9946E-05 0.0647903 9.9946E-05 0.749577 9.9946E-05 9.9946E-05 0.185033 9.9946E-05 9.9946E-05
0.57038 9.9991E-05 0.0256151 0.268744 0.00165341 0.0169045 0.0462687 0.0410818 0.0292523
0.149154 9.9964E-05 9.9964E-05 0.638071 0.0626471 9.9964E-05 9.9964E-05 0.0777377 0.0719903
0.363584 9.9973E-05 9.9973E-05 0.3963 0.111525 0.0361188 0.0306273 9.9973E-05 0.0615442
0.610637 9.9973E-05 0.039244 0.20663 9.9973E-05 0.0141377 9.9973E-05 0.105381 0.0236699
0.526273 9.9964E-05 9.9964E-05 0.393242 0.0293849 0.0394887 9.9964E-05 0.0112117 9.9964E-05
0.44163 0.0877145 9.9964E-05 0.100782 0.30052 9.9964E-05 0.0689528 9.9964E-05 9.9964E-05
0.53196 0.0106115 9.9964E-05 0.272276 0.15903 9.9964E-05 9.9964E-05 9.9964E-05 0.0257231
0.487912 9.9982E-05 0.0120778 0.318563 0.0857443 0.0170557 9.9982E-05 0.0764178 0.0020297
0.261615 0.0472517 0.00647067 0.654027 9.9964E-05 9.9964E-05 0.0302361 9.9964E-05 9.9964E-05
0.48993 0.14349 0.0295399 0.22925 9.9973E-05 9.9973E-05 9.9973E-05 0.080462 0.0270279
9.9955E-05 9.9955E-05 0.0731438 9.9955E-05 0.301884 0.0515916 9.9955E-05 0.572881 9.9955E-05
0.0315604 0.0372191 0.0771884 0.0769619 0.038018 9.9982E-05 0.0352321 0.70362 9.9982E-05
9.9964E-05 9.9964E-05 0.139963 9.9964E-05 0.105201 0.0122407 0.0560584 0.686137 9.9964E-05
9.9973E-05 0.0560266 0.1168 0.00562959 0.11655 9.9973E-05 0.0206115 0.684082 9.9973E-05
0.00305479 9.9973E-05 0.043266 0.0220774 0.153474 0.0663354 9.9973E-05 0.711492 9.9973E-05
0.13939 9.9964E-05 9.9964E-05 0.643371 0.156697 9.9964E-05 9.9964E-05 0.0518771 0.00826438
0.0650772 9.9973E-05 0.0331304 0.66962 0.0612805 0.0989595 9.9973E-05 0.0716324 9.9973E-05
