0.0231274 0.912241 9.9982E-05 0.0644319 9.9982E-05
9.9982E-05 0.932146 9.9982E-05 0.0642783 0.00337536
0.048348 0.833943 0.0879098 0.0296995 9.9991E-05
0.110391 0.774416 0.00316167 0.111932 9.9991E-05
0.0922278 0.84926 0.0583124 9.9982E-05 9.9982E-05
0.0347088 0.626656 0.104518 0.0886143 0.145503
9.9982E-05 0.881485 9.9982E-05 0.0561077 0.0622074
0.0366668 0.759737 9.9991E-05 0.139334 0.0641621
9.9982E-05 0.822111 9.9982E-05 0.0876784 0.0900106
0.0819947 0.720276 0.142485 0.0240133 0.0312312
0.0160633 0.75516 0.000238691 0.12241 0.106128
0.0882952 9.9991E-05 0.303708 0.545718 0.0621781
0.166179 9.9982E-05 0.519432 0.314189 9.9982E-05
0.132024 0.0246282 0.277273 0.449155 0.11692
0.161872 0.0174253 0.370582 0.450021 9.9991E-05
0.218579 0.0580661 0.387169 0.258457 0.0777289
0.213094 0.0257775 0.476251 0.274769 0.0101079
0.076854 0.0294487 0.54079 0.261706 0.0912008
0.0982381 0.082706 0.380083 0.427389 0.0115843
0.1071 0.0190054 0.0422326 0.733077 0.0985841
0.140222 9.9991E-05 0.400434 0.306065 0.153179
0.0751122 0.0177642 0.48097 0.318958 0.107196
0.0610048 0.0724877 0.555498 0.198372 0.112638
0.113016 9.9991E-05 0.348156 0.453283 0.0854442
0.138267 0.10586 0.613418 0.0518835 0.0905715
0.210603 9.9991E-05 0.481672 0.218574 0.089051
0.134688 0.078216 0.218932 0.531453 0.0367108
0.173029 0.0512523 0.241656 0.472229 0.0618342
0.02394 0.0154721 0.275176 0.496054 0.189359
0.0620708 0.841908 0.0958213 9.9982E-05 9.9982E-05
0.00603319 0.859814 0.133953 9.9982E-05 9.9982E-05
0.0346819 0.791894 0.173224 9.9982E-05 9.9982E-05
0.0591616 0.750153 0.167883 9.9991E-05 0.0227021
9.9991E-05 0.0859237 0.657626 0.189208 0.0671428
0.0307854 0.0901097 0.618304 0.144871 0.11593
9.9982E-05 0.0688571 0.736035 9.9982E-05 0.194908
9.9991E-05 0.100077 0.239451 0.575342 0.0850296
0.00357814 0.045268 0.428771 0.0714535 0.450929
0.0474067 0.0932864 0.557944 0.121818 0.179546
0.0542523 9.9982E-05 0.744437 9.9982E-05 0.201111
9.9991E-05 0.107211 0.677927 0.0941916 0.12057
0.0169577 0.134813 0.689133 0.0219159 0.137181
9.9982E-05 9.9982E-05 0.326889 0.199914 0.472997
0.139887 0.0628152 0.564481 0.0265324 0.206285
0.0737289 0.00995678 0.620182 0.0355648 0.260567
0.145159 0.0469556 0.584706 0.0707056 0.152474
9.9982E-05 9.9982E-05 0.503685 0.0101422 0.485973
0.0182125 0.0552965 0.796504 9.9991E-05 0.129887
0.000886318 0.113529 0.655617 9.9991E-05 0.229867
9.9982E-05 0.0999032 9.9982E-05 0.109313 0.790584
9.9982E-05 9.9982E-05 0.250372 0.565302 0.184125
0.0670075 0.0156452 0.0513702 0.215286 0.650691
0.127919 0.0291727 0.531037 0.242093 0.0697772
0.167307 0.063146 0.575715 0.0479205 0.145911
0.176195 0.0205344 0.551679 0.0974338 0.154158
9.9991E-05 0.129282 0.234192 0.350949 0.285478
0.0423059 0.0391067 0.649046 0.213238 0.0563029
0.11064 0.0933791 0.572976 0.174123 0.0488816
0.00649873 0.117803 0.433752 0.208532 0.233415
0.0499247 0.213881 0.126502 0.316796 0.292895
0.0443314 0.0802656 0.639977 0.150363 0.0850626
0.127915 0.0494811 0.368191 0.389122 0.0652912
9.9991E-05 0.0759232 0.0866282 0.551825 0.285524
0.0455353 9.9991E-05 0.566348 0.268287 0.11973
0.111095 0.00453932 0.601682 0.0654415 0.217242
0.0700095 0.101829 0.591304 0.179707 0.0571501
0.0531944 0.0199852 0.330327 0.339805 0.256688
0.131541 0.0113756 0.462785 0.241864 0.152434
0.0461971 0.0485585 0.60492 0.0725188 0.227806
9.9982E-05 9.9982E-05 0.242957 0.502027 0.254815
9.9982E-05 9.9982E-05 0.719151 0.0547458 0.225903
9.9982E-05 9.9982E-05 0.40267 0.176277 0.420853
0.00765977 0.0990452 0.591992 0.113201 0.188102
9.9982E-05 9.9982E-05 0.140387 0.0533193 0.806094
9.9982E-05 9.9982E-05 0.21339 0.113306 0.673104
9.9973E-05 9.9973E-05 0.448243 9.9973E-05 0.551457
9.9991E-05 0.0131676 0.532613 0.102497 0.351622
0.030893 0.198071 0.726762 0.044174 9.9991E-05
0.035073 0.0228571 0.585478 0.0934458 0.263146
9.9991E-05 0.0129262 0.374124 0.299767 0.313083
9.9982E-05 9.9982E-05 0.408902 0.419408 0.17149
0.101641 0.0657186 0.609683 0.112022 0.110935
9.9991E-05 0.0130161 0.503517 0.152864 0.330503
0.0252091 0.0131186 0.631833 0.169108 0.160732
9.9982E-05 0.0049968 0.561528 9.9982E-05 0.433275
9.9982E-05 9.9982E-05 0.130831 0.0578058 0.811163
0.047532 9.9991E-05 0.719326 0.0728631 0.160179
0.0239249 0.819565 0.0852425 0.0711673 9.9991E-05
9.9973E-05 0.916215 0.0834852 9.9973E-05 9.9973E-05
0.0440538 0.890139 0.0656072 9.9982E-05 9.9982E-05
9.9982E-05 0.891312 0.108328 9.9982E-05 0.000160739
0.0344892 0.850839 0.114472 9.9982E-05 9.9982E-05
9.9982E-05 0.916713 0.0548926 9.9982E-05 0.0281945
9.9973E-05 0.917879 0.0818214 9.9973E-05 9.9973E-05
0.0322815 0.0454587 0.680409 0.121572 0.120278
0.146678 0.0302291 0.500892 0.1666 0.155601
9.9982E-05 9.9982E-05 0.277377 0.142817 0.579607
0.0259134 0.186961 0.640458 9.9991E-05 0.146567
9.9991E-05 0.017035 0.604852 0.173011 0.205002
0.0193411 0.0698059 0.728736 9.99978E-05 0.182017
0.0368318 0.00444981 0.624996 0.0519795 0.281743
0.0998214 9.9982E-05 0.563253 9.9982E-05 0.336726
9.9991E-05 0.00615766 0.107566 0.310767 0.57541
9.9991E-05 0.127433 0.651862 0.0665441 0.154061
0.0769902 0.0880945 0.713868 0.0234827 0.0975643
0.0801562 0.0135979 0.666397 0.147648 0.0922015
9.9982E-05 0.0292222 0.428812 9.9982E-05 0.541766
0.00708628 0.0375821 0.606698 9.9991E-05 0.348533
9.9982E-05 9.9982E-05 0.613132 0.218717 0.167951
0.0944919 9.9982E-05 0.452654 9.9982E-05 0.452655
9.9991E-05 0.0369582 0.601248 0.128968 0.232727
0.077817 0.148329 0.560909 9.9991E-05 0.212844
0.0397561 0.0343675 0.267725 0.346065 0.312086
0.109643 0.140605 0.395766 0.353886 9.9991E-05
0.0942066 0.126328 0.542648 0.173123 0.0636936
0.0633437 0.14362 0.692972 0.0690051 0.0310584
0.0422837 0.0344187 0.50595 0.417248 9.9991E-05
0.0401162 0.0264752 0.640733 0.269424 0.0232516
0.0542308 0.00300818 0.516042 0.397752 0.0289675
0.0203372 0.13651 0.602171 0.15286 0.0881219
0.0820478 0.115626 0.606342 0.161664 0.0343203
9.9991E-05 0.070005 0.680171 0.167358 0.0823662
9.9982E-05 9.9982E-05 0.643648 0.337149 0.0190036
0.192062 9.9991E-05 0.509864 0.213943 0.0840312
0.100052 0.0955909 0.611228 0.102403 0.0907259
0.104576 9.9991E-05 0.584732 0.255529 0.0550628
0.0584066 0.114541 0.593513 0.187906 0.0456325
0.089252 9.9991E-05 0.587079 0.253492 0.0700766
0.116105 0.0938876 0.345285 0.354806 0.0899159
0.100818 9.9991E-05 0.623088 0.267132 0.00886177
0.05209 0.0264669 0.77816 0.143183 9.9991E-05
0.0489261 0.0142972 0.348013 0.407634 0.18113
0.0616086 0.0443924 0.2129 0.313562 0.367537
0.105368 0.00293381 0.551316 0.26035 0.0800313
0.0619627 9.9991E-05 0.016584 0.314548 0.606805
0.0209043 0.0137665 0.348075 0.462799 0.154455
9.9991E-05 0.0193137 0.551596 0.26931 0.15968
9.9982E-05 9.9982E-05 0.409291 0.524537 0.0659722
0.0114428 9.9991E-05 0.370902 0.544998 0.0725569
0.0488039 0.0351905 0.671788 0.206097 0.0381207
0.0980048 0.0709646 0.602575 0.0681247 0.160331
0.00782989 0.123367 0.660497 0.173572 0.0347342
0.0220429 9.9991E-05 0.278559 0.420361 0.278937
9.9991E-05 0.218975 0.672155 0.0131325 0.0956375
0.139502 0.0745814 0.461794 0.0495893 0.274533
9.9991E-05 0.191871 0.0249887 0.0797696 0.703271
0.0784062 0.123577 0.597644 9.9991E-05 0.200273
0.0191801 0.130821 0.432483 0.0471908 0.370325
0.166316 0.0574039 0.433371 0.112593 0.230316
0.0465672 0.16621 0.250093 0.0880495 0.44908
9.9991E-05 0.129646 0.20335 0.17469 0.492213
9.9991E-05 0.0517179 0.513488 0.0855905 0.349103
0.0863795 0.160654 0.458486 0.0390536 0.255427
0.123927 0.121611 0.362719 0.0811583 0.310584
0.155984 0.0699275 0.0534667 0.140269 0.580353
0.106568 0.0730523 0.486256 0.103867 0.230256
0.00772414 9.9991E-05 0.421 0.13764 0.433536
0.0728818 0.00283709 0.456392 0.171682 0.296207
0.0640462 0.125031 0.636661 0.0689852 0.105276
0.2595 0.370047 0.15016 9.9991E-05 0.220193
0.158042 0.627723 9.9982E-05 9.9982E-05 0.214035
0.130486 0.527876 9.9982E-05 9.9982E-05 0.341438
0.373011 0.45005 0.0869556 0.0224444 0.0675398
0.069341 9.9982E-05 0.74555 9.9982E-05 0.184909
0.158179 0.0626519 0.570637 0.0680837 0.140449
0.680385 9.9982E-05 0.295824 0.0235909 9.9982E-05
0.447891 0.0277951 0.381638 0.0665525 0.0761236
0.475395 0.0176711 0.259125 0.168702 0.0791058
0.0732011 0.0049994 0.359294 0.00642283 0.556083
0.15475 0.0743242 0.463747 0.0988862 0.208292
0.0779359 9.9991E-05 0.191726 0.10572 0.624518
0.0797611 0.0848031 0.591074 9.9991E-05 0.244262
0.0410678 0.0545688 0.561462 0.0385637 0.304338
0.111345 0.00902342 0.57594 0.0268936 0.276798
0.00148886 0.0342453 0.260944 0.0158878 0.687434
0.0921866 0.0817946 0.660395 0.00232833 0.163296
0.150455 0.127359 0.520179 0.0178921 0.184115
0.973763 9.9973E-05 9.9973E-05 9.9973E-05 0.0259371
0.946863 9.9982E-05 0.0435478 0.00938951 9.9982E-05
0.645719 0.0361915 0.230081 0.0879081 9.9991E-05
0.686303 9.9982E-05 0.296021 0.0174763 9.9982E-05
0.866102 0.013548 0.12015 9.9982E-05 9.9982E-05
0.9996 9.997E-05 9.997E-05 9.997E-05 9.997E-05
0.991205 9.9973E-05 9.9973E-05 0.00849526 9.9973E-05
0.847002 9.9973E-05 0.152698 9.9973E-05 9.9973E-05
0.938799 9.9982E-05 0.0561833 0.00481764 9.9982E-05
0.9996 9.997E-05 9.997E-05 9.997E-05 9.997E-05
0.9996 9.997E-05 9.997E-05 9.997E-05 9.997E-05
0.839128 0.0343757 0.126296 9.9982E-05 9.9982E-05
0.80267 0.0500543 0.085769 0.0453044 0.0162024
0.988166 9.9973E-05 9.9973E-05 0.011534 9.9973E-05
0.426802 0.0163174 0.393681 0.1631 9.9991E-05
0.676286 0.0415551 0.206107 0.0725101 0.003542
0.76274 0.0646495 0.172411 9.9982E-05 9.9982E-05
0.939671 0.0117124 0.0145104 0.0340063 9.9991E-05
0.987221 9.9973E-05 0.0124789 9.9973E-05 9.9973E-05
0.834755 0.0463843 0.118661 9.9982E-05 9.9982E-05
0.998635 0.00106493 9.9973E-05 9.9973E-05 9.9973E-05
0.661381 9.9982E-05 0.261307 9.9982E-05 0.0771118
0.920349 0.00705592 9.9991E-05 0.0138067 0.0586886
0.0576918 0.396525 9.9982E-05 9.9982E-05 0.545584
0.125372 0.176885 0.370941 0.134427 0.192375
0.100146 0.240934 0.450479 0.0482832 0.160157
0.119029 0.267374 0.21107 0.00786279 0.394664
0.163695 0.159003 0.451458 0.0280195 0.197825
0.136865 0.30291 0.205834 9.9991E-05 0.354292
0.125651 0.155891 0.431962 0.0987433 0.187752
0.214506 0.142771 0.341045 9.9991E-05 0.301579
0.214707 0.166952 0.421586 0.030093 0.166661
0.204783 0.184179 0.380974 9.9991E-05 0.229964
0.0999825 0.268503 0.452224 0.0451989 0.134092
9.9982E-05 0.848399 0.0531436 0.0982573 9.9982E-05
0.0303746 0.969325 9.9973E-05 9.9973E-05 9.9973E-05
9.9973E-05 0.950151 9.9973E-05 0.0495489 9.9973E-05
9.9982E-05 0.9482 0.0126744 0.0389256 9.9982E-05
9.9982E-05 0.921173 0.0358826 0.0427445 9.9982E-05
0.113607 0.863947 9.9982E-05 9.9982E-05 0.022246
0.0873524 0.893403 0.0190446 9.9982E-05 9.9982E-05
9.9991E-05 0.912263 0.0180084 0.0167134 0.052915
0.0245439 0.92798 9.9991E-05 0.0219889 0.0253868
0.105915 0.863333 0.00681237 0.0238405 9.9991E-05
9.9982E-05 0.594546 9.9982E-05 0.318318 0.0869368
0.0218912 0.5682 9.9991E-05 0.408663 0.00114507
9.9982E-05 0.565305 9.9982E-05 0.285224 0.149272
9.9991E-05 0.493914 0.000346402 0.377878 0.127762
9.9991E-05 0.0649503 0.592903 0.124032 0.218016
0.0329428 0.0378469 0.550384 0.104753 0.274074
0.0532385 9.9991E-05 0.653529 0.222076 0.0710566
0.0249054 0.0378869 0.499252 0.266508 0.171448
9.9982E-05 9.9982E-05 0.23074 0.685495 0.0835642
0.0668252 0.0108552 0.717681 0.0316152 0.173023
0.050838 9.9991E-05 0.616441 0.10485 0.227772
0.0810398 9.9991E-05 0.502553 0.123534 0.292773
9.9982E-05 9.9982E-05 0.521359 0.0431619 0.435279
9.9991E-05 0.0388005 0.669997 0.0624852 0.228617
9.9982E-05 9.9982E-05 0.563984 0.167511 0.268305
9.9982E-05 9.9982E-05 0.0014061 0.171143 0.827251
0.00831544 0.0649977 0.576138 0.183192 0.167358
0.0108114 9.9991E-05 0.367294 0.0478442 0.573951
0.0674642 9.9991E-05 0.530339 0.114127 0.28797
9.9982E-05 9.9982E-05 0.289818 0.307211 0.402772
0.0184059 0.133995 0.0294384 0.771275 0.0468851
0.00908798 0.108401 0.0593466 0.747096 0.0760685
9.9982E-05 0.0444609 9.9982E-05 0.840256 0.115083
9.9982E-05 0.136326 9.9982E-05 0.806249 0.0572259
0.0510033 9.9982E-05 9.9982E-05 0.866398 0.0823989
0.0739654 0.0455491 0.0891348 0.791251 9.9991E-05
0.0139066 0.875345 0.096222 9.9991E-05 0.0144263
0.0811767 0.785089 0.0311385 0.102496 9.9991E-05
0.106155 0.766873 0.126772 9.9982E-05 9.9982E-05
0.084205 0.769216 0.0898683 0.0566103 9.9991E-05
0.143449 0.756104 0.0689552 0.0313919 9.9991E-05
9.9973E-05 0.381894 9.9973E-05 0.617806 9.9973E-05
9.9982E-05 0.519317 9.9982E-05 0.40848 0.072003
0.013784 0.434466 9.9991E-05 0.487951 0.0636989
0.0448919 0.828997 0.0987622 0.027249 9.9991E-05
0.000574483 0.363635 9.9991E-05 0.535854 0.0998365
0.417447 0.223938 0.204982 9.9991E-05 0.153533
0.245033 0.15005 0.590903 0.0139132 9.9991E-05
0.295047 0.169449 0.535304 9.9982E-05 9.9982E-05
0.221858 0.328488 0.395207 9.9991E-05 0.0543482
0.212289 0.170655 0.524683 0.0525715 0.0398018
0.349598 0.427019 9.9982E-05 9.9982E-05 0.223183
9.9991E-05 0.0101383 0.526028 0.366603 0.0971307
0.0857952 9.9991E-05 0.415271 0.213014 0.285819
9.9982E-05 0.13441 0.390627 0.474762 9.9982E-05
0.0510704 9.9991E-05 0.448872 0.247465 0.252493
9.9973E-05 9.9973E-05 9.9973E-05 0.190774 0.808926
0.0393288 0.121965 0.624517 0.124135 0.0900545
0.0274858 0.0304219 0.468641 0.236262 0.237189
9.9991E-05 0.03568 0.432787 0.444606 0.0868277
0.0540224 0.143892 0.575002 0.134893 0.092191
0.0637704 9.9991E-05 0.15813 0.239985 0.538015
0.0897209 0.00584186 0.473709 0.162779 0.267949
0.0574454 9.9991E-05 0.589964 0.322602 0.0298891
0.191241 0.165121 0.376836 0.0340545 0.232747
0.0822149 9.9991E-05 0.401108 0.248905 0.267673
0.0195826 0.0472153 0.525018 0.226841 0.181343
0.151472 9.9991E-05 0.449103 0.158745 0.24058
0.047017 0.012892 0.593947 0.103455 0.242689
0.0728711 9.9991E-05 0.668711 0.233148 0.0251701
0.107792 0.0808934 0.556098 0.227448 0.0277689
0.0388293 0.0757585 0.627928 0.167662 0.0898225
0.0676507 0.805958 0.126191 9.9982E-05 9.9982E-05
0.0194954 0.860992 0.0701532 9.9991E-05 0.0492591
9.9991E-05 0.80053 0.0598843 0.102666 0.0368194
0.00624674 0.788631 0.0707847 0.0516815 0.0826556
0.0242552 0.83905 0.136495 9.9982E-05 9.9982E-05
0.087825 9.9991E-05 0.262759 0.635362 0.0139538
0.0688123 0.0855595 0.564998 0.0628885 0.217742
0.168998 0.24476 0.452641 9.9991E-05 0.133502
0.0842028 0.0714922 0.722989 0.0901977 0.031118
0.0314902 0.0348209 0.665002 0.267184 0.00150302
0.124185 0.00142847 0.242705 0.356128 0.275553
9.9991E-05 0.128128 0.0334443 0.634964 0.203364
0.089277 0.00868303 0.504653 0.36959 0.0277968
0.0569027 0.0892376 0.172042 0.581582 0.100236
0.140236 0.0520785 0.457945 0.0959017 0.253838
0.0881529 0.12471 0.124768 0.510853 0.151516
0.101436 0.133935 0.585099 0.12288 0.0566509
0.0725305 0.0388799 0.27984 0.575954 0.032796
0.124501 9.9991E-05 0.363432 0.328196 0.183771
0.116959 0.0452149 0.501046 0.151421 0.18536
0.0744282 0.000825467 0.252721 0.180799 0.491227
0.0234374 0.0909198 0.680135 0.0280954 0.177412
0.0863211 0.195208 0.626102 9.9991E-05 0.0922696
9.9991E-05 0.0469433 0.378377 0.077345 0.497235
0.142752 0.039008 0.503358 0.122847 0.192035
9.9991E-05 0.0589626 0.602015 0.0573482 0.281575
9.9982E-05 9.9982E-05 0.129251 0.133819 0.73673
9.9982E-05 0.0280107 0.320752 9.9982E-05 0.651037
0.0204009 0.0497922 0.572459 0.0338177 0.32353
9.9991E-05 0.0512668 0.24518 0.0984528 0.605
9.9991E-05 0.0352874 0.56776 0.0763239 0.320529
9.9982E-05 9.9982E-05 0.229052 0.634235 0.136512
0.025161 9.9991E-05 0.314079 0.380483 0.280177
0.148393 9.9982E-05 0.347279 0.504128 9.9982E-05
0.164361 9.9991E-05 0.550106 0.23659 0.0488429
9.9982E-05 9.9982E-05 0.369584 0.545239 0.084978
0.14728 0.0340411 0.438835 0.156873 0.222972
0.094579 0.110854 0.648409 0.146057 9.9991E-05
0.112395 9.9991E-05 0.473923 0.322329 0.0912532
0.119784 9.9991E-05 0.492148 0.309952 0.0780158
0.087293 9.9991E-05 0.49445 0.388016 0.0301404
0.0989314 9.9991E-05 0.260991 0.526722 0.113256
0.148169 9.9991E-05 0.318385 0.530078 0.00326771
0.0454637 0.0351975 0.693508 0.225731 9.9991E-05
0.0766261 0.046218 0.616433 0.111154 0.149569
0.0387803 0.00693839 0.492197 0.290466 0.171619
0.14697 9.9991E-05 0.424877 0.313304 0.114749
0.00795788 0.0896383 0.476955 0.38572 0.0397287
0.0950287 0.0541266 0.621899 0.228846 9.9991E-05
0.122399 0.0462926 0.546854 0.28194 0.00251427
0.114116 0.083725 0.559056 0.212104 0.0309996
0.119666 0.404697 0.435253 9.9991E-05 0.0402841
0.316449 0.129224 0.376229 9.9991E-05 0.177998
0.158681 0.187806 0.508888 0.075827 0.0687981
0.161356 0.0989913 0.569168 0.0535529 0.116932
0.194952 0.200915 0.588797 0.0133862 0.00195
0.0907419 9.9991E-05 0.436048 0.245597 0.227514
0.219317 0.202483 0.526292 9.9991E-05 0.0518073
0.19016 0.259588 9.9982E-05 9.9982E-05 0.550051
0.297253 0.0791235 0.499244 0.124279 9.9991E-05
0.155783 0.145001 0.607937 0.0867647 0.00451416
0.3094 0.139996 0.416507 0.0820303 0.0520665
0.200275 0.22302 0.256798 0.0619907 0.257917
0.150292 0.233428 0.56989 9.9991E-05 0.0462906
0.21244 0.12338 0.583517 0.0329773 0.0476854
0.217165 0.497087 9.9982E-05 9.9982E-05 0.285548
0.21735 0.154049 0.595048 0.0334534 9.9991E-05
0.265835 0.160902 0.500383 0.0437066 0.0291737
0.195396 0.0737906 0.628648 0.0304982 0.0716671
0.193224 0.212326 0.581809 9.9991E-05 0.0125409
0.112253 0.229515 0.563309 0.0559438 0.0389794
0.0988019 9.99942E-05 0.472434 0.115232 0.313432
0.0804381 0.134619 0.523078 0.00649211 0.255372
0.0182675 9.9991E-05 0.0704765 0.175131 0.736026
0.00446815 9.9991E-05 0.067846 0.127232 0.800354
0.217127 9.9991E-05 0.433907 0.209764 0.139102
0.331173 0.105742 0.468232 0.0220886 0.0727649
0.341804 0.134 0.346642 9.9991E-05 0.177453
0.302691 0.249003 0.189853 9.9991E-05 0.258353
0.299577 0.220983 0.307557 0.00467992 0.167203
0.13395 0.120054 0.0928956 9.9991E-05 0.653
0.184258 0.095466 0.18263 9.9991E-05 0.537546
0.185845 0.0127135 0.481952 0.0251972 0.294292
0.173869 0.0553109 0.487729 0.0423144 0.240777
0.183347 0.062004 0.196696 9.9991E-05 0.557853
0.103764 0.0635845 0.558559 0.0402508 0.233841
0.149717 0.0330992 0.546371 9.9991E-05 0.270713
0.162138 0.0659213 0.471527 0.184021 0.116393
9.9982E-05 9.9982E-05 0.32672 0.200488 0.472592
0.0918566 9.9991E-05 0.390192 0.177275 0.340576
0.102868 0.00215039 0.61764 0.0379295 0.239412
0.0631897 0.0539121 0.394363 0.198162 0.290374
0.146089 0.0155464 0.461467 0.0770914 0.299806
9.9982E-05 9.9982E-05 0.552893 0.00683444 0.440072
0.0164033 9.9991E-05 0.288881 0.142097 0.552519
0.109218 0.0333722 0.511604 9.9991E-05 0.345706
0.16362 0.0639928 0.485975 0.120987 0.165425
0.0673935 9.9991E-05 0.206705 0.0538105 0.671991
0.0512953 0.0363456 0.437698 9.9991E-05 0.474561
0.0634453 0.0986233 0.549758 0.0785938 0.20958
0.153061 0.0121564 0.437137 9.9991E-05 0.397546
0.190668 0.182108 0.477809 0.0543113 0.0951039
0.171395 0.185929 0.44871 0.08306 0.110907
0.293829 0.117927 0.3298 0.0579157 0.200528
0.31888 0.0761039 0.265832 0.141053 0.198131
0.121848 0.187831 0.594308 0.0318566 0.0641561
0.248184 0.158678 0.336488 0.0328708 0.223779
0.178666 0.191887 9.9991E-05 0.017994 0.611353
0.212598 0.107202 0.597457 9.9991E-05 0.0826427
0.137089 0.437081 9.9982E-05 9.9982E-05 0.42563
0.21991 0.0643088 0.462464 9.9991E-05 0.253217
9.9973E-05 9.9973E-05 0.166674 9.9973E-05 0.833026
0.0120823 0.026316 0.00417465 0.0692954 0.888132
0.0563228 9.9991E-05 0.500065 0.0209816 0.422531
0.066319 0.0257407 0.6626 9.9991E-05 0.245241
9.9982E-05 9.9982E-05 0.464007 0.0416604 0.494132
0.00367312 9.9982E-05 0.629167 9.9982E-05 0.36696
0.0502676 9.9991E-05 0.586468 0.0192105 0.343954
0.0939489 0.774789 0.0238083 9.9991E-05 0.107354
0.140962 0.753329 9.9982E-05 0.105509 9.9982E-05
0.0723212 0.896392 9.9982E-05 0.031087 9.9982E-05
9.9973E-05 0.946804 0.0528966 9.9973E-05 9.9973E-05
0.00426004 0.106665 0.582457 9.9991E-05 0.306518
0.0191894 0.0639072 0.622796 0.126743 0.167365
9.9991E-05 0.0159712 0.651901 0.118151 0.213876
0.00824155 0.144734 0.682556 0.0606872 0.103781
0.00636819 0.135129 0.634983 0.0348763 0.188643
9.9991E-05 0.0264112 0.368963 0.192857 0.411669
9.9982E-05 0.00619611 0.767338 9.9982E-05 0.226266
9.9982E-05 0.00338813 0.450349 9.9982E-05 0.546063
0.186252 0.234969 0.477595 0.101084 9.9991E-05
0.0261514 9.9991E-05 0.505032 0.165979 0.302738
9.9991E-05 0.0182965 0.561845 0.168592 0.251167
9.9982E-05 9.9982E-05 0.691424 0.0308883 0.277487
9.9982E-05 9.9982E-05 0.626247 0.0944468 0.279106
0.0303303 0.0242254 0.65563 9.9991E-05 0.289714
9.9991E-05 0.0764528 0.819237 0.018627 0.0855833
9.9973E-05 9.9973E-05 0.27475 9.9973E-05 0.72495
0.00394543 0.00632746 0.430249 0.0792325 0.480246
0.0267833 0.0400454 0.394446 0.0900733 0.448652
9.9973E-05 9.9973E-05 0.114531 9.9973E-05 0.885169
9.9991E-05 0.0253304 0.534857 0.198769 0.240944
9.9991E-05 0.00325453 0.2971 0.0108135 0.688732
9.9982E-05 0.00357235 0.101754 9.9982E-05 0.894474
0.00602456 0.0614834 0.67875 9.9991E-05 0.253642
9.9982E-05 9.9982E-05 0.335664 0.176461 0.487675
0.0481719 0.00656738 0.611118 0.19888 0.135263
0.151024 0.0777874 0.624209 9.9991E-05 0.14688
9.9991E-05 0.0244865 0.735777 0.132571 0.107066
0.0746873 9.9991E-05 0.40106 0.366975 0.157178
0.0576348 0.0440296 0.582164 0.126735 0.189437
9.9991E-05 0.08031 0.674617 0.120669 0.124305
9.9982E-05 9.9982E-05 0.486421 0.0449718 0.468407
0.0319694 0.0780224 0.619405 9.9991E-05 0.270503
0.0196906 0.625864 9.9991E-05 0.326864 0.0274805
0.0128145 0.739645 0.0267467 0.141588 0.0792061
9.9982E-05 0.838513 9.9982E-05 0.150898 0.0103896
9.9973E-05 0.841364 9.9973E-05 0.158336 9.9973E-05
9.9982E-05 0.719467 0.0622629 0.21807 9.9982E-05
9.9991E-05 0.0060508 0.366409 0.241398 0.386042
9.9982E-05 9.9982E-05 0.30551 0.228667 0.465623
9.9973E-05 9.9973E-05 0.291721 9.9973E-05 0.707979
0.178293 0.0792962 0.53849 0.0475392 0.156382
0.0406124 0.227499 0.599683 9.9991E-05 0.132106
9.9982E-05 0.00530889 0.431367 9.9982E-05 0.563124
0.124517 9.9982E-05 0.637155 9.9982E-05 0.238128
0.0846685 0.0159569 0.519369 9.9991E-05 0.379905
9.9991E-05 0.000759466 0.692735 0.108792 0.197614
0.0472509 0.055827 0.653505 0.125365 0.118052
9.9982E-05 9.9982E-05 0.391322 0.193487 0.414991
9.9982E-05 9.9982E-05 0.500748 0.108054 0.390998
9.9982E-05 9.9982E-05 0.487444 0.244357 0.267999
0.0306419 0.115806 0.691499 0.0313278 0.130725
9.9991E-05 0.0275277 0.540745 0.152917 0.27871
0.025204 0.0160444 0.584698 0.018872 0.355181
0.410589 0.126698 0.451364 9.9991E-05 0.011248
0.474777 0.0052569 0.338802 0.146115 0.0350491
0.554978 0.088592 0.323009 9.9991E-05 0.0333213
0.515611 0.102592 0.360725 9.9991E-05 0.0209714
0.380142 0.107737 0.415717 0.0963043 9.9991E-05
0.0494896 0.01077 0.420907 9.9991E-05 0.518734
0.680189 0.291641 9.9991E-05 0.012014 0.0160559
0.524932 0.130595 0.302124 0.0392002 0.00314924
0.206656 0.119291 0.419526 9.9991E-05 0.254428
9.9991E-05 0.189151 0.616741 0.0272509 0.166757
0.0419734 0.172515 0.512531 0.111612 0.16137
0.0794335 0.167223 0.578299 0.119435 0.0556095
0.0292856 0.115666 0.65568 0.048524 0.150845
0.497173 0.192155 0.310473 9.9982E-05 9.9982E-05
0.362276 0.135489 0.356427 0.145708 9.9991E-05
0.504643 0.108199 0.386958 9.9982E-05 9.9982E-05
0.343193 0.149675 0.431895 0.0193489 0.0558882
0.588337 0.0622196 0.339374 9.9991E-05 0.00997024
0.412427 0.122186 0.39287 0.018698 0.0538184
0.660161 0.102647 0.166921 9.9991E-05 0.0701704
0.397498 0.0573936 0.452817 0.0921911 9.9991E-05
0.0680805 0.104025 0.517316 0.0370756 0.273503
0.301922 0.231059 0.391623 9.9991E-05 0.0752958
0.709613 0.162372 0.127815 9.9982E-05 9.9982E-05
0.380265 0.113783 0.457662 0.0259032 0.0223874
9.9991E-05 0.232609 0.251419 0.203343 0.312529
0.161671 9.9991E-05 0.524341 0.106828 0.207061
0.315956 0.149141 0.332014 0.0675379 0.135352
0.0470361 0.139671 0.669269 0.114584 0.0294402
9.9991E-05 0.175718 0.620272 0.0204376 0.183472
0.223557 0.202212 0.384349 9.9991E-05 0.189783
0.349576 0.178691 0.256218 0.0971311 0.118383
0.148745 0.0976948 0.510079 0.119233 0.124248
0.399511 0.116586 0.441993 0.041809 9.9991E-05
0.487082 0.0927922 0.419926 9.9982E-05 9.9982E-05
0.660186 0.163157 0.102339 9.9991E-05 0.0742177
0.0541021 0.122745 0.671156 0.0690952 0.0829014
9.9991E-05 0.115271 0.572018 0.109967 0.202644
0.0664856 0.215106 0.181898 9.9991E-05 0.53641
0.133212 0.127023 0.617516 0.0782482 0.044001
0.130745 0.086576 0.321183 0.315852 0.145645
0.182265 0.228821 0.360825 0.0240432 0.204046
0.116434 0.0837422 0.45841 0.134804 0.206609
0.213888 0.373997 9.9982E-05 9.9982E-05 0.411915
0.16679 0.356158 9.9982E-05 9.9982E-05 0.476852
0.195604 0.112615 0.301348 0.0986652 0.291768
0.244435 0.369201 0.0127648 9.9991E-05 0.373499
0.298669 0.42076 9.9982E-05 9.9982E-05 0.280371
0.187785 0.144751 0.308317 9.9991E-05 0.359048
0.182571 0.214996 0.37414 9.9991E-05 0.228193
0.183054 0.331572 0.156992 0.0105596 0.317822
0.280994 0.282016 9.9982E-05 9.9982E-05 0.436789
0.182078 0.127029 0.420256 0.0453999 0.225237
0.130824 0.267897 0.167874 0.000301921 0.433102
0.094929 0.504983 9.9982E-05 9.9982E-05 0.399888
0.129349 0.191642 0.557532 0.11791 0.00356708
0.318449 0.17588 0.232227 9.9991E-05 0.273343
0.20638 0.281804 0.459025 0.0526909 9.9991E-05
0.25874 0.188256 0.552804 9.9982E-05 9.9982E-05
0.162872 0.173606 0.397135 0.0403568 0.226031
0.173604 0.261012 0.557222 0.00806281 9.9991E-05
0.240139 0.151556 0.51623 0.0536317 0.0384436
0.187942 0.38952 0.417722 0.00471694 9.9991E-05
0.163963 0.219308 0.540731 0.0357674 0.0402314
0.237651 0.250023 0.512126 9.9982E-05 9.9982E-05
0.258233 0.232352 0.303589 0.0384407 0.167386
0.124129 0.202761 0.333037 0.129584 0.21049
0.162187 0.0968434 0.522282 0.170629 0.0480589
0.235372 0.115881 0.484447 0.0446866 0.119613
0.115715 0.162055 0.64148 0.0369724 0.0437771
0.344093 0.265843 0.335663 0.054301 9.9991E-05
0.143022 0.280005 0.487358 9.9991E-05 0.0895142
0.266064 0.340242 0.148293 9.9991E-05 0.245301
0.236523 0.24952 0.512089 0.00176776 9.9991E-05
0.364546 0.233069 0.221808 9.9991E-05 0.180477
9.9991E-05 0.810125 0.0292791 0.101963 0.058533
9.9991E-05 0.0934096 0.143056 0.732469 0.0309649
9.9973E-05 0.0284233 9.9973E-05 0.971277 9.9973E-05
9.9973E-05 0.014335 9.9973E-05 0.985365 9.9973E-05
0.02591 9.9982E-05 0.0406878 0.933202 9.9982E-05
0.0143057 0.0257036 0.0445125 0.915378 9.9991E-05
9.9973E-05 9.9973E-05 0.0933119 0.906388 9.9973E-05
9.9973E-05 0.0424356 9.9973E-05 0.957265 9.9973E-05
9.9973E-05 0.203597 9.9973E-05 0.796103 9.9973E-05
0.0394944 0.871453 9.9982E-05 0.0888523 9.9982E-05
9.9982E-05 0.810347 0.0709307 0.118522 9.9982E-05
0.0579633 0.902116 9.9991E-05 0.0126812 0.0271399
9.9991E-05 0.807203 0.0448178 0.123672 0.0242065
0.0658681 0.855529 0.0369472 0.0415554 9.9991E-05
0.0134318 0.906348 9.9991E-05 0.0602545 0.0198659
0.140954 0.686064 0.0285449 0.144338 9.9991E-05
0.0536554 0.87218 0.0271978 0.00419827 0.0427682
0.0160172 0.806127 0.0777836 0.0476506 0.052421
0.0815496 0.918151 9.9973E-05 9.9973E-05 9.9973E-05
9.9973E-05 0.968679 9.9973E-05 0.0310211 9.9973E-05
0.0922768 0.827758 9.9991E-05 0.0749018 0.00496311
9.9973E-05 0.924481 9.9973E-05 0.0752196 9.9973E-05
0.0417594 0.900163 0.0211745 0.0101895 0.0267134
0.0218314 0.84709 0.0791747 0.051804 9.9991E-05
0.107791 0.811585 0.0804242 9.9982E-05 9.9982E-05
0.139659 0.794082 0.066059 9.9982E-05 9.9982E-05
0.0992869 0.787029 0.113484 9.9982E-05 9.9982E-05
0.0809892 0.814416 0.104395 9.9982E-05 9.9982E-05
0.0403627 0.150365 0.40747 0.0890084 0.312794
9.9982E-05 0.149346 0.722007 9.9982E-05 0.128447
0.0230141 0.148932 0.623282 0.0253632 0.179409
0.0518568 0.107405 0.118753 9.9991E-05 0.721886
9.9991E-05 0.188797 0.623114 0.178151 0.00983812
0.104303 0.193028 0.0878585 9.9991E-05 0.614711
0.0903064 0.0685573 0.693149 0.00882907 0.139158
9.9991E-05 0.130392 0.507711 0.210331 0.151465
0.0126445 0.129416 0.628726 0.0205812 0.208632
0.0173755 0.0221778 0.604734 0.15762 0.198092
9.9991E-05 0.142383 0.45546 0.167669 0.234388
9.9991E-05 0.0636656 0.63752 0.0653282 0.233386
0.00399173 0.121638 0.565276 0.121814 0.18728
0.0531763 9.9991E-05 0.0639901 0.573423 0.309311
0.0179533 0.0934593 9.9991E-05 0.0947811 0.793706
0.0179105 0.131125 0.216131 0.114006 0.520826
0.0967607 0.0939193 0.607208 0.12246 0.079652
0.0181106 0.144772 0.565077 0.0354957 0.236545
0.00313752 0.149838 0.584432 9.9991E-05 0.262492
0.0906258 0.0466868 0.701217 0.120652 0.0408182
0.196262 0.141959 0.546216 9.9991E-05 0.115463
0.220835 0.173709 0.561513 0.0438426 9.9991E-05
0.152674 0.394105 0.222897 0.0877805 0.142544
0.0292709 0.153505 0.743565 0.0735591 9.9991E-05
0.22432 0.242076 0.385552 0.0683685 0.0796843
0.236692 0.390649 9.9982E-05 9.9982E-05 0.372459
0.268549 0.272473 0.302701 9.9991E-05 0.156178
0.204461 0.337348 0.285836 0.145652 0.0267033
0.0447985 0.334732 0.473119 0.14725 9.9991E-05
0.242218 0.129222 0.512136 0.116324 9.9991E-05
0.198716 0.208863 0.54128 0.0210528 0.0300883
0.153503 0.195794 0.649996 9.9991E-05 0.000606671
0.155331 0.262648 0.451194 9.9991E-05 0.130727
0.104411 0.471276 0.419658 9.9991E-05 0.00455531
