0.0129665 9.9964E-05 9.9964E-05 9.9964E-05 0.164159 9.9964E-05 0.0378801 0.0220804 0.0630192 0.699495
0.0191481 9.9964E-05 9.9964E-05 9.9964E-05 0.163574 0.00489376 0.00127089 9.9964E-05 0.0187048 0.792008
9.9973E-05 0.0721182 0.0621418 9.9973E-05 0.206805 0.00565472 0.071446 0.027983 9.9973E-05 0.553551
0.0328785 0.0525836 9.9964E-05 9.9964E-05 9.9964E-05 0.0547431 0.028998 0.000268704 9.9964E-05 0.830128
9.9955E-05 0.029395 9.9955E-05 0.0352607 0.145241 0.0146222 9.9955E-05 9.9955E-05 9.9955E-05 0.774981
0.0245024 0.0656247 0.0608234 0.0359837 0.110365 9.9991E-05 0.00484334 0.0873421 0.0737691 0.536647
0.0673148 0.0113364 0.0283462 0.041806 9.9982E-05 9.9982E-05 0.0213555 0.0179313 0.0105506 0.801159
9.9982E-05 0.0397849 0.0221265 0.0957448 0.0680571 9.9982E-05 0.00943825 0.151853 0.000967984 0.611827
9.99549E-05 9.99549E-05 0.0197947 9.99549E-05 0.0852872 0.08187 9.99549E-05 0.0410487 9.99549E-05 0.7715
0.0152189 0.0749163 0.0149544 0.0832484 9.9982E-05 9.9982E-05 0.00411709 0.0134513 0.0820627 0.711831
0.128659 9.9964E-05 0.0136856 0.0082271 0.0605362 0.0749137 9.9964E-05 9.9964E-05 9.9964E-05 0.713579
0.928861 0.05655 9.9937E-05 9.9937E-05 9.9937E-05 9.9937E-05 9.9937E-05 9.9937E-05 0.0138892 9.9937E-05
0.777369 0.112441 0.0696457 0.021985 9.9955E-05 9.9955E-05 9.9955E-05 9.9955E-05 9.9955E-05 0.0180599
0.74331 0.0923804 0.0777173 9.9955E-05 9.9955E-05 9.9955E-05 0.0249927 9.9955E-05 9.9955E-05 0.0611002
0.771363 0.00195407 9.9955E-05 9.9955E-05 9.9955E-05 0.0995189 9.9955E-05 0.0491998 9.9955E-05 0.0774639
0.839435 0.0590023 9.9946E-05 9.9946E-05 0.0585125 9.9946E-05 0.0424506 9.9946E-05 9.9946E-05 9.9946E-05
0.941174 9.9937E-05 9.9937E-05 9.9937E-05 9.9937E-05 9.9937E-05 0.0275087 9.9937E-05 9.9937E-05 0.0306175
0.827855 0.128339 9.9937E-05 9.9937E-05 9.9937E-05 9.9937E-05 9.9937E-05 9.9937E-05 9.9937E-05 0.0431071
0.878747 9.9946E-05 0.0327694 9.9946E-05 9.9946E-05 9.9946E-05 9.9946E-05 0.0199886 9.9946E-05 0.0678955
9.99201E-05 9.99201E-05 9.99201E-05 9.99201E-05 9.99201E-05 9.99201E-05 0.999101 9.99201E-05 9.99201E-05 9.99201E-05
9.99201E-05 9.99201E-05 9.99201E-05 9.99201E-05 9.99201E-05 9.99201E-05 0.999101 9.99201E-05 9.99201E-05 9.99201E-05
0.0639674 0.0509375 0.0057984 9.9973E-05 0.207892 0.0254448 0.32514 9.9973E-05 9.9973E-05 0.320521
0.00822971 0.10961 0.0939566 0.0205367 0.0532522 0.0156002 0.277744 9.9982E-05 9.9982E-05 0.42087
0.652679 9.9982E-05 0.0185007 0.0247539 0.0570371 0.100758 0.0365047 0.0755192 0.0340467 9.9982E-05
0.260308 9.9955E-05 9.9955E-05 9.9955E-05 9.9955E-05 0.0257899 0.00609196 9.9955E-05 0.627904 0.0794062
9.9964E-05 0.101685 9.9964E-05 0.056205 9.9964E-05 0.0215368 0.0127469 9.9964E-05 0.789114 0.0183125
9.9955E-05 9.9955E-05 0.116914 0.0209411 9.9955E-05 0.0130849 9.9955E-05 9.9955E-05 0.791382 0.057178
0.497082 9.9964E-05 0.0273027 0.177764 9.9964E-05 9.9964E-05 0.0147783 0.112152 0.170521 9.9964E-05
0.240136 9.9955E-05 0.238054 0.187002 9.9955E-05 9.9955E-05 9.9955E-05 0.0595712 0.274737 9.9955E-05
0.379806 9.9964E-05 0.079148 9.9964E-05 9.9964E-05 0.175938 9.9964E-05 0.0435947 0.235918 0.0851952
0.562554 9.9964E-05 0.138476 9.9964E-05 0.105277 9.9964E-05 0.0342312 0.121504 0.0375573 9.9964E-05
0.628958 9.9964E-05 0.0272354 9.9964E-05 9.9964E-05 9.9964E-05 0.0606652 0.13865 0.116817 0.0272745
0.485974 0.100694 0.109113 0.0414976 0.00504196 0.0425671 0.0417338 0.0418124 0.131466 9.9991E-05
0.516506 9.9982E-05 0.0276449 0.241402 0.0037513 0.0943799 0.0650804 0.0324748 0.0185604 9.9982E-05
0.216794 0.0228873 9.9964E-05 9.9964E-05 0.0513574 0.0391885 0.0211875 9.9964E-05 0.648185 9.9964E-05
9.9946E-05 9.9946E-05 0.0323277 9.9946E-05 0.0381955 9.9946E-05 9.9946E-05 0.036946 0.891931 9.9946E-05
0.117367 9.9946E-05 9.9946E-05 9.9946E-05 0.0302675 9.9946E-05 9.9946E-05 9.9946E-05 0.839801 0.0119646
9.9937E-05 0.0611763 9.9937E-05 9.9937E-05 0.0153507 9.9937E-05 9.9937E-05 9.9937E-05 0.922773 9.9937E-05
0.321413 0.0485435 9.9964E-05 9.9964E-05 9.9964E-05 0.00409985 9.9964E-05 0.00305637 0.532288 0.0902001
0.180796 0.0256399 9.9973E-05 9.9973E-05 0.0621554 0.103026 0.0376546 0.0771194 0.513309 9.9973E-05
9.9955E-05 0.0052816 0.140895 0.141741 0.0278585 9.9955E-05 9.9955E-05 9.9955E-05 0.683724 9.9955E-05
0.131873 0.0281007 9.9964E-05 9.9964E-05 0.0937091 0.0182086 0.0149934 9.9964E-05 9.9964E-05 0.712715
9.9946E-05 0.0218113 9.9946E-05 9.9946E-05 0.154864 9.9946E-05 0.0702975 9.9946E-05 9.9946E-05 0.752428
9.9964E-05 0.0454495 9.9964E-05 9.9964E-05 0.164927 0.026762 0.0765716 0.000280122 9.9964E-05 0.68561
9.9955E-05 0.0315168 0.0469777 9.9955E-05 0.124661 9.9955E-05 0.087937 9.9955E-05 9.9955E-05 0.708408
9.9973E-05 0.0647081 0.0573404 9.9973E-05 0.0566122 9.9973E-05 0.0763427 0.0135046 0.0148491 0.716343
9.9973E-05 0.052119 0.0106625 0.023364 0.0977048 9.9973E-05 0.074923 0.0153203 9.9973E-05 0.725606
9.9964E-05 0.0134912 9.9964E-05 0.015297 0.0644855 0.00833787 0.025247 9.9964E-05 9.9964E-05 0.872742
0.211978 9.9955E-05 9.9955E-05 0.0267011 0.0400245 9.9955E-05 9.9955E-05 9.9955E-05 0.694275 0.0265208
0.246835 9.9964E-05 9.9964E-05 9.9964E-05 0.0131785 0.0062931 0.000742094 0.0440712 0.68848 9.9964E-05
0.167349 0.184807 9.9955E-05 9.9955E-05 9.9955E-05 9.9955E-05 0.0377175 0.00744811 0.602179 9.9955E-05
0.442569 0.0229231 0.160297 0.254237 0.012281 0.0255076 9.9991E-05 0.0507479 0.017755 0.0135831
0.43073 0.0704463 9.9982E-05 0.127653 0.0445314 0.17052 0.0186595 0.00639059 0.13087 9.9982E-05
0.388116 0.00204733 0.124159 0.162778 0.0161785 9.9982E-05 0.0492417 0.0672329 0.190047 9.9982E-05
0.0741192 0.0767021 0.0952898 0.179612 9.9982E-05 0.132142 0.00608759 0.110518 0.325329 9.9982E-05
0.589891 0.0188264 9.99787E-05 0.143065 0.0505558 0.086965 0.00224981 9.99787E-05 0.108147 9.99787E-05
0.648033 0.0229659 9.9973E-05 0.0647555 0.0467582 0.160466 9.9973E-05 0.00759727 0.0491243 9.9973E-05
0.516678 0.0512326 0.0975761 0.105789 9.9982E-05 0.0762665 0.0112792 0.0194564 0.121523 9.9982E-05
0.0472294 9.9982E-05 0.267779 0.298465 0.0867865 0.0457742 9.9982E-05 0.137568 0.114234 0.00196413
0.0901455 9.9973E-05 0.42619 0.191886 9.9973E-05 0.0157428 0.0395945 0.103374 0.132767 9.9973E-05
0.0480702 9.9982E-05 0.15652 0.371325 0.0536297 0.15435 0.0724881 0.0689055 0.0745115 9.9982E-05
0.310183 0.108629 0.0162226 0.314253 0.00235425 9.9982E-05 0.0102077 9.9982E-05 0.176102 0.0618479
0.165714 0.0951504 0.173867 0.224475 9.9973E-05 9.9973E-05 0.0235233 9.9973E-05 0.235096 0.0818744
0.405971 9.9964E-05 0.182642 0.110705 9.9964E-05 9.9964E-05 0.00502887 0.0468695 0.248384 9.9964E-05
0.0796386 0.219334 0.23591 0.158972 0.0691054 9.9973E-05 0.0427242 9.9973E-05 9.9973E-05 0.194016
9.9946E-05 0.000886469 0.620857 9.9946E-05 9.9946E-05 9.9946E-05 9.9946E-05 0.0431774 9.9946E-05 0.334479
9.9955E-05 0.0561714 0.769804 9.9955E-05 0.0586924 9.9955E-05 0.019714 9.9955E-05 9.9955E-05 0.0951188
0.081671 0.234914 0.388622 9.9982E-05 0.0887695 0.0214942 0.000899037 0.0037178 9.9982E-05 0.179713
0.248173 0.048066 0.116084 0.410709 9.9964E-05 9.9964E-05 0.025889 9.9964E-05 0.150678 9.9964E-05
0.0899188 0.0128028 0.199839 0.536916 9.9973E-05 9.9973E-05 0.00100572 0.0301521 0.129065 9.9973E-05
0.133436 0.0455442 0.181731 0.300718 9.9973E-05 9.9973E-05 0.0127452 0.0139441 0.311582 9.9973E-05
9.9937E-05 0.89087 9.9937E-05 9.9937E-05 0.0519394 9.9937E-05 9.9937E-05 9.9937E-05 0.056491 9.9937E-05
9.9946E-05 0.901942 9.9946E-05 9.9946E-05 0.00328953 0.0295994 9.9946E-05 9.9946E-05 0.0645694 9.9946E-05
9.9928E-05 0.981795 0.0174055 9.9928E-05 9.9928E-05 9.9928E-05 9.9928E-05 9.9928E-05 9.9928E-05 9.9928E-05
9.9937E-05 0.915265 9.9937E-05 9.9937E-05 9.9937E-05 0.0476115 9.9937E-05 0.0364242 9.9937E-05 9.9937E-05
0.00143698 0.936924 9.9937E-05 9.9937E-05 9.9937E-05 0.0609397 9.9937E-05 9.9937E-05 9.9937E-05 9.9937E-05
9.99201E-05 0.999101 9.99201E-05 9.99201E-05 9.99201E-05 9.99201E-05 9.99201E-05 9.99201E-05 9.99201E-05 9.99201E-05
9.99201E-05 0.999101 9.99201E-05 9.99201E-05 9.99201E-05 9.99201E-05 9.99201E-05 9.99201E-05 9.99201E-05 9.99201E-05
9.9955E-05 0.958247 9.9955E-05 9.9955E-05 0.00440056 0.00336625 0.0256537 9.9955E-05 0.00783227 9.9955E-05
9.9964E-05 0.903806 0.0385623 9.9964E-05 0.0215633 0.00551153 0.0154336 9.9964E-05 0.0147237 9.9964E-05
0.0145493 0.832261 0.0474607 9.9973E-05 0.0546636 0.0122001 9.9973E-05 0.00677187 0.0317931 9.9973E-05
9.9928E-05 0.980215 9.9928E-05 9.9928E-05 9.9928E-05 9.9928E-05 0.0189854 9.9928E-05 9.9928E-05 9.9928E-05
0.000537982 0.843588 9.9955E-05 9.9955E-05 9.9955E-05 9.9955E-05 9.9955E-05 0.0100616 0.0663864 0.0789265
9.9955E-05 9.9955E-05 0.48538 0.186704 0.089111 9.9955E-05 9.9955E-05 9.9955E-05 0.0798651 0.15844
9.9973E-05 0.0716883 0.313586 0.251703 9.9973E-05 9.9973E-05 0.117315 0.111463 0.0474086 0.0865363
0.153984 0.102281 0.446701 0.0949834 0.0403835 9.9973E-05 9.9973E-05 9.9973E-05 0.100628 0.0607388
9.9955E-05 9.9955E-05 9.9955E-05 9.9955E-05 0.017676 0.0363051 9.9955E-05 0.025684 0.0817215 0.838114
9.9964E-05 0.0447347 0.028768 9.9964E-05 0.01219 0.0427983 0.0535546 9.9964E-05 9.9964E-05 0.817555
9.9937E-05 9.9937E-05 0.0469858 9.9937E-05 9.9937E-05 0.0411088 9.9937E-05 9.9937E-05 9.9937E-05 0.911206
9.9946E-05 0.0177379 9.9946E-05 9.9946E-05 9.9946E-05 0.0322915 0.00858728 9.9946E-05 9.9946E-05 0.940784
9.9955E-05 0.027537 0.0603012 9.9955E-05 9.9955E-05 0.0167253 0.0606642 9.9955E-05 9.9955E-05 0.834272
9.9955E-05 0.0529352 0.0379217 9.9955E-05 0.129529 9.9955E-05 0.0162853 9.9955E-05 9.9955E-05 0.762829
9.9955E-05 0.0736347 0.0164337 9.9955E-05 0.226371 9.9955E-05 0.0211369 9.9955E-05 9.9955E-05 0.661924
9.9955E-05 9.9955E-05 9.9955E-05 0.0635336 0.0390154 0.0509301 0.0253407 9.9955E-05 9.9955E-05 0.82068
9.9964E-05 0.0450094 0.014786 0.0293042 0.0599101 9.9964E-05 0.020954 9.9964E-05 9.9964E-05 0.829636
9.9955E-05 0.051885 0.14255 9.9955E-05 0.190688 0.052454 9.9955E-05 9.9955E-05 9.9955E-05 0.561923
0.167432 9.9964E-05 9.9964E-05 0.0803595 0.072651 9.9964E-05 0.0464528 0.136293 9.9964E-05 0.496411
0.134315 9.9964E-05 9.9964E-05 0.0225791 9.9964E-05 0.0728468 0.0144629 0.179921 9.9964E-05 0.575475
0.127154 9.9991E-05 0.122987 0.0449424 0.107484 0.0794956 0.00932075 0.075757 0.0412383 0.391521
0.342221 9.9955E-05 9.9955E-05 9.9955E-05 9.9955E-05 0.0163508 9.9955E-05 0.106344 0.0225636 0.512021
0.569129 9.9964E-05 9.9964E-05 0.0762609 9.9964E-05 0.235474 0.00990365 0.0439473 0.0648854 9.9964E-05
0.0555471 0.124406 9.9964E-05 0.0665901 0.0438122 0.0696553 9.9964E-05 9.9964E-05 0.63959 9.9964E-05
9.9946E-05 9.9946E-05 9.9946E-05 0.165243 9.9946E-05 0.0233439 9.9946E-05 0.0136748 0.797138 9.9946E-05
9.9964E-05 0.0690134 0.107614 0.128181 9.9964E-05 0.0286199 0.0150069 9.9964E-05 0.651164 9.9964E-05
0.183936 9.9964E-05 9.9964E-05 9.9964E-05 0.0365736 0.0998612 9.9964E-05 0.0182779 0.653459 0.00749225
9.9964E-05 9.9964E-05 0.0450904 9.9964E-05 9.9964E-05 0.00889575 0.0112829 0.833139 0.0192869 0.0819051
9.9928E-05 0.00835077 9.9928E-05 9.9928E-05 9.9928E-05 9.9928E-05 9.9928E-05 0.99085 9.9928E-05 9.9928E-05
9.99201E-05 9.99201E-05 9.99201E-05 9.99201E-05 9.99201E-05 9.99201E-05 9.99201E-05 0.999101 9.99201E-05 9.99201E-05
0.0289922 9.9937E-05 9.9937E-05 9.9937E-05 9.9937E-05 9.9937E-05 9.9937E-05 0.942597 9.9937E-05 0.0277113
9.9937E-05 0.0624959 9.9937E-05 9.9937E-05 9.9937E-05 0.00199453 9.9937E-05 0.93481 9.9937E-05 9.9937E-05
9.9946E-05 0.0494904 9.9946E-05 9.9946E-05 0.0494697 0.0317599 9.9946E-05 0.86868 9.9946E-05 9.9946E-05
9.9973E-05 0.0488073 0.057295 0.020291 0.0373233 9.9973E-05 0.0623226 0.0418413 9.9973E-05 0.73182
0.0248934 0.019724 0.078309 0.0254766 9.9955E-05 9.9955E-05 9.9955E-05 9.9955E-05 9.9955E-05 0.851097
9.9964E-05 0.159186 9.9964E-05 0.0494502 0.0892873 9.9964E-05 0.0794459 0.0277828 9.9964E-05 0.594448
0.0968464 0.161036 0.00473831 9.9955E-05 9.9955E-05 9.9955E-05 0.0552701 9.9955E-05 9.9955E-05 0.681609
0.124519 0.0830548 0.0557038 9.9964E-05 0.0333268 9.9964E-05 0.036878 9.9964E-05 9.9964E-05 0.666118
0.061932 9.9982E-05 0.0795482 9.9982E-05 0.0715038 0.299789 0.0107224 0.0981146 0.0688501 0.30934
0.0973623 9.9964E-05 9.9964E-05 0.0684826 9.9964E-05 0.109459 9.9964E-05 0.245323 0.0297742 0.449199
0.0373804 9.996E-05 9.996E-05 0.0874469 9.996E-05 0.158656 0.0394228 0.255054 9.996E-05 0.421639
9.99201E-05 9.99201E-05 9.99201E-05 9.99201E-05 9.99201E-05 9.99201E-05 0.999101 9.99201E-05 9.99201E-05 9.99201E-05
9.9973E-05 9.9973E-05 0.0204085 9.9973E-05 0.0303006 0.23378 0.0223359 0.270003 0.0991456 0.323727
0.0890064 0.34786 0.279936 0.113139 0.0918383 0.00330024 9.9991E-05 0.0243857 0.00584396 0.0445907
9.9955E-05 0.235829 0.44847 9.9955E-05 0.239205 9.9955E-05 9.9955E-05 0.0052419 9.9955E-05 0.070755
0.280108 0.105044 0.117454 0.179248 9.9964E-05 0.139527 9.9964E-05 9.9964E-05 0.17822 9.9964E-05
0.773226 9.9955E-05 9.9955E-05 9.9955E-05 9.9955E-05 0.0114436 0.0256035 0.0702772 9.9955E-05 0.11895
0.29757 0.101296 9.9991E-05 0.284108 0.0254129 0.040665 0.0137626 0.0263182 0.209588 0.00117839
0.245734 9.9955E-05 0.118713 0.378712 9.9955E-05 0.0217187 9.9955E-05 9.9955E-05 0.234622 9.9955E-05
0.670278 9.9973E-05 0.031753 0.079873 0.0644694 0.0585149 0.054425 9.9973E-05 0.0403873 9.9973E-05
0.520168 9.9946E-05 0.111416 0.18501 9.9946E-05 9.9946E-05 9.9946E-05 9.9946E-05 0.182806 9.9946E-05
0.462858 0.102026 0.0351743 0.227465 9.9964E-05 0.0836831 9.9964E-05 9.9964E-05 0.0883939 9.9964E-05
0.425654 0.103046 9.9973E-05 0.230742 9.9973E-05 0.060559 9.9973E-05 0.0290296 0.0965457 0.0541245
9.99201E-05 9.99201E-05 9.99201E-05 9.99201E-05 0.999101 9.99201E-05 9.99201E-05 9.99201E-05 9.99201E-05 9.99201E-05
9.9928E-05 0.014238 9.9928E-05 9.9928E-05 0.984963 9.9928E-05 9.9928E-05 9.9928E-05 9.9928E-05 9.9928E-05
9.9946E-05 9.9946E-05 9.9946E-05 0.0175622 0.546052 0.0788193 9.9946E-05 9.9946E-05 9.9946E-05 0.356967
9.9937E-05 9.9937E-05 9.9937E-05 9.9937E-05 0.951911 9.9937E-05 9.9937E-05 0.0418011 0.00558841 9.9937E-05
0.0206706 9.9964E-05 0.0434421 0.00400298 0.905621 9.9964E-05 0.0131282 0.0127351 9.9964E-05 9.9964E-05
0.704378 0.0250501 9.9982E-05 0.038349 0.0487269 0.0955781 0.0252634 0.0555829 9.9982E-05 0.00687163
0.530051 9.9973E-05 0.0319775 9.9973E-05 0.158275 0.111669 0.0287441 0.068481 0.0705021 9.9973E-05
0.546474 0.00498752 9.9973E-05 0.122729 9.9973E-05 0.0775081 0.000725273 0.0969162 9.9973E-05 0.15036
0.617839 9.9964E-05 0.0296433 0.0891981 0.131598 0.1041 9.9964E-05 0.0272217 9.9964E-05 9.9964E-05
0.810197 9.9955E-05 9.9955E-05 9.9955E-05 0.0572666 0.0666302 0.0190261 0.0463808 9.9955E-05 9.9955E-05
0.391107 0.137899 0.0232988 0.212368 0.0452819 0.0388004 0.0129839 0.037133 0.101028 9.999E-05
0.113228 0.00932392 0.151415 0.366922 9.9982E-05 0.0228101 0.010854 0.0640899 0.261157 9.9982E-05
9.9955E-05 9.9955E-05 0.190926 0.438176 9.9955E-05 0.0506877 9.9955E-05 0.0737885 0.245922 9.9955E-05
0.0621247 9.9955E-05 0.249013 0.340719 9.9955E-05 9.9955E-05 9.9955E-05 0.0675057 0.280138 9.9955E-05
0.0783683 9.997E-05 0.133787 0.475626 9.997E-05 9.997E-05 0.00555665 0.0799996 0.194913 0.0314502
0.718702 9.9982E-05 0.0731672 0.018863 0.0206304 0.0886892 9.9982E-05 0.0563806 0.0130359 0.0103319
0.416866 0.0517992 0.0343305 0.258791 9.9964E-05 0.0593029 9.9964E-05 9.9964E-05 0.17851 9.9964E-05
0.545331 0.0783512 9.997E-05 0.0499992 9.997E-05 0.213809 0.0220988 0.0613608 0.0287497 9.997E-05
0.59071 0.0855532 9.9964E-05 0.0148315 9.9964E-05 0.0883291 9.9964E-05 0.104018 0.116159 9.9964E-05
0.12077 0.0859674 0.502242 0.0943355 0.0487724 9.9973E-05 9.9973E-05 9.9973E-05 0.146423 0.00119075
9.9973E-05 0.101267 0.535445 0.0175976 0.115907 9.9973E-05 0.0499943 9.9973E-05 0.0223829 0.157106
0.0987505 9.9964E-05 9.9964E-05 0.751766 0.00259538 0.005827 9.9964E-05 0.0525267 0.0881349 9.9964E-05
9.9955E-05 9.9955E-05 9.9955E-05 0.853037 0.0151275 0.0694066 9.9955E-05 9.9955E-05 0.0177604 0.0441686
0.0386755 0.368454 0.105945 0.323692 0.0430472 9.9973E-05 9.9973E-05 9.9973E-05 0.0501141 0.0697725
0.140517 0.285841 0.145861 0.256187 9.9964E-05 9.9964E-05 0.0373024 9.9964E-05 9.9964E-05 0.133891
9.9964E-05 0.0486633 0.0973533 0.713628 0.118841 9.9964E-05 0.0135244 0.00759021 9.9964E-05 9.9964E-05
0.0190994 0.0880336 0.12349 0.613289 0.0314354 0.019318 0.0732503 9.9982E-05 9.9982E-05 0.0318843
0.133865 0.22711 9.9946E-05 0.584225 0.0542011 9.9946E-05 9.9946E-05 9.9946E-05 9.9946E-05 9.9946E-05
9.9955E-05 0.169464 0.0256819 0.73047 0.0401212 9.9955E-05 0.0337627 9.9955E-05 9.9955E-05 9.9955E-05
0.0445689 0.042369 9.9964E-05 0.809234 9.9964E-05 0.0597342 9.9964E-05 0.0420771 9.9964E-05 0.00161666
0.0621294 0.038781 0.0313352 0.719483 0.0283428 0.0483013 9.9991E-05 0.0137436 0.0550899 0.00269403
9.9973E-05 0.0582704 0.0501832 0.606764 0.0490924 9.9973E-05 0.0308955 0.0358696 9.9973E-05 0.168625
9.99461E-05 0.124329 0.190015 0.411854 9.99461E-05 9.99461E-05 9.99461E-05 9.99461E-05 9.99461E-05 0.273202
9.9937E-05 9.9937E-05 0.0418827 0.870344 9.9937E-05 9.9937E-05 9.9937E-05 9.9937E-05 0.0870733 9.9937E-05
9.9928E-05 9.9928E-05 9.9928E-05 0.99895 9.9928E-05 9.9928E-05 0.000250602 9.9928E-05 9.9928E-05 9.9928E-05
0.0959855 0.10051 9.9955E-05 0.743164 9.9955E-05 9.9955E-05 0.0171798 9.9955E-05 0.0426605 9.9955E-05
0.0611773 0.0919993 9.9937E-05 0.846124 9.9937E-05 9.9937E-05 9.9937E-05 9.9937E-05 9.9937E-05 9.9937E-05
0.00919153 0.0791385 9.9973E-05 0.0968271 0.135389 9.9973E-05 0.0624205 0.00965305 9.9973E-05 0.60708
0.0242251 0.0962579 0.036582 9.9991E-05 0.102842 0.0433825 0.0342267 0.0609165 0.0107774 0.59069
0.00356885 0.0600614 9.9964E-05 9.9964E-05 0.211976 0.0261923 0.00638627 9.9964E-05 9.9964E-05 0.691416
9.9946E-05 9.9946E-05 9.9946E-05 0.0564191 0.209824 9.9946E-05 0.0789803 9.9946E-05 9.9946E-05 0.654177
0.0222282 0.0281897 9.9955E-05 9.9955E-05 9.9955E-05 9.9955E-05 0.0367569 9.9955E-05 0.909715 0.00261
0.0683224 0.0818927 0.0443946 0.0534295 9.9973E-05 9.9973E-05 9.9973E-05 0.0305997 0.696472 0.0245887
9.9937E-05 9.9937E-05 0.0210122 9.9937E-05 9.9937E-05 9.9937E-05 0.00736883 9.9937E-05 0.970919 9.9937E-05
0.0569091 9.9946E-05 0.200699 0.10575 9.9946E-05 9.9946E-05 9.9946E-05 9.9946E-05 0.636042 9.9946E-05
9.99281E-05 9.99281E-05 0.133227 9.99281E-05 9.99281E-05 9.99281E-05 9.99281E-05 9.99281E-05 0.865973 9.99281E-05
0.293892 0.0654206 9.9955E-05 9.9955E-05 9.9955E-05 9.9955E-05 9.9955E-05 0.0381355 0.547515 0.0545373
0.0248338 0.0726078 9.9973E-05 0.0902629 9.9973E-05 0.0634654 0.0492701 0.0162358 0.683024 9.9973E-05
0.105093 9.9964E-05 9.9964E-05 9.9964E-05 0.131879 0.152438 0.0551642 0.0852571 9.9964E-05 0.469769
0.109743 0.0303308 0.0132223 0.000574956 0.153927 9.9982E-05 0.0409456 0.117809 9.9982E-05 0.533247
0.00794044 9.9973E-05 0.0427766 9.9973E-05 0.0675994 0.110395 0.117425 0.0360571 9.9973E-05 0.617507
9.9964E-05 9.9964E-05 0.0465396 0.0185913 0.059286 9.9964E-05 0.120618 0.127374 9.9964E-05 0.627191
0.119085 9.9964E-05 9.9964E-05 9.9964E-05 9.9964E-05 0.0315521 0.0434929 0.0874255 0.0177772 0.700268
0.170678 0.0260215 9.9955E-05 9.9955E-05 9.9955E-05 9.9955E-05 9.9955E-05 0.0423739 0.627519 0.132908
0.204051 9.9973E-05 9.9973E-05 9.9973E-05 0.040621 0.00637747 0.0337876 0.0459892 0.606715 0.0621589
9.9946E-05 0.0711361 9.9946E-05 0.0479876 9.9946E-05 9.9946E-05 0.0125878 9.9946E-05 0.867689 9.9946E-05
0.156298 0.0852703 9.9964E-05 9.9964E-05 0.0116803 0.115005 9.9964E-05 0.0108328 0.620514 9.9964E-05
0.333311 0.0465545 9.9955E-05 9.9955E-05 9.9955E-05 9.9955E-05 0.0398691 9.9955E-05 0.561107 0.018658
9.9973E-05 0.543627 0.104236 0.000530704 0.117862 0.0119287 0.0480556 9.9973E-05 9.9973E-05 0.17346
0.365157 0.00961234 0.0652789 0.154144 0.0465052 9.9991E-05 0.00560138 0.146991 0.0660814 0.140529
9.9973E-05 0.0115061 0.402916 0.281084 0.0692724 9.9973E-05 0.0348024 0.114232 0.0858873 9.9973E-05
0.0563825 0.00605465 0.878264 9.9964E-05 9.9964E-05 9.9964E-05 9.9964E-05 0.012886 0.0256345 0.0203781
9.9937E-05 9.9937E-05 0.996782 9.9937E-05 9.9937E-05 9.9937E-05 0.00200372 0.000514669 9.9937E-05 9.9937E-05
0.0927493 0.0241202 0.744802 9.9982E-05 0.0740824 9.9982E-05 0.0214397 0.00410987 0.00516095 0.0333356
9.9946E-05 0.0984983 0.721572 9.9946E-05 0.0772231 9.9946E-05 9.9946E-05 9.9946E-05 9.9946E-05 0.102107
0.0522958 0.160784 0.414356 0.0162651 9.9982E-05 0.0418911 9.9982E-05 0.037107 0.13473 0.142371
0.122703 9.9937E-05 0.824173 9.9937E-05 9.9937E-05 9.9937E-05 0.0524243 9.9937E-05 9.9937E-05 9.9937E-05
0.19743 0.0338825 0.614328 9.9964E-05 0.0261407 9.9964E-05 0.00973182 9.9964E-05 0.118087 9.9964E-05
9.9937E-05 9.9937E-05 0.946959 9.9937E-05 9.9937E-05 9.9937E-05 0.0421345 9.9937E-05 9.9937E-05 0.0102069
0.0686772 0.255414 0.221818 0.108996 0.0866841 9.9973E-05 9.9973E-05 9.9973E-05 0.0359186 0.222192
0.0552876 0.347996 0.178484 0.05677 0.081619 9.9982E-05 0.0043284 9.9982E-05 0.128647 0.146667
9.99459E-05 9.99459E-05 9.99459E-05 9.99459E-05 0.892671 0.0536898 0.0145454 0.0384936 9.99459E-05 9.99459E-05
0.0456473 9.9937E-05 9.9937E-05 9.9937E-05 0.02495 0.928703 9.9937E-05 9.9937E-05 9.9937E-05 9.9937E-05
9.9928E-05 9.9928E-05 9.9928E-05 9.9928E-05 9.9928E-05 0.967131 0.0320696 9.9928E-05 9.9928E-05 9.9928E-05
9.9937E-05 9.9937E-05 0.00180176 0.00175095 9.9937E-05 0.995748 9.9937E-05 9.9937E-05 9.9937E-05 9.9937E-05
9.9928E-05 0.0242794 9.9928E-05 9.9928E-05 9.9928E-05 0.974921 9.9928E-05 9.9928E-05 9.9928E-05 9.9928E-05
9.9928E-05 9.9928E-05 9.9928E-05 0.0861029 9.9928E-05 0.913098 9.9928E-05 9.9928E-05 9.9928E-05 9.9928E-05
0.0117387 9.9955E-05 9.9955E-05 9.9955E-05 0.0429003 0.897584 0.0128579 0.0344196 9.9955E-05 9.9955E-05
9.9937E-05 9.9937E-05 9.9937E-05 9.9937E-05 9.9937E-05 0.785214 0.0208788 9.9937E-05 9.9937E-05 0.193208
0.0603921 9.9955E-05 9.9955E-05 9.9955E-05 0.235848 9.9955E-05 0.0191956 9.9955E-05 0.000322869 0.683741
0.000365909 0.0463166 0.0109342 9.9991E-05 0.0692155 0.0825835 0.054057 0.0440944 0.00491252 0.68742
9.9955E-05 0.0319692 9.9955E-05 9.9955E-05 0.124455 9.9955E-05 0.0704602 9.9955E-05 0.0305372 0.742079
0.149502 9.9946E-05 9.9946E-05 9.9946E-05 0.125206 9.9946E-05 0.0366118 9.9946E-05 9.9946E-05 0.68808
0.0727738 0.000799442 9.9955E-05 9.9955E-05 0.0820074 9.9955E-05 9.9955E-05 9.9955E-05 0.0331527 0.810767
0.00915415 0.0198481 9.9973E-05 0.0286293 0.122141 0.0326993 9.9973E-05 0.0511407 9.9973E-05 0.736088
9.9964E-05 0.076107 0.00853605 9.9964E-05 0.139741 9.9964E-05 0.0213143 0.0339925 9.9964E-05 0.719909
9.9964E-05 0.0446521 9.9964E-05 0.0247937 0.107711 9.9964E-05 0.0352964 0.0178318 9.9964E-05 0.769315
9.9955E-05 9.9955E-05 9.9955E-05 0.0164193 0.0816671 9.9955E-05 0.0475312 0.0144069 9.9955E-05 0.839476
9.9964E-05 0.0406174 0.0238464 0.0720391 0.176845 9.9964E-05 0.0473751 9.9964E-05 9.9964E-05 0.638877
9.9955E-05 0.0156427 0.00121351 9.9955E-05 0.0614943 9.9955E-05 9.9955E-05 0.0472657 9.9955E-05 0.873884
9.99693E-05 0.0343465 9.99693E-05 9.99693E-05 0.128745 0.00805734 0.0605967 0.00976375 9.99693E-05 0.75809
9.9964E-05 0.0734973 9.9964E-05 9.9964E-05 0.068008 0.00815112 0.0828102 9.9964E-05 0.0357999 0.731334
9.9955E-05 0.155018 9.9955E-05 0.0184495 0.048068 9.9955E-05 0.057618 9.9955E-05 9.9955E-05 0.720347
9.9964E-05 0.17893 0.0489254 9.9964E-05 0.0435641 9.9964E-05 0.00799066 0.0158467 9.9964E-05 0.704343
0.0408299 0.14902 9.9964E-05 9.9964E-05 0.0710812 9.9964E-05 0.0654963 0.0133714 9.9964E-05 0.659801
9.9946E-05 0.176599 9.9946E-05 9.9946E-05 0.087407 9.9946E-05 0.054674 9.9946E-05 9.9946E-05 0.680721
0.177614 0.0652453 0.0619187 0.181458 0.0445296 9.9982E-05 9.9982E-05 0.103744 0.21661 0.14868
9.9946E-05 9.9946E-05 0.299076 0.215485 9.9946E-05 9.9946E-05 9.9946E-05 0.120025 0.364815 9.9946E-05
9.9955E-05 9.9955E-05 0.451518 0.214132 0.0793253 9.9955E-05 9.9955E-05 0.0650322 0.189493 9.9955E-05
0.325243 0.0362033 0.0857754 0.056456 9.9964E-05 0.194681 9.9964E-05 9.9964E-05 0.301242 9.9964E-05
9.9946E-05 9.9946E-05 0.307649 0.412416 9.9946E-05 9.9946E-05 9.9946E-05 0.185637 0.0936994 9.9946E-05
9.9955E-05 9.9955E-05 0.419558 0.179595 9.9955E-05 0.148631 9.9955E-05 0.0625519 0.189164 9.9955E-05
0.185236 0.133706 0.129215 0.27115 0.0793127 0.00194376 9.9982E-05 9.9982E-05 0.170416 0.0288209
0.274766 0.12219 0.0436488 0.0217289 0.0330588 0.0148923 9.9982E-05 9.9982E-05 0.0431747 0.446341
9.9973E-05 0.128259 0.579248 9.9973E-05 0.0771946 0.0679189 9.9973E-05 0.0176292 0.0491888 0.0802619
0.261502 0.211179 0.109367 9.9973E-05 9.9973E-05 0.0384779 0.0415721 9.9973E-05 0.0687128 0.268889
0.311402 0.169331 0.0905828 9.9964E-05 0.218524 9.9964E-05 0.0504856 9.9964E-05 9.9964E-05 0.159275
