9.9964E-05 0.817114 0.0490228 9.9964E-05 0.00434661 9.9964E-05 0.041573 9.9964E-05 0.0699479 0.0175955
9.9955E-05 0.935441 0.0229872 9.9955E-05 9.9955E-05 0.0239061 9.9955E-05 9.9955E-05 0.00357841 0.0135879
9.9955E-05 0.755573 0.0532595 0.0153843 9.9955E-05 9.9955E-05 0.123399 9.9955E-05 0.051885 9.9955E-05
9.9964E-05 0.731835 0.0927375 0.0873885 0.0242889 9.9964E-05 0.00017047 9.9964E-05 0.0631794 9.9964E-05
9.9946E-05 0.842141 9.9946E-05 0.0279151 0.033854 9.9946E-05 0.0954899 9.9946E-05 9.9946E-05 9.9946E-05
0.239471 0.533989 9.9964E-05 0.019959 0.0431901 9.9964E-05 9.9964E-05 9.9964E-05 0.0251003 0.13789
0.135793 0.775581 9.9946E-05 9.9946E-05 9.9946E-05 9.9946E-05 9.9946E-05 9.9946E-05 0.0207312 0.067295
0.157707 0.609728 0.00666986 0.00073832 0.116114 9.9973E-05 9.9973E-05 9.9973E-05 0.0674237 0.041319
9.99639E-05 0.79795 0.00529725 9.99639E-05 0.0444811 0.0859669 9.99639E-05 0.0415872 0.0243175 9.99639E-05
0.158287 0.631346 9.9982E-05 0.0549696 0.0896512 9.9982E-05 0.00937968 0.0152484 0.0134216 0.0274964
0.152772 0.655194 9.9955E-05 9.9955E-05 0.0786431 9.9955E-05 9.9955E-05 9.9955E-05 0.0169539 0.0959368
9.9946E-05 9.9946E-05 0.000836869 0.0246982 9.9946E-05 9.9946E-05 0.0530376 9.9946E-05 9.9946E-05 0.920828
0.0122967 9.9973E-05 0.0539145 0.0231588 0.0865918 9.9973E-05 0.387643 9.9973E-05 0.0433546 0.392741
9.9973E-05 0.00853034 9.9973E-05 0.039325 0.0453337 9.9973E-05 0.0680988 0.0146402 0.0125403 0.811232
9.9937E-05 9.9937E-05 9.9937E-05 0.149471 9.9937E-05 9.9937E-05 0.0221122 9.9937E-05 9.9937E-05 0.827717
0.0739392 0.0798377 9.9973E-05 0.103282 9.9973E-05 9.9973E-05 0.222741 0.00990733 0.0316258 0.478367
0.0881885 0.00339663 9.9964E-05 0.0542144 9.9964E-05 9.9964E-05 0.414455 9.9964E-05 0.0293758 0.40997
0.0849126 9.9964E-05 9.9964E-05 0.101265 9.9964E-05 0.0176263 0.311072 9.9964E-05 0.0321792 0.452545
9.9955E-05 0.0730485 9.9955E-05 0.0267087 9.9955E-05 9.9955E-05 0.105363 9.9955E-05 0.0276502 0.76673
0.0105683 0.0158507 0.052322 9.9955E-05 0.0901442 9.9955E-05 9.9955E-05 9.9955E-05 9.9955E-05 0.830615
9.9982E-05 9.9982E-05 0.0356138 0.0606595 0.0137546 0.0465386 0.294001 0.0785325 0.0224012 0.448299
0.1441 0.00618646 9.9982E-05 0.00155663 0.0733011 9.9982E-05 0.370797 0.0796567 0.0176853 0.306516
0.0426438 0.0292966 0.00669011 0.0306166 0.0589723 0.0633137 0.498454 9.9982E-05 9.9982E-05 0.269813
0.0158804 9.9955E-05 9.9955E-05 0.100822 9.9955E-05 0.0114546 0.0784584 9.9955E-05 9.9955E-05 0.792885
0.00526071 0.0713964 9.9982E-05 0.147902 0.0513309 0.0783448 0.473627 9.9982E-05 0.00138267 0.170556
9.9964E-05 9.9964E-05 0.0312765 0.0280275 0.0337063 9.9964E-05 0.418985 9.9964E-05 0.0528227 0.434783
9.9946E-05 9.9946E-05 0.0617322 0.0355432 9.9946E-05 9.9946E-05 9.9946E-05 9.9946E-05 0.0229619 0.879163
9.9937E-05 9.9937E-05 9.9937E-05 0.120329 9.9937E-05 9.9937E-05 9.9937E-05 9.9937E-05 0.0308258 0.848146
9.9964E-05 9.9964E-05 0.0129084 9.9964E-05 0.0409714 0.00938437 0.0736161 0.105047 9.9964E-05 0.757673
9.99201E-05 9.99201E-05 9.99201E-05 9.99201E-05 9.99201E-05 9.99201E-05 9.99201E-05 9.99201E-05 0.999101 9.99201E-05
9.99201E-05 9.99201E-05 9.99201E-05 9.99201E-05 9.99201E-05 9.99201E-05 9.99201E-05 9.99201E-05 0.999101 9.99201E-05
9.9964E-05 0.445062 0.0286184 0.0516908 9.9964E-05 0.0482703 0.0402429 9.9964E-05 0.385715 9.9964E-05
9.9955E-05 0.52216 9.9955E-05 0.0174985 9.9955E-05 0.068181 0.133286 9.9955E-05 0.258375 9.9955E-05
0.114256 9.9991E-05 0.0079134 0.0411022 0.0942052 0.22839 0.473781 0.0151957 0.0129433 0.0121127
0.0995263 9.9964E-05 9.9964E-05 0.0985194 0.030124 0.17239 0.38708 9.9964E-05 9.9964E-05 0.21196
9.9946E-05 0.0252577 9.9946E-05 9.9946E-05 9.9946E-05 0.342749 0.578148 9.9946E-05 9.9946E-05 0.0532465
9.9964E-05 0.113519 0.451326 9.9964E-05 0.0499637 0.0361778 0.0236888 9.9964E-05 9.9964E-05 0.324925
9.9964E-05 9.9964E-05 0.0359619 0.082316 0.0304248 0.552541 0.27829 9.9964E-05 0.020066 9.9964E-05
9.9973E-05 0.026408 0.220267 0.038024 9.9973E-05 0.143266 0.508509 9.9973E-05 0.0622396 0.000986475
0.139093 9.9964E-05 0.0387917 0.068656 0.000420529 0.122082 0.630557 9.9964E-05 9.9964E-05 9.9964E-05
0.297074 0.0396877 0.129463 9.9973E-05 0.0285512 0.0128036 0.439479 9.9973E-05 0.0526421 9.9973E-05
0.278838 0.0306688 9.9964E-05 9.9964E-05 0.0300924 9.9964E-05 0.498342 9.9964E-05 0.0766979 0.0849605
9.9955E-05 9.9955E-05 0.0521444 9.9955E-05 9.9955E-05 0.656129 0.117192 9.9955E-05 0.0559913 0.118044
0.400384 9.9946E-05 9.9946E-05 0.0475146 9.9946E-05 9.9946E-05 0.42667 9.9946E-05 9.9946E-05 0.124832
0.0145139 0.0364363 0.119305 0.0947569 9.9991E-05 0.157458 0.44618 0.0539305 0.0378577 0.039462
0.049674 0.0701561 0.0345178 0.113864 0.000554774 0.128832 0.496794 9.9982E-05 0.105407 9.9982E-05
9.9937E-05 9.9937E-05 0.107265 9.9937E-05 9.9937E-05 0.56922 0.322815 9.9937E-05 9.9937E-05 9.9937E-05
0.0237538 9.9982E-05 9.9982E-05 0.0604951 0.0359832 0.237657 0.55843 0.00299829 0.0426182 0.0378644
0.266645 0.0246308 0.0706147 0.150983 0.00373951 0.0959489 0.350413 9.9982E-05 9.9982E-05 0.0368253
0.0117479 0.109583 0.0399303 9.9955E-05 9.9955E-05 0.716818 9.9955E-05 0.121421 9.9955E-05 9.9955E-05
0.0138127 9.9982E-05 0.312028 0.0127266 0.125802 0.135756 0.114459 0.0901132 9.9982E-05 0.195102
0.215403 9.9964E-05 0.184454 9.9964E-05 0.000439644 0.104441 9.9964E-05 0.212852 9.9964E-05 0.282011
0.0803603 0.0259882 0.107902 0.082773 0.0622703 0.0611801 0.469395 9.9991E-05 0.0885323 0.0214988
0.161438 0.101516 0.00281731 9.9973E-05 0.0550922 9.9973E-05 0.581186 0.0948822 0.00276824 9.9973E-05
0.0343993 0.0182115 0.0844557 9.9982E-05 0.0725782 0.0633666 0.637617 0.0873292 0.00184285 9.9982E-05
0.136623 0.105183 0.241332 9.9973E-05 0.117996 0.162385 0.111961 9.9973E-05 9.9973E-05 0.12422
0.0723645 0.0243332 0.225665 0.0135039 0.0750936 9.9982E-05 0.406232 0.00344476 9.9982E-05 0.179163
0.182787 0.107737 0.101285 0.133539 9.9973E-05 9.9973E-05 0.389626 0.00130647 9.9973E-05 0.0834206
0.187769 0.0871055 0.00299867 9.9982E-05 0.0817026 0.120608 0.222256 9.9982E-05 0.0126177 0.284742
0.0668728 0.155545 0.196909 9.9982E-05 0.0600762 0.0445536 9.9982E-05 0.110017 0.0296341 0.336192
0.0631662 0.050299 0.0663605 0.00378927 0.0373967 0.116034 0.523317 0.0883235 0.0512147 9.9991E-05
9.9982E-05 0.10042 0.266181 0.0609488 0.032426 9.9982E-05 0.346301 0.133604 0.00345458 0.0564643
9.9973E-05 0.0219195 0.243716 9.9973E-05 0.164147 0.0741726 9.9973E-05 0.0497369 0.0275105 0.418498
9.9964E-05 9.9964E-05 0.177563 9.9964E-05 0.0378142 9.9964E-05 0.386303 0.0945962 0.00178432 0.30154
9.9964E-05 0.029598 0.221594 0.105062 9.9964E-05 0.074051 0.511051 9.9964E-05 9.9964E-05 0.0582443
0.131281 0.0411453 0.134453 0.0419195 9.9982E-05 0.0200177 0.459487 9.9982E-05 0.0212687 0.150228
0.00446306 0.0376352 0.125975 0.0375075 0.0142671 0.0640366 0.178591 0.178776 9.9991E-05 0.358648
0.0450647 9.9991E-05 0.0768167 0.110819 0.0052166 0.0324626 0.338127 0.112893 0.0112891 0.26721
9.9982E-05 0.0525459 0.107752 0.10058 0.120468 0.0238834 0.543097 0.0453208 0.00615315 9.9982E-05
0.0807372 9.9982E-05 0.106034 9.9982E-05 0.111261 0.114413 0.114976 0.133371 0.0118111 0.327197
0.0210199 9.9955E-05 0.0826036 9.9955E-05 0.00156817 0.304183 0.590126 9.9955E-05 9.9955E-05 9.9955E-05
9.9955E-05 9.9955E-05 9.9955E-05 9.9955E-05 0.0348993 0.563854 0.166968 9.9955E-05 0.0020065 0.231772
9.9973E-05 0.0322597 0.0882894 9.9973E-05 0.042715 0.115152 0.547817 0.128434 0.045033 9.9973E-05
0.126184 9.9946E-05 9.9946E-05 9.9946E-05 0.0211434 0.797116 9.9946E-05 9.9946E-05 9.9946E-05 0.0549564
0.0211415 9.9964E-05 9.9964E-05 9.9964E-05 0.026099 0.825156 0.0112913 0.0469428 9.9964E-05 0.0689696
9.9946E-05 9.9946E-05 0.00858048 9.9946E-05 9.9946E-05 0.612118 0.291723 9.9946E-05 9.9946E-05 0.0869794
9.9973E-05 9.9973E-05 0.0481287 0.0204288 0.00846621 0.362529 0.41507 9.9973E-05 0.0452039 0.0998735
0.0149106 0.145335 0.0327137 9.9982E-05 9.9982E-05 0.106175 0.498485 0.0991256 0.0112647 0.0917904
0.0197267 9.9991E-05 0.0319548 0.00905427 0.00402802 0.333903 0.400926 0.0127843 0.0231237 0.164399
9.9964E-05 0.0598598 9.9964E-05 9.9964E-05 0.051051 0.533443 0.169559 9.9964E-05 0.0131281 0.17256
9.9955E-05 9.9955E-05 9.9955E-05 9.9955E-05 0.205477 0.448821 0.253181 9.9955E-05 0.00896896 0.083052
9.9973E-05 0.0549826 9.9973E-05 0.0553682 0.0254332 0.24281 0.549609 9.9973E-05 0.0432963 0.0282007
0.042402 9.9946E-05 9.9946E-05 9.9946E-05 9.9946E-05 0.509963 0.293247 9.9946E-05 9.9946E-05 0.153788
0.0598357 0.0583948 9.9964E-05 9.9964E-05 9.9964E-05 0.357452 0.418986 9.9964E-05 0.0141518 0.0907799
9.9946E-05 9.9946E-05 9.9946E-05 9.9946E-05 9.9946E-05 0.524385 0.424445 9.9946E-05 0.0289325 0.0216375
0.0918298 0.0448269 9.9955E-05 0.0275934 9.9955E-05 0.681237 9.9955E-05 0.154014 9.9955E-05 9.9955E-05
0.145962 9.9973E-05 0.126228 0.0089884 9.9973E-05 0.181092 0.517812 9.9973E-05 0.0179272 0.00169182
9.9955E-05 0.791517 9.9955E-05 0.0135272 0.035538 9.9955E-05 0.137681 9.9955E-05 0.0212364 9.9955E-05
9.99371E-05 0.802164 9.99371E-05 9.99371E-05 9.99371E-05 9.99371E-05 0.0928751 9.99371E-05 0.104261 9.99371E-05
9.9955E-05 0.710817 9.9955E-05 0.0300158 0.0284359 9.9955E-05 0.0847052 9.9955E-05 0.145527 9.9955E-05
9.9955E-05 0.809033 9.9955E-05 0.0106224 9.9955E-05 0.0346862 0.0386912 9.9955E-05 0.106468 9.9955E-05
9.9964E-05 0.780565 9.9964E-05 0.00848781 9.9964E-05 9.9964E-05 0.0987405 0.0198015 0.0874346 0.00457054
9.9964E-05 0.787119 9.9964E-05 0.0306117 0.0340616 9.9964E-05 0.0702084 0.0106251 0.0669742 9.9964E-05
9.99461E-05 0.841079 9.99461E-05 0.0347273 9.99461E-05 9.99461E-05 0.0569939 9.99461E-05 0.0665998 9.99461E-05
0.0011596 0.0178428 0.0972336 0.0491945 0.0215428 0.181628 0.501218 9.9991E-05 0.0640166 0.0660633
9.999E-05 0.052885 0.022268 0.0668064 0.0254862 0.0629679 0.519983 0.0457191 0.0763225 0.127462
9.9955E-05 0.038357 0.00267852 9.9955E-05 9.9955E-05 0.737883 0.087418 9.9955E-05 9.9955E-05 0.133163
0.108677 0.0236489 9.9991E-05 0.104053 0.031445 0.106384 0.511804 0.011015 0.026374 0.0764999
0.0368423 9.9973E-05 0.00307561 9.9973E-05 0.0173445 0.321943 0.419158 9.9973E-05 0.00810322 0.193234
9.9955E-05 0.16333 9.9955E-05 9.9955E-05 9.9955E-05 0.218188 0.587994 0.0150038 9.9955E-05 0.014984
0.0175751 0.0340263 0.0460822 9.9982E-05 9.9982E-05 0.23313 0.592429 0.0257722 0.00822007 0.0425654
9.9955E-05 0.000550296 9.9955E-05 0.0828003 9.9955E-05 0.4174 0.496604 9.9955E-05 0.0021452 9.9955E-05
9.9946E-05 0.023755 9.9946E-05 9.9946E-05 0.109918 0.611087 9.9946E-05 9.9946E-05 9.9946E-05 0.25464
0.152821 0.0941745 9.9982E-05 0.0913467 9.9982E-05 0.0597797 0.441716 0.0568216 0.0051685 0.0979722
0.138289 0.0375975 9.9973E-05 9.9973E-05 0.0484582 0.134932 0.508837 9.9973E-05 0.0271681 0.104419
0.0138814 0.113885 9.9964E-05 9.9964E-05 9.9964E-05 0.113251 0.660781 9.9964E-05 0.0112274 0.0865737
0.090208 9.9964E-05 9.9964E-05 0.00524852 9.9964E-05 0.592222 0.246747 0.0311273 0.0340477 9.9964E-05
0.0147753 0.00952701 0.0181101 9.9982E-05 0.0127433 0.342204 0.5135 0.0403567 0.0485836 9.9982E-05
0.0249663 9.9964E-05 0.0245705 9.9964E-05 9.9964E-05 0.308574 0.442948 9.9964E-05 0.0290042 0.169537
9.9955E-05 9.9955E-05 9.9955E-05 0.0926365 9.9955E-05 0.522252 0.31862 9.9955E-05 0.0112134 0.0547779
9.9964E-05 0.0813814 9.9964E-05 9.9964E-05 0.0525526 0.337161 0.48195 9.9964E-05 0.0224777 0.0240775
0.0925403 0.0297297 0.138659 0.0116289 0.0514525 0.0160961 0.545991 9.9982E-05 9.9982E-05 0.113703
9.9982E-05 0.030933 0.50865 0.023287 9.9982E-05 0.0453593 0.131239 0.199083 0.0148342 0.0464139
0.0533194 0.0928176 0.284102 0.0975276 0.145708 9.9982E-05 0.252479 9.9982E-05 0.022282 0.0515649
0.126597 0.0647129 0.253069 9.9964E-05 9.9964E-05 9.9964E-05 0.49592 9.9964E-05 0.0453133 0.0139885
0.0665344 0.10443 0.279562 0.0655265 0.0358145 0.012246 0.433226 9.9982E-05 0.00246089 9.9982E-05
9.9955E-05 0.00148673 0.415611 9.9955E-05 9.9955E-05 9.9955E-05 0.38015 9.9955E-05 0.0564163 0.145836
0.0491054 0.0119192 0.227514 0.0409344 0.0664207 0.061168 0.491289 0.00142432 9.9991E-05 0.0501248
0.00108168 0.0134633 0.527425 0.0681061 0.0312484 9.9964E-05 0.358276 9.9964E-05 9.9964E-05 9.9964E-05
0.0753972 0.0197192 0.402089 9.9955E-05 9.9955E-05 9.9955E-05 0.426606 9.9955E-05 0.0756885 9.9955E-05
0.0984704 0.0184254 0.220775 0.1132 0.0870649 0.000107503 0.461657 9.9973E-05 9.9973E-05 9.9973E-05
9.9973E-05 9.9973E-05 0.204854 9.9973E-05 0.0277471 0.0401314 0.524215 0.0638644 0.0358026 0.103085
9.9946E-05 9.9946E-05 0.432172 9.9946E-05 0.0750284 9.9946E-05 0.423434 9.9946E-05 9.9946E-05 0.0687655
0.126306 9.9973E-05 0.18314 0.0559352 0.0107002 9.9973E-05 0.593191 0.0297181 0.000709119 9.9973E-05
9.9973E-05 0.0581978 0.242304 0.0454365 9.9973E-05 0.0649892 0.520064 0.0558059 9.9973E-05 0.0129032
9.9964E-05 9.9964E-05 0.137431 9.9964E-05 0.0659248 0.0866561 0.534477 9.9964E-05 0.0316322 0.143479
0.0967115 0.0487661 0.167159 0.0383129 9.9982E-05 0.0679291 0.466255 0.0943004 9.9982E-05 0.0203664
9.9964E-05 9.9964E-05 0.312387 0.107456 0.101276 0.0268305 0.403995 9.9964E-05 9.9964E-05 0.047655
0.0802828 0.0637282 0.370771 9.9973E-05 9.9973E-05 9.9973E-05 0.236217 0.0874497 0.0462987 0.114953
0.0078949 9.9964E-05 0.198272 0.0154672 9.9964E-05 0.00113089 0.600724 9.9964E-05 9.9964E-05 0.176111
0.0157265 0.0105021 0.348535 0.00248189 9.9964E-05 9.9964E-05 0.585423 0.0369314 9.9964E-05 9.9964E-05
9.9982E-05 9.9982E-05 0.445835 0.0364128 0.0479701 0.0528875 0.139992 0.0499138 0.0312295 0.19556
0.0782688 0.0431719 0.439048 9.9982E-05 0.0343436 0.0350346 0.104113 0.208749 9.9982E-05 0.0570714
0.0703556 0.0291912 0.279098 0.0488493 0.0603583 9.9982E-05 0.454223 9.9982E-05 0.0325111 0.0252136
0.0327851 9.9973E-05 0.428258 0.0775935 0.0775682 0.157121 9.9973E-05 0.217519 0.00885456 9.9973E-05
9.9973E-05 0.0477384 0.370237 9.9973E-05 0.0721846 0.0961455 0.167642 0.0163025 9.9973E-05 0.229449
0.0187158 9.9973E-05 0.242075 9.9973E-05 0.0421552 0.0885912 0.395074 0.0424773 9.9973E-05 0.170612
9.9973E-05 0.0195403 0.287378 9.9973E-05 0.0637203 0.0887974 0.276542 9.9973E-05 0.0209256 0.242796
0.0469803 9.9973E-05 0.488467 0.0391838 0.0507991 0.0593947 0.0974615 9.9973E-05 9.9973E-05 0.217414
0.135074 9.9964E-05 0.175261 0.0286317 9.9964E-05 9.9964E-05 0.498286 9.9964E-05 0.0538968 0.108451
0.0186078 0.0805073 9.9982E-05 0.0532543 0.161888 0.0271956 0.532897 0.0551326 9.9982E-05 0.0703175
0.0431178 0.0591188 0.226287 0.0467462 9.9991E-05 0.0854316 0.420291 0.0370675 0.0283591 0.0534804
0.0473609 9.9964E-05 0.63144 0.0928749 9.9964E-05 0.113346 9.9964E-05 0.0844592 0.0301194 9.9964E-05
0.107489 0.159287 0.113669 0.0549634 0.0418614 0.121548 0.375289 0.025693 9.9982E-05 9.9982E-05
0.174838 0.0329757 0.0499251 0.0227214 9.9982E-05 0.0896585 0.36316 0.119899 9.9982E-05 0.146622
0.233507 0.117946 0.0947135 9.9964E-05 0.0836527 0.141915 9.9964E-05 0.327866 9.9964E-05 9.9964E-05
0.148605 0.108238 9.9964E-05 9.9964E-05 9.9964E-05 0.0983017 0.592256 9.9964E-05 0.0132997 0.0388992
0.123272 0.125328 0.129644 0.0283377 0.0469395 0.0606507 0.335848 0.14978 9.9982E-05 9.9982E-05
0.103738 0.0772431 0.0496239 0.0722738 9.9982E-05 0.0914707 0.408109 0.125472 9.9982E-05 0.0718696
0.302894 0.0628884 0.137793 0.0161471 0.00188589 0.0360284 0.161487 0.179448 0.0224731 0.0789546
0.323028 0.0227331 9.9973E-05 9.9973E-05 0.121773 0.0129499 0.0686639 0.179535 9.9973E-05 0.271017
0.197692 9.9973E-05 0.0140902 9.9973E-05 0.103749 0.00305952 0.397301 0.179518 9.9973E-05 0.10429
0.0686754 0.0126058 9.9991E-05 0.12405 0.0705264 0.00977731 0.423463 0.0838686 0.0584624 0.148471
0.20986 0.131124 9.9982E-05 0.0134018 0.0040427 0.117991 0.310213 9.9982E-05 0.0403475 0.17282
0.222557 0.0588721 9.9964E-05 0.104269 9.9964E-05 0.153535 9.9964E-05 0.250392 9.9964E-05 0.209975
0.133208 0.0831329 0.0974082 0.0422105 0.00869415 0.00712561 0.490173 0.0985195 0.00251846 0.0370096
0.279807 9.9964E-05 0.09043 9.9964E-05 9.9964E-05 0.131398 0.269203 0.10875 9.9964E-05 0.120012
0.144452 9.9973E-05 0.0257763 9.9973E-05 0.020761 0.0898098 0.376005 0.146545 9.9973E-05 0.196351
0.129442 0.0684956 0.0153034 0.0341319 0.000503069 9.9973E-05 0.573663 0.178161 9.9973E-05 9.9973E-05
0.164142 0.267761 9.9973E-05 0.241313 9.9973E-05 9.9973E-05 0.017007 0.139834 0.0531214 0.116522
0.114458 0.502472 9.9955E-05 0.143977 9.9955E-05 9.9955E-05 9.9955E-05 0.202215 0.036378 9.9955E-05
0.0504468 0.460164 9.9955E-05 0.141494 9.9955E-05 9.9955E-05 9.9955E-05 0.32913 0.0182657 9.9955E-05
0.17285 0.353196 0.0709164 0.334742 9.9955E-05 9.9955E-05 9.9955E-05 0.0677957 9.9955E-05 9.9955E-05
0.311735 9.9946E-05 0.129611 9.9946E-05 9.9946E-05 0.0147991 0.543255 9.9946E-05 9.9946E-05 9.9946E-05
0.0347894 9.9991E-05 0.0293685 0.103985 0.111625 0.0795289 0.511626 0.0562963 0.00615474 0.0665272
9.99281E-05 9.99281E-05 9.99281E-05 0.714318 9.99281E-05 9.99281E-05 0.284882 9.99281E-05 9.99281E-05 9.99281E-05
9.9964E-05 9.9964E-05 0.120565 0.409396 9.9964E-05 0.0364907 0.274719 9.9964E-05 0.0522631 0.106167
0.0732931 0.025347 0.0149446 0.393213 0.020864 0.0467049 0.278322 0.0654986 0.0328688 0.0489436
0.427652 9.9964E-05 0.0602789 9.9964E-05 9.9964E-05 0.125192 0.177226 0.201242 0.00800928 9.9964E-05
0.114547 9.9982E-05 9.9982E-05 0.148638 0.0217658 0.131857 0.363714 0.117222 0.00127106 0.100785
0.415276 9.9955E-05 0.056764 9.9955E-05 9.9955E-05 0.0874241 0.098592 0.341444 9.9955E-05 9.9955E-05
0.300667 0.0259392 9.9982E-05 0.00987146 0.00444155 0.0638838 0.490925 0.0487257 9.9982E-05 0.0553466
0.187536 9.9955E-05 9.9955E-05 9.9955E-05 0.0230586 9.9955E-05 0.407737 0.186403 9.9955E-05 0.194767
0.290859 0.0238017 9.9973E-05 0.0197848 9.9973E-05 0.0172529 0.459697 0.102139 9.9973E-05 0.0861661
0.41123 9.9964E-05 0.0211678 9.9964E-05 9.9964E-05 0.125872 0.0490569 0.191722 9.9964E-05 0.200551
0.195338 9.9955E-05 9.9955E-05 0.0726163 9.9955E-05 9.9955E-05 0.524281 0.0900435 9.9955E-05 0.117222
0.251154 0.000677036 0.0977961 0.122364 9.9973E-05 0.0520447 0.461778 0.0138867 9.9973E-05 9.9973E-05
9.9937E-05 9.9937E-05 9.9937E-05 0.926656 9.9937E-05 9.9937E-05 0.0425611 9.9937E-05 9.9937E-05 0.0300835
0.0174535 9.9946E-05 9.9946E-05 0.875014 9.9946E-05 9.9946E-05 0.0872767 9.9946E-05 9.9946E-05 0.0196562
0.0837898 9.9973E-05 0.00208764 0.571057 9.9973E-05 0.032408 0.195935 9.9973E-05 0.0162175 0.0982052
9.9946E-05 9.9946E-05 9.9946E-05 0.667108 0.05126 9.9946E-05 0.23996 9.9946E-05 0.0410727 9.9946E-05
0.036949 9.9946E-05 9.9946E-05 0.832769 9.9946E-05 0.101545 0.0281378 9.9946E-05 9.9946E-05 9.9946E-05
9.99201E-05 9.99201E-05 9.99201E-05 0.999101 9.99201E-05 9.99201E-05 9.99201E-05 9.99201E-05 9.99201E-05 9.99201E-05
9.9946E-05 0.00388183 9.9946E-05 0.939882 9.9946E-05 9.9946E-05 9.9946E-05 0.0381804 0.0174558 9.9946E-05
9.9928E-05 9.9928E-05 9.9928E-05 0.882917 9.9928E-05 9.9928E-05 0.116284 9.9928E-05 9.9928E-05 9.9928E-05
9.9937E-05 9.9937E-05 9.9937E-05 0.955469 0.0236976 9.9937E-05 9.9937E-05 9.9937E-05 9.9937E-05 0.0201342
9.99201E-05 9.99201E-05 9.99201E-05 0.999101 9.99201E-05 9.99201E-05 9.99201E-05 9.99201E-05 9.99201E-05 9.99201E-05
9.9928E-05 9.9928E-05 9.9928E-05 0.964211 9.9928E-05 9.9928E-05 9.9928E-05 9.9928E-05 0.03499 9.9928E-05
0.0114415 9.9955E-05 0.0740751 0.683536 9.9955E-05 9.9955E-05 0.139864 9.9955E-05 0.0905832 9.9955E-05
9.9955E-05 0.06363 9.9955E-05 0.801179 0.0233711 9.9955E-05 0.0368137 9.9955E-05 9.9955E-05 0.0745064
9.9937E-05 9.9937E-05 9.9937E-05 0.957911 9.9937E-05 0.0253169 9.9937E-05 9.9937E-05 0.0160728 9.9937E-05
9.9982E-05 0.0410635 0.154386 0.395794 0.066805 0.00185252 0.287926 0.0374839 0.0144891 9.9982E-05
9.9955E-05 0.0680942 0.0837386 0.646663 0.0247984 9.9955E-05 0.176206 9.9955E-05 9.9955E-05 9.9955E-05
0.00574996 0.0198947 0.0389428 0.748051 0.0235676 9.9973E-05 0.126854 9.9973E-05 0.0366407 9.9973E-05
9.9964E-05 9.9964E-05 9.9964E-05 0.845028 0.0233297 0.00541623 0.0684443 9.9964E-05 0.0313876 0.0259939
9.9928E-05 9.9928E-05 0.0543077 0.944893 9.9928E-05 9.9928E-05 9.9928E-05 9.9928E-05 9.9928E-05 9.9928E-05
9.9955E-05 0.0138776 0.0594289 0.842749 9.9955E-05 9.9955E-05 0.0825014 9.9955E-05 0.000943036 9.9955E-05
9.9928E-05 9.9928E-05 9.9928E-05 0.973553 9.9928E-05 9.9928E-05 9.9928E-05 9.9928E-05 0.0256471 9.9928E-05
9.9955E-05 0.0473481 9.9955E-05 0.626981 0.101935 9.9955E-05 0.209443 9.9955E-05 9.9955E-05 0.0137935
9.9964E-05 9.9964E-05 0.0227608 0.892054 0.0006748 0.0190239 9.9964E-05 9.9964E-05 0.0301054 0.0349817
0.414555 0.388839 9.9946E-05 9.9946E-05 9.9946E-05 0.0231853 9.9946E-05 0.172821 9.9946E-05 9.9946E-05
0.301326 0.13297 9.9982E-05 0.0652088 0.0758227 0.0295122 0.359116 0.0252287 0.0106165 9.9982E-05
0.240841 0.217185 0.0329974 0.09231 0.0832019 0.0664752 0.252731 9.9982E-05 0.0140579 9.9982E-05
0.357152 0.177979 0.00478999 0.130593 0.0274576 0.0243462 0.0514126 0.182775 0.0433941 9.9991E-05
0.0809028 0.0682702 0.0646839 0.139999 0.0361881 0.0313514 0.314085 0.0757358 0.101007 0.0877769
0.31435 0.216942 9.9982E-05 0.111422 9.9982E-05 0.0246914 0.127883 0.145503 0.0199538 0.0390552
0.148776 0.187121 9.9982E-05 0.0496545 0.0421645 0.0280785 0.458734 0.0555138 0.0297573 9.9982E-05
0.439709 0.103917 0.0423665 0.215507 9.9964E-05 9.9964E-05 0.140444 0.0576567 9.9964E-05 9.9964E-05
0.237628 0.0779558 0.0044352 0.116137 9.9991E-05 0.00322412 0.318651 0.0492162 0.0826965 0.109957
0.495904 0.0709753 9.9964E-05 0.236308 9.9964E-05 9.9964E-05 0.122933 0.0233732 0.0501058 9.9964E-05
0.151629 0.228303 0.173444 0.0893003 0.00223941 9.9973E-05 0.347207 0.00757759 9.9973E-05 9.9973E-05
0.0438803 0.818867 9.9955E-05 9.9955E-05 0.0459385 9.9955E-05 0.0655068 0.0253078 9.9955E-05 9.9955E-05
9.9955E-05 0.83951 9.9955E-05 0.0560022 9.9955E-05 9.9955E-05 0.0196444 0.0230125 0.0613312 9.9955E-05
9.9964E-05 0.89395 0.0546435 9.9964E-05 0.00739815 9.9964E-05 0.0194941 0.000880251 0.0232338 9.9964E-05
9.9955E-05 0.887272 0.0193789 9.9955E-05 0.0616912 9.9955E-05 0.0151773 9.9955E-05 0.0159809 9.9955E-05
0.00950613 0.820553 0.00523069 9.9964E-05 9.9964E-05 9.9964E-05 0.00338566 9.9964E-05 0.0687689 0.0921555
9.9946E-05 0.837191 0.0324341 0.0734205 9.9946E-05 9.9946E-05 9.9946E-05 9.9946E-05 0.0563548 9.9946E-05
9.9964E-05 0.787033 9.9964E-05 0.0661114 0.00115904 0.00240143 0.0459433 9.9964E-05 0.0969519 9.9964E-05
9.9955E-05 0.81235 0.0305581 9.9955E-05 9.9955E-05 9.9955E-05 0.0325852 0.0787634 0.0452437 9.9955E-05
9.9946E-05 0.863607 9.9946E-05 9.9946E-05 9.9946E-05 0.00447431 0.103308 9.9946E-05 0.028011 9.9946E-05
9.9964E-05 0.815208 9.9964E-05 0.0755548 0.0117736 9.9964E-05 0.0637866 0.0211765 0.0121009 9.9964E-05
9.9964E-05 0.528158 9.9964E-05 9.9964E-05 0.104602 0.109373 9.9964E-05 0.0202048 0.0581831 0.179079
9.9964E-05 0.491016 9.9964E-05 9.9964E-05 0.25545 0.0428328 9.9964E-05 0.0199557 0.0503373 0.140009
9.9964E-05 0.461135 9.9964E-05 9.9964E-05 0.15223 0.0275823 9.9964E-05 0.122078 0.0380732 0.198502
9.9964E-05 0.52151 0.15275 9.9964E-05 0.0719514 0.092987 9.9964E-05 0.00742387 9.9964E-05 0.152977
0.0112009 0.0615319 0.0531704 9.9973E-05 0.0729403 0.185382 0.53451 9.9973E-05 9.9973E-05 0.0809642
0.0247742 0.0145825 9.9973E-05 0.0778042 0.0754891 0.224049 0.410682 9.9973E-05 9.9973E-05 0.17232
0.0275794 0.0108504 0.0779093 0.0315772 0.101956 0.0948949 0.554054 9.9982E-05 9.9982E-05 0.100979
9.9973E-05 0.0219703 0.293988 9.9973E-05 0.11924 0.119935 0.298973 9.9973E-05 0.00946969 0.136124
9.9964E-05 9.9964E-05 0.475544 0.00742516 0.119818 0.13258 0.0222617 9.9964E-05 9.9964E-05 0.241971
0.0258407 0.0354416 0.0918587 0.0716108 0.0907944 0.0418511 0.602515 0.0398876 9.9982E-05 9.9982E-05
0.017935 9.9955E-05 0.161242 9.9955E-05 9.9955E-05 0.186353 0.558054 9.9955E-05 9.9955E-05 0.0759168
0.0544583 9.9973E-05 0.137139 9.9973E-05 0.0401583 0.183976 0.488496 9.9973E-05 0.0160422 0.0794306
0.0230493 9.9964E-05 9.9964E-05 0.099114 0.038731 0.547758 0.270653 0.0202945 9.9964E-05 9.9964E-05
0.0914671 0.0201374 0.0681322 0.0118812 0.0755199 0.0691609 0.574265 0.0222094 0.0163829 0.0508436
0.0140274 9.9982E-05 0.0127807 9.9982E-05 0.0683848 0.275271 0.398027 0.043625 0.0125048 0.175179
9.9955E-05 9.9955E-05 0.0648125 9.9955E-05 0.0515018 0.739636 9.9955E-05 0.120371 0.0231788 9.9955E-05
0.0386804 0.0315615 0.0194244 9.9991E-05 0.0700585 0.12889 0.608814 0.0327022 0.0106838 0.0590854
0.025412 0.0171696 9.9982E-05 0.00746911 0.0377959 0.453947 0.290274 0.163978 0.00375558 9.9982E-05
0.0202367 9.9973E-05 0.117969 0.0606376 9.9973E-05 0.337502 0.411007 0.0297992 0.022548 9.9973E-05
9.9964E-05 0.00814429 0.0320173 9.9964E-05 0.100407 0.618387 0.118848 9.9964E-05 9.9964E-05 0.121796
0.134133 0.0312485 0.0503138 9.9955E-05 0.772567 0.0112384 9.9955E-05 9.9955E-05 9.9955E-05 9.9955E-05
0.0854657 0.0137112 9.9955E-05 0.028709 0.864989 9.9955E-05 0.00662553 9.9955E-05 9.9955E-05 9.9955E-05
9.9928E-05 9.9928E-05 9.9928E-05 9.9928E-05 0.949168 9.9928E-05 9.9928E-05 0.0500322 9.9928E-05 9.9928E-05
0.0346667 0.0234227 9.9955E-05 9.9955E-05 0.895917 0.0276809 9.9955E-05 0.0178134 9.9955E-05 9.9955E-05
0.0630966 9.9946E-05 9.9946E-05 0.0315195 0.825151 9.9946E-05 9.9946E-05 0.0796329 9.9946E-05 9.9946E-05
9.9937E-05 9.9937E-05 9.9937E-05 0.0674494 0.859714 9.9937E-05 0.0721374 9.9937E-05 9.9937E-05 9.9937E-05
9.9955E-05 0.775852 9.9955E-05 0.0539497 9.9955E-05 9.9955E-05 0.0452174 9.9955E-05 0.0549902 0.0694907
9.9964E-05 0.795032 0.0104593 0.0355621 0.0267709 9.9964E-05 0.0269426 9.9964E-05 9.9964E-05 0.104834
9.9955E-05 0.685992 9.9955E-05 0.068899 9.9955E-05 9.9955E-05 0.111022 9.9955E-05 0.0639385 0.0696488
9.9964E-05 0.707097 9.9964E-05 0.0951908 0.00517044 9.9964E-05 0.0120563 9.9964E-05 0.0344891 0.145596
0.0205377 0.757332 9.9964E-05 0.101407 9.9964E-05 9.9964E-05 0.0687474 9.9964E-05 0.0104852 0.0410904
0.0578963 0.339148 0.130657 9.9973E-05 0.380513 0.0196716 9.9973E-05 9.9973E-05 0.0365692 0.0352457
0.00688301 0.475224 0.0219833 9.9982E-05 0.352472 0.0404078 9.9982E-05 0.0824959 0.0039723 0.0163614
9.9964E-05 0.359537 9.9964E-05 9.9964E-05 0.420835 0.0363625 0.0615433 0.0835862 0.0377362 9.9964E-05
9.99201E-05 9.99201E-05 9.99201E-05 9.99201E-05 9.99201E-05 9.99201E-05 9.99201E-05 9.99201E-05 0.999101 9.99201E-05
9.9982E-05 0.302985 0.00105702 0.0296618 0.473182 0.0175837 9.9982E-05 0.0647241 0.0175208 0.0930859
9.9955E-05 0.191833 9.9955E-05 0.366598 0.022506 9.9955E-05 0.267343 0.15122 9.9955E-05 9.9955E-05
0.0327954 0.110704 0.0304685 0.258896 0.0367007 9.9973E-05 0.498081 9.9973E-05 0.0320551 9.9973E-05
9.9946E-05 0.179865 9.9946E-05 0.292097 9.9946E-05 9.9946E-05 0.523219 9.9946E-05 0.00421904 9.9946E-05
0.111373 0.293027 0.0602475 0.279563 9.9964E-05 0.0340277 0.221361 9.9964E-05 9.9964E-05 9.9964E-05
0.0547294 0.142158 0.0409238 0.192589 0.0329248 0.0303266 0.43525 9.9982E-05 9.9982E-05 0.0708985
0.105461 0.469116 9.9946E-05 0.280594 9.9946E-05 9.9946E-05 9.9946E-05 0.14423 9.9946E-05 9.9946E-05
0.103858 9.9973E-05 0.250102 9.9973E-05 0.0917624 0.0837081 0.356377 0.0222226 9.9973E-05 0.0916693
0.0786625 9.9964E-05 0.351455 9.9964E-05 9.9964E-05 0.105549 0.298266 0.124989 9.9964E-05 0.0406783
9.9973E-05 0.0049984 0.324017 9.9973E-05 0.128551 9.9973E-05 0.0871653 0.00174471 0.0433552 0.409869
0.0422831 9.9964E-05 0.240788 9.9964E-05 0.0390228 0.14931 0.383127 0.145069 9.9964E-05 9.9964E-05
9.9937E-05 9.9937E-05 0.226557 9.9937E-05 9.9937E-05 0.311496 9.9937E-05 0.461248 9.9937E-05 9.9937E-05
0.0661407 0.0593586 0.0876277 0.0451919 0.0406155 9.9982E-05 0.508545 0.0235466 9.9982E-05 0.168774
0.0406666 0.0282015 0.212363 9.9982E-05 0.0124085 9.9982E-05 0.428836 0.144145 0.000695094 0.132485
9.9964E-05 0.0655059 0.392568 9.9964E-05 9.9964E-05 0.0695808 0.229374 9.9964E-05 0.0214437 0.221129
0.0481695 0.0410333 0.0748902 0.0231039 0.0859799 0.0135244 0.510972 0.0696795 0.0507095 0.0819372
0.109941 9.99549E-05 0.402367 9.99549E-05 9.99549E-05 0.0830332 9.99549E-05 0.223785 9.99549E-05 0.180374
0.0409146 9.9982E-05 0.17034 0.0366655 0.105851 0.0612327 0.373493 0.125701 9.9982E-05 0.0856024
9.9973E-05 9.9973E-05 0.233407 9.9973E-05 0.0807198 0.0854334 0.489713 0.0207668 0.0192411 0.0704185
9.99849E-05 0.105351 0.105862 0.172575 0.0491911 0.113383 0.37252 0.0422647 9.99849E-05 0.0386524
0.137914 9.9973E-05 0.302687 9.9973E-05 0.053584 0.00516735 0.321041 0.0624969 9.9973E-05 0.11681
9.9982E-05 0.00669404 0.265774 0.00053786 0.0848143 0.0305191 0.400564 0.0863285 9.9982E-05 0.124568
0.125329 9.9991E-05 0.100015 0.0661721 0.0010772 0.0277767 0.462381 0.126836 0.0126315 0.0776815
0.0955744 9.9964E-05 0.292462 9.9964E-05 0.00707597 0.00159083 0.502875 0.100021 9.9964E-05 9.9964E-05
0.0220124 9.9982E-05 9.9982E-05 0.0791504 0.115145 0.0667726 0.614717 0.0150217 0.0308197 0.0561608
0.0391935 0.110572 0.105785 0.0190688 0.112945 9.9973E-05 0.532152 9.9973E-05 9.9973E-05 0.0799838
0.0199194 0.049279 0.0774077 9.9982E-05 0.051873 9.9982E-05 0.514637 0.093173 0.0261064 0.167405
9.9937E-05 0.773344 9.9937E-05 0.0646931 9.9937E-05 9.9937E-05 0.161264 9.9937E-05 9.9937E-05 9.9937E-05
9.9964E-05 0.811091 9.9964E-05 0.0465357 9.9964E-05 0.0142745 0.0962143 0.0202942 0.0111908 9.9964E-05
0.0754228 0.772428 0.0450731 0.0134577 0.0207341 9.9973E-05 0.042437 0.0301473 9.9973E-05 9.9973E-05
9.9955E-05 0.801174 9.9955E-05 0.0218121 0.0517616 0.0691776 0.0555753 9.9955E-05 9.9955E-05 9.9955E-05
9.9946E-05 0.745778 9.9946E-05 0.00353136 9.9946E-05 9.9946E-05 0.163146 9.9946E-05 0.0869451 9.9946E-05
9.9973E-05 0.0221542 0.535379 0.0380209 0.0327638 9.9973E-05 9.9973E-05 0.0206881 0.00478636 0.345907
9.9973E-05 9.9973E-05 0.2027 0.0172865 9.9973E-05 0.0705605 0.430165 0.136195 0.0765666 0.0662262
0.0946657 0.195088 9.9982E-05 0.187836 9.9982E-05 0.0161071 0.424691 0.032963 0.0271886 0.0212608
0.0842034 9.9964E-05 0.179677 0.05404 9.9964E-05 9.9964E-05 0.529186 9.9964E-05 0.0638116 0.0886821
9.9973E-05 0.0380401 0.34362 9.9973E-05 0.0492582 0.0359215 0.468327 0.00198501 9.9973E-05 0.062548
0.0680939 0.000398318 0.429609 0.0505541 0.013251 9.9991E-05 0.214212 0.166919 0.00656976 0.0502926
9.9946E-05 0.147088 0.766058 9.9946E-05 9.9946E-05 0.0497151 9.9946E-05 9.9946E-05 0.0365389 9.9946E-05
9.9973E-05 9.9973E-05 0.29479 0.0598235 0.105059 0.000285326 0.42015 0.0508638 9.9973E-05 0.0687283
9.9973E-05 0.067415 0.183267 9.9973E-05 0.221722 0.0567797 0.1049 0.121618 9.9973E-05 0.243997
0.0239585 0.0483535 0.226969 0.036882 0.110165 0.0199193 0.375269 0.131496 0.00616586 0.0208206
9.9955E-05 0.149134 0.622567 9.9955E-05 9.9955E-05 9.9955E-05 0.0349141 0.0528864 9.9955E-05 0.139999
0.0222644 0.0682679 0.316377 0.0665729 0.0653768 9.9973E-05 0.444806 9.9973E-05 0.0160344 9.9973E-05
9.9991E-05 0.0348032 0.451386 0.0033509 0.0921998 0.0266947 0.105092 0.0195329 0.0205455 0.246295
0.109342 9.9973E-05 0.392189 0.0854797 9.9973E-05 0.0957592 0.198332 9.9973E-05 0.0284121 0.0901865
0.152612 0.0538056 0.00833558 9.9991E-05 0.0198606 0.0529621 0.424595 0.134197 0.00118368 0.152348
0.484606 9.9973E-05 0.00463331 0.0030945 0.0268128 9.9973E-05 0.211016 0.153297 9.9973E-05 0.116241
0.321355 0.0152187 0.10842 9.9964E-05 0.00582405 9.9964E-05 0.461832 9.9964E-05 9.9964E-05 0.0869502
0.225769 0.0296856 9.9982E-05 0.0364139 0.00315599 9.9982E-05 0.465336 0.0602567 0.0675234 0.11166
0.479136 9.9964E-05 9.9964E-05 9.9964E-05 0.101107 0.0409374 0.166562 0.132871 9.9964E-05 0.0789871
0.275254 0.00244196 9.9991E-05 0.00299267 0.0248375 0.0211375 0.480369 0.0125895 0.0382312 0.142047
0.164194 9.9964E-05 9.9964E-05 9.9964E-05 0.0706956 0.108824 0.482705 0.142653 0.0305283 9.9964E-05
0.455657 9.9946E-05 9.9946E-05 9.9946E-05 0.125198 0.149789 9.9946E-05 0.268757 9.9946E-05 9.9946E-05
0.52881 9.9964E-05 9.9964E-05 9.9964E-05 0.0517462 0.0172698 0.138547 0.261062 9.9964E-05 0.00216442
0.416749 9.99695E-05 0.10137 9.99695E-05 0.0726677 9.99695E-05 0.330147 0.0712143 9.99695E-05 0.00745163
0.453769 9.9964E-05 0.074358 9.9964E-05 0.0858402 0.237562 0.0130576 0.135013 9.9964E-05 9.9964E-05
0.347802 0.023535 0.109938 9.9982E-05 9.9982E-05 0.0461399 0.362374 0.00808298 0.00778716 0.0941407
9.9973E-05 0.0619053 0.692123 9.9973E-05 0.0749064 0.040683 9.9973E-05 0.00170221 0.0112979 0.117082
9.9946E-05 9.9946E-05 0.683485 9.9946E-05 9.9946E-05 0.0537501 0.12429 0.137876 9.9946E-05 9.9946E-05
9.9973E-05 9.9973E-05 0.437121 0.106343 0.0104532 0.0505477 0.232096 9.9973E-05 0.00933824 0.153801
0.0580199 9.9982E-05 0.188064 0.0443495 0.0495274 0.0195574 0.562237 0.00765849 9.9982E-05 0.0703865
9.9964E-05 9.9964E-05 0.463521 9.9964E-05 0.0460419 0.0869285 0.138865 9.9964E-05 0.0220946 0.242149
9.9982E-05 0.0385127 0.199617 0.0985139 0.00587497 9.9982E-05 0.379673 0.202796 0.0729463 0.00186633
9.9964E-05 0.0144427 0.378512 0.0984744 0.0222099 0.017539 0.468422 9.9964E-05 9.9964E-05 9.9964E-05
9.9955E-05 9.9955E-05 0.536099 0.0554488 9.9955E-05 0.0013058 0.385203 9.9955E-05 0.0214438 9.9955E-05
9.9964E-05 9.9964E-05 0.336955 0.0875016 0.10819 9.9964E-05 0.410683 9.9964E-05 0.0206231 0.0356471
0.0495384 9.9982E-05 0.291257 0.0798076 0.15049 0.0683804 0.309414 9.9982E-05 0.000925251 0.0499873
9.9964E-05 9.9964E-05 0.374982 0.0861404 0.0813735 0.0796495 0.118916 9.9964E-05 9.9964E-05 0.258539
0.0371433 0.00917946 0.390016 0.0850498 0.173964 0.0329294 0.271417 9.9973E-05 9.9973E-05 9.9973E-05
0.0513568 9.9964E-05 0.350413 0.00218103 0.0214529 9.9964E-05 0.570379 0.00381755 9.9964E-05 9.9964E-05
0.0197324 0.0966003 0.274162 0.0119546 0.00506916 9.9973E-05 0.571127 0.021054 9.9973E-05 9.9973E-05
0.0292561 0.0491177 0.442059 9.9982E-05 0.0119696 0.0559175 0.278711 0.0223031 0.110466 9.9982E-05
9.9955E-05 9.9955E-05 0.430923 0.101811 0.00835842 9.9955E-05 0.382848 0.0755596 9.9955E-05 9.9955E-05
0.0185287 0.0178319 0.541941 0.0748512 9.9973E-05 9.9973E-05 0.225816 9.9973E-05 0.0532258 0.0675054
9.9964E-05 0.0178269 0.310987 9.9964E-05 0.00475265 0.0159075 0.6195 9.9964E-05 9.9964E-05 0.0306255
0.0305269 0.0861799 0.261138 0.00427292 0.0815475 0.024514 0.478847 9.9982E-05 9.9982E-05 0.0327741
0.0843578 0.0666924 0.272797 0.102593 0.0261995 0.00133616 0.398715 0.0358612 0.0113479 9.9991E-05
0.0906936 0.261287 9.9964E-05 0.116663 9.9964E-05 9.9964E-05 0.334965 9.9964E-05 0.022724 0.173268
9.9982E-05 0.0759313 0.106468 0.223391 9.9982E-05 0.0557066 0.374462 0.090275 0.0439375 0.0296289
0.104242 0.0364716 0.0745274 0.207179 9.9982E-05 9.9982E-05 0.24837 0.0898571 0.0762392 0.162913
0.00244809 0.0566801 0.0961304 0.00129345 9.9982E-05 9.9982E-05 0.64525 0.0547597 0.0322489 0.110989
9.9955E-05 0.185655 0.16045 0.155655 9.9955E-05 9.9955E-05 0.468846 9.9955E-05 0.0288932 9.9955E-05
0.05348 9.9973E-05 0.297272 0.0331056 9.9973E-05 0.0050085 0.31092 0.193447 9.9973E-05 0.106467
0.0610906 0.0833845 0.0188142 0.119271 9.9991E-05 0.0663896 0.492177 0.0581584 0.0411769 0.0594382
0.341776 0.232879 0.128385 0.0795441 9.9973E-05 0.0706976 9.9973E-05 0.126066 9.9973E-05 0.0203524
0.0203835 0.0571966 0.247625 0.200035 9.9973E-05 0.0420774 0.375181 9.9973E-05 0.0572024 9.9973E-05
0.0562847 0.1231 9.9973E-05 0.113932 9.9973E-05 9.9973E-05 0.573008 0.0762052 0.0415607 0.0156093
9.9982E-05 0.0426221 0.178537 0.244705 0.00197898 0.0616451 0.365647 0.0660792 0.0385849 9.9982E-05
0.0792138 0.140175 0.131706 0.0678275 9.9991E-05 0.059683 0.24787 0.128062 0.0612004 0.0841633
0.0624047 0.112357 9.9973E-05 0.192026 0.0920277 0.0119664 0.452187 9.9973E-05 9.9973E-05 0.0767305
0.156378 0.0838965 0.0840347 0.139276 9.9973E-05 9.9973E-05 0.450483 0.0112655 0.0743652 9.9973E-05
0.025186 0.430053 9.9964E-05 0.237205 9.9964E-05 0.00924414 9.9964E-05 0.264133 0.0337787 9.9964E-05
0.0454158 0.109399 9.9973E-05 0.215275 9.9973E-05 9.9973E-05 0.455075 0.0534774 0.0517953 0.0692629
0.101861 0.132973 9.9973E-05 0.180567 0.009513 9.9973E-05 0.508599 0.038176 0.0280109 9.9973E-05
0.0804786 0.105294 0.0480049 0.107145 9.9982E-05 9.9982E-05 0.515165 0.0449467 0.00843825 0.0903277
0.119608 0.144699 0.0982387 0.176838 9.9964E-05 9.9964E-05 0.444687 9.9964E-05 0.0155295 9.9964E-05
0.17684 0.133297 0.0383063 0.119785 0.00634083 9.9991E-05 0.410353 0.019285 0.0411299 0.0545619
0.00776202 9.9964E-05 9.9964E-05 0.0550669 9.9964E-05 0.059351 0.517216 0.280845 0.0793595 9.9964E-05
9.9964E-05 0.0808364 9.9964E-05 0.0539652 9.9964E-05 0.096234 0.481896 0.228461 9.9964E-05 0.0582075
9.9964E-05 9.9964E-05 0.0567158 9.9964E-05 0.025896 0.0806721 0.0817851 0.6947 9.9964E-05 0.0598316
9.99549E-05 9.99549E-05 0.0271456 9.99549E-05 0.0485997 0.0718636 0.0740187 0.777873 9.99549E-05 9.99549E-05
9.9973E-05 0.0406817 0.0819642 0.0615751 9.9973E-05 9.9973E-05 0.52763 0.201664 0.0208651 0.0653197
9.9955E-05 0.106675 9.9955E-05 0.26983 9.9955E-05 9.9955E-05 0.419216 0.188047 9.9955E-05 0.015733
9.9973E-05 0.0456037 0.00695775 0.316216 9.9973E-05 0.00705415 0.289372 0.283017 0.0514801 9.9973E-05
9.9964E-05 0.179014 9.9964E-05 0.255549 9.9964E-05 9.9964E-05 0.166503 0.284108 0.0209283 0.0934973
9.9964E-05 0.163216 9.9964E-05 0.244809 9.9964E-05 9.9964E-05 0.342259 0.170327 0.0174515 0.0615372
9.9946E-05 0.0416514 9.9946E-05 0.0543103 9.9946E-05 9.9946E-05 0.204201 0.699237 9.9946E-05 9.9946E-05
9.9955E-05 0.0265735 9.9955E-05 0.00688381 9.9955E-05 9.9955E-05 0.269127 0.628844 0.0680715 9.9955E-05
9.9946E-05 9.9946E-05 9.9946E-05 0.0476479 9.9946E-05 9.9946E-05 0.597716 0.287984 9.9946E-05 0.0660523
9.9955E-05 0.0273715 9.9955E-05 0.0414134 9.9955E-05 9.9955E-05 0.542306 0.37252 9.9955E-05 0.0158895
9.9955E-05 0.0202745 9.9955E-05 0.00602414 9.9955E-05 9.9955E-05 0.352211 0.585182 0.0358086 9.9955E-05
9.9964E-05 0.101137 9.9964E-05 0.0627559 0.000166763 9.9964E-05 0.567714 0.139434 9.9964E-05 0.128393
9.9955E-05 0.00961402 9.9955E-05 0.0767752 0.00626118 9.9955E-05 0.579277 0.327573 9.9955E-05 9.9955E-05
0.0539211 0.019747 0.0108693 0.219019 0.0679991 0.0872827 0.309232 0.188451 0.0433786 9.9991E-05
9.9955E-05 9.9955E-05 9.9955E-05 9.9955E-05 0.0852887 0.0447155 0.38292 0.452272 9.9955E-05 0.0343039
0.0882631 9.9973E-05 0.0541851 9.9973E-05 9.9973E-05 0.00569097 0.385148 0.358094 0.0133612 0.0949583
0.0235634 9.9964E-05 9.9964E-05 9.9964E-05 0.0605207 9.9964E-05 0.546874 0.211921 0.00428862 0.152433
0.0759008 0.0596623 9.9982E-05 9.9982E-05 0.0825321 0.0624653 0.471047 0.216066 0.0293728 0.00275354
0.103538 0.0582912 0.0714072 0.152938 0.0582479 0.0201043 0.328967 0.143749 9.9991E-05 0.0626576
0.0329135 0.00102476 0.0951277 9.9964E-05 9.9964E-05 9.9964E-05 0.485672 0.359815 9.9964E-05 0.0250463
9.9937E-05 9.9937E-05 9.9937E-05 9.9937E-05 0.123607 9.9937E-05 0.289046 0.586648 9.9937E-05 9.9937E-05
9.9964E-05 0.0182559 9.9964E-05 0.00493242 0.0313463 0.0644751 0.59533 0.285261 9.9964E-05 9.9964E-05
9.99459E-05 9.99459E-05 9.99459E-05 9.99459E-05 0.0256218 9.99459E-05 0.314918 0.635635 9.99459E-05 0.023226
9.9964E-05 9.9964E-05 9.9964E-05 0.020817 0.0589598 0.0103387 0.472076 0.432366 0.00504275 9.9964E-05
0.0215081 0.0324834 9.9982E-05 0.00320817 0.0478881 9.9982E-05 0.63404 0.165586 0.0502293 0.0448566
9.9973E-05 9.9973E-05 0.0784303 0.00483956 0.0451889 0.103255 0.498614 0.247918 0.0214548 9.9973E-05
0.0853707 0.0685101 0.0857375 0.16971 0.0120415 9.9991E-05 0.342166 0.0977187 0.0938906 0.0447552
9.9973E-05 0.0421807 0.0334752 0.10639 0.157759 9.9973E-05 0.407232 0.203953 0.0487097 9.9973E-05
0.175197 0.131345 9.9991E-05 0.246777 0.0649525 0.0450093 0.282654 0.0239272 0.0216096 0.00842821
0.115461 0.12234 0.027121 0.206849 0.0252929 0.0367383 0.31437 0.0923859 0.0197156 0.039727
0.0108062 0.132253 0.0915536 0.210462 0.0651847 0.0799143 0.358704 0.00554989 0.0454722 9.9991E-05
0.0361582 0.105103 9.9982E-05 0.112763 0.0479751 0.0318404 0.445155 0.214893 0.00591248 9.9982E-05
9.9955E-05 0.0987626 9.9955E-05 0.180981 0.0730629 9.9955E-05 9.9955E-05 0.623951 0.0227418 9.9955E-05
0.0387059 0.11576 0.0238726 0.143326 0.0259326 9.9991E-05 0.544123 0.0606566 0.0260802 0.0214433
9.9946E-05 0.339593 9.9946E-05 0.126643 9.9946E-05 9.9946E-05 9.9946E-05 0.52632 0.00684379 9.9946E-05
9.9946E-05 0.0601634 9.9946E-05 0.21601 9.9946E-05 9.9946E-05 0.48167 0.241557 9.9946E-05 9.9946E-05
9.9937E-05 9.9937E-05 9.9937E-05 9.9937E-05 9.9937E-05 0.108997 0.228128 0.662176 9.9937E-05 9.9937E-05
9.9946E-05 9.9946E-05 9.9946E-05 9.9946E-05 9.9946E-05 0.153356 0.00387433 0.745864 9.9946E-05 0.0963058
