0.90518 0.0946199 9.9982E-05 9.9982E-05
0.94694 0.0257198 0.0272405 9.9991E-05
0.861025 0.0790663 9.9991E-05 0.0598087
0.862811 0.0610331 9.9991E-05 0.076056
0.912022 0.0609462 9.9991E-05 0.0269321
0.662295 0.113039 0.173239 0.0514267
0.854768 0.0756474 0.049535 0.02005
0.730931 0.164934 0.0937482 0.010387
0.863354 0.136446 9.9982E-05 9.9982E-05
0.715506 0.106999 0.0831879 0.0943068
0.750207 0.105627 0.137175 0.00699115
9.999E-05 0.554726 0.295859 0.149315
0.0571941 0.372638 0.415888 0.15428
0.114254 0.442457 0.283125 0.160164
0.070679 0.589491 0.248843 0.0909863
0.0455553 0.381796 0.376264 0.196385
0.0453487 0.441878 0.364317 0.148457
9.9991E-05 0.459074 0.27887 0.261956
0.0019102 0.440013 0.443732 0.114345
0.8698 0.0207651 9.9991E-05 0.109335
0.882875 0.0388468 9.9991E-05 0.0781786
0.802646 0.0691317 0.0429823 0.0852397
0.788355 0.0241686 0.0881202 0.0993564
0.0332347 0.658858 0.236998 0.0709093
0.0566082 0.182078 0.734618 0.0266959
9.9991E-05 0.00879007 0.870378 0.120732
0.068673 0.0377341 0.893493 9.9991E-05
9.9991E-05 0.523288 0.43042 0.0461916
0.0112702 0.209114 0.741547 0.038069
0.119755 0.394586 0.436965 0.0486933
0.215929 0.356625 0.34669 0.0807553
0.0875121 0.523651 0.388736 9.9991E-05
0.0704602 0.382223 0.405787 0.14153
0.0353168 0.477925 0.417445 0.0693128
0.00506074 0.236944 0.705907 0.0520886
0.0152796 0.0382823 0.946338 9.9991E-05
9.9982E-05 0.0937494 0.906051 9.9982E-05
9.9991E-05 0.0976097 0.846153 0.0561369
9.9991E-05 0.352932 0.544469 0.102499
0.0509124 0.350655 0.464527 0.133906
0.0511187 0.0218098 0.926971 9.9991E-05
0.809884 0.0784415 0.023256 0.0884184
0.953385 9.9982E-05 9.9982E-05 0.0464151
0.929611 0.0103542 9.9991E-05 0.059935
0.986002 9.9982E-05 9.9982E-05 0.0137978
0.902352 9.9991E-05 0.0194324 0.0781156
0.940183 0.00223524 9.9991E-05 0.0574819
0.960625 9.9991E-05 0.00553262 0.0337423
0.0528885 0.139402 0.807609 9.9991E-05
0.0124008 0.30344 0.684059 9.9991E-05
9.9991E-05 0.128853 0.696904 0.174143
0.126384 0.265229 0.521849 0.0865377
9.9991E-05 0.40784 0.418701 0.173359
0.0467035 0.286477 0.567379 0.0994404
9.9991E-05 0.282412 0.645787 0.0717009
0.0448448 0.487072 0.373371 0.0947119
9.9991E-05 0.459171 0.419646 0.121083
0.0398852 0.33434 0.509965 0.11581
0.247302 0.0941489 0.658449 9.9991E-05
0.159511 0.0986131 0.639604 0.102273
0.141793 0.103923 0.743137 0.0111464
0.0674828 0.121082 0.654329 0.157106
0.199968 0.0220096 0.689471 0.0885519
0.031172 0.159653 0.70992 0.0992547
0.389592 0.000314609 0.298921 0.311173
0.664008 9.9991E-05 0.204096 0.131795
0.553484 9.9991E-05 0.278607 0.167808
0.383657 0.0728543 0.185143 0.358346
0.0967527 9.9991E-05 0.80911 0.0940375
0.068409 0.0232278 0.828808 0.0795557
0.101266 0.0553023 0.823555 0.019877
0.00562804 0.00255412 0.0380531 0.953765
9.9991E-05 0.0833099 0.00103165 0.915558
9.998E-05 9.998E-05 9.998E-05 0.9997
9.9982E-05 0.0564461 9.9982E-05 0.943354
9.9982E-05 0.0485932 9.9982E-05 0.951207
9.998E-05 9.998E-05 9.998E-05 0.9997
9.998E-05 9.998E-05 9.998E-05 0.9997
9.998E-05 9.998E-05 9.998E-05 0.9997
0.046538 9.9991E-05 0.0119442 0.941418
0.105531 0.00889346 0.0107689 0.874807
0.00237952 0.031276 9.9991E-05 0.966244
0.0748411 9.9991E-05 0.0586913 0.866368
0.399504 9.9991E-05 0.539891 0.060505
0.308361 0.077058 0.486965 0.127616
0.325064 9.9991E-05 0.510284 0.164551
0.858263 0.079123 0.0625139 9.9991E-05
0.974956 0.00541159 9.9991E-05 0.0195327
0.988821 0.0109795 9.9982E-05 9.9982E-05
0.964995 0.0194972 9.9991E-05 0.0154076
0.921425 0.031167 9.9991E-05 0.0473075
0.949792 9.9982E-05 9.9982E-05 0.0500079
0.90568 9.9982E-05 9.9982E-05 0.0941201
0.91126 0.0146278 0.0740121 9.9991E-05
0.946936 0.0167739 9.9991E-05 0.0361903
0.89077 0.0442542 9.9991E-05 0.0648761
0.59777 0.307901 0.0942288 9.9991E-05
0.553465 0.446335 9.9982E-05 9.9982E-05
0.589767 0.285329 0.124803 9.9991E-05
0.480602 0.320492 0.198805 9.9991E-05
9.9991E-05 0.666132 0.27161 0.0621588
9.9991E-05 0.0868165 0.72969 0.183393
9.9982E-05 0.0301526 0.969647 9.9982E-05
0.048162 0.043104 0.842486 0.0662482
9.9991E-05 0.290353 0.690949 0.0185983
0.123923 0.875877 9.9982E-05 9.9982E-05
0.0629682 0.919764 0.0115309 0.00573709
9.998E-05 0.9997 9.998E-05 9.998E-05
0.0416949 0.958105 9.9982E-05 9.9982E-05
9.9991E-05 0.944913 0.0362688 0.0187178
0.0291428 0.901595 9.9991E-05 0.0691623
0.919694 9.9991E-05 0.0537471 0.0264588
0.831826 0.0860332 0.00251321 0.0796274
0.764791 0.101 9.9991E-05 0.134109
0.763117 0.0877828 9.9991E-05 0.149
0.784804 0.0576602 0.0376321 0.119904
0.366099 0.633701 9.9982E-05 9.9982E-05
0.471899 0.451582 0.0764191 9.9991E-05
0.429794 0.570006 9.9982E-05 9.9982E-05
0.825881 0.0541739 9.9991E-05 0.119845
0.387238 0.549306 0.0405356 0.0229202
0.283723 9.9991E-05 0.304933 0.411244
0.457198 9.9991E-05 0.196863 0.34584
0.00812648 0.293516 0.565474 0.132883
0.0967314 0.585642 0.207161 0.110466
0.0481817 0.250579 0.563572 0.137667
9.9982E-05 0.154874 0.844926 9.9982E-05
9.9991E-05 0.478638 0.44755 0.0737125
0.0348727 0.162793 0.802234 9.9991E-05
9.9991E-05 0.311954 0.564472 0.123474
0.0313985 0.217574 0.606882 0.144146
0.832893 9.9982E-05 9.9982E-05 0.166907
0.881889 9.9991E-05 0.0249881 0.0930226
0.856004 0.101048 0.0317909 0.0111577
0.814866 0.0642372 0.0822342 0.0386625
0.878023 9.9991E-05 0.0356448 0.0862324
0.000266695 0.618068 0.276742 0.104924
0.14976 0.522026 0.328114 9.9991E-05
0.0743973 0.629513 0.171201 0.124889
0.118416 0.504879 0.300743 0.075962
0.0054594 0.65962 0.173789 0.161131
0.0986898 0.319157 0.407781 0.174372
0.0388932 0.148586 0.747473 0.0650475
9.9982E-05 0.111473 0.888327 9.9982E-05
0.0385134 0.0508424 0.908358 0.00228656
0.0950405 0.118811 0.786048 9.9991E-05
9.9991E-05 0.593893 0.335344 0.0706632
9.9991E-05 0.279904 0.594193 0.125804
9.9991E-05 0.460498 0.427906 0.111496
9.9991E-05 0.602091 0.261945 0.135864
0.279554 9.9991E-05 0.585944 0.134402
0.556799 9.9991E-05 0.230223 0.212878
9.9982E-05 0.0587128 0.941087 9.9982E-05
0.0275163 0.0627613 0.909622 9.9991E-05
0.131453 9.9991E-05 0.435168 0.433279
0.191926 0.0868081 0.365052 0.356214
0.138224 9.9991E-05 0.741159 0.120517
0.166104 9.9991E-05 0.713844 0.119952
0.0285905 0.141865 0.511188 0.318356
0.0980747 9.9991E-05 0.747513 0.154312
0.00542566 0.193918 0.744171 0.0564846
9.9991E-05 0.193591 0.736656 0.0696526
0.237512 9.9991E-05 0.655231 0.107158
0.429717 9.9991E-05 0.428706 0.141477
9.998E-05 9.998E-05 0.9997 9.998E-05
0.0037751 0.0217583 0.974367 9.9991E-05
9.9991E-05 0.102599 0.732735 0.164566
9.9991E-05 0.0791156 0.787326 0.133458
0.783631 9.9991E-05 0.107486 0.108783
0.72633 0.139351 0.00430433 0.130015
0.899554 0.0330701 9.9991E-05 0.0672761
0.9997 9.998E-05 9.998E-05 9.998E-05
9.998E-05 9.998E-05 0.9997 9.998E-05
0.0595691 0.0482573 0.835121 0.0570531
9.998E-05 9.998E-05 0.9997 9.998E-05
0.0629586 0.0254149 0.911527 9.9991E-05
0.0577199 9.9982E-05 0.94208 9.9982E-05
0.0357736 0.269244 0.61246 0.0825225
9.9991E-05 0.115416 0.780802 0.103682
0.641592 0.358208 9.9982E-05 9.9982E-05
0.754965 0.18745 0.0189838 0.0386009
0.869761 0.130039 9.9982E-05 9.9982E-05
0.846586 0.153214 9.9982E-05 9.9982E-05
0.72596 0.221797 0.0521426 9.9991E-05
0.0797336 0.270756 0.632784 0.0167257
0.0687348 0.215279 0.715887 9.9991E-05
9.9982E-05 9.9982E-05 0.949075 0.0507251
9.9991E-05 0.32875 0.594978 0.076172
9.9991E-05 0.206897 0.648885 0.144118
0.345679 9.9991E-05 0.069948 0.584273
0.211923 0.31675 0.442291 0.029036
0.2062 9.9991E-05 0.697783 0.0959167
0.422526 9.9991E-05 0.417336 0.160038
0.415827 9.9991E-05 0.500659 0.0834146
0.416201 9.9991E-05 0.408946 0.174753
0.510285 9.9991E-05 0.245628 0.243987
0.402496 9.9991E-05 0.410707 0.186696
0.402434 9.9991E-05 0.432793 0.164673
0.300346 9.9991E-05 0.560749 0.138805
0.561891 9.9991E-05 0.38526 0.0527492
0.403755 9.9991E-05 0.298291 0.297854
0.38194 9.9991E-05 0.310869 0.307091
0.806836 0.168416 0.0246482 9.9991E-05
0.0236637 0.976136 9.9982E-05 9.9982E-05
9.998E-05 0.9997 9.998E-05 9.998E-05
9.998E-05 0.9997 9.998E-05 9.998E-05
9.9982E-05 0.987343 9.9982E-05 0.0124565
9.9982E-05 0.994413 9.9982E-05 0.00538668
0.0364123 0.943319 0.0201683 9.9991E-05
0.189416 0.810384 9.9982E-05 9.9982E-05
0.904536 0.0408411 0.0234588 0.0311645
0.81036 0.121284 0.00399079 0.0643649
0.920069 0.0483262 0.00443844 0.0271662
0.836824 0.139911 0.0116926 0.0115729
0.903378 0.0666182 9.9991E-05 0.0299037
0.841769 0.127491 9.9991E-05 0.0306393
0.905392 0.0252036 9.9991E-05 0.0693048
0.909617 9.9991E-05 0.0435321 0.0467511
0.984871 0.0149288 9.9982E-05 9.9982E-05
0.895338 0.0386947 0.00209839 0.0638688
0.9997 9.998E-05 9.998E-05 9.998E-05
0.957298 9.9982E-05 9.9982E-05 0.0425023
0.883002 0.0323579 9.9991E-05 0.0845397
0.855073 9.9982E-05 9.9982E-05 0.144727
0.817214 9.9982E-05 9.9982E-05 0.182586
0.820338 0.0206861 9.9991E-05 0.158876
0.826263 0.00768324 9.9991E-05 0.165954
0.25783 0.0296857 0.596008 0.116476
0.0913766 0.0724815 0.75218 0.0839618
0.233859 9.9982E-05 0.765941 9.9982E-05
9.9991E-05 0.464538 0.46726 0.068102
0.144171 0.0572543 0.798474 9.9991E-05
0.159672 0.0611114 0.764908 0.0143091
0.120141 0.0374773 0.620799 0.221583
0.480634 0.192165 0.154791 0.172409
0.416091 9.9991E-05 0.320704 0.263105
0.356418 0.183355 0.140304 0.319924
0.421796 0.0776302 0.228361 0.272213
