0.0421821 9.9991E-05 0.0473197 0.910398
0.00942576 0.0346002 9.9991E-05 0.955874
0.172235 9.9991E-05 0.0409999 0.786666
0.136153 9.9991E-05 0.0679391 0.795808
0.0954579 9.9991E-05 0.0294187 0.875023
0.0530649 0.221907 0.0726694 0.652359
0.0232241 0.0657018 0.0401824 0.870892
0.101147 0.0746334 0.105158 0.719061
9.9982E-05 9.9982E-05 0.130385 0.869415
0.130939 0.0920805 0.0618261 0.715154
0.0175584 0.0712279 0.124638 0.786576
0.142971 0.398368 0.458561 9.9991E-05
0.252513 0.386984 0.34871 0.0117927
0.185286 0.346757 0.467857 9.9991E-05
0.333339 0.277169 0.358256 0.0312368
0.319498 0.269841 0.314858 0.0958036
0.336511 0.351683 0.311706 9.9991E-05
0.237656 0.303482 0.348232 0.110631
9.9991E-05 0.246426 0.629159 0.124315
0.252518 0.479351 0.264015 0.00411665
0.219536 0.522315 0.198187 0.0599617
0.278289 0.459628 0.261983 9.9991E-05
0.196055 0.363363 0.389259 0.0513225
0.363532 0.45416 0.182207 9.9991E-05
0.139071 0.328704 0.502655 0.0295705
0.334529 0.243747 0.421624 9.9991E-05
0.121903 0.370974 0.455107 0.0520158
0.198376 9.9991E-05 0.0139654 0.787559
0.13338 0.0696992 9.9991E-05 0.796821
0.155871 0.0291359 0.0482741 0.766719
0.181385 0.070063 9.9991E-05 0.748452
0.23502 0.596365 0.168516 9.9991E-05
0.27225 0.68713 0.0243526 0.0162672
0.0987843 0.256603 0.580655 0.0639582
0.144097 0.704886 0.103574 0.0474428
0.365249 0.575308 0.0593427 9.9991E-05
0.253378 0.537498 0.200596 0.00852813
0.328823 0.433986 0.172504 0.064687
0.0518087 0.645076 0.301393 0.00172243
0.283747 0.587612 0.112859 0.0157829
0.0998029 0.869624 0.0304727 9.9991E-05
9.9991E-05 0.793204 0.0182698 0.188426
0.0471414 0.405578 0.547181 9.9991E-05
0.0217306 0.607442 0.285613 0.0852142
0.0549279 0.423026 0.450071 0.0719748
0.282948 0.419251 0.273502 0.0242993
0.0942323 0.533813 0.194798 0.177156
0.0760844 0.352951 0.312235 0.25873
0.260636 0.392463 0.321161 0.0257396
9.9991E-05 0.371633 0.493847 0.134421
0.274643 0.53587 0.189387 9.9991E-05
0.336181 0.528944 0.134775 9.9991E-05
0.153151 0.448763 0.306573 0.0915139
0.256084 0.521207 0.207037 0.0156715
0.0352266 0.484269 0.395304 0.0852002
0.150344 0.67312 0.176437 9.9991E-05
0.0750291 0.686974 0.237897 9.9991E-05
9.9991E-05 0.910863 0.0200495 0.068987
9.9991E-05 0.866629 0.0963144 0.0369566
0.0690941 0.847592 0.0832134 9.9991E-05
0.171477 0.70035 0.128073 9.9991E-05
0.222242 0.604369 0.158684 0.0147054
0.088712 0.556324 0.341776 0.0131881
0.0988123 0.535781 0.365306 9.9991E-05
0.166271 0.69808 0.135548 9.9991E-05
0.222447 0.640997 0.123237 0.0133192
0.0611078 0.894353 9.9991E-05 0.0444397
9.9991E-05 0.870621 0.0388728 0.0904061
0.122471 9.9991E-05 0.0740898 0.803339
0.0792331 0.00555427 9.9991E-05 0.915113
0.119042 9.9991E-05 0.0144591 0.866398
0.0763905 9.9982E-05 9.9982E-05 0.923409
0.0975507 9.9982E-05 9.9982E-05 0.902249
0.0931075 9.9982E-05 9.9982E-05 0.906693
0.0512345 9.9982E-05 9.9982E-05 0.948565
9.9991E-05 0.822628 0.0996013 0.0776707
0.180698 0.626252 0.189072 0.0039777
0.277566 0.62761 0.0617511 0.0330732
0.25799 0.735612 0.00492175 0.00147616
0.222023 0.75453 0.0233469 9.9991E-05
9.9991E-05 0.683011 0.244227 0.072662
0.120937 0.776372 0.089152 0.0135385
0.172199 0.795114 9.9991E-05 0.0325868
0.157192 0.609795 0.232914 9.9991E-05
0.195075 0.776091 0.0287347 9.9991E-05
0.206226 0.530152 0.236895 0.0267267
0.0736258 0.52014 0.314447 0.0917874
0.221981 0.364909 0.353109 0.0600009
0.168048 0.460908 0.303629 0.067415
0.291881 0.33102 0.376999 9.9991E-05
0.256876 0.352908 0.390116 9.9991E-05
0.207641 0.552164 0.238013 0.00218092
0.20354 0.27943 0.516929 9.9991E-05
0.306786 0.431469 0.261644 9.9991E-05
0.333031 0.465216 0.201653 9.9991E-05
0.140987 0.394028 0.343716 0.121269
0.313914 0.466534 0.182889 0.0366622
0.399536 0.345369 0.254379 0.000715979
0.148222 0.413846 0.437832 9.9991E-05
0.0300281 0.542722 0.295379 0.131871
0.0333819 0.575162 0.391356 9.9991E-05
0.0810646 0.360101 0.522985 0.0358499
0.143999 0.52873 0.327171 9.9991E-05
0.0859878 0.463168 0.450744 9.9991E-05
0.128545 0.315538 0.555817 9.9991E-05
0.316564 0.476373 0.206963 9.9991E-05
0.0726444 0.489929 0.368688 0.0687383
0.301471 0.587929 0.057264 0.0533364
9.9991E-05 0.55854 0.152337 0.289023
0.172054 0.58716 0.122709 0.118077
0.322731 0.471702 0.119969 0.085598
0.0575096 0.634641 0.10135 0.206499
9.9991E-05 0.647083 0.138979 0.213837
0.147192 0.673435 0.127084 0.0522886
0.0454762 0.663117 0.0592011 0.232205
0.113419 0.691831 0.194651 9.9991E-05
0.180068 0.647394 0.167058 0.0054806
0.341353 0.251387 0.00747105 0.399789
0.134683 0.120953 9.9991E-05 0.744264
0.0818766 0.253225 9.9991E-05 0.664798
0.353009 0.198072 9.9991E-05 0.448818
0.288443 0.699825 0.0116311 9.9991E-05
0.839151 0.08182 0.0789291 9.9991E-05
0.0841158 0.851833 9.9991E-05 0.0639508
0.0213456 0.797889 0.0538366 0.126928
0.253332 0.70908 9.9991E-05 0.0374885
0.196494 0.701944 0.0421494 0.0594122
0.278513 0.631084 0.0509493 0.0394537
0.0538304 0.771122 0.0879576 0.0870894
0.987365 9.9982E-05 9.9982E-05 0.0124352
0.945709 0.0540909 9.9982E-05 9.9982E-05
0.865575 0.088502 0.045823 9.9991E-05
0.873415 0.0412242 9.9991E-05 0.0852609
0.981972 9.9982E-05 9.9982E-05 0.0178285
0.943021 9.9982E-05 9.9982E-05 0.0567786
0.969876 9.9982E-05 0.0299237 9.9982E-05
0.964356 9.9982E-05 0.0354437 9.9982E-05
0.9997 9.998E-05 9.998E-05 9.998E-05
0.9997 9.998E-05 9.998E-05 9.998E-05
0.836213 0.0859238 0.0198274 0.0580353
0.887797 9.9991E-05 0.0279727 0.0841299
0.967724 9.9982E-05 9.9982E-05 0.0320759
0.827245 0.0688302 0.0227242 0.0812008
0.914445 9.9991E-05 0.0351444 0.0503103
0.987841 9.9982E-05 9.9982E-05 0.0119591
0.912281 9.9982E-05 9.9982E-05 0.0875186
0.998807 9.9982E-05 9.9982E-05 0.000992864
0.726871 0.105235 0.0364622 0.131432
0.872899 0.039573 0.0538261 0.0337023
9.9982E-05 0.486409 9.9982E-05 0.513391
0.230186 0.432296 0.179122 0.158397
0.273908 0.351148 0.0813769 0.293567
0.105304 0.51918 0.00109598 0.37442
0.151932 0.478235 9.9991E-05 0.369733
0.29062 0.465682 9.9991E-05 0.243599
0.315874 0.466313 0.0409149 0.176899
0.339951 0.463391 9.9991E-05 0.196557
0.0121364 9.9991E-05 0.100671 0.887092
0.0486437 9.9982E-05 9.9982E-05 0.951156
9.9982E-05 9.9982E-05 0.0149095 0.984891
9.9982E-05 9.9982E-05 0.0754919 0.924308
0.0609829 9.9991E-05 0.0692413 0.869676
0.0792368 9.9982E-05 9.9982E-05 0.920563
0.148214 9.9991E-05 0.00822465 0.843461
0.0199727 0.0642872 9.9991E-05 0.91564
0.0637993 9.9982E-05 9.9982E-05 0.936001
0.107529 9.9991E-05 0.0229112 0.86946
9.9991E-05 0.051981 0.329277 0.618642
0.00810519 9.9991E-05 0.398476 0.593318
9.9991E-05 0.0999287 0.279043 0.620928
9.9991E-05 0.114031 0.372704 0.513165
0.243514 0.581471 0.150884 0.0241312
0.313141 0.473145 0.213614 9.9991E-05
0.234506 0.448266 0.300579 0.0166493
0.0821806 0.269633 0.648086 9.9991E-05
0.299373 0.546296 0.0904235 0.063907
0.217548 0.641007 0.141346 9.9991E-05
0.206933 0.683353 0.109613 9.9991E-05
0.160175 0.811572 0.0281531 9.9991E-05
0.138999 0.593532 0.267369 9.9991E-05
9.9991E-05 0.781189 0.191159 0.0275521
0.0787272 0.842954 0.0640215 0.0142972
0.217606 0.65808 0.124214 9.9991E-05
9.9991E-05 0.683454 0.270204 0.0462416
9.9982E-05 9.9982E-05 0.865329 0.134471
0.00617321 9.9991E-05 0.885305 0.108421
9.9991E-05 0.00482513 0.95781 0.0372652
9.9982E-05 9.9982E-05 0.927833 0.071967
9.9991E-05 0.0410577 0.888949 0.0698937
0.0553899 9.9991E-05 0.921481 0.0230287
0.0840531 9.9991E-05 0.0502406 0.865606
0.0998675 9.9991E-05 0.0938758 0.806157
0.178376 9.9991E-05 0.0521986 0.769326
0.160413 9.9991E-05 0.112467 0.72702
0.174417 9.9991E-05 0.0782132 0.747269
9.9991E-05 0.0242193 0.559654 0.416027
9.9991E-05 0.0111538 0.448872 0.539874
9.9982E-05 9.9982E-05 0.511469 0.488331
0.170465 9.9991E-05 0.0422029 0.787232
9.9991E-05 0.0422144 0.574334 0.383351
0.449588 0.231261 0.00915351 0.309997
0.675582 0.189514 0.0244875 0.110417
0.386459 0.297311 0.0196342 0.296596
0.316309 0.146456 9.9991E-05 0.537135
0.190238 0.469388 0.338728 0.00164534
0.146477 0.594059 0.239797 0.0196668
0.15599 0.210288 0.626531 0.00719079
0.180559 0.696222 0.123119 9.9991E-05
9.9991E-05 0.680804 0.266893 0.0522028
0.196102 0.567107 0.144041 0.09275
0.0985894 0.419285 0.446466 0.0356593
9.9991E-05 0.6801 0.286478 0.0333223
0.23294 0.596387 0.170573 9.9991E-05
0.253815 0.476175 0.26991 9.9991E-05
0.340168 0.364783 0.161275 0.133775
0.150807 0.5699 0.279193 9.9991E-05
0.192602 0.469771 0.337527 9.9991E-05
0.281894 0.554301 0.142393 0.0214122
0.240911 0.546648 0.212341 9.9991E-05
0.348984 0.5269 0.124015 9.9991E-05
0.213394 0.0322271 9.9991E-05 0.754279
0.116588 0.021612 9.9991E-05 0.8617
0.0296487 0.0407336 0.0851941 0.844424
0.0919678 0.0176023 0.0794713 0.810958
0.100701 0.0484027 0.0322029 0.818694
0.17915 0.256419 0.564332 9.9991E-05
0.330563 0.477359 0.191979 9.9991E-05
0.270031 0.341298 0.388571 9.9991E-05
0.154958 0.468309 0.265586 0.111147
9.9991E-05 0.251269 0.614329 0.134301
0.26008 0.440907 0.298913 9.9991E-05
0.0904564 0.234986 0.593503 0.0810543
0.190978 0.543735 0.17226 0.0930266
0.0818695 0.264484 0.539564 0.114082
0.15384 0.220738 0.617201 0.00822036
0.150566 0.527406 0.246497 0.0755311
0.10168 0.685771 0.0576743 0.154875
0.295541 0.513383 0.114352 0.0767238
0.0643072 0.813581 0.0340925 0.0880192
0.159277 0.642403 0.0821384 0.116181
9.9991E-05 0.822791 0.0782871 0.0988217
9.9991E-05 0.858433 0.0370224 0.104444
0.159057 0.69137 0.059702 0.0898708
9.9991E-05 0.784373 0.108783 0.106745
0.19205 0.590829 0.217021 9.9991E-05
0.0364528 0.310797 0.635279 0.0174716
0.114598 0.568571 0.316731 9.9991E-05
0.260802 0.229098 0.482265 0.0278357
0.374332 0.299689 0.325879 9.9991E-05
0.113785 0.368359 0.517756 9.9991E-05
0.312585 0.42239 0.264925 9.9991E-05
0.205481 0.43678 0.357639 9.9991E-05
0.123782 0.342341 0.533777 9.9991E-05
0.215757 0.389692 0.394452 9.9991E-05
0.316421 0.39133 0.292149 9.9991E-05
0.198257 0.493375 0.264717 0.0436509
0.289696 0.464299 0.245904 9.9991E-05
0.209127 0.396353 0.393605 0.000914292
0.268476 0.411386 0.316084 0.00405396
0.38062 0.189109 0.122128 0.308143
0.547491 0.320138 0.0229171 0.109454
0.333238 0.476663 0.104198 0.085901
0.399074 0.331578 0.052676 0.216671
0.203046 0.598415 0.198439 9.9991E-05
0.0726473 0.574548 9.9991E-05 0.352705
0.393664 0.420684 0.0865414 0.0991101
0.466967 0.329342 0.151365 0.0523261
0.237963 0.401559 0.146957 0.213521
0.481733 0.349202 0.0584295 0.110636
0.148519 0.233627 9.9991E-05 0.617754
0.427599 0.26447 0.121228 0.186703
0.32264 0.373592 0.0909324 0.212836
0.216215 0.584058 0.121623 0.0781032
9.9991E-05 0.831777 0.144958 0.0231655
9.9991E-05 0.779075 0.110739 0.110087
0.446832 0.373764 0.0485481 0.130855
0.502313 0.357462 9.9991E-05 0.140125
0.361135 0.385589 9.9991E-05 0.253176
0.404305 0.355249 9.9991E-05 0.240346
0.0752128 0.699311 9.9991E-05 0.225376
0.115507 0.633637 9.9991E-05 0.250756
0.311783 0.604555 0.0313827 0.0522793
0.317412 0.559136 0.0395856 0.0838671
0.197706 0.654159 0.0282679 0.119867
0.301376 0.558547 0.0378986 0.102179
0.357492 0.518093 0.124314 9.9991E-05
0.0564672 0.6524 0.245722 0.0454101
0.106155 0.738648 0.0863944 0.0688031
0.226769 0.537856 0.215672 0.0197031
0.154956 0.771284 0.00495931 0.0688003
0.00769825 0.873069 0.0543919 0.0648409
0.254755 0.719896 9.9991E-05 0.0252487
0.0684911 0.842206 0.0679151 0.0213873
0.185909 0.676381 0.10063 0.0370797
0.492414 0.305525 0.0459047 0.156156
0.378727 0.26295 0.174083 0.18424
0.0645314 0.575272 9.9991E-05 0.360097
0.498493 0.334746 0.166661 9.9991E-05
0.131515 0.333309 9.9991E-05 0.535076
0.438644 0.502655 9.9991E-05 0.0586009
9.9982E-05 0.949896 9.9982E-05 0.049904
9.9991E-05 0.859688 0.0679529 0.0722588
0.155837 0.763693 0.0803705 9.9991E-05
0.304255 0.695545 9.9982E-05 9.9982E-05
0.0819517 0.868666 9.9991E-05 0.0492823
0.224536 0.67815 0.0972141 9.9991E-05
0.254193 0.693885 0.0518221 9.9991E-05
0.120785 0.0440705 0.0448284 0.790316
0.12139 9.9991E-05 0.164246 0.714263
0.0847315 9.9991E-05 0.0460324 0.869136
0.0419416 9.9982E-05 9.9982E-05 0.957858
0.180692 0.647472 0.107029 0.0648075
0.227276 0.618171 0.154453 9.9991E-05
0.0926979 0.724115 0.162885 0.0203019
0.298547 0.667356 0.0339969 9.9991E-05
0.0206758 0.905468 9.9991E-05 0.0737567
0.361554 0.268048 0.110843 0.259556
0.249205 0.674021 0.0766734 9.9991E-05
0.13236 0.742798 0.124743 9.9991E-05
0.21927 0.684773 0.0958573 9.9991E-05
0.196323 0.666419 0.137158 9.9991E-05
0.246289 0.753511 9.9982E-05 9.9982E-05
9.9982E-05 0.999305 9.9982E-05 0.000495288
0.0660303 0.796 0.0979969 0.0399728
0.163661 0.679044 0.145331 0.0119633
9.9982E-05 0.971199 9.9982E-05 0.0286014
0.170166 0.691131 0.138603 9.9991E-05
9.9991E-05 0.903233 0.0313711 0.065296
9.9982E-05 0.911803 9.9982E-05 0.0879975
0.299299 0.58951 0.10271 0.00848144
0.0826749 0.663893 0.210632 0.0428
0.218094 0.506252 0.246394 0.0292596
0.224948 0.613505 0.161447 9.9991E-05
0.258214 0.457808 0.283879 9.9991E-05
0.220877 0.616927 0.162095 9.9991E-05
0.255452 0.542459 0.201989 9.9991E-05
0.103679 0.80462 0.0916011 9.9991E-05
9.9982E-05 9.9982E-05 0.346208 0.653593
0.0504724 0.0189788 0.152632 0.777917
9.9982E-05 9.9982E-05 0.131009 0.868791
9.9982E-05 9.9982E-05 0.125843 0.873957
0.00462211 0.00316375 0.227352 0.764862
0.0404514 0.621028 0.269811 0.0687098
9.9991E-05 0.725903 0.184064 0.0899338
0.0394157 0.960384 9.9982E-05 9.9982E-05
0.0964258 0.789477 0.0995591 0.0145378
0.273966 0.672255 0.053679 9.9991E-05
0.185549 0.668638 0.0780559 0.0677575
0.230028 0.57065 0.173107 0.0262152
0.105231 0.622691 0.271978 9.9991E-05
0.114252 0.717044 0.168604 9.9991E-05
0.0697508 0.675288 0.254861 9.9991E-05
0.301356 0.477327 0.147224 0.0740931
0.100724 0.693998 0.175965 0.029312
0.205297 0.605234 0.189369 9.9991E-05
0.623767 0.309134 9.9991E-05 0.0669985
0.623555 0.212278 9.9991E-05 0.164067
0.246464 0.674694 0.0505024 0.0283397
0.664358 9.9982E-05 9.9982E-05 0.335442
0.661617 0.158972 9.9991E-05 0.17931
0.281804 0.564069 0.0103425 0.143785
0.286643 0.516435 0.0706535 0.126269
0.205583 0.490848 0.153012 0.150557
0.648842 0.164786 9.9991E-05 0.186272
0.740207 0.189036 9.9991E-05 0.070657
0.694115 0.0909173 0.101267 0.113701
0.584276 0.212896 0.0183436 0.184484
0.208354 0.623867 0.0246219 0.143157
0.734578 0.0152634 0.0585689 0.19159
0.0492255 0.442958 0.296285 0.211531
0.350936 0.510039 0.116459 0.0225664
0.261094 0.451271 0.16739 0.120245
0.201626 0.502574 0.0473605 0.248439
0.394615 0.390635 0.0257271 0.189023
0.463369 0.246175 0.0718943 0.218561
0.691168 0.0464935 9.9991E-05 0.262239
0.171217 0.567893 0.12132 0.139571
0.0491857 0.660363 9.9991E-05 0.290351
0.19856 0.4316 0.217412 0.152428
0.35244 0.406697 0.0321085 0.208754
0.124272 0.384159 9.9991E-05 0.491469
0.0685552 0.376285 9.9991E-05 0.55506
0.25362 0.449301 0.10211 0.19497
0.134533 0.385348 9.9991E-05 0.480019
0.191578 0.254657 9.9991E-05 0.553666
0.253168 0.565633 9.9991E-05 0.181099
0.301103 0.363915 0.081432 0.25355
0.234355 0.381972 0.0308637 0.35281
0.129521 0.433013 9.9991E-05 0.437366
0.337849 0.477306 9.9991E-05 0.184746
0.12251 0.545948 9.9991E-05 0.331442
0.0538387 0.305225 9.9991E-05 0.640836
0.411388 0.321951 0.0614501 0.20521
0.409736 0.25999 0.0964351 0.233839
0.657885 0.223358 0.0674283 0.0513282
0.451469 0.351976 0.0589391 0.137617
0.418898 0.180909 0.0811655 0.319027
0.40665 0.31681 0.0988428 0.177697
0.566723 0.213442 0.0110071 0.208828
0.354561 0.358275 9.9991E-05 0.287064
0.228857 0.476005 0.0795121 0.215626
0.485367 0.197654 0.097021 0.219958
0.27193 0.276389 9.9991E-05 0.451581
0.446868 0.226629 9.9991E-05 0.326403
0.04607 9.9991E-05 0.144386 0.809444
0.05749 0.0703687 0.787582 0.0845595
9.998E-05 9.998E-05 0.9997 9.998E-05
9.998E-05 9.998E-05 0.9997 9.998E-05
9.998E-05 9.998E-05 0.9997 9.998E-05
0.0727304 9.9991E-05 0.907688 0.0194813
0.0264071 9.9982E-05 0.973393 9.9982E-05
9.9982E-05 9.9982E-05 0.939016 0.0607844
9.9982E-05 9.9982E-05 0.837379 0.162421
0.0768605 9.9991E-05 0.0509496 0.87209
0.0864472 9.9991E-05 0.133371 0.780082
0.0845801 0.00315607 9.9991E-05 0.912164
0.0471124 9.9991E-05 0.153338 0.79945
0.0725968 9.9991E-05 0.0506492 0.876654
0.0374467 9.9991E-05 0.120517 0.841937
0.20316 0.0505508 0.0436779 0.702611
0.0787252 9.9991E-05 0.00959526 0.91158
0.122446 9.9991E-05 0.151647 0.725807
0.0837615 0.0368269 9.9991E-05 0.879312
9.9991E-05 0.00748797 0.0260504 0.966362
0.0683707 0.0297124 0.0207074 0.881209
0.0285743 9.9991E-05 0.0328507 0.938475
0.0821286 9.9991E-05 0.0105886 0.907183
0.112673 9.9991E-05 0.0236748 0.863552
0.148008 9.9982E-05 9.9982E-05 0.851792
0.242818 9.9982E-05 9.9982E-05 0.756982
0.179132 0.0013657 0.007135 0.812367
0.172269 0.00153705 9.9991E-05 0.826094
0.172491 0.494513 0.169095 0.163902
0.320308 0.539734 0.0933468 0.0466108
9.9982E-05 0.805373 9.9982E-05 0.194427
0.270999 0.448953 0.179981 0.100068
0.0241254 0.694124 9.9991E-05 0.28165
0.306767 0.501546 0.0840251 0.107662
0.122028 0.516745 0.284881 0.0763464
0.212659 0.622097 0.0655278 0.0997166
0.19717 0.634932 0.154841 0.0130566
0.188988 0.519455 0.216422 0.0751355
0.270022 0.419487 0.229254 0.0812376
0.00536559 0.512663 0.481071 0.000900744
9.9991E-05 0.698488 0.10908 0.192332
0.00216277 0.725899 0.0770879 0.194851
0.2356 0.570024 0.0567047 0.137672
0.227664 0.594855 0.0490585 0.128423
0.364504 0.431653 9.9991E-05 0.203743
0.424742 0.301167 0.105725 0.168366
0.207646 0.198745 0.171328 0.422281
0.273149 0.435213 0.0530452 0.238593
0.1731 0.312872 9.9991E-05 0.513928
0.386967 0.336369 9.9991E-05 0.276564
0.358139 0.202132 0.135771 0.303958
0.311332 0.245611 0.175537 0.26752
0.404767 0.315271 0.0812317 0.19873
0.364067 0.362811 0.0360962 0.237026
0.32009 0.233148 0.0418361 0.404925
