9.9982E-05 0.0722571 0.074021 0.018832 9.9982E-05 0.83469
0.0443816 0.0516808 9.9973E-05 9.9973E-05 9.9973E-05 0.903638
9.999E-05 0.0763918 0.110953 0.0152209 0.0711757 0.726159
9.999E-05 0.0184631 0.0687457 0.00458693 0.0790143 0.82909
9.999E-05 0.00206739 0.0355152 0.022855 0.0423277 0.897135
0.20104 0.0485414 9.9991E-05 0.0181392 0.0742466 0.657932
0.100863 0.0518174 0.0105403 9.9991E-05 0.00576578 0.830913
0.15906 0.015499 0.00100172 0.0673919 0.0429062 0.714141
9.9982E-05 0.0204651 0.0616648 0.071805 9.9982E-05 0.845865
0.142017 0.0171045 0.0449252 0.0221523 0.0879989 0.685802
0.0170406 0.0181588 0.143822 0.0410356 0.0259206 0.754023
0.0475259 9.9973E-05 0.845811 9.9973E-05 0.106363 9.9973E-05
0.0728115 0.0261029 0.772445 9.9982E-05 0.128441 9.9982E-05
0.0204535 0.0167895 0.714758 9.9991E-05 0.15817 0.0897289
9.9991E-05 0.0258568 0.878151 0.00665636 0.0431271 0.0461091
0.100497 0.035284 0.673247 9.9982E-05 0.190772 9.9982E-05
0.0194513 0.0270887 0.843338 9.9982E-05 0.109922 9.9982E-05
9.9964E-05 9.9964E-05 0.749195 9.9964E-05 0.250405 9.9964E-05
0.150256 9.9973E-05 0.74713 9.9973E-05 0.102314 9.9973E-05
9.996E-05 0.9995 9.996E-05 9.996E-05 9.996E-05 9.996E-05
9.996E-05 0.9995 9.996E-05 9.996E-05 9.996E-05 9.996E-05
0.0744399 0.366231 0.067191 9.9991E-05 0.017962 0.474076
0.0660301 0.230145 0.0480517 9.9991E-05 0.104323 0.551351
0.0814769 0.0099272 0.823659 0.0316889 0.0361769 0.0170715
0.530433 0.00466839 0.464599 9.9973E-05 9.9973E-05 9.9973E-05
0.750776 9.9973E-05 0.195008 9.9973E-05 0.0539166 9.9973E-05
0.702994 9.9973E-05 0.187913 9.9973E-05 9.9973E-05 0.108793
0.290521 0.0143716 0.620252 0.0746548 9.9982E-05 9.9982E-05
0.572429 9.9991E-05 0.282343 0.0394156 0.040419 0.0652932
0.40077 0.0387021 0.394797 0.0767985 0.0245938 0.0643393
0.238052 0.0259119 0.412978 0.0802439 0.0713256 0.171489
0.137028 0.0494278 0.783171 0.00157781 9.9991E-05 0.0286954
0.307163 0.0584175 0.49929 9.9991E-05 0.103863 0.0311672
0.254117 0.140448 0.565472 0.0397631 9.9982E-05 9.9982E-05
0.40819 9.9973E-05 0.525732 9.9973E-05 0.0657778 9.9973E-05
0.754893 0.00765591 0.237151 9.9973E-05 9.9973E-05 9.9973E-05
0.640863 9.9964E-05 0.358737 9.9964E-05 9.9964E-05 9.9964E-05
0.652305 9.9973E-05 0.33552 9.9973E-05 0.0118742 9.9973E-05
0.309103 9.9982E-05 0.611752 0.0139611 0.0649836 9.9982E-05
0.288652 0.0200285 0.519495 0.134706 0.0370191 9.9991E-05
0.818076 9.9973E-05 0.171146 9.9973E-05 9.9973E-05 0.010478
9.9991E-05 0.0399171 0.143282 0.0122047 0.0622509 0.742245
9.9982E-05 0.087947 0.0292563 9.9982E-05 0.0258731 0.856724
0.00683984 0.108491 0.0212446 9.9991E-05 0.0460572 0.817267
9.9973E-05 0.0894159 9.9973E-05 9.9973E-05 0.0292684 0.881016
0.0364484 0.077117 9.9982E-05 9.9982E-05 0.0558329 0.830402
9.9991E-05 0.0717616 0.0019337 0.00308578 0.0332237 0.889895
9.9982E-05 0.0226321 0.0230965 9.9982E-05 0.0373418 0.91673
0.58089 9.9964E-05 0.41871 9.9964E-05 9.9964E-05 9.9964E-05
0.4472 0.0128988 0.525446 0.00149279 9.9991E-05 0.0128623
0.545082 9.9982E-05 0.275781 0.0424256 0.136511 9.9982E-05
0.470675 9.9991E-05 0.404508 0.0193718 0.0562524 0.0490925
0.270242 0.0346077 0.55188 0.0222085 0.120961 9.9991E-05
0.43814 0.0136269 0.298091 0.0855866 0.0796982 0.0848571
0.497611 9.9982E-05 0.282575 0.130011 0.0896031 9.9982E-05
0.244224 0.00237182 0.666991 9.9991E-05 0.0296011 0.0567119
0.177464 9.9982E-05 0.685737 0.0209251 0.115675 9.9982E-05
0.348783 0.0117581 0.373193 0.137232 0.128934 9.9991E-05
0.659062 9.9973E-05 9.9973E-05 0.0935312 9.9973E-05 0.247107
0.539204 0.0735384 0.11878 0.0868725 0.0300871 0.151518
0.620023 0.102742 0.0901869 0.0620342 0.0173221 0.107692
0.625457 0.0503267 0.0629273 0.0960346 0.109961 0.0552934
0.546882 0.0530702 0.172261 9.9991E-05 0.158234 0.0694526
0.582276 0.027807 0.212003 0.0639691 0.113845 9.9991E-05
0.327595 0.0919846 9.9991E-05 0.019448 0.310713 0.25016
0.246899 0.0201659 9.9991E-05 0.0013524 0.119649 0.611834
0.282874 0.0466363 9.9982E-05 9.9982E-05 0.155902 0.514389
0.195507 0.0426209 0.0130016 9.9991E-05 0.367137 0.381634
0.741224 0.0358737 0.0400769 0.0565032 0.094894 0.0314278
0.767144 0.0115344 0.0212398 0.0453172 0.127698 0.0270667
0.781027 0.0226389 0.0236862 0.0621819 0.0716896 0.0387767
0.0329789 9.9973E-05 9.9973E-05 9.9973E-05 0.918088 0.0486336
0.0377487 9.9982E-05 0.0336777 0.00263412 0.92574 9.9982E-05
9.9964E-05 9.9964E-05 9.9964E-05 0.00292787 0.996672 9.9964E-05
9.9982E-05 0.00547516 0.00332308 0.0656552 0.925347 9.9982E-05
9.9973E-05 9.9973E-05 0.0543244 0.0125145 0.932861 9.9973E-05
9.996E-05 9.996E-05 9.996E-05 9.996E-05 0.9995 9.996E-05
9.996E-05 9.996E-05 9.996E-05 9.996E-05 0.9995 9.996E-05
9.9973E-05 0.00653823 9.9973E-05 0.0075159 0.985646 9.9973E-05
9.9973E-05 9.9973E-05 0.00957512 9.9973E-05 0.969461 0.0206638
9.9982E-05 0.0263039 0.0842612 9.9982E-05 0.815465 0.0737701
9.9973E-05 0.0128587 9.9973E-05 9.9973E-05 0.961634 0.0252078
0.0603002 9.9991E-05 0.0199921 0.00695776 0.866295 0.0463545
0.561179 9.9973E-05 9.9973E-05 9.9973E-05 0.0485211 0.39
0.481589 0.0793587 9.9991E-05 0.0522029 0.160054 0.226695
0.503832 0.042343 0.00358479 9.9991E-05 0.16138 0.28876
0.0698597 9.9982E-05 0.0540964 0.0300148 9.9982E-05 0.845829
9.9973E-05 0.0576687 9.9973E-05 9.9973E-05 0.0558972 0.886134
9.9973E-05 0.0698391 9.9973E-05 0.00871191 9.9973E-05 0.921149
9.9973E-05 0.0342084 9.9973E-05 0.0426001 9.9973E-05 0.922892
9.9991E-05 0.095968 0.0319068 0.00503029 0.0177805 0.849214
0.00699126 0.0707973 0.000161138 9.9991E-05 0.0638902 0.85806
9.9973E-05 0.0232072 9.9973E-05 9.9973E-05 0.0800534 0.89644
0.0510339 0.0334356 0.0289165 9.9982E-05 9.9982E-05 0.886414
9.9991E-05 0.0407361 0.0496253 0.000587486 0.0337663 0.875185
0.0106279 0.0513341 0.00823276 0.0219815 0.0695475 0.838276
9.9982E-05 0.0710692 0.300775 0.118332 9.9982E-05 0.509624
9.9982E-05 0.0229173 0.172461 0.2619 9.9982E-05 0.542523
0.0738282 0.0559603 0.258758 0.119381 9.9991E-05 0.491972
0.0416251 9.9982E-05 0.356095 0.119086 9.9982E-05 0.482994
0.107186 0.0131148 0.812461 0.0492273 0.0179106 9.9991E-05
0.603719 9.9982E-05 0.243025 0.0112843 0.141772 9.9982E-05
0.869237 9.9964E-05 0.130363 9.9964E-05 9.9964E-05 9.9964E-05
0.665922 0.0198619 0.200693 0.0425627 0.0708608 9.9991E-05
0.459761 9.9973E-05 0.532351 9.9973E-05 9.9973E-05 0.00758839
0.0470429 9.9973E-05 9.9973E-05 0.88453 9.9973E-05 0.0681268
9.9964E-05 9.9964E-05 9.9964E-05 0.976418 0.023182 9.9964E-05
9.996E-05 9.996E-05 9.996E-05 0.9995 9.996E-05 9.996E-05
0.0230374 9.9982E-05 0.0116318 0.931664 9.9982E-05 0.033467
0.0595439 9.9982E-05 0.0219456 0.908809 0.00950102 9.9982E-05
9.9964E-05 9.9964E-05 9.9964E-05 0.936802 0.0627983 9.9964E-05
0.0086395 0.0695777 9.9991E-05 0.0926135 0.0448494 0.78422
0.0103376 9.9982E-05 9.9982E-05 0.125413 0.0812765 0.782773
9.9982E-05 0.0836831 9.9982E-05 0.0736475 0.153415 0.689054
9.9991E-05 0.0617774 0.0956817 0.0114149 0.142936 0.68809
9.9991E-05 0.0420042 0.0438912 0.0558462 0.104916 0.753242
9.9982E-05 0.0305172 0.326887 0.201281 9.9982E-05 0.441114
0.0577598 9.9982E-05 0.14686 0.277941 9.9982E-05 0.517239
0.00851921 0.0284926 0.28432 0.287936 9.9991E-05 0.390632
9.996E-05 0.9995 9.996E-05 9.996E-05 9.996E-05 9.996E-05
0.0260187 0.0604361 0.248812 0.355852 0.0104489 0.298432
0.298053 0.00780402 0.0741347 9.9991E-05 0.437223 0.182685
0.220017 9.9973E-05 9.9973E-05 9.9973E-05 0.340155 0.439528
0.477302 9.9982E-05 0.395844 9.9982E-05 0.113622 0.0130318
9.9982E-05 0.0192868 0.835805 9.9982E-05 0.0593584 0.0853499
0.499532 9.9973E-05 0.332005 9.9973E-05 0.168163 9.9973E-05
0.758692 9.9973E-05 0.209393 0.0316156 9.9973E-05 9.9973E-05
0.218363 0.0567267 0.684572 9.9982E-05 9.9982E-05 0.040139
0.537129 0.024545 0.438026 9.9973E-05 9.9973E-05 9.9973E-05
0.371904 9.9982E-05 0.458212 0.0127237 0.15696 9.9982E-05
0.326392 9.9982E-05 0.483918 0.0791229 0.110367 9.9982E-05
0.0366634 9.9973E-05 9.9973E-05 9.9973E-05 0.107136 0.8559
0.0609834 9.9973E-05 9.9973E-05 9.9973E-05 0.055246 0.883471
0.0825943 9.9982E-05 0.0350591 9.9982E-05 0.0471614 0.834985
0.106779 0.0335174 0.00464002 0.0236209 0.0347876 0.796656
0.0758444 0.0408997 0.0124014 0.0386247 0.0566742 0.775555
0.167715 0.00102995 0.712268 0.0418155 0.060681 0.016491
0.132896 0.0320675 0.675304 0.0356933 9.9991E-05 0.123939
0.0731511 0.0189345 0.662164 0.131802 0.0921161 0.0218322
0.106556 9.9991E-05 0.720594 0.0125375 0.0225214 0.137691
0.0429754 0.00353979 0.780439 0.0328225 0.0511347 0.0890884
0.341998 0.022996 0.460948 9.9991E-05 0.0923807 0.081578
0.697773 0.0155492 0.128517 0.109991 0.0480702 9.9991E-05
0.859141 9.9973E-05 0.0412427 0.0993166 9.9973E-05 9.9973E-05
0.829156 0.0331818 9.9982E-05 0.126584 0.0108776 9.9982E-05
0.741622 0.0225845 0.141617 0.0788286 9.9991E-05 0.0152481
0.0250791 0.0290663 0.852465 0.0351174 0.0197898 0.0384824
0.456115 9.9973E-05 0.439438 9.9973E-05 0.104148 9.9973E-05
0.263428 0.00747535 0.623861 0.0404633 0.0646729 9.9991E-05
0.0648272 9.9982E-05 0.803032 0.0296809 0.10226 9.9982E-05
0.562189 9.9982E-05 0.00930055 9.9982E-05 0.142032 0.286278
0.258005 0.0981275 9.9982E-05 9.9982E-05 0.190104 0.453563
0.749889 9.9982E-05 0.169059 0.076979 0.00387257 9.9982E-05
0.76111 9.9982E-05 0.166898 0.0143297 9.9982E-05 0.0574615
0.406068 0.0186997 9.9982E-05 9.9982E-05 0.410992 0.164041
0.380134 0.0833014 0.0945518 9.9991E-05 0.319468 0.122445
0.699798 9.9982E-05 9.9982E-05 0.0312633 0.087154 0.181585
0.687636 0.00795506 9.9982E-05 9.9982E-05 0.104479 0.19973
0.505093 9.9991E-05 0.0919527 0.0724025 0.28427 0.0461821
0.685088 0.071738 0.0212789 0.025604 0.168065 0.0282258
0.721449 9.9991E-05 0.151622 0.0609805 0.0507163 0.015132
0.647845 0.00843307 0.221168 0.064528 0.0494755 0.00855095
0.62063 0.096256 9.9991E-05 0.00787723 0.0998733 0.175263
0.387583 0.0869375 9.9982E-05 9.9982E-05 0.158469 0.36681
0.962483 9.9964E-05 9.9964E-05 0.0371175 9.9964E-05 9.9964E-05
0.929402 0.0336608 0.036637 9.9973E-05 9.9973E-05 9.9973E-05
0.560719 0.0412495 0.212488 9.9982E-05 0.185344 9.9982E-05
0.722718 0.00115265 0.160367 9.9982E-05 0.115562 9.9982E-05
0.119638 0.0879828 9.9991E-05 0.0132678 0.0868058 0.692206
0.0347654 0.0481523 0.119515 0.0261361 0.0927088 0.678723
9.9982E-05 0.0448104 9.9982E-05 0.0447843 0.0416939 0.868511
0.0235406 0.115477 9.9973E-05 9.9973E-05 9.9973E-05 0.860682
0.792884 0.00564901 0.201167 9.9973E-05 9.9973E-05 9.9973E-05
0.70559 9.9982E-05 0.197115 0.014317 0.0827786 9.9982E-05
0.947657 9.9964E-05 0.0519432 9.9964E-05 9.9964E-05 9.9964E-05
0.849002 0.0111862 0.132564 0.00310233 9.9991E-05 0.00404547
0.919317 9.9982E-05 0.0493798 0.00179205 9.9982E-05 0.0293108
0.444572 9.9982E-05 0.470674 9.9982E-05 0.0451755 0.0393793
0.689258 0.0394004 0.181326 0.0365116 0.0534043 9.9991E-05
9.9991E-05 0.0364734 0.269172 0.0770906 0.00041223 0.616752
0.0403249 0.081063 0.129909 0.0522361 0.0196583 0.676808
9.9982E-05 0.134049 0.103322 0.0522833 9.9982E-05 0.710146
0.00181106 0.130622 0.0309756 0.141164 9.9991E-05 0.695328
9.9982E-05 0.0913736 0.157539 0.123784 9.9982E-05 0.627104
0.415902 9.9982E-05 0.53537 9.9982E-05 0.0243663 0.0241613
0.468444 0.00228712 0.423759 9.9982E-05 9.9982E-05 0.10531
0.826845 9.9973E-05 0.170555 9.9973E-05 0.00230053 9.9973E-05
0.490223 9.9973E-05 0.446228 9.9973E-05 0.0632496 9.9973E-05
0.444762 0.024837 0.446929 0.0188538 0.0645177 9.9991E-05
0.0480999 0.056204 0.00890631 0.00422786 0.599579 0.282982
0.426224 0.0145672 0.228336 0.115437 0.0322376 0.183198
0.716356 0.0588613 9.9991E-05 0.0297421 0.0339191 0.161022
0.389088 9.9982E-05 9.9982E-05 0.0118015 0.189714 0.409197
0.435881 0.10629 9.9982E-05 9.9982E-05 0.0528281 0.4048
0.398314 0.0519807 9.9982E-05 9.9982E-05 0.180053 0.369453
0.254913 0.0353159 9.9982E-05 9.9982E-05 0.255393 0.454178
0.412712 0.0708013 0.00136839 0.0123062 0.175052 0.32776
0.413498 0.0868569 0.0294922 0.0263357 0.137003 0.306814
0.514935 0.102202 0.00678709 9.9991E-05 0.124293 0.251683
0.379314 0.0958097 9.9982E-05 9.9982E-05 0.0421888 0.482488
0.313409 9.9973E-05 9.9973E-05 9.9973E-05 0.27475 0.411542
0.250871 0.0281409 9.9991E-05 0.0522263 0.369691 0.298971
0.0582288 0.0328677 0.0573002 0.0653242 9.9991E-05 0.786179
9.9973E-05 9.9973E-05 0.654204 0.32997 9.9973E-05 0.015526
9.9973E-05 0.0438754 0.668556 0.287269 9.9973E-05 9.9973E-05
9.9973E-05 9.9973E-05 0.628475 0.337724 9.9973E-05 0.0335008
9.9991E-05 0.00483476 0.632974 0.302706 0.0394518 0.0199334
9.9973E-05 0.0218211 0.607568 0.370311 9.9973E-05 9.9973E-05
9.9982E-05 0.0229199 0.597899 0.315914 9.9982E-05 0.0630669
9.9982E-05 0.04458 0.478659 0.289096 9.9982E-05 0.187464
0.00915713 0.0353602 0.0194456 0.0133733 0.0238749 0.898789
0.0597215 0.0482564 0.00863879 0.0730099 0.0488242 0.761549
9.9982E-05 0.075554 9.9982E-05 0.0170244 0.0435813 0.86364
9.9973E-05 0.0784245 0.162852 9.9973E-05 9.9973E-05 0.758424
9.9982E-05 9.9982E-05 0.00713145 0.0237497 0.0554312 0.913488
9.9973E-05 9.9973E-05 0.106714 0.0210634 9.9973E-05 0.871923
9.9982E-05 0.00930391 9.9982E-05 0.000832138 0.0976432 0.892021
0.0194025 0.00944572 0.00560063 0.00349192 0.0672061 0.894853
9.9973E-05 0.0759023 9.9973E-05 0.0242673 9.9973E-05 0.89953
9.9982E-05 0.042611 0.0630856 9.9982E-05 0.0469842 0.847119
9.9982E-05 0.00121092 9.9982E-05 0.0514268 0.00953765 0.937625
9.9991E-05 0.0768591 0.0413887 0.00218745 0.0413915 0.838073
9.9982E-05 0.0747644 0.0624126 9.9982E-05 0.0718751 0.790748
9.9973E-05 0.0740506 9.9973E-05 9.9973E-05 0.125425 0.800224
9.9982E-05 0.00663611 9.9982E-05 0.026249 0.19923 0.767685
9.9982E-05 0.0523237 0.0506675 9.9982E-05 0.150483 0.746325
9.9982E-05 0.0580956 0.00398248 9.9982E-05 0.139569 0.798153
0.495336 9.9991E-05 0.152281 0.0312002 0.118304 0.202778
0.788599 0.00369223 9.9991E-05 0.119006 0.0056633 0.082939
0.713773 9.9982E-05 9.9982E-05 0.0376933 0.0377496 0.210584
0.380727 0.000379304 0.568063 9.9982E-05 0.050631 9.9982E-05
0.766229 9.9973E-05 9.9973E-05 0.124706 9.9973E-05 0.108765
0.756231 9.9982E-05 9.9982E-05 0.0675723 0.030846 0.145151
0.540405 0.0274341 0.0984893 0.0126759 0.178222 0.142774
0.0994902 0.00140982 0.284329 0.00146373 0.15001 0.463297
0.332183 0.0250465 9.9991E-05 0.0152757 0.217816 0.409579
0.168079 0.0488836 0.112243 0.0847526 0.268568 0.317473
0.111572 0.0374983 0.161346 9.9991E-05 0.276059 0.413425
