9.9964E-05 0.0564876 0.0575379 0.025921 9.9964E-05 9.9964E-05 0.00959802 0.0775336 0.772522 9.9964E-05
0.0110612 0.0242221 9.9955E-05 0.0460828 9.9955E-05 9.9955E-05 9.9955E-05 0.0417345 0.8764 9.9955E-05
9.9964E-05 0.0597949 0.0666139 9.9964E-05 0.0315044 9.9964E-05 0.0184321 9.9964E-05 0.701882 0.121373
9.9964E-05 0.0501175 9.9964E-05 9.9964E-05 0.0524971 9.9964E-05 0.0242389 0.0225401 0.790247 0.0599598
9.9937E-05 9.9937E-05 9.9937E-05 9.9937E-05 9.9937E-05 9.9937E-05 0.0319224 9.9937E-05 0.890299 0.0770796
9.9937E-05 9.9937E-05 9.9937E-05 9.9937E-05 9.9937E-05 0.342354 0.0938732 9.9937E-05 0.563073 9.9937E-05
9.9946E-05 0.0225353 9.9946E-05 9.9946E-05 9.9946E-05 0.232645 0.0021046 9.9946E-05 0.742115 9.9946E-05
0.049841 0.0365208 9.9964E-05 9.9964E-05 0.0264086 0.218046 0.0353996 9.9964E-05 0.633384 9.9964E-05
9.99639E-05 0.00705672 0.067006 0.0474709 0.0827036 9.99639E-05 9.99639E-05 0.0077496 0.787613 9.99639E-05
9.9955E-05 0.0159489 9.9955E-05 9.9955E-05 9.9955E-05 0.244163 0.105531 9.9955E-05 0.621381 0.0124761
9.9937E-05 9.9937E-05 9.9937E-05 9.9937E-05 0.000875118 0.294661 9.9937E-05 9.9937E-05 0.703764 9.9937E-05
9.9955E-05 9.9955E-05 9.9955E-05 0.0702081 9.9955E-05 0.0539543 0.0626407 0.733084 9.9955E-05 0.0796127
9.9955E-05 0.0863463 0.0377595 9.9955E-05 9.9955E-05 0.0435648 9.9955E-05 0.331634 9.9955E-05 0.500196
0.152961 0.0437146 0.0205906 9.9964E-05 9.9964E-05 9.9964E-05 0.0490962 0.601635 9.9964E-05 0.131603
9.9946E-05 9.9946E-05 9.9946E-05 9.9946E-05 9.9946E-05 9.9946E-05 0.151138 0.626954 0.057657 0.163651
9.9955E-05 9.9955E-05 9.9955E-05 0.0862814 9.9955E-05 9.9955E-05 0.091909 0.411109 0.135091 0.27511
9.9964E-05 0.025128 9.9964E-05 9.9964E-05 0.0374316 0.0904972 0.108221 0.470227 9.9964E-05 0.268095
9.9955E-05 9.9955E-05 0.0607797 9.9955E-05 9.9955E-05 9.9955E-05 0.0524555 0.637985 0.0208047 0.227476
9.9964E-05 0.0235735 9.9964E-05 9.9964E-05 0.0356182 0.118097 0.00767679 0.763057 0.0515776 9.9964E-05
0.0460226 9.9982E-05 0.076309 0.0212784 0.0166628 0.0425263 0.0381884 0.455511 9.9982E-05 0.303301
0.0719849 0.0260192 0.151717 0.0182497 0.0921503 0.00682183 0.0287072 0.253096 0.0137041 0.33755
0.017103 9.9964E-05 9.9964E-05 0.0518548 9.9964E-05 0.0868748 9.9964E-05 0.311278 0.0501849 0.482304
0.0108695 9.9964E-05 9.9964E-05 0.119305 9.9964E-05 0.0313357 0.137716 0.59402 9.9964E-05 0.106354
9.9964E-05 0.00683046 0.0567882 9.9964E-05 9.9964E-05 9.9964E-05 0.0924878 0.414342 0.0348181 0.394334
9.9955E-05 0.0230629 9.9955E-05 0.0839313 9.9955E-05 9.9955E-05 0.0650352 0.804314 0.0231566 9.9955E-05
9.9937E-05 9.9937E-05 0.0404156 9.9937E-05 9.9937E-05 9.9937E-05 0.200921 0.757964 9.9937E-05 9.9937E-05
9.9946E-05 9.9946E-05 9.9946E-05 9.9946E-05 9.9946E-05 0.0546025 0.0835119 0.738112 9.9946E-05 0.123174
9.99201E-05 0.999101 9.99201E-05 9.99201E-05 9.99201E-05 9.99201E-05 9.99201E-05 9.99201E-05 9.99201E-05 9.99201E-05
9.99201E-05 0.999101 9.99201E-05 9.99201E-05 9.99201E-05 9.99201E-05 9.99201E-05 9.99201E-05 9.99201E-05 9.99201E-05
9.9964E-05 0.379871 0.0134085 0.0213763 9.9964E-05 9.9964E-05 9.9964E-05 0.00700736 0.428468 0.149469
9.9964E-05 0.263242 0.091827 0.103126 9.9964E-05 9.9964E-05 0.0402603 9.9964E-05 0.464363 0.0367822
0.00930649 9.9964E-05 9.9964E-05 0.146124 9.9964E-05 0.172561 9.9964E-05 0.0816274 0.0787366 0.511245
0.015076 9.9964E-05 9.9964E-05 0.397726 0.0036115 0.0331965 0.0472728 9.9964E-05 9.9964E-05 0.502718
0.00659187 0.00366999 9.9973E-05 9.9973E-05 0.0936636 0.125949 9.9973E-05 0.609487 0.112917 0.047421
0.0430509 0.0150202 9.9973E-05 0.558145 9.9973E-05 0.0305552 0.0161864 9.9973E-05 0.0113892 0.325353
9.9964E-05 0.00776359 0.00777005 0.193127 0.0338131 0.0737023 9.9964E-05 9.9964E-05 9.9964E-05 0.683424
0.0640034 0.00202038 9.9982E-05 0.00151731 9.9982E-05 0.304247 0.00782656 0.0259802 0.0911815 0.503024
9.9982E-05 0.042463 9.9982E-05 0.0863401 0.0833761 0.106211 0.0794226 0.0793858 0.0386274 0.483974
9.9964E-05 0.0176351 9.9964E-05 0.616495 0.0434869 9.9964E-05 9.9964E-05 0.16568 0.00220096 0.154102
9.9982E-05 0.0337354 9.9982E-05 0.0491884 0.046902 0.311582 0.0420939 0.0396829 0.0267308 0.449885
0.0497173 9.9937E-05 9.9937E-05 0.663919 9.9937E-05 9.9937E-05 9.9937E-05 9.9937E-05 9.9937E-05 0.285664
0.0311899 9.9964E-05 0.0605456 0.700991 9.9964E-05 0.114794 9.9964E-05 0.0166062 0.0754734 9.9964E-05
0.0268483 9.9964E-05 9.9964E-05 0.1565 0.208397 0.0576389 9.9964E-05 0.433416 9.9964E-05 0.1168
0.139798 9.9973E-05 0.162669 0.243517 0.0733268 0.13568 9.9973E-05 0.212557 9.9973E-05 0.0321517
0.092728 0.0505962 0.00630194 0.168839 0.234246 0.0325315 9.9982E-05 0.255472 9.9982E-05 0.159086
0.0114946 0.0233902 0.0660265 0.0576701 0.0884405 0.0483247 9.9982E-05 0.15305 9.9982E-05 0.551403
9.9964E-05 0.0755246 9.9964E-05 0.158222 9.9964E-05 0.20722 9.9964E-05 0.226747 0.11086 0.221028
0.0652612 0.0118126 0.169005 0.00178055 0.0831859 9.9991E-05 0.0121843 0.447332 0.147176 0.0621631
0.0100887 0.0240626 0.118991 0.0568917 0.145886 9.9982E-05 0.0272019 0.314179 9.9982E-05 0.302499
9.9973E-05 0.0453258 0.000513968 0.0659099 0.100079 0.204763 9.9973E-05 0.558474 0.0246354 9.9973E-05
0.0649712 0.0227241 0.0818981 9.9955E-05 9.9955E-05 9.9955E-05 9.9955E-05 0.395975 9.9955E-05 0.433932
0.141534 9.9991E-05 0.0568015 0.0605746 0.0164076 0.062997 0.0529849 0.0647032 0.045834 0.498063
0.077816 0.0288499 0.0858117 0.158826 9.9982E-05 9.9982E-05 0.0250945 0.383745 0.0631575 0.176499
0.0922459 0.0735543 0.0617878 0.0501037 0.00159191 0.0244595 0.0113609 0.215244 9.9991E-05 0.469552
0.111692 0.0609039 0.0387303 0.0309801 0.0526455 9.9973E-05 9.9973E-05 0.621564 9.9973E-05 0.0831847
9.9946E-05 9.9946E-05 9.9946E-05 0.463754 9.9946E-05 0.0138444 9.9946E-05 0.0119028 9.9946E-05 0.5099
9.9955E-05 0.0309373 9.9955E-05 0.660393 9.9955E-05 9.9955E-05 0.0149397 0.177039 9.9955E-05 0.116191
9.9955E-05 0.00892691 9.9955E-05 0.913432 0.0274843 0.0222038 0.0274535 9.9955E-05 9.9955E-05 9.9955E-05
0.0783146 9.9955E-05 0.0211291 0.789214 9.9955E-05 9.9955E-05 9.9955E-05 0.0757216 9.9955E-05 0.0351212
0.0203178 9.9964E-05 0.0260441 0.624654 9.9964E-05 0.00774561 9.9964E-05 0.0409417 9.9964E-05 0.279897
9.9964E-05 9.9964E-05 9.9964E-05 0.434064 0.118029 0.0167127 0.0188661 0.0962657 9.9964E-05 0.315662
9.9973E-05 0.021049 0.0513586 0.384051 0.0402017 9.9973E-05 9.9973E-05 0.0698201 0.0137154 0.419504
9.9973E-05 9.9973E-05 0.00355341 0.574082 0.0980723 9.9973E-05 0.0256663 0.134077 0.0401554 0.124093
9.9964E-05 0.0247329 9.9964E-05 0.486151 0.178487 9.9964E-05 9.9964E-05 0.0267817 0.0180082 0.265439
9.9964E-05 9.9964E-05 9.9964E-05 0.507195 9.9964E-05 0.046699 0.0130835 0.0519043 0.0816803 0.299038
0.0412218 0.030294 9.9973E-05 0.471341 0.00896499 9.9973E-05 9.9973E-05 0.0289698 0.0364095 0.382499
9.9937E-05 9.9937E-05 9.9937E-05 0.53547 9.9937E-05 0.0786247 9.9937E-05 9.9937E-05 9.9937E-05 0.385205
0.157306 9.9955E-05 0.126744 0.604566 9.9955E-05 0.100349 9.9955E-05 9.9955E-05 0.0105352 9.9955E-05
9.9973E-05 0.015323 0.0558284 9.9973E-05 0.00576414 9.9973E-05 0.0241249 0.0748627 0.703327 0.12047
9.99371E-05 0.058422 9.99371E-05 9.99371E-05 9.99371E-05 9.99371E-05 9.99371E-05 9.99371E-05 0.837199 0.103679
9.9946E-05 0.10153 0.0106687 9.9946E-05 9.9946E-05 9.9946E-05 9.9946E-05 9.9946E-05 0.758377 0.128824
9.9946E-05 0.0507055 0.0967274 9.9946E-05 9.9946E-05 9.9946E-05 9.9946E-05 9.9946E-05 0.795754 0.0562139
9.9964E-05 0.0843149 0.119341 9.9964E-05 0.00848835 9.9964E-05 0.00734853 9.9964E-05 0.715491 0.0646168
9.9964E-05 0.0224264 0.0405741 9.9964E-05 0.0508205 9.9964E-05 0.0353514 9.9964E-05 0.804931 0.0454973
9.99461E-05 0.0278457 9.99461E-05 9.99461E-05 9.99461E-05 9.99461E-05 0.00822836 9.99461E-05 0.889156 0.0741702
0.00844645 9.9955E-05 9.9955E-05 0.719494 9.9955E-05 9.9955E-05 9.9955E-05 0.158961 0.0523177 0.0602813
9.9955E-05 9.9955E-05 9.9955E-05 0.379701 9.9955E-05 9.9955E-05 0.0282419 0.16901 0.0263411 0.396206
0.0841248 0.0134048 9.9964E-05 0.233048 0.00405666 0.0125399 9.9964E-05 9.9964E-05 9.9964E-05 0.652426
0.047698 9.9973E-05 9.9973E-05 0.227857 0.066173 0.148572 0.0255782 9.9973E-05 0.0262219 0.4576
9.9946E-05 9.9946E-05 9.9946E-05 0.373951 0.0256768 9.9946E-05 0.12519 9.9946E-05 9.9946E-05 0.474582
0.0165797 9.9946E-05 9.9946E-05 0.689921 9.9946E-05 9.9946E-05 9.9946E-05 0.217262 0.0756371 9.9946E-05
0.0744553 0.0258235 0.0509292 0.504969 9.9982E-05 0.0144624 0.0257296 0.0836762 9.9982E-05 0.219755
0.0680305 9.9955E-05 9.9955E-05 0.322215 9.9955E-05 0.0753242 9.9955E-05 9.9955E-05 0.0102015 0.523729
9.9973E-05 0.0352643 9.9973E-05 0.399018 9.9973E-05 0.0464462 0.0219429 0.13885 0.0196427 0.338536
9.9955E-05 9.9955E-05 9.9955E-05 0.516783 0.0536412 0.0517165 0.111242 9.9955E-05 9.9955E-05 0.266118
9.9964E-05 0.011733 9.9964E-05 0.387619 0.0579875 9.9964E-05 9.9964E-05 0.0144074 0.0752819 0.452572
0.191072 9.9973E-05 0.138722 0.0329227 0.0236558 9.9973E-05 9.9973E-05 0.37805 0.0463885 0.18889
9.9973E-05 9.9973E-05 0.120421 0.0804774 0.185886 0.00275673 9.9973E-05 0.23911 0.0571005 0.313949
0.0845199 0.0349472 9.9955E-05 9.9955E-05 9.9955E-05 9.9955E-05 9.9955E-05 0.51231 0.0274966 0.340227
9.9973E-05 0.0124166 0.0640662 9.9973E-05 0.129949 9.9973E-05 0.0221421 0.224779 0.0531361 0.493211
0.110676 9.9964E-05 0.0403158 9.9964E-05 0.0668192 9.9964E-05 9.9964E-05 0.370157 0.0246741 0.386958
0.0494208 0.049246 9.9973E-05 0.0455221 9.9973E-05 0.0328615 9.9973E-05 0.306882 0.0185343 0.497233
9.9937E-05 9.9937E-05 9.9937E-05 9.9937E-05 0.0709448 9.9937E-05 9.9937E-05 0.485955 9.9937E-05 0.4424
0.0819406 9.9964E-05 9.9964E-05 0.0221253 0.0470599 9.9964E-05 0.0428833 0.269882 9.9964E-05 0.535709
0.177048 0.0265562 0.0627561 0.0779203 0.0846142 9.9973E-05 0.0117087 9.9973E-05 9.9973E-05 0.559097
0.113841 0.0487502 0.162036 9.9973E-05 0.0719121 0.00626139 9.9973E-05 0.268238 9.9973E-05 0.328661
0.0048297 0.0307245 0.0169078 0.0793181 0.0345159 0.0216654 9.9982E-05 0.15161 9.9982E-05 0.660228
0.0869504 9.9955E-05 0.109074 9.9955E-05 0.0158547 9.9955E-05 9.9955E-05 0.171663 9.9955E-05 0.615958
0.131661 9.9973E-05 9.9973E-05 0.0615383 0.0691394 0.0140322 9.9973E-05 0.381319 0.0691413 0.272869
0.199059 0.0151739 0.0718199 9.9973E-05 9.9973E-05 0.125442 0.0484925 0.523185 9.9973E-05 0.0165268
0.208982 9.9964E-05 0.114762 0.271607 0.128854 9.9964E-05 9.9964E-05 0.26869 9.9964E-05 0.00670506
0.0903389 9.9964E-05 9.9964E-05 0.0476581 9.9964E-05 0.135024 9.9964E-05 0.522558 0.0230746 0.180946
0.0051266 9.9982E-05 9.9982E-05 0.107834 0.108175 0.0461207 0.0029417 0.326106 0.0233654 0.38013
9.9955E-05 0.00384706 9.9955E-05 0.0741229 0.151156 9.9955E-05 9.9955E-05 0.459365 9.9955E-05 0.311009
9.9973E-05 9.9973E-05 9.9973E-05 0.146752 0.107641 0.00792891 0.0313826 0.473597 0.0546729 0.177726
9.9973E-05 0.0986969 9.9973E-05 0.0868844 0.0595983 0.119116 0.025334 0.17247 9.9973E-05 0.4376
0.176091 0.0187601 0.116937 0.031325 9.9982E-05 0.0812834 0.0196478 0.462065 9.9982E-05 0.0936908
0.024428 0.0169538 0.0707956 0.169072 0.00104999 0.214573 0.0289112 9.9991E-05 0.0310388 0.443078
0.234517 0.0141405 0.203145 0.056893 0.127736 0.284877 9.9982E-05 0.0283109 0.0501804 9.9982E-05
0.113772 9.9991E-05 0.0232504 0.126938 0.115029 0.142729 0.0680515 0.0436521 0.0496442 0.316834
9.9982E-05 0.0125015 0.155797 0.134615 9.9982E-05 0.150951 0.0617148 0.0674147 0.0425273 0.374279
9.9964E-05 0.0386019 0.244695 0.0603913 0.169346 0.270433 9.9964E-05 9.9964E-05 9.9964E-05 0.216132
0.187428 0.0240763 0.025477 9.9982E-05 0.111152 0.445749 9.9982E-05 0.064092 0.0452997 0.0965256
0.248274 0.0428093 0.00504309 0.101766 0.0924249 0.0995707 9.9991E-05 0.034692 0.00118612 0.374134
0.142711 9.9973E-05 0.187782 0.251427 9.9973E-05 0.160923 0.126692 0.0793096 0.0508544 9.9973E-05
0.0605337 9.9964E-05 9.9964E-05 0.180957 0.0609893 0.286721 9.9964E-05 0.075239 9.9964E-05 0.335161
0.108301 9.9973E-05 0.0960155 0.254994 9.9973E-05 0.0891095 0.00907483 0.0848672 9.9973E-05 0.357338
9.9982E-05 0.0574784 0.26576 0.017523 0.0547979 0.145983 0.178541 9.9982E-05 0.126523 0.153193
9.9955E-05 9.9955E-05 0.557414 9.9955E-05 0.027927 0.0548163 0.0628041 9.9955E-05 0.296539 9.9955E-05
0.0730016 9.9955E-05 0.567541 9.9955E-05 9.9955E-05 0.0496608 0.0759596 9.9955E-05 0.233337 9.9955E-05
9.9973E-05 0.0232035 0.311473 9.9973E-05 0.0314491 9.9973E-05 0.256278 0.0259286 0.20033 0.151038
0.0113011 9.9955E-05 9.9955E-05 0.00115936 0.000510404 0.396719 9.9955E-05 9.9955E-05 9.9955E-05 0.589811
9.9955E-05 9.9955E-05 9.9955E-05 0.00561911 0.00121166 9.9955E-05 0.637774 0.0744913 9.9955E-05 0.280404
0.148668 0.0206626 9.9973E-05 0.184204 9.9973E-05 0.479945 0.0535028 0.0144481 9.9973E-05 0.0982691
0.266032 9.9955E-05 0.00927828 0.085245 9.9955E-05 0.543007 0.0959383 9.9955E-05 9.9955E-05 9.9955E-05
0.0296234 9.9973E-05 0.0495049 0.0876096 0.0210198 0.287486 0.017646 9.9973E-05 9.9973E-05 0.506811
0.0705491 9.9973E-05 9.9973E-05 0.0954147 0.0251341 0.391851 0.0262889 9.9973E-05 0.0363986 0.354064
0.0321408 9.9982E-05 0.0661246 0.0784377 0.0464488 0.322224 0.00579785 0.0170657 9.9982E-05 0.43156
0.199408 9.9973E-05 0.0669082 0.137939 9.9973E-05 0.449205 0.0160681 0.0583434 9.9973E-05 0.0718283
0.0596898 9.9946E-05 0.00474396 9.9946E-05 9.9946E-05 9.9946E-05 0.92864 0.00632669 9.9946E-05 9.9946E-05
9.9937E-05 9.9937E-05 9.9937E-05 0.063582 9.9937E-05 9.9937E-05 0.872234 9.9937E-05 9.9937E-05 0.063484
0.0238414 0.00693571 9.9964E-05 9.9964E-05 0.0725649 9.9964E-05 0.654318 9.9964E-05 0.00684836 0.235091
9.9955E-05 0.020516 9.9955E-05 9.9955E-05 0.0695932 0.0473356 0.772054 9.9955E-05 9.9955E-05 0.0900011
9.99201E-05 9.99201E-05 9.99201E-05 9.99201E-05 9.99201E-05 9.99201E-05 0.999101 9.99201E-05 9.99201E-05 9.99201E-05
9.9937E-05 9.9937E-05 9.9937E-05 9.9937E-05 0.0376566 9.9937E-05 0.918365 0.0432789 9.9937E-05 9.9937E-05
9.9946E-05 9.9946E-05 9.9946E-05 0.0496546 9.9946E-05 9.9946E-05 0.796144 0.0130526 9.9946E-05 0.140549
9.9955E-05 0.00356567 9.9955E-05 0.00955147 0.0373513 9.9955E-05 0.940106 9.9955E-05 9.9955E-05 0.00892593
9.99201E-05 9.99201E-05 9.99201E-05 9.99201E-05 9.99201E-05 9.99201E-05 0.999101 9.99201E-05 9.99201E-05 9.99201E-05
9.9928E-05 0.0239015 9.9928E-05 9.9928E-05 9.9928E-05 9.9928E-05 0.975299 9.9928E-05 9.9928E-05 9.9928E-05
0.0649356 0.0919193 9.9955E-05 9.9955E-05 9.9955E-05 9.9955E-05 0.704065 0.0434358 9.9955E-05 0.0951448
0.0572506 9.9973E-05 0.00858764 9.9973E-05 0.0677158 0.00533688 0.798618 9.9973E-05 0.0120558 0.0501357
9.9928E-05 9.9928E-05 9.9928E-05 9.9928E-05 0.0318182 9.9928E-05 0.967382 9.9928E-05 9.9928E-05 9.9928E-05
0.0245798 0.0481877 9.9964E-05 9.9964E-05 0.038711 9.9964E-05 0.675016 9.9964E-05 0.0173383 0.195767
9.9964E-05 0.0331561 0.0025362 9.9964E-05 9.9964E-05 9.9964E-05 0.809546 0.0596877 0.0182586 0.0764152
9.9928E-05 9.9928E-05 0.0291904 9.9928E-05 9.9928E-05 9.9928E-05 0.97001 9.9928E-05 9.9928E-05 9.9928E-05
9.9946E-05 0.0119857 0.0882757 9.9946E-05 9.9946E-05 9.9946E-05 0.828459 9.9946E-05 9.9946E-05 0.0706804
9.9928E-05 9.9928E-05 9.9928E-05 9.9928E-05 9.9928E-05 9.9928E-05 0.974563 9.9928E-05 0.0246378 9.9928E-05
0.0138789 0.0273118 9.9982E-05 9.9982E-05 0.0355457 0.0266807 0.582684 0.0153638 0.0729154 0.22542
0.0359775 0.0142671 9.9955E-05 0.0569353 9.9955E-05 9.9955E-05 0.868508 0.0238127 9.9955E-05 9.9955E-05
0.0646421 9.9946E-05 0.262604 9.9946E-05 9.9946E-05 0.460614 9.9946E-05 9.9946E-05 0.21154 9.9946E-05
9.9982E-05 0.0146193 0.111197 9.9982E-05 0.0230395 0.293681 0.026923 0.151035 0.0620344 0.317271
9.9964E-05 9.9964E-05 9.9964E-05 9.9964E-05 0.0148197 0.329787 0.0927387 0.00754984 0.198452 0.356253
9.9982E-05 0.0531319 0.250896 0.00427945 0.0981495 0.339698 0.0677774 9.9982E-05 0.0442551 0.141613
9.9982E-05 0.0196972 0.350201 0.0873023 9.9982E-05 0.158025 0.0272988 0.0473665 0.0631855 0.246724
9.9973E-05 9.9973E-05 0.0840572 0.0506082 0.0140759 0.366877 0.155292 9.9973E-05 0.0737799 0.25501
9.9964E-05 0.0809156 9.9964E-05 9.9964E-05 9.9964E-05 0.345692 0.0749465 0.0195413 0.122816 0.355688
9.9964E-05 0.067563 0.136434 9.9964E-05 9.9964E-05 0.366299 0.0883807 9.9964E-05 0.064734 0.276189
0.0106835 9.9973E-05 0.0236031 0.001759 0.0663613 0.0744498 9.9973E-05 9.9973E-05 0.785581 0.0372629
0.0282579 0.0762502 0.0238274 9.9955E-05 9.9955E-05 9.9955E-05 0.0763873 9.9955E-05 0.794777 9.9955E-05
9.9946E-05 0.0151644 0.0627513 9.9946E-05 9.9946E-05 9.9946E-05 9.9946E-05 0.0364929 0.884992 9.9946E-05
9.9946E-05 0.0241393 9.9946E-05 9.9946E-05 0.0795432 9.9946E-05 9.9946E-05 9.9946E-05 0.878806 0.0169116
9.9955E-05 0.0801354 0.101362 9.9955E-05 9.9955E-05 9.9955E-05 9.9955E-05 0.0525096 0.749196 0.0162972
9.9946E-05 0.0619699 0.0652276 9.9946E-05 9.9946E-05 9.9946E-05 0.0570723 9.9946E-05 0.81513 9.9946E-05
9.9964E-05 0.047332 0.0513375 0.0346725 9.9964E-05 9.9964E-05 0.0861995 0.00330605 0.776753 9.9964E-05
9.9955E-05 9.9955E-05 0.0892867 0.0157147 9.9955E-05 0.0303414 9.9955E-05 0.0628674 0.80129 9.9955E-05
9.9946E-05 0.0127793 0.174797 9.9946E-05 9.9946E-05 9.9946E-05 9.9946E-05 9.9946E-05 0.776828 0.0349956
0.00494885 0.00839402 0.188858 9.9973E-05 0.0191962 9.9973E-05 0.0467695 9.9973E-05 0.719228 0.0123057
0.0421269 0.0433692 9.9964E-05 0.0810917 0.119247 9.9964E-05 9.9964E-05 0.150722 0.563043 9.9964E-05
0.0233741 0.0407732 0.074329 0.020414 0.176949 9.9973E-05 9.9973E-05 0.17928 0.48458 9.9973E-05
9.9964E-05 0.0453216 0.0863439 0.0196525 0.117674 9.9964E-05 9.9964E-05 0.263966 0.466642 9.9964E-05
0.0257908 9.9964E-05 9.9964E-05 0.121176 0.0788891 0.026644 9.9964E-05 0.267751 0.47935 9.9964E-05
0.0702241 9.9964E-05 9.9964E-05 0.279929 9.9964E-05 9.9964E-05 0.056729 0.137429 0.0278641 0.427425
0.0252746 0.00379679 9.9982E-05 0.109734 0.00983492 0.0436479 9.9982E-05 0.275025 0.0469191 0.485568
0.0304543 0.0159683 0.0971426 0.166637 0.133136 9.9973E-05 9.9973E-05 0.269098 9.9973E-05 0.287264
9.9946E-05 9.9946E-05 9.9946E-05 0.0740374 0.180027 9.9946E-05 9.9946E-05 0.677435 9.9946E-05 0.0679006
0.0254133 0.00191911 9.9964E-05 0.264688 0.0606132 9.9964E-05 9.9964E-05 9.9964E-05 0.0838656 0.563101
0.0522886 9.9955E-05 9.9955E-05 0.293532 0.0224281 9.9955E-05 9.9955E-05 0.106486 9.9955E-05 0.524765
0.0687376 9.9973E-05 9.9973E-05 0.308779 0.0267647 0.0212376 0.0199895 0.137138 9.9973E-05 0.417054
9.99706E-05 9.99706E-05 9.99706E-05 0.49884 9.99706E-05 0.0474646 0.0407641 0.0306718 0.019378 0.362482
0.0213553 0.00849511 9.9973E-05 0.348133 0.117513 0.0251533 9.9973E-05 0.105917 9.9973E-05 0.373132
0.231212 9.9937E-05 9.9937E-05 0.701899 0.0661892 9.9937E-05 9.9937E-05 9.9937E-05 9.9937E-05 9.9937E-05
0.131746 9.9964E-05 0.0259771 0.515821 0.0494293 0.0323899 9.9964E-05 9.9964E-05 9.9964E-05 0.244237
0.0495223 0.0163125 9.9973E-05 0.375848 0.0110482 9.9973E-05 0.0227891 9.9973E-05 0.0758209 0.448359
9.9955E-05 9.9955E-05 9.9955E-05 0.6453 0.0623651 9.9955E-05 9.9955E-05 0.184012 0.0590143 0.0488089
9.9964E-05 0.0101523 0.0401146 0.0227909 0.875798 9.9964E-05 9.9964E-05 9.9964E-05 0.0471208 0.00362347
0.0187445 9.9973E-05 0.0359824 9.9973E-05 0.843625 0.0273817 0.0185563 9.9973E-05 0.0061425 0.049268
9.9937E-05 9.9937E-05 9.9937E-05 9.9937E-05 0.9488 0.0452488 0.00525129 9.9937E-05 9.9937E-05 9.9937E-05
9.9946E-05 9.9946E-05 9.9946E-05 0.0276644 0.884438 0.0243217 9.9946E-05 9.9946E-05 0.0629763 9.9946E-05
0.00650238 9.9946E-05 9.9946E-05 9.9946E-05 0.908491 9.9946E-05 0.0382425 9.9946E-05 9.9946E-05 0.046164
9.9937E-05 9.9937E-05 9.9937E-05 9.9937E-05 0.902035 9.9937E-05 0.0341282 9.9937E-05 9.9937E-05 0.0631372
9.9955E-05 0.0182068 9.9955E-05 9.9955E-05 0.0185344 9.9955E-05 0.0555249 9.9955E-05 0.785857 0.121377
9.99461E-05 9.99461E-05 0.0412403 9.99461E-05 0.0326035 9.99461E-05 9.99461E-05 9.99461E-05 0.781901 0.143655
9.9955E-05 0.0572743 9.9955E-05 9.9955E-05 0.0374579 9.9955E-05 0.0925417 9.9955E-05 0.706792 0.105435
9.9955E-05 0.0292493 9.9955E-05 9.9955E-05 9.9955E-05 9.9955E-05 0.0948945 0.0506405 0.721989 0.102727
9.9955E-05 9.9955E-05 9.9955E-05 9.9955E-05 0.0229923 0.0754265 0.110169 9.9955E-05 0.742962 0.0479505
9.9955E-05 9.9955E-05 0.019786 9.9955E-05 0.413396 0.0445557 9.9955E-05 0.135045 0.386717 9.9955E-05
0.0495362 0.00832971 9.997E-05 0.109274 0.332109 0.0251426 9.997E-05 0.043859 0.43145 9.997E-05
0.0608276 0.02243 9.9973E-05 0.0259716 0.389019 9.9973E-05 0.0332056 0.0700595 0.398187 9.9973E-05
9.99201E-05 0.999101 9.99201E-05 9.99201E-05 9.99201E-05 9.99201E-05 9.99201E-05 9.99201E-05 9.99201E-05 9.99201E-05
9.9964E-05 0.0229634 0.0416773 0.0533145 0.562257 9.9964E-05 9.9964E-05 9.9964E-05 0.310796 0.00859151
9.9973E-05 0.00234392 0.377375 9.9973E-05 0.0584614 0.00632635 0.2543 9.9973E-05 0.0121149 0.288778
9.9937E-05 9.9937E-05 9.9937E-05 9.9937E-05 9.9937E-05 9.9937E-05 0.300377 9.9937E-05 0.175117 0.523806
0.032584 0.00607009 0.229108 0.0100187 0.107689 9.9982E-05 0.142252 9.9982E-05 0.114488 0.35759
9.9946E-05 9.9946E-05 0.47615 9.9946E-05 9.9946E-05 0.0678649 0.239998 9.9946E-05 0.215388 9.9946E-05
0.125512 9.9964E-05 9.9964E-05 0.0346694 0.0647617 9.9964E-05 9.9964E-05 0.354122 0.0288809 0.391655
0.20025 9.9973E-05 0.0909461 0.0322248 0.104052 0.0515433 9.9973E-05 0.208465 9.9973E-05 0.312218
9.9964E-05 0.0426027 9.9964E-05 9.9964E-05 0.148844 0.0320352 9.9964E-05 0.538331 0.0496114 0.188176
0.168961 9.9964E-05 0.0239265 0.111423 0.11922 9.9964E-05 9.9964E-05 0.0573805 9.9964E-05 0.518689
0.43778 9.9955E-05 0.108389 0.175653 0.0643209 9.9955E-05 9.9955E-05 0.213357 9.9955E-05 9.9955E-05
0.0867501 0.0180961 0.0191879 0.100944 0.0628808 9.9982E-05 9.9982E-05 0.152191 0.0537263 0.506024
9.9964E-05 0.0153068 0.0755646 0.0232082 9.9964E-05 0.0680741 9.9964E-05 0.589507 9.9964E-05 0.227939
0.152136 9.9955E-05 0.0748993 0.114616 9.9955E-05 0.160201 9.9955E-05 0.497649 9.9955E-05 9.9955E-05
0.175424 0.00685669 0.0149276 0.070815 0.0520339 0.114893 9.9991E-05 0.164749 0.0387773 0.361424
9.9973E-05 0.0280578 9.9973E-05 0.0290884 0.133102 0.0784835 0.0460871 0.228212 9.9973E-05 0.456669
9.9964E-05 9.9964E-05 0.0839142 0.159263 0.112184 9.9964E-05 0.141112 9.9964E-05 0.158745 0.344382
0.184423 9.9964E-05 0.0544254 9.9964E-05 0.0424955 0.0121247 9.9964E-05 0.392793 9.9964E-05 0.313339
0.116305 9.9973E-05 9.9973E-05 0.096887 0.12208 0.0541648 9.9973E-05 0.135742 0.0177393 0.456782
0.0807405 0.0261101 9.9982E-05 0.0457134 0.0663692 0.0532643 0.027135 0.237781 9.9982E-05 0.462687
0.0547208 9.9982E-05 0.000606656 0.154788 0.0106269 0.0419095 9.9982E-05 0.175779 0.0339324 0.527437
0.147868 0.0189948 0.0243188 0.0422216 0.127 0.0653978 0.0700766 9.9982E-05 9.9982E-05 0.503922
9.9955E-05 0.00764482 0.00772397 9.9955E-05 9.9955E-05 9.9955E-05 0.0498378 9.9955E-05 0.738082 0.196212
0.0143817 0.0138133 0.0544856 9.9964E-05 9.9964E-05 9.9964E-05 0.0166624 9.9964E-05 0.780838 0.119419
0.00657754 9.9982E-05 0.10713 0.0253034 0.0028509 0.0361122 9.9982E-05 0.0483891 0.735313 0.0381235
0.067423 0.00756507 0.00224435 0.0436411 0.00427433 9.9991E-05 0.0351715 0.0158091 0.755287 0.0684845
0.0109929 0.0349463 9.9964E-05 9.9964E-05 9.9964E-05 0.0110363 0.00336871 9.9964E-05 0.782791 0.156465
9.9973E-05 0.0150453 0.110052 0.0268017 0.12323 9.9973E-05 0.00243953 0.591497 9.9973E-05 0.130634
0.00601836 0.0459166 0.0974912 0.00314434 9.9982E-05 9.9982E-05 0.0182623 0.208994 0.00582896 0.614144
0.0562621 9.9973E-05 0.0555766 0.0735703 0.0790393 9.9973E-05 9.9973E-05 0.220267 0.0190943 0.495891
0.182921 0.00638713 0.148661 0.0340825 0.0775029 9.9982E-05 0.0180437 0.268673 9.9982E-05 0.263529
9.9964E-05 0.0107959 0.0979667 9.9964E-05 0.147907 0.10297 9.9964E-05 0.586639 0.0533222 9.9964E-05
0.0157673 0.0450128 9.9964E-05 9.9964E-05 0.0912387 0.14891 9.9964E-05 0.252067 9.9964E-05 0.446604
0.127104 0.00849971 9.9964E-05 9.9964E-05 0.198115 9.9964E-05 9.9964E-05 0.445313 0.120091 0.100477
0.0942629 9.9991E-05 0.034813 0.134131 0.103333 0.134794 0.0526917 0.0564067 0.0424953 0.346972
0.177761 0.0278494 9.9964E-05 9.9964E-05 0.0620368 9.9964E-05 9.9964E-05 0.533129 0.123278 0.0755456
9.9964E-05 9.9964E-05 9.9964E-05 9.9964E-05 0.0937893 0.123652 0.00548289 0.604643 0.0425219 0.129511
0.147094 0.0133934 9.9982E-05 0.032184 0.0240618 0.193947 0.0656246 0.3492 9.9982E-05 0.174295
0.179889 0.0156378 0.0306629 0.00602166 0.0117173 0.478388 9.9982E-05 0.0558535 9.9982E-05 0.22163
9.9973E-05 0.00650699 9.9973E-05 0.0402766 0.0744355 0.436115 0.0211593 9.9973E-05 0.0526205 0.368586
0.07556 9.9946E-05 9.9946E-05 9.9946E-05 0.156979 0.575186 9.9946E-05 9.9946E-05 9.9946E-05 0.191675
0.0228063 0.00685958 0.0693208 0.0379424 0.0913934 0.243828 9.9982E-05 9.9982E-05 0.049928 0.477721
0.127338 9.9946E-05 9.9946E-05 0.0546038 0.0955802 0.721878 9.9946E-05 9.9946E-05 9.9946E-05 9.9946E-05
0.091237 9.9964E-05 0.0644612 0.114885 0.064165 0.559918 9.9964E-05 9.9964E-05 9.9964E-05 0.104934
0.107171 0.0319505 0.021656 9.9964E-05 0.0949206 0.343684 9.9964E-05 9.9964E-05 9.9964E-05 0.400219
0.159853 9.9955E-05 9.9955E-05 0.102239 0.0783668 0.648479 9.9955E-05 9.9955E-05 9.9955E-05 0.0105625
9.9973E-05 9.9973E-05 0.0142351 0.110095 0.0593645 0.308582 9.9973E-05 0.0965674 0.0101806 0.400676
0.0570192 9.9982E-05 0.0557966 0.0156744 0.073911 9.9982E-05 0.037375 0.74535 0.00294358 0.0117304
0.21577 9.9964E-05 0.0377306 9.9964E-05 0.0946923 9.9964E-05 0.0117156 0.418782 9.9964E-05 0.220909
0.0123852 0.043018 0.0315483 0.0728821 0.108286 9.9982E-05 9.9982E-05 0.368452 0.0337183 0.329511
9.9964E-05 0.0218367 9.9964E-05 9.9964E-05 0.148911 0.00796863 0.0508082 0.208165 9.9964E-05 0.56191
0.0377604 0.0226522 9.9964E-05 0.119646 0.201468 9.9964E-05 9.9964E-05 0.42376 9.9964E-05 0.194313
0.0671377 0.0250187 9.9982E-05 0.0384952 0.0427299 9.9982E-05 0.0526466 0.260086 0.0438545 0.469831
9.9964E-05 0.0307051 9.9964E-05 0.135727 0.0677602 9.9964E-05 9.9964E-05 0.319589 0.060646 0.385173
9.9955E-05 9.9955E-05 9.9955E-05 0.125534 0.0917735 9.9955E-05 0.074216 0.564061 9.9955E-05 0.143916
0.0204495 9.9973E-05 9.9973E-05 0.0978614 0.192461 0.0131792 0.0907914 0.326975 9.9973E-05 0.257983
0.00573032 9.9973E-05 0.0353866 0.00113851 0.0869469 0.0342597 9.9973E-05 0.288428 9.9973E-05 0.54781
0.0892373 0.0557617 0.0636187 0.0549549 0.124584 0.0646629 9.9982E-05 0.21422 9.9982E-05 0.33276
0.161028 9.9955E-05 9.9955E-05 9.9955E-05 0.135459 9.9955E-05 0.0905128 0.167914 9.9955E-05 0.444586
9.9973E-05 0.057326 0.0297326 9.9973E-05 0.137479 9.9973E-05 0.0265642 0.366802 0.0685502 0.313246
0.0761097 9.9982E-05 9.9982E-05 0.0353248 0.0765698 0.0223208 0.0421457 0.219659 0.0557052 0.471965
9.9964E-05 0.0467569 0.149033 9.9964E-05 9.9964E-05 9.9964E-05 0.0156914 0.0448459 0.283473 0.4598
0.0675074 0.0441228 0.0661211 0.0507259 9.9991E-05 0.0457398 0.176746 0.0229177 0.0285461 0.497473
0.067851 0.050038 0.0374445 9.9982E-05 0.000423719 0.0507203 0.108653 0.156529 9.9982E-05 0.528141
9.9964E-05 0.0640015 0.0934901 9.9964E-05 9.9964E-05 9.9964E-05 0.147372 0.0798431 0.104862 0.510031
0.148308 9.9973E-05 9.9973E-05 0.0504748 0.0721325 0.134131 0.0400928 0.223713 9.9973E-05 0.330849
9.9973E-05 9.9973E-05 0.460973 0.163654 9.9973E-05 0.171221 0.0359902 0.0678361 0.0332049 0.0668211
9.9991E-05 0.0395586 0.0207243 0.0271579 0.0416174 0.15722 0.175627 0.0244083 0.0997643 0.413823
0.0157191 0.00884623 0.118891 9.9982E-05 0.024211 0.0895287 0.224837 0.102433 9.9982E-05 0.415334
9.9991E-05 0.0513172 0.208412 0.0670292 0.0575743 0.0903894 0.129181 0.163949 0.0121436 0.219905
0.0287618 0.0495561 9.9973E-05 9.9973E-05 0.0232574 9.9973E-05 0.0651302 0.00868614 0.181983 0.642326
0.0289489 0.0487792 0.51488 0.0684377 9.9964E-05 9.9964E-05 0.0984464 9.9964E-05 0.240108 9.9964E-05
0.00523225 0.0598277 0.205886 9.9964E-05 9.9964E-05 9.9964E-05 0.0588543 9.9964E-05 0.0877898 0.58201
0.0198113 0.0318972 0.0718486 0.04151 9.9991E-05 0.103237 0.0473107 0.0415041 0.148036 0.494745
0.394721 0.0502054 9.9955E-05 0.123734 9.9955E-05 9.9955E-05 0.0463852 9.9955E-05 9.9955E-05 0.384454
0.809236 9.9937E-05 9.9937E-05 9.9937E-05 9.9937E-05 0.0381725 9.9937E-05 0.151892 9.9937E-05 9.9937E-05
0.854683 9.99549E-05 9.99549E-05 9.99549E-05 0.0194149 0.0143604 9.99549E-05 0.092159 0.018883 9.99549E-05
0.0378912 9.9973E-05 0.239438 9.9973E-05 0.0164299 0.00625495 0.238626 9.9973E-05 0.0405503 0.42051
0.20364 0.0150976 0.209759 9.9955E-05 9.9955E-05 9.9955E-05 0.274379 9.9955E-05 9.9955E-05 0.296624
0.129012 0.034156 0.256686 0.000552228 9.9982E-05 0.00964848 0.231618 9.9982E-05 0.119971 0.218156
0.118171 0.0266869 0.26713 9.9964E-05 9.9964E-05 9.9964E-05 0.0750233 9.9964E-05 0.068232 0.444356
0.630799 0.0155242 0.23646 9.9964E-05 9.9964E-05 0.0118582 0.0381083 9.9964E-05 9.9964E-05 0.0668508
0.525234 9.9964E-05 0.18828 9.9964E-05 0.00252784 9.9964E-05 0.0348958 9.9964E-05 0.022875 0.225787
0.356069 0.0125199 9.9955E-05 9.9955E-05 9.9955E-05 9.9955E-05 0.065941 9.9955E-05 0.00768345 0.557287
0.40027 9.9946E-05 9.9946E-05 9.9946E-05 9.9946E-05 9.9946E-05 0.127392 9.9946E-05 0.0765162 0.395223
0.589005 0.0187687 0.0977915 9.9955E-05 9.9955E-05 9.9955E-05 0.0311515 9.9955E-05 9.9955E-05 0.262784
0.203672 9.9964E-05 0.107082 9.9964E-05 9.9964E-05 9.9964E-05 0.0810289 0.125669 0.0286728 0.453476
0.369169 9.9955E-05 9.9955E-05 9.9955E-05 9.9955E-05 9.9955E-05 0.0970178 0.03542 0.0409 0.456993
0.489874 9.9964E-05 9.9964E-05 9.9964E-05 0.115283 0.0265041 9.9964E-05 0.00916147 0.0140103 0.344767
0.465221 0.0329711 9.9964E-05 9.9964E-05 9.9964E-05 0.0557092 0.0159939 0.114459 9.9964E-05 0.315246
0.346211 0.0189182 0.00886685 0.0660843 0.158096 0.00571564 0.0697125 0.000304026 9.9991E-05 0.325991
0.377635 0.00385632 0.0552552 9.9973E-05 0.036733 0.0403621 9.9973E-05 0.0406595 9.9973E-05 0.445198
0.744043 9.9955E-05 9.9955E-05 9.9955E-05 0.0304163 0.0491475 9.9955E-05 9.9955E-05 0.00470389 0.171189
0.315361 9.9964E-05 9.9964E-05 0.0352155 0.00791344 0.0202526 9.9964E-05 9.9964E-05 0.0401676 0.58069
0.735952 9.9964E-05 9.9964E-05 0.0294835 0.0228515 9.9964E-05 0.00428601 9.9964E-05 0.0145645 0.192462
0.497046 0.026526 9.9973E-05 9.9973E-05 0.0278821 0.0200075 0.0220816 9.9973E-05 0.036623 0.369533
9.9982E-05 0.00347062 0.206858 9.9982E-05 0.0358525 0.0423759 0.156084 0.0972888 0.0579518 0.399918
0.0648953 0.029495 0.119764 9.9982E-05 0.128291 0.103173 0.205894 9.9982E-05 0.0598718 0.288415
0.599658 0.0512871 0.17652 9.9955E-05 9.9955E-05 9.9955E-05 0.06507 9.9955E-05 0.106965 9.9955E-05
9.9964E-05 9.9964E-05 0.102261 9.9964E-05 0.00202251 0.036965 0.0869086 9.9964E-05 0.0430615 0.728381
0.352229 0.0468199 0.294137 9.9964E-05 9.9964E-05 0.0308865 0.0605117 9.9964E-05 0.215016 9.9964E-05
0.252745 9.9955E-05 0.0633889 9.9955E-05 9.9955E-05 9.9955E-05 0.131238 9.9955E-05 0.0555369 0.496592
0.870293 9.9937E-05 9.9937E-05 0.100858 9.9937E-05 9.9937E-05 9.9937E-05 9.9937E-05 9.9937E-05 0.0281486
0.924433 0.0213734 9.9937E-05 0.0534939 9.9937E-05 9.9937E-05 9.9937E-05 9.9937E-05 9.9937E-05 9.9937E-05
0.500922 0.039829 9.9946E-05 0.000594916 9.9946E-05 9.9946E-05 9.9946E-05 9.9946E-05 9.9946E-05 0.458055
0.323034 0.0109982 9.9937E-05 9.9937E-05 9.9937E-05 9.9937E-05 9.9937E-05 9.9937E-05 9.9937E-05 0.665268
0.59018 9.9964E-05 9.9964E-05 0.0105481 0.000136091 0.0271863 9.9964E-05 0.0120984 9.9964E-05 0.359451
0.356497 0.00907205 9.9946E-05 0.133165 9.9946E-05 9.9946E-05 9.9946E-05 9.9946E-05 9.9946E-05 0.500666
0.440903 9.9955E-05 9.9955E-05 9.9955E-05 9.9955E-05 0.0278751 9.9955E-05 0.0311608 0.00097613 0.498585
0.0846151 0.047965 0.00339437 9.9973E-05 9.9973E-05 0.034608 0.0830912 9.9973E-05 0.685332 0.0606948
0.0823035 0.0243942 0.00213579 0.0134433 0.0912738 9.9982E-05 0.0675591 0.0161528 0.702538 9.9982E-05
9.9946E-05 0.0336092 9.9946E-05 9.9946E-05 0.0389523 9.9946E-05 0.0670414 9.9946E-05 0.859797 9.9946E-05
0.00645688 0.127797 0.0417244 9.9955E-05 9.9955E-05 9.9955E-05 9.9955E-05 9.9955E-05 0.801257 0.0222644
0.00894862 0.0297163 9.9973E-05 0.303642 0.0800418 9.9973E-05 0.0242193 0.0318373 9.9973E-05 0.521295
0.00650246 0.0675648 9.9964E-05 0.413704 9.9964E-05 9.9964E-05 9.9964E-05 0.0504866 0.00812134 0.453221
9.9973E-05 9.9973E-05 9.9973E-05 0.481826 0.161469 0.0568884 0.00635354 0.0532169 0.0253276 0.214619
9.9955E-05 0.0224302 9.9955E-05 0.395042 9.9955E-05 9.9955E-05 0.0335854 0.0492206 9.9955E-05 0.499222
0.112833 0.0503097 9.9964E-05 0.420122 0.0510485 0.101843 9.9964E-05 9.9964E-05 9.9964E-05 0.263444
0.041925 0.0239097 0.0124884 9.9991E-05 0.00814229 0.0144614 0.154707 0.0543972 0.259408 0.430461
0.0871773 0.00928096 0.0720305 0.349044 9.99798E-05 9.99798E-05 0.03979 0.0463423 9.99798E-05 0.396035
9.9964E-05 0.0292213 9.9964E-05 0.50559 0.103924 0.0251809 9.9964E-05 0.108307 9.9964E-05 0.227377
0.101606 0.0119972 9.9964E-05 0.277977 0.017105 9.9964E-05 9.9964E-05 0.0110037 9.9964E-05 0.579911
0.0141441 9.9955E-05 9.9955E-05 0.446623 9.9955E-05 9.9955E-05 9.9955E-05 0.0989784 0.0624872 0.377267
0.028282 0.0261994 0.0249025 0.341508 0.00489392 9.9982E-05 0.0700651 9.9982E-05 0.00396417 0.499985
0.0399638 9.9946E-05 9.9946E-05 0.873339 9.9946E-05 9.9946E-05 0.00368936 9.9946E-05 9.9946E-05 0.0824083
0.0696846 9.9964E-05 9.9964E-05 0.502976 9.9964E-05 0.116619 0.0259414 0.0660875 9.9964E-05 0.218292
9.9964E-05 0.0206014 0.046146 0.577028 0.053177 9.9964E-05 9.9964E-05 0.00933401 9.9964E-05 0.293314
0.086425 9.9937E-05 0.0513916 0.861484 9.9937E-05 9.9937E-05 9.9937E-05 9.9937E-05 9.9937E-05 9.9937E-05
0.0168244 0.0101637 9.9973E-05 0.382397 0.173871 9.9973E-05 9.9973E-05 0.0148458 0.00430459 0.397294
9.9955E-05 9.9955E-05 0.0917147 0.600871 9.9955E-05 0.274619 9.9955E-05 0.013191 9.9955E-05 0.0191045
0.0754483 9.9937E-05 0.146688 0.777164 9.9937E-05 9.9937E-05 9.9937E-05 9.9937E-05 9.9937E-05 9.9937E-05
0.0231202 0.0282318 0.0220878 0.305422 0.0259043 0.011082 0.0407445 9.9982E-05 9.9982E-05 0.543207
0.032107 0.00293217 9.9973E-05 0.557925 9.9973E-05 0.027297 9.9973E-05 0.106875 0.0828939 0.18967
9.9982E-05 0.00111453 0.0542898 0.30479 9.9982E-05 0.128609 0.0462854 0.164215 0.0102708 0.290226
9.9955E-05 9.9955E-05 9.9955E-05 0.388664 9.9955E-05 0.0234123 0.0277913 0.124578 9.9955E-05 0.435055
0.172581 9.9973E-05 0.0371429 0.0552262 9.9973E-05 0.0267342 0.0596744 0.442612 9.9973E-05 0.205729
0.00448152 0.0179928 9.9982E-05 0.376406 0.0850492 0.0193069 0.0250269 0.0386789 9.9982E-05 0.432858
9.9964E-05 0.0302428 9.9964E-05 0.287235 9.9964E-05 0.0646299 0.0348182 0.143903 9.9964E-05 0.438772
9.9955E-05 0.0314287 9.9955E-05 0.624552 0.0384189 0.010935 9.9955E-05 9.9955E-05 9.9955E-05 0.294166
9.9955E-05 0.016026 9.9955E-05 9.9955E-05 0.102105 0.0930634 9.9955E-05 0.154143 0.634163 9.9955E-05
0.00138297 0.020872 0.00317871 0.044645 0.00388571 9.9982E-05 9.9982E-05 0.120611 0.742314 0.0629112
9.9955E-05 0.121519 9.9955E-05 9.9955E-05 0.0652049 0.0425629 9.9955E-05 0.0215797 0.748634 9.9955E-05
0.0427611 0.0674516 9.9946E-05 9.9946E-05 0.138918 9.9946E-05 9.9946E-05 9.9946E-05 0.75027 9.9946E-05
0.00898232 0.0502285 9.9964E-05 9.9964E-05 0.150781 0.10137 9.9964E-05 0.046631 0.641607 9.9964E-05
9.99459E-05 9.99459E-05 9.99459E-05 0.577777 9.99459E-05 9.99459E-05 9.99459E-05 0.191988 0.0918492 0.137786
9.9973E-05 0.025365 9.9973E-05 0.569848 0.072624 0.0836738 9.9973E-05 0.10886 0.0189373 0.120392
0.0584676 9.9946E-05 9.9946E-05 0.810835 9.9946E-05 0.0172642 9.9946E-05 9.9946E-05 9.9946E-05 0.112834
0.00357837 9.9964E-05 0.150956 0.543353 9.9964E-05 0.0822123 9.9964E-05 9.9964E-05 0.0139912 0.205509
0.0706429 9.9964E-05 9.9964E-05 0.175645 9.9964E-05 0.0422413 0.027628 0.0671024 9.9964E-05 0.616341
9.9964E-05 9.9964E-05 9.9964E-05 0.506963 0.014538 0.0952675 0.063993 9.9964E-05 0.079655 0.239184
0.0365893 0.0169872 9.9973E-05 0.239704 0.0402005 0.00195435 9.9973E-05 9.9973E-05 0.0638414 0.600423
9.9955E-05 9.9955E-05 9.9955E-05 0.640479 0.0570529 9.9955E-05 0.0164277 0.137167 9.9955E-05 0.148374
9.9964E-05 0.0304229 9.9964E-05 0.534234 0.0427287 0.0699098 9.9964E-05 0.0431299 9.9964E-05 0.279174
9.99549E-05 9.99549E-05 9.99549E-05 0.473024 0.0407437 0.0207754 9.99549E-05 0.167583 9.99549E-05 0.297374
9.9964E-05 9.9964E-05 0.0620868 0.0203252 0.0353157 0.280119 9.9964E-05 9.9964E-05 0.0403005 0.561453
9.9946E-05 0.0320961 9.9946E-05 0.597362 0.00757508 9.9946E-05 9.9946E-05 9.9946E-05 9.9946E-05 0.362367
9.9973E-05 0.0213661 9.9973E-05 0.388085 9.9973E-05 0.0147774 0.0871288 0.0923665 0.0123578 0.383619
0.0478038 0.0530629 0.0414439 9.9964E-05 9.9964E-05 9.9964E-05 0.348814 9.9964E-05 0.0444948 0.463981
9.9973E-05 0.0487465 0.190714 9.9973E-05 9.9973E-05 0.0280298 0.367673 0.0187412 0.0036078 0.342188
9.9964E-05 9.9964E-05 0.0134563 0.355456 9.9964E-05 0.158857 0.0816079 9.9964E-05 0.0212036 0.36902
9.9955E-05 0.0441265 0.257328 9.9955E-05 9.9955E-05 9.9955E-05 0.460988 9.9955E-05 0.137024 0.100033
0.0694398 0.0378122 0.0211148 9.9973E-05 9.9973E-05 0.0403833 0.479006 9.9973E-05 0.0910916 0.260853
9.9973E-05 9.9973E-05 0.118938 0.0893359 0.0194491 0.233668 0.157618 9.9973E-05 0.0283576 0.352334
9.9964E-05 0.0619082 9.9964E-05 9.9964E-05 0.0385402 0.33944 9.9964E-05 0.0613706 0.0350362 0.463305
0.00233638 0.0208368 9.9973E-05 9.9973E-05 9.9973E-05 0.448279 0.0287898 0.08707 0.0711798 0.341208
9.9955E-05 0.0145006 0.228334 9.9955E-05 9.9955E-05 9.9955E-05 0.346707 9.9955E-05 0.0512298 0.358729
9.9946E-05 9.9946E-05 0.150335 9.9946E-05 9.9946E-05 9.9946E-05 0.327278 9.9946E-05 0.0724895 0.449297
9.9946E-05 9.9946E-05 0.169585 9.9946E-05 9.9946E-05 9.9946E-05 0.328166 9.9946E-05 0.0745656 0.427084
0.000776503 0.0292451 0.0403616 9.9991E-05 0.00376564 0.0369788 0.429165 0.0368812 0.133828 0.288897
9.9964E-05 0.00712944 0.13468 0.00536694 0.0378433 0.345003 9.9964E-05 9.9964E-05 9.9964E-05 0.469577
9.9964E-05 0.020776 0.1201 9.9964E-05 0.0449548 9.9964E-05 0.543974 9.9964E-05 0.108255 0.161541
9.9964E-05 0.0134005 9.9964E-05 9.9964E-05 0.0728998 0.610429 9.9964E-05 0.110656 0.113659 0.0785555
9.9955E-05 0.0199742 9.9955E-05 9.9955E-05 9.9955E-05 0.421392 0.127051 0.036556 9.9955E-05 0.394527
9.9964E-05 0.043337 9.9964E-05 9.9964E-05 0.0204274 0.324465 9.9964E-05 0.10361 0.0468195 0.460942
9.9964E-05 0.0151064 9.9964E-05 9.9964E-05 0.00781053 0.27095 9.9964E-05 0.103987 0.157867 0.44388
0.000893598 0.0311961 0.027435 0.109427 9.9982E-05 9.9982E-05 0.129232 0.124118 0.236437 0.341061
0.0462764 0.0238435 0.0865641 9.9973E-05 9.9973E-05 9.9973E-05 0.257895 0.122888 0.159717 0.302516
9.9955E-05 0.0372053 0.183573 9.9955E-05 9.9955E-05 9.9955E-05 0.453669 9.9955E-05 0.104378 0.220675
9.9964E-05 0.0543707 9.9964E-05 0.00484388 9.9964E-05 0.445681 9.9964E-05 0.0716245 0.0481925 0.374888
0.0576254 0.0403828 0.113026 0.0230356 9.9973E-05 0.674939 0.0487155 9.9973E-05 9.9973E-05 0.0419761
0.0131763 9.9973E-05 0.106031 9.9973E-05 0.164381 0.09489 9.9973E-05 0.172713 0.00503856 0.443471
9.9982E-05 0.0369774 0.257686 0.0754148 0.0231893 0.000568914 0.0827535 9.9982E-05 0.0674381 0.455773
9.9946E-05 9.9946E-05 0.79985 0.107802 0.0567223 9.9946E-05 0.0350259 9.9946E-05 9.9946E-05 9.9946E-05
9.9946E-05 0.0491838 0.898926 9.9946E-05 0.0159996 0.0352912 9.9946E-05 9.9946E-05 9.9946E-05 9.9946E-05
9.99369E-05 9.99369E-05 0.512512 9.99369E-05 0.108505 9.99369E-05 9.99369E-05 9.99369E-05 9.99369E-05 0.378283
9.9964E-05 0.0192935 0.758649 9.9964E-05 9.9964E-05 9.9964E-05 0.0326282 0.0745829 0.0118694 0.102577
9.9946E-05 9.9946E-05 0.8244 9.9946E-05 9.9946E-05 9.9946E-05 0.0343902 9.9946E-05 0.103143 0.0374675
0.0110097 0.0119955 0.379681 0.0614174 0.0822099 0.0348151 0.0424316 0.0398917 0.0101186 0.32643
0.0220503 0.0533223 0.243813 0.0257309 9.9991E-05 0.0158369 0.027968 0.113471 0.111896 0.385811
0.0210317 0.00553151 0.392114 0.0817259 0.0421027 0.113723 0.107656 0.0024522 0.131176 0.102486
9.9946E-05 9.9946E-05 0.733474 9.9946E-05 0.0406247 9.9946E-05 9.9946E-05 0.0470693 9.9946E-05 0.178233
9.9964E-05 9.9964E-05 0.307437 0.214866 0.00293153 9.9964E-05 0.0568325 9.9964E-05 0.0164343 0.401099
9.9964E-05 0.0491119 0.541663 0.116932 9.9964E-05 0.104548 9.9964E-05 0.0569383 9.9964E-05 0.130407
9.9928E-05 0.0449685 0.954232 9.9928E-05 9.9928E-05 9.9928E-05 9.9928E-05 9.9928E-05 9.9928E-05 9.9928E-05
9.9964E-05 0.0351328 0.35242 9.9964E-05 0.0816944 9.9964E-05 0.0392778 9.9964E-05 0.0407734 0.450301
