0.0104008 0.679672 0.021215 0.0530094 9.9982E-05 0.0383241 9.9982E-05 0.197179
0.00957998 0.765069 9.9964E-05 0.0204558 9.9964E-05 9.9964E-05 9.9964E-05 0.204495
0.0466006 0.604837 0.0467609 0.0737508 0.0118126 9.9991E-05 0.0667809 0.149357
0.0649233 0.833047 9.9964E-05 0.0548286 9.9964E-05 9.9964E-05 0.0468017 9.9964E-05
0.0503583 0.776819 9.9973E-05 9.9973E-05 9.9973E-05 0.00137384 0.0289318 0.142218
0.0685493 0.530521 0.0984925 0.00772818 0.0013633 0.132998 0.0340231 0.126325
9.9973E-05 0.797573 0.159075 0.0150133 0.0194158 0.008623 9.9973E-05 9.9973E-05
9.999E-05 0.660878 0.0687042 0.0179663 0.0990108 0.0975113 0.0239234 0.0319057
0.0739035 0.725659 0.0280362 0.00189937 0.0596986 9.9982E-05 9.9982E-05 0.110603
9.9982E-05 0.719526 0.0824154 0.0141905 0.000380224 0.115339 0.0679485 9.9982E-05
0.130484 0.736502 0.00552434 0.0147705 9.9991E-05 0.0722968 0.00232811 0.0379944
0.783529 9.9964E-05 9.9964E-05 9.9964E-05 9.9964E-05 0.0963368 0.0879419 0.0317921
0.737425 9.9973E-05 0.0616937 0.0277555 9.9973E-05 0.0325033 0.140322 9.9973E-05
0.540818 0.0937091 0.124498 0.00739777 9.9991E-05 0.0811207 0.13523 0.0171261
0.882036 0.0539722 0.0308506 0.0232183 9.9973E-05 9.9973E-05 0.00962321 9.9973E-05
0.625658 9.9982E-05 0.0413544 0.0076305 9.9982E-05 0.114698 0.161413 0.049046
0.898886 0.0218856 9.9964E-05 0.0105181 9.9964E-05 9.9964E-05 0.0683109 9.9964E-05
0.693293 9.9964E-05 0.0460002 9.9964E-05 9.9964E-05 0.0650821 0.195225 9.9964E-05
0.643377 0.0270144 0.03432 9.9973E-05 9.9973E-05 0.213816 0.0811724 9.9973E-05
9.994E-05 9.994E-05 9.994E-05 0.9993 9.994E-05 9.994E-05 9.994E-05 9.994E-05
9.994E-05 9.994E-05 9.994E-05 0.9993 9.994E-05 9.994E-05 9.994E-05 9.994E-05
0.0652151 0.29661 9.9982E-05 0.336773 9.9982E-05 0.0264297 0.043192 0.231581
0.0571392 0.418178 0.0848294 0.250372 9.9982E-05 9.9982E-05 0.105395 0.0838877
0.772049 0.0528825 0.0389908 9.9982E-05 0.0469516 0.0313905 0.0575353 9.9982E-05
0.306244 0.0450324 9.9973E-05 0.0135969 9.9973E-05 0.633691 0.00113517 9.9973E-05
0.0697861 0.0537874 9.9973E-05 0.00622601 9.9973E-05 0.780285 0.0896152 9.9973E-05
0.0331243 0.0849832 0.129143 9.9964E-05 9.9964E-05 0.75235 9.9964E-05 9.9964E-05
0.510734 9.9982E-05 0.0806669 9.9982E-05 0.0943986 0.292538 0.0133537 0.0081086
0.270459 9.9973E-05 0.189131 9.9973E-05 9.9973E-05 0.507146 0.00553112 0.027433
0.433084 0.0623335 0.0116614 9.9991E-05 0.0874024 0.321571 0.0257747 0.058073
0.364014 0.0487975 0.107725 0.031152 0.115694 0.171043 0.0358743 0.1257
0.577775 0.0972507 9.9973E-05 0.0506385 0.064519 0.209517 9.9973E-05 9.9973E-05
0.482648 0.00250318 0.0898879 0.0526462 0.010008 0.253966 0.0987987 0.00954191
0.58032 9.9973E-05 0.131103 0.0565741 0.0208215 0.210882 9.9973E-05 9.9973E-05
0.246502 9.9964E-05 9.9964E-05 9.9964E-05 9.9964E-05 0.62181 0.064324 0.0669635
9.9973E-05 9.9973E-05 0.00930939 0.00155362 0.0413208 0.884898 9.9973E-05 0.0626179
0.0483028 0.0168515 9.9973E-05 9.9973E-05 0.00672828 0.881436 9.9973E-05 0.0463818
0.00659772 9.9973E-05 9.9973E-05 9.9973E-05 0.0180922 0.869687 0.0262872 0.0790363
0.303688 0.0354719 9.9982E-05 0.0140914 0.045228 0.521236 0.0800844 9.9982E-05
0.312373 0.0601669 9.9982E-05 0.0518371 0.0772288 0.446878 0.0513162 9.9982E-05
9.9973E-05 0.0450373 0.106639 9.9973E-05 0.0238147 0.813742 0.0104681 9.9973E-05
0.0614355 0.700027 9.9973E-05 0.0196441 9.9973E-05 9.9973E-05 0.0834511 0.135143
9.9964E-05 0.74275 9.9964E-05 0.0903282 9.9964E-05 9.9964E-05 0.0253492 0.141173
0.0119937 0.613987 9.9973E-05 0.100502 9.9973E-05 9.9973E-05 0.033784 0.239433
9.9973E-05 0.738864 0.0174921 0.106213 9.9973E-05 9.9973E-05 0.0135218 0.123609
9.9973E-05 0.710301 0.0493412 0.0834643 9.9973E-05 9.9973E-05 0.0625388 0.0940545
9.9982E-05 0.698052 0.0528153 0.0721181 0.0236447 9.9982E-05 0.0255467 0.127623
9.9964E-05 0.846871 9.9964E-05 0.0332185 9.9964E-05 9.9964E-05 0.0215338 0.0979769
0.093856 0.116615 9.9955E-05 9.9955E-05 9.9955E-05 0.789029 9.9955E-05 9.9955E-05
0.3111 0.0389912 9.9973E-05 9.9973E-05 0.00773104 0.605276 9.9973E-05 0.0366018
0.060216 0.00639803 9.9982E-05 0.0394831 0.0530988 0.66085 0.179754 9.9982E-05
0.37728 0.0305539 0.130758 0.0625736 0.0208173 0.323181 0.0547354 9.9991E-05
0.445823 9.9991E-05 0.0219822 0.0134471 0.0528243 0.303501 0.123747 0.0385763
0.3701 9.9991E-05 0.105905 0.0214878 0.060734 0.337921 0.0708715 0.0328804
0.346378 9.9973E-05 0.141311 9.9973E-05 0.0699834 0.388019 0.0540085 9.9973E-05
0.655424 9.9973E-05 9.9973E-05 0.0121535 9.9973E-05 0.228267 0.0635019 0.0403539
0.668156 0.00800706 9.9973E-05 9.9973E-05 9.9973E-05 0.160741 0.13695 0.0258462
0.41697 9.9991E-05 0.106971 0.013594 0.0593698 0.308564 0.0793795 0.0150517
0.0858391 0.0930115 0.267861 0.00866207 0.0867004 0.400738 9.9991E-05 0.0570875
0.230405 0.0904681 0.255536 9.9982E-05 0.0124472 0.402899 0.0080442 9.9982E-05
0.244437 9.9982E-05 0.249033 0.0416748 0.0907775 0.342799 9.9982E-05 0.0310787
0.11808 0.0359269 0.0257936 0.0420397 0.0539371 0.546198 0.164181 0.0138432
0.0736326 0.0851331 0.175911 0.0515183 9.9982E-05 0.493357 0.120248 9.9982E-05
0.232336 9.9982E-05 0.136877 0.0155133 0.0546104 0.529973 0.0304896 9.9982E-05
0.048488 0.181067 0.22696 0.0731451 0.0147154 0.12488 0.235339 0.0954058
9.9964E-05 0.360539 0.623536 9.9964E-05 0.00112894 9.9964E-05 0.0143961 9.9964E-05
9.9973E-05 0.14585 0.714915 0.0246171 9.9973E-05 9.9973E-05 0.0622359 0.0520812
0.118486 0.204216 0.346171 9.9973E-05 9.9973E-05 9.9973E-05 0.280663 0.0501633
0.0880256 9.9973E-05 0.167622 0.0505348 9.9973E-05 0.595484 0.0980335 9.9973E-05
0.0709577 9.9964E-05 0.355802 9.9964E-05 9.9964E-05 0.54881 0.0240303 9.9964E-05
0.17485 9.9982E-05 0.273766 0.000301143 0.0143173 0.510624 0.0259413 9.9982E-05
9.9955E-05 9.9955E-05 9.9955E-05 9.9955E-05 9.9955E-05 0.0166331 0.894344 0.0885232
0.00568801 0.00612898 9.9982E-05 9.9982E-05 0.0193038 0.0463664 0.914373 0.00793936
9.99607E-05 9.99607E-05 0.0446031 0.00555977 9.99607E-05 9.99607E-05 0.949337 9.99607E-05
9.99568E-05 9.99568E-05 0.0409142 9.99568E-05 0.0137542 9.99568E-05 0.944832 9.99568E-05
9.9955E-05 9.9955E-05 9.9955E-05 0.0120584 0.0224949 9.9955E-05 0.964947 9.9955E-05
9.994E-05 9.994E-05 9.994E-05 9.994E-05 9.994E-05 9.994E-05 0.9993 9.994E-05
9.9946E-05 9.9946E-05 9.9946E-05 0.0214231 9.9946E-05 9.9946E-05 0.977977 9.9946E-05
9.9946E-05 9.9946E-05 9.9946E-05 0.0136459 9.9946E-05 9.9946E-05 0.985754 9.9946E-05
9.9982E-05 0.0018327 0.0185589 9.9982E-05 0.0105824 0.0246494 0.919339 0.024838
0.0100314 0.0425501 0.0498744 9.9982E-05 0.0110001 9.9982E-05 0.832959 0.0533853
9.9946E-05 9.9946E-05 9.9946E-05 0.018555 9.9946E-05 9.9946E-05 0.980845 9.9946E-05
9.9964E-05 0.0878187 0.00528525 9.9964E-05 9.9964E-05 0.0412638 0.865232 9.9964E-05
9.9964E-05 0.145022 0.497239 9.9964E-05 9.9964E-05 0.280173 9.9964E-05 0.0771668
9.9982E-05 0.116429 0.377231 0.081675 0.0745217 0.257083 0.0928602 9.9982E-05
0.102648 0.0906258 0.393324 0.0304485 9.9991E-05 0.226944 0.0845902 0.0713196
9.9973E-05 0.844297 0.0314212 9.9973E-05 0.0378857 0.0529765 9.9973E-05 0.0331199
9.9982E-05 0.820474 0.0135293 0.0669651 9.9982E-05 0.00678856 0.0591844 0.0328591
0.0194037 0.945901 0.0306114 0.00368366 9.9964E-05 9.9964E-05 9.9964E-05 9.9964E-05
9.9964E-05 0.939931 9.9964E-05 0.0122104 0.00958234 9.9964E-05 0.0378763 9.9964E-05
0.0408878 0.809294 0.0867631 0.0573893 9.9973E-05 9.9973E-05 0.00536569 9.9973E-05
9.9973E-05 0.735123 0.010997 0.0482739 9.9973E-05 9.9973E-05 0.0264446 0.178861
9.9964E-05 0.58555 9.9964E-05 0.0203817 9.9964E-05 9.9964E-05 0.082074 0.311595
0.040839 0.809461 0.0515984 0.00997785 9.9982E-05 0.0386658 9.9982E-05 0.0492582
9.9973E-05 0.846708 9.9973E-05 0.00540593 9.9973E-05 0.0100782 0.0359885 0.101519
0.0131842 0.569146 0.113399 0.00451555 9.9982E-05 9.9982E-05 0.0266888 0.272866
0.121872 0.589184 9.9991E-05 0.0352994 0.126491 0.100438 0.0026297 0.0239866
0.161548 0.500163 0.036534 0.0424821 0.226177 0.0328963 9.9982E-05 9.9982E-05
0.130176 0.392909 0.0896359 0.00567426 0.137238 0.116006 9.9991E-05 0.128261
0.26297 0.530069 9.9964E-05 9.9964E-05 0.0914104 0.11515 9.9964E-05 9.9964E-05
0.731688 9.9973E-05 9.9973E-05 0.0147232 0.0691378 0.169092 0.0150591 9.9973E-05
0.0909035 0.0110191 9.9982E-05 9.9982E-05 0.00731604 0.712086 0.153111 0.025364
0.0364146 9.9955E-05 9.9955E-05 9.9955E-05 9.9955E-05 0.937449 9.9955E-05 0.0256366
9.9982E-05 0.0372252 0.0727124 0.0187239 9.9982E-05 0.796376 0.0652124 0.00954979
0.281547 0.116621 9.9964E-05 9.9964E-05 0.025179 0.576253 9.9964E-05 9.9964E-05
9.9955E-05 0.0818775 0.0469765 9.9955E-05 0.870646 9.9955E-05 9.9955E-05 9.9955E-05
9.9946E-05 9.9946E-05 9.9946E-05 9.9946E-05 0.98548 9.9946E-05 0.0139203 9.9946E-05
9.994E-05 9.994E-05 9.994E-05 9.994E-05 0.9993 9.994E-05 9.994E-05 9.994E-05
0.0163996 0.00764416 9.9964E-05 9.9964E-05 0.956312 0.0192447 9.9964E-05 9.9964E-05
9.9964E-05 9.9964E-05 9.9964E-05 0.024949 0.918553 0.0196578 0.0364406 9.9964E-05
9.9955E-05 9.9955E-05 9.9955E-05 9.9955E-05 0.913174 9.9955E-05 0.0743588 0.0119677
9.9973E-05 0.81068 0.0460255 0.0234812 9.9973E-05 0.0398033 0.0797096 9.9973E-05
0.036286 0.84025 0.0430432 0.0037848 9.9982E-05 0.0113135 0.0651228 9.9982E-05
9.9973E-05 0.637895 9.9973E-05 0.0627925 0.0705061 9.9973E-05 0.142355 0.086151
0.102639 0.71444 9.9973E-05 0.0602072 9.9973E-05 0.00231362 0.120101 9.9973E-05
0.0761052 0.738599 0.0291963 0.00313919 9.9982E-05 9.9982E-05 0.142171 0.0105897
0.358655 0.334424 0.0612924 9.9973E-05 0.185521 9.9973E-05 9.9973E-05 0.0598075
0.0861563 0.464582 9.9973E-05 9.9973E-05 0.240573 0.143795 9.9973E-05 0.0645934
0.21701 0.458554 9.9982E-05 9.9982E-05 0.25978 0.0501336 0.0136613 0.000661223
9.994E-05 9.994E-05 9.994E-05 0.9993 9.994E-05 9.994E-05 9.994E-05 9.994E-05
0.202391 0.353662 0.00317442 0.0117687 0.369544 0.0592596 9.9982E-05 9.9982E-05
9.9982E-05 9.9982E-05 0.325765 0.0374481 0.0530126 0.0910355 0.347235 0.145304
9.9964E-05 0.135377 0.454976 9.9964E-05 9.9964E-05 9.9964E-05 0.223303 0.185944
0.32485 9.9982E-05 0.0550666 9.9982E-05 0.0304937 0.426582 0.151273 0.011535
0.68594 0.078715 9.9982E-05 0.0605411 0.00858703 0.110905 0.0551119 9.9982E-05
0.168344 0.00165451 9.9991E-05 0.00679669 0.0357106 0.554334 0.18399 0.0490699
0.254705 9.9964E-05 0.121858 9.9964E-05 0.0159284 0.607109 9.9964E-05 9.9964E-05
0.564041 9.9982E-05 0.0796156 0.0609352 9.9982E-05 0.215684 0.0266041 0.0529207
0.422218 9.9955E-05 0.144411 9.9955E-05 9.9955E-05 0.432871 9.9955E-05 9.9955E-05
0.430289 9.9964E-05 0.0961685 9.9964E-05 9.9964E-05 0.380507 0.092635 9.9964E-05
0.24332 0.0519564 9.9973E-05 9.9973E-05 0.0669617 0.467654 0.169808 9.9973E-05
9.994E-05 9.994E-05 9.994E-05 9.994E-05 9.994E-05 9.994E-05 9.994E-05 0.9993
9.994E-05 9.994E-05 9.994E-05 9.994E-05 9.994E-05 9.994E-05 9.994E-05 0.9993
0.0249371 0.407799 9.9964E-05 9.9964E-05 9.9964E-05 0.0601996 9.9964E-05 0.506664
9.9955E-05 9.9955E-05 9.9955E-05 9.9955E-05 0.0250132 0.0196544 9.9955E-05 0.954833
9.9973E-05 0.0328716 9.9973E-05 0.0136263 0.0309693 9.9973E-05 0.0160536 0.906179
0.773689 0.0287133 0.0333133 9.9973E-05 9.9973E-05 0.116302 0.0476825 9.9973E-05
0.689629 9.9982E-05 0.0408795 0.0107749 0.028896 0.0615488 9.9982E-05 0.168072
0.525196 0.161641 9.9973E-05 9.9973E-05 0.120792 0.126542 0.0655299 9.9973E-05
0.685041 9.9982E-05 0.139005 9.9982E-05 0.0251337 0.0681289 0.0157877 0.0667045
0.79343 9.9964E-05 9.9964E-05 9.9964E-05 9.9964E-05 0.105644 0.0431469 0.0573797
0.383355 9.9964E-05 9.9964E-05 9.9964E-05 9.9964E-05 0.344936 0.212211 0.0590978
0.133663 9.9973E-05 0.246429 9.9973E-05 0.0638837 0.543893 0.0118303 9.9973E-05
0.0511496 9.9964E-05 0.306553 9.9964E-05 0.0779268 0.563971 9.9964E-05 9.9964E-05
0.0385534 9.9964E-05 0.246209 9.9964E-05 0.0849328 0.629905 9.9964E-05 9.9964E-05
0.0903486 9.9973E-05 0.267577 0.00466889 0.0979316 0.539174 9.9973E-05 9.9973E-05
0.628685 0.0208847 0.0083239 0.0296436 0.0897788 0.201748 9.9991E-05 0.0208358
0.473265 9.9964E-05 0.074052 9.9964E-05 9.9964E-05 0.369317 0.0829669 9.9964E-05
0.575333 9.9982E-05 9.9982E-05 0.0145635 0.0676639 0.245501 0.0849596 0.0117788
0.617957 9.9964E-05 9.9964E-05 9.9964E-05 9.9964E-05 0.260124 0.109388 0.0121322
0.0522424 0.0643829 0.423483 9.9982E-05 9.9982E-05 0.320304 0.0581581 0.0812292
9.9982E-05 0.148562 0.534213 0.0328484 9.9982E-05 0.0302388 0.124405 0.129532
0.147624 9.9964E-05 0.0904261 9.9964E-05 0.0645185 0.697031 9.9964E-05 9.9964E-05
9.9964E-05 0.111885 9.9964E-05 9.9964E-05 0.046826 0.824881 9.9964E-05 0.0160082
9.9964E-05 0.144827 0.0822816 9.9964E-05 9.9964E-05 0.378089 0.394402 9.9964E-05
0.0237419 0.154186 0.244901 0.0108021 0.000751108 0.223832 0.341686 9.9991E-05
9.9982E-05 9.9982E-05 0.373335 0.022482 0.0754356 0.453502 0.0629355 0.0121108
9.9991E-05 0.0233182 0.270762 0.0818102 0.00872369 0.47278 0.106076 0.03643
9.9982E-05 0.0214308 0.00305471 9.9982E-05 0.0338207 0.525148 0.361969 0.0543765
9.9982E-05 9.9982E-05 0.109354 0.0881842 0.00980722 0.579001 0.168178 0.0452758
0.047823 9.9973E-05 0.0839834 9.9973E-05 0.0992319 0.702949 0.0657132 9.9973E-05
0.0910137 0.0164087 0.110391 9.9991E-05 0.0402489 0.59969 0.0900639 0.0520835
9.9991E-05 0.095021 0.275645 0.0652377 0.0312637 0.40957 0.0742748 0.0488877
9.9973E-05 0.220713 0.475045 0.0320023 9.9973E-05 0.162036 0.109904 9.9973E-05
9.9964E-05 9.9964E-05 0.115466 9.9964E-05 0.0170523 0.848082 9.9964E-05 0.0189996
9.9964E-05 0.0984019 0.0187865 0.00762362 9.9964E-05 0.874788 9.9964E-05 9.9964E-05
0.124059 9.9964E-05 9.9964E-05 0.0275158 9.9964E-05 0.677875 0.170151 9.9964E-05
0.0251456 0.0644404 9.9973E-05 0.0347163 9.9973E-05 0.767017 0.10838 9.9973E-05
0.0113544 0.519288 0.0504359 0.0843551 0.012497 0.0154492 0.0755403 0.23108
0.0675053 0.52305 0.0378586 0.0431111 0.0758747 9.9991E-05 0.0546604 0.19784
0.00978543 0.710789 9.9973E-05 0.0229668 9.9973E-05 9.9973E-05 0.0789602 0.177199
9.9973E-05 0.664942 0.0398637 0.101371 0.000579017 9.9973E-05 9.9973E-05 0.192945
9.9955E-05 0.00939463 9.9955E-05 0.0499124 9.9955E-05 0.940193 9.9955E-05 9.9955E-05
0.0878965 9.9973E-05 0.00733098 9.9973E-05 9.9973E-05 0.784545 0.081135 0.0387924
9.9964E-05 9.9964E-05 0.0138895 0.00228469 9.9964E-05 0.946872 9.9964E-05 0.0365539
0.140953 9.9982E-05 0.152228 0.025697 9.9982E-05 0.667114 0.00753228 0.00627526
9.9946E-05 9.9946E-05 0.133646 9.9946E-05 9.9946E-05 0.865754 9.9946E-05 9.9946E-05
0.258489 0.0664133 9.99639E-05 9.99639E-05 9.99639E-05 0.617058 0.0576402 9.99639E-05
0.0387386 9.9973E-05 9.9973E-05 0.0352985 0.0628748 0.763092 0.0996964 9.9973E-05
0.264759 0.517997 9.9973E-05 0.0555592 0.0471247 9.9973E-05 9.9973E-05 0.11426
0.115014 0.496661 9.9991E-05 0.0624998 0.0847274 0.00634346 0.0347775 0.199876
0.0876535 0.62858 0.0340326 0.119304 0.0405297 9.9982E-05 9.9982E-05 0.0897003
9.9973E-05 0.613253 0.055658 0.13914 0.134728 9.9973E-05 9.9973E-05 0.0569209
0.163108 0.635008 0.0221835 0.0648644 0.0544242 9.9982E-05 9.9982E-05 0.0602116
0.268723 0.0791936 9.9973E-05 9.9973E-05 0.0139375 0.551086 0.0867591 9.9973E-05
0.266149 9.9964E-05 9.9964E-05 0.0496758 9.9964E-05 0.560755 9.9964E-05 0.123021
9.9955E-05 9.9955E-05 9.9955E-05 0.00425609 9.9955E-05 0.92653 0.0687139 9.9955E-05
0.329177 0.0166131 9.9973E-05 9.9973E-05 0.0376231 0.524618 0.0916691 9.9973E-05
0.23326 9.9982E-05 9.9982E-05 0.00727904 0.0480955 0.574209 0.0986973 0.0382594
0.0296849 0.149869 0.11592 0.0534843 0.0191568 0.0139249 0.537341 0.0806186
0.325004 0.180842 0.139434 9.9982E-05 0.120835 0.203231 0.0304539 9.9982E-05
9.9982E-05 9.9982E-05 0.420828 0.0620483 0.0974539 0.372525 0.00105595 0.0458895
0.0437191 0.044703 0.855449 9.9973E-05 9.9973E-05 9.9973E-05 0.035846 0.0199828
9.9946E-05 9.9946E-05 0.998587 0.000813098 9.9946E-05 9.9946E-05 9.9946E-05 9.9946E-05
0.0512737 0.00407379 0.760252 0.0306473 9.9991E-05 0.0583812 0.0286621 0.0666104
9.9964E-05 0.0554263 0.762759 9.9964E-05 9.9964E-05 9.9964E-05 0.115173 0.0662416
0.143657 0.130061 0.374736 0.0142178 0.0437532 0.132926 0.143009 0.0176401
0.0862955 0.0327911 0.803898 9.9964E-05 9.9964E-05 9.9964E-05 0.0766152 9.9964E-05
0.169052 9.9982E-05 0.590085 0.0417505 9.9982E-05 0.113382 0.0842028 0.00132849
9.9946E-05 9.9946E-05 0.966846 0.0325542 9.9946E-05 9.9946E-05 9.9946E-05 9.9946E-05
9.9973E-05 0.20435 0.234977 9.9973E-05 9.9973E-05 0.166493 0.262704 0.131177
0.020538 0.195323 0.265044 0.00839237 9.9991E-05 0.146821 0.308268 0.0555137
0.0152546 9.99639E-05 9.99639E-05 0.00494397 0.0714043 9.99639E-05 9.99639E-05 0.907997
0.666231 9.9955E-05 9.9955E-05 9.9955E-05 0.297129 9.9955E-05 9.9955E-05 0.0361399
0.763229 9.9955E-05 9.9955E-05 0.0135319 0.222739 9.9955E-05 9.9955E-05 9.9955E-05
0.805672 0.00820504 9.9955E-05 9.9955E-05 0.185623 9.9955E-05 9.9955E-05 9.9955E-05
0.703745 0.0306319 9.9955E-05 9.9955E-05 0.265123 9.9955E-05 9.9955E-05 9.9955E-05
0.624952 9.9955E-05 9.9955E-05 0.0332545 0.341294 9.9955E-05 9.9955E-05 9.9955E-05
0.751826 0.0220303 9.9964E-05 9.9964E-05 0.215219 9.9964E-05 9.9964E-05 0.0105251
0.528114 0.16027 9.9964E-05 0.0778034 0.233412 9.9964E-05 9.9964E-05 9.9964E-05
0.0135711 0.722587 9.9973E-05 0.034236 9.9973E-05 9.9973E-05 0.0444188 0.184887
0.0493004 0.750099 9.9982E-05 9.9982E-05 0.0715026 0.022762 0.0470175 0.0591188
9.9973E-05 0.763869 9.9973E-05 0.102846 9.9973E-05 0.00376121 0.0360557 0.0931679
0.112682 0.723405 0.00449023 0.00857621 0.0261582 0.00605103 9.9991E-05 0.118537
9.9973E-05 0.758668 9.9973E-05 9.9973E-05 0.0430606 0.0231584 0.0301453 0.144668
0.0108661 0.687272 9.9982E-05 0.0229164 0.0558396 9.9982E-05 0.0765706 0.146335
9.9982E-05 0.745459 9.9982E-05 0.0194195 0.0219906 0.0100242 0.0637182 0.139189
9.9973E-05 0.787201 9.9973E-05 0.0113261 9.9973E-05 0.0180122 0.0292574 0.153904
9.9964E-05 0.743821 9.9964E-05 0.0506319 0.0161857 9.9964E-05 9.9964E-05 0.188962
9.9973E-05 0.638229 0.0320103 0.0760205 9.9973E-05 9.9973E-05 0.0401691 0.213272
9.9973E-05 0.871817 0.00852896 9.9973E-05 0.020157 9.9973E-05 0.00884503 0.0903523
0.00678223 0.698256 9.9973E-05 0.0969109 9.9973E-05 9.9973E-05 0.00479361 0.192957
0.0323903 0.732112 9.9973E-05 0.0656734 9.9973E-05 9.9973E-05 0.0767922 0.0927322
9.9973E-05 0.731786 9.9973E-05 0.0978185 9.9973E-05 0.0223884 0.125094 0.0226131
9.9973E-05 0.675641 0.00834776 9.9973E-05 0.00119155 9.9973E-05 0.196383 0.118137
9.9964E-05 0.71826 9.9964E-05 0.0605747 9.9964E-05 9.9964E-05 0.146489 0.0742765
9.9973E-05 0.684259 9.9973E-05 0.0504294 9.9973E-05 0.00586365 0.123421 0.135727
0.0415859 0.162398 0.0855136 9.9991E-05 0.0552436 0.468995 0.159426 0.0267381
9.9964E-05 9.9964E-05 0.329655 9.9964E-05 0.159159 0.502853 0.00793346 9.9964E-05
9.9964E-05 9.9964E-05 0.517831 9.9964E-05 0.052528 0.414325 9.9964E-05 0.0149163
0.542114 9.9982E-05 0.08175 9.9982E-05 0.0259746 0.321726 0.010561 0.0176749
9.9955E-05 9.9955E-05 0.365704 9.9955E-05 0.177207 0.45659 9.9955E-05 9.9955E-05
0.0029203 9.9964E-05 0.447262 9.9964E-05 0.110158 0.43926 9.9964E-05 9.9964E-05
0.129337 0.0308222 0.175771 9.9982E-05 9.9982E-05 0.391362 0.185671 0.0868369
0.233209 0.424282 0.0446843 9.9982E-05 9.9982E-05 0.0886449 0.129409 0.0795706
0.0473063 0.0563761 0.634638 0.0231785 0.0185638 0.0264354 0.125397 0.068105
0.101444 0.240179 0.027524 0.073574 9.9991E-05 0.213567 0.252846 0.0907663
0.163624 0.196339 0.107677 0.0277762 9.9991E-05 0.0872609 0.219758 0.197464
