9.9982E-05 9.9982E-05 0.012725 0.0608159 0.698682 0.0218084 0.00552094 0.200247
9.9964E-05 0.0348951 9.9964E-05 0.0136876 0.795947 9.9964E-05 9.9964E-05 0.15507
0.0450431 9.9982E-05 9.9982E-05 0.0401245 0.727697 0.0729138 0.0508688 0.0631531
0.06511 9.9973E-05 9.9973E-05 0.0316836 0.712811 9.9973E-05 0.0889633 0.101132
0.0403286 0.0500267 9.9964E-05 9.9964E-05 0.806213 9.9964E-05 9.9964E-05 0.103032
0.0124382 9.9955E-05 0.0975482 9.9955E-05 9.9955E-05 9.9955E-05 9.9955E-05 0.889514
9.994E-05 9.994E-05 9.994E-05 9.994E-05 9.994E-05 9.994E-05 9.994E-05 0.9993
9.9973E-05 9.9973E-05 9.9973E-05 0.00585133 0.0292672 0.00269643 0.0186279 0.943257
9.99729E-05 9.99729E-05 9.99729E-05 0.0126292 0.716862 0.0510129 0.108893 0.110303
0.0419908 9.9955E-05 0.0113432 9.9955E-05 9.9955E-05 9.9955E-05 9.9955E-05 0.946166
9.9955E-05 9.9955E-05 9.9955E-05 9.9955E-05 0.0782239 9.9955E-05 0.0564552 0.864821
0.0649782 9.9964E-05 0.544725 9.9964E-05 9.9964E-05 9.9964E-05 0.209535 0.180362
0.132042 9.9982E-05 0.46121 0.0441296 9.9982E-05 0.0293637 0.254768 0.0782871
0.160445 0.045248 0.335024 0.0529748 0.0764443 9.9991E-05 0.211834 0.117929
0.0622646 9.9973E-05 0.452596 0.00404435 9.9973E-05 9.9973E-05 0.324993 0.155802
0.191224 9.9973E-05 0.558682 0.0412452 9.9973E-05 9.9973E-05 0.161184 0.0473644
0.111211 9.9973E-05 0.527657 0.0338974 9.9973E-05 9.9973E-05 0.189807 0.137128
0.212404 9.9982E-05 0.477342 0.0329899 9.9982E-05 0.0156089 0.149977 0.111478
0.11897 9.9982E-05 0.569183 9.9982E-05 0.0742504 0.0179861 0.207118 0.0122926
9.994E-05 9.994E-05 9.994E-05 0.9993 9.994E-05 9.994E-05 9.994E-05 9.994E-05
9.994E-05 9.994E-05 9.994E-05 0.9993 9.994E-05 9.994E-05 9.994E-05 9.994E-05
0.0546918 0.0653655 0.0483637 0.297097 0.534182 9.9973E-05 9.9973E-05 9.9973E-05
0.0764392 9.9973E-05 0.0781482 0.29203 0.516333 9.9973E-05 9.9973E-05 0.0367498
0.0954578 9.9982E-05 0.42299 0.0370462 0.00188926 9.9982E-05 0.385996 0.0564204
9.9964E-05 9.9964E-05 0.897428 0.0484269 9.9964E-05 9.9964E-05 0.00135695 0.0523881
0.105987 0.059679 0.80312 0.00326998 9.9982E-05 0.0233269 9.9982E-05 0.00441633
9.9964E-05 0.0589916 0.746712 9.9964E-05 0.0236055 0.170291 9.9964E-05 9.9964E-05
0.0244756 0.0181792 0.525536 0.0130681 9.9991E-05 0.0300042 0.30465 0.0839877
9.9982E-05 0.188342 0.478898 0.00161839 9.9982E-05 0.186259 0.0928012 0.0518813
9.9982E-05 0.0656473 0.415835 9.9982E-05 0.0428647 0.132494 0.303095 0.0398638
0.0381348 0.0249171 0.336759 0.0603331 0.119908 0.173147 0.231866 0.0149358
9.9973E-05 9.9973E-05 0.554817 0.0801195 9.9973E-05 0.0135619 0.251145 0.100056
0.134395 0.12865 0.336082 0.0609713 9.9991E-05 0.0700334 0.218054 0.0517153
0.0153777 0.0822925 0.478332 0.11076 0.00549457 0.123604 0.184039 9.9991E-05
0.0493638 0.0361502 0.829713 0.0231226 0.0403766 9.9982E-05 0.0210735 9.9982E-05
9.9955E-05 0.0734537 0.857867 9.9955E-05 9.9955E-05 0.0681791 9.9955E-05 9.9955E-05
9.9973E-05 0.0891574 0.839905 9.9973E-05 0.0143825 0.0224785 9.9973E-05 0.0337762
0.067639 0.0623664 0.811538 9.9964E-05 0.0580568 9.9964E-05 9.9964E-05 9.9964E-05
0.142514 9.9964E-05 0.658239 9.9964E-05 0.0246522 9.9964E-05 0.174195 9.9964E-05
0.0538297 9.9973E-05 0.676278 9.9973E-05 0.0308295 9.9973E-05 0.144268 0.0944951
9.9955E-05 0.159202 0.691082 9.9955E-05 9.9955E-05 0.149216 9.9955E-05 9.9955E-05
0.106293 9.9982E-05 0.0105294 0.0312964 0.700556 9.9982E-05 0.077406 0.0737196
0.0233614 9.9973E-05 0.00397637 0.104662 0.856588 9.9973E-05 9.9973E-05 0.011112
0.0526586 9.9964E-05 0.0212386 0.106557 0.819146 9.9964E-05 9.9964E-05 9.9964E-05
0.00104185 9.9964E-05 9.9964E-05 0.0593436 0.891759 0.0474559 9.9964E-05 9.9964E-05
0.0393781 0.0261178 9.9982E-05 0.0749988 0.745705 0.0731591 9.9982E-05 0.0404413
0.0920162 9.9973E-05 9.9973E-05 0.0835379 0.756936 0.0130189 9.9973E-05 0.0541915
0.0313769 9.9973E-05 0.00409801 0.0531832 0.82516 9.9973E-05 9.9973E-05 0.0858818
9.9964E-05 0.0267068 0.913176 9.9964E-05 0.0511592 9.9964E-05 9.9964E-05 0.00855854
9.9973E-05 9.9973E-05 0.860679 0.00912902 0.0725868 9.9973E-05 0.0546793 0.00262618
0.19713 0.126457 0.627685 0.00530225 9.9973E-05 9.9973E-05 9.9973E-05 0.0431261
0.0670573 0.190185 0.352592 0.0055671 0.100478 0.128775 0.155246 9.9991E-05
0.129456 0.123745 0.380771 9.9991E-05 0.0349278 0.0280499 0.263236 0.0397144
0.03626 0.197498 0.326321 0.0153037 9.9982E-05 0.169015 0.255402 9.9982E-05
0.050914 0.208997 0.381096 9.9973E-05 9.9973E-05 0.111157 0.247536 9.9973E-05
0.0489327 0.176595 0.456676 0.0319813 0.062589 9.9991E-05 0.207034 0.0160915
0.109604 0.0903675 0.468382 9.9973E-05 0.0423593 9.9973E-05 0.288988 9.9973E-05
0.0710921 0.0782617 0.385026 0.021175 9.9982E-05 0.0971268 0.347118 9.9982E-05
9.9982E-05 0.267147 0.220424 9.9982E-05 0.0303947 0.314186 0.0760099 0.0916391
9.9991E-05 0.222086 0.239154 0.0441652 0.00157365 0.336217 0.111464 0.0452404
9.9982E-05 0.305361 0.238144 0.023475 9.9982E-05 0.270413 0.148092 0.0143161
0.113644 0.334412 0.306111 0.0288288 0.0352244 0.0777149 0.0681562 0.0359088
0.0992617 0.116307 0.332907 0.0314381 0.0134723 0.303119 0.0820572 0.0214373
0.042122 0.198522 0.451738 0.0259679 9.9982E-05 0.187424 0.0940259 9.9982E-05
0.310505 0.0818123 0.0825734 0.0407745 0.206081 0.278054 9.9982E-05 9.9982E-05
0.0153139 9.9964E-05 9.9964E-05 9.9964E-05 0.226557 0.669493 9.9964E-05 0.0882364
0.0607937 9.9973E-05 9.9973E-05 0.00495824 0.122072 0.671817 9.9973E-05 0.140059
0.277398 9.9982E-05 0.0281391 9.9982E-05 0.295157 0.365807 0.0116931 0.0216058
0.0970944 0.319758 0.396959 0.00940969 9.9982E-05 0.0627672 9.9982E-05 0.113812
0.0418311 0.517831 0.16235 9.9982E-05 9.9982E-05 0.235423 0.0131151 0.029249
0.00764975 0.251421 0.446171 9.9973E-05 9.9973E-05 0.247676 0.0467832 9.9973E-05
0.954925 9.9955E-05 0.0284492 9.9955E-05 0.0161257 9.9955E-05 9.9955E-05 9.9955E-05
0.916616 9.9964E-05 0.0696516 9.9964E-05 0.00692708 9.9964E-05 0.00640532 9.9964E-05
0.987216 9.9946E-05 9.9946E-05 9.9946E-05 9.9946E-05 0.0121839 9.9946E-05 9.9946E-05
0.879937 9.9973E-05 9.9973E-05 0.0189906 0.0102802 9.9973E-05 0.0631302 0.0273624
0.982256 9.9946E-05 9.9946E-05 9.9946E-05 9.9946E-05 9.9946E-05 0.0171445 9.9946E-05
0.995348 9.9946E-05 9.9946E-05 9.9946E-05 9.9946E-05 9.9946E-05 9.9946E-05 0.0040526
0.996598 9.9946E-05 9.9946E-05 0.00280226 9.9946E-05 9.9946E-05 9.9946E-05 9.9946E-05
0.989451 9.9946E-05 9.9946E-05 0.00994933 9.9946E-05 9.9946E-05 9.9946E-05 9.9946E-05
0.941913 9.9964E-05 0.0123226 9.9964E-05 9.9964E-05 0.039268 0.00609645 9.9964E-05
0.86062 9.9973E-05 9.9973E-05 9.9973E-05 0.0311477 0.0455065 0.033993 0.0284329
0.946768 9.9955E-05 9.9955E-05 0.0343535 9.9955E-05 9.9955E-05 9.9955E-05 0.0183783
0.895426 9.9973E-05 0.0260538 9.9973E-05 0.0535086 9.9973E-05 0.0190937 0.0056176
9.9982E-05 0.250577 0.0689069 0.00450329 0.166474 0.449647 9.9982E-05 0.0596916
0.0583894 0.209423 0.114519 0.0869663 0.0885562 0.361259 0.0295816 0.0513051
0.145204 0.0644295 0.235126 0.0211502 0.110275 0.37143 9.9991E-05 0.0522851
9.9973E-05 9.9973E-05 0.010936 9.9973E-05 0.786286 0.0970675 0.0707216 0.0346889
0.0472342 9.9964E-05 9.9964E-05 0.0903979 0.86007 9.9964E-05 0.00189783 9.9964E-05
9.9964E-05 9.9964E-05 9.9964E-05 0.0314855 0.89782 0.0400237 0.0302709 9.9964E-05
0.0150388 9.9973E-05 9.9973E-05 0.0155758 0.886242 0.0458752 0.0369679 9.9973E-05
9.9973E-05 9.9973E-05 9.9973E-05 0.0660319 0.721123 0.117267 0.0154731 0.0798055
0.045843 9.9973E-05 9.9973E-05 0.0319112 0.788295 0.0287657 9.9973E-05 0.104885
0.109904 9.9964E-05 9.9964E-05 0.0151022 0.733385 9.9964E-05 9.9964E-05 0.141209
9.9973E-05 0.0419015 9.9973E-05 0.0247004 0.718779 0.107045 9.9973E-05 0.107273
0.011588 0.0240852 0.000511364 0.0119782 0.854244 0.0306613 9.9991E-05 0.0668314
0.0435196 9.9964E-05 9.9964E-05 9.9964E-05 0.813813 0.138789 0.00347875 9.9964E-05
9.9973E-05 9.9973E-05 0.102571 0.0707767 0.501527 9.9973E-05 0.217573 0.107253
9.9973E-05 9.9973E-05 0.0493505 0.0431823 0.443272 9.9973E-05 0.370234 0.0936607
9.9991E-05 0.0415449 0.127373 0.0255818 0.498613 0.0757996 0.2004 0.0305886
9.9973E-05 0.0202932 0.213641 9.9973E-05 0.431741 9.9973E-05 0.241246 0.0927793
0.0667883 0.0318625 0.431379 9.9973E-05 9.9973E-05 9.9973E-05 0.406041 0.0636292
0.136514 0.0868865 0.737251 9.9973E-05 0.0369925 9.9973E-05 0.00205552 9.9973E-05
9.9955E-05 0.240336 0.751231 9.9955E-05 9.9955E-05 0.0079331 9.9955E-05 9.9955E-05
0.0489829 0.219542 0.608279 0.00872059 0.0362869 0.0779884 9.9982E-05 9.9982E-05
9.9955E-05 9.9955E-05 0.80333 9.9955E-05 0.0732743 9.9955E-05 0.122896 9.9955E-05
9.9973E-05 9.9973E-05 9.9973E-05 0.00147912 0.0755454 0.0282927 0.865836 0.0285472
0.00675086 0.0595613 9.9964E-05 9.9964E-05 0.0521046 9.9964E-05 0.881183 9.9964E-05
9.9964E-05 0.0264149 9.9964E-05 9.9964E-05 0.00699449 9.9964E-05 0.959244 0.00694706
9.9955E-05 0.0656599 9.9955E-05 9.9955E-05 0.0674449 9.9955E-05 0.866395 9.9955E-05
9.9964E-05 9.9964E-05 0.00955631 0.0075884 9.9964E-05 0.0257527 0.956703 9.9964E-05
0.0512444 0.0603437 9.9964E-05 9.9964E-05 9.9964E-05 0.0111937 0.876818 9.9964E-05
0.0546786 9.9973E-05 9.9973E-05 0.0568657 0.854752 0.0298105 0.00359283 9.9973E-05
0.0304208 9.9973E-05 9.9973E-05 9.9973E-05 0.705492 0.111503 0.0756244 0.07666
0.123673 0.0291561 9.9991E-05 0.0364805 0.707321 0.0529316 0.0147658 0.0355721
0.186547 9.9982E-05 0.0213367 0.0688218 0.677401 0.000508347 0.045186 9.9982E-05
0.123156 9.9991E-05 0.0241064 0.019711 0.645076 0.11274 0.0271276 0.0479828
9.9964E-05 9.9964E-05 9.9964E-05 9.9964E-05 0.333311 0.0866606 0.549585 0.0300442
9.9973E-05 0.0204082 0.0541237 9.9973E-05 0.463529 9.9973E-05 0.371373 0.0902655
9.9982E-05 0.0442841 0.0317693 0.0306078 0.398952 9.9982E-05 0.467706 0.0264803
9.994E-05 9.994E-05 9.994E-05 0.9993 9.994E-05 9.994E-05 9.994E-05 9.994E-05
9.9964E-05 9.9964E-05 0.102278 0.0623282 0.314121 9.9964E-05 0.520873 9.9964E-05
0.390965 0.0552699 0.0458554 0.0185692 0.0619986 0.278664 0.0908896 0.0577881
0.279093 0.00425492 9.9973E-05 9.9973E-05 0.241569 0.453416 9.9973E-05 0.0213667
0.0709795 0.323867 0.379406 9.9982E-05 0.0613293 0.0542472 0.109971 9.9982E-05
0.0474977 0.0189586 0.438663 0.0806907 0.0262271 9.9991E-05 0.331796 0.0560667
0.149749 0.333656 0.339791 9.9973E-05 0.0695492 9.9973E-05 0.106955 9.9973E-05
9.9964E-05 0.369885 0.331727 9.9964E-05 9.9964E-05 0.160791 0.137198 9.9964E-05
0.0308739 0.0614486 0.528833 0.0429564 0.0452208 0.073471 0.171829 0.0453681
9.9964E-05 0.207701 0.484654 9.9964E-05 9.9964E-05 0.16714 0.140106 9.9964E-05
0.142569 0.22809 0.401823 0.0036605 9.9982E-05 0.0611363 0.162522 9.9982E-05
0.186316 0.202742 0.353099 0.0065957 0.0474602 9.9982E-05 0.203587 9.9982E-05
0.137774 0.0616996 9.9955E-05 9.9955E-05 0.800026 9.9955E-05 9.9955E-05 9.9955E-05
0.0687828 0.0496376 9.9973E-05 0.00874947 0.821804 9.9973E-05 9.9973E-05 0.0507265
0.0268826 0.0833968 0.0142518 9.9982E-05 0.842743 9.9982E-05 0.0161396 0.0163863
0.0312462 0.156057 9.9973E-05 0.0253776 0.767393 9.9973E-05 0.0196266 9.9973E-05
0.079527 0.093783 9.9973E-05 0.0315134 0.786355 9.9973E-05 9.9973E-05 0.008522
0.105878 9.9964E-05 0.335297 9.9964E-05 0.115132 9.9964E-05 0.443293 9.9964E-05
9.9973E-05 9.9973E-05 0.400293 0.0858986 0.059495 0.0777552 0.376258 9.9973E-05
0.0854342 0.199727 0.21283 0.0354866 0.100372 9.9991E-05 0.363705 0.00234527
0.0697114 0.14473 0.265111 0.0487358 0.0774543 0.0782355 0.315922 9.9991E-05
0.108921 9.9982E-05 0.421397 0.0299941 0.00786036 9.9982E-05 0.358501 0.0731266
0.14015 0.257424 0.312416 0.0242141 0.0459597 0.0181733 0.201564 9.9991E-05
0.0505491 0.271857 0.339059 9.9973E-05 9.9973E-05 0.202618 0.135617 9.9973E-05
9.9973E-05 0.399367 0.263277 9.9973E-05 9.9973E-05 0.211152 0.115042 0.0108627
9.9955E-05 0.316412 0.344848 9.9955E-05 9.9955E-05 0.33824 9.9955E-05 9.9955E-05
9.9973E-05 0.385536 0.336791 0.00820105 9.9973E-05 0.161424 0.107747 9.9973E-05
0.0591735 9.9982E-05 0.504683 0.0137769 0.0790705 0.0084603 0.334636 9.9982E-05
0.122731 0.255538 0.313345 9.9973E-05 9.9973E-05 0.0379798 0.270106 9.9973E-05
0.105661 0.0693581 0.483043 0.0334414 9.9982E-05 9.9982E-05 0.307155 0.00114226
0.144282 0.0218111 0.467944 0.0370231 0.0022563 9.9982E-05 0.326484 9.9982E-05
0.0385602 0.0906695 0.199597 9.9973E-05 0.104739 0.566134 9.9973E-05 9.9973E-05
0.105229 0.00118626 9.9973E-05 0.0357579 0.289792 0.567736 9.9973E-05 9.9973E-05
9.9955E-05 0.917497 9.9955E-05 9.9955E-05 9.9955E-05 9.9955E-05 0.0695705 0.0124324
9.9964E-05 0.867764 0.05728 9.9964E-05 0.0606726 9.9964E-05 0.013884 9.9964E-05
0.432711 0.258194 0.0702664 0.00591047 0.0799443 0.0946047 9.9991E-05 0.0582694
0.314304 0.301903 0.0424802 0.0589139 0.121593 0.151059 0.00964661 9.9991E-05
0.0902774 0.691438 9.9973E-05 0.00952888 0.0112659 0.19719 9.9973E-05 9.9973E-05
0.0449826 0.707332 9.9973E-05 0.0504376 0.127749 0.0691994 9.9973E-05 9.9973E-05
0.319841 0.543554 0.0265761 9.9973E-05 9.9973E-05 9.9973E-05 0.0148654 0.0948635
0.167616 0.747597 9.9973E-05 0.0317121 0.0446454 0.0081288 9.9973E-05 9.9973E-05
0.0689979 0.838444 9.9964E-05 9.9964E-05 9.9964E-05 9.9964E-05 0.0377475 0.0544109
0.0509534 0.808376 0.0575741 0.00428039 0.0752814 9.9982E-05 0.00333513 9.9982E-05
0.0727528 0.619919 9.9973E-05 9.9973E-05 0.17354 0.0535018 9.9973E-05 0.0799867
0.0855347 0.36573 9.9973E-05 9.9973E-05 0.0941419 0.265003 9.9973E-05 0.18929
9.994E-05 0.9993 9.994E-05 9.994E-05 9.994E-05 9.994E-05 9.994E-05 9.994E-05
9.9946E-05 0.955267 9.9946E-05 0.0441329 9.9946E-05 9.9946E-05 9.9946E-05 9.9946E-05
0.168209 0.61825 0.173857 0.0202588 0.0191246 9.9973E-05 9.9973E-05 9.9973E-05
0.117451 0.790266 0.0643225 0.0150917 9.9973E-05 9.9973E-05 9.9973E-05 0.0125685
0.0660551 0.0538526 9.9982E-05 0.0569335 0.684131 9.9982E-05 0.0520539 0.0867736
0.0678622 9.9982E-05 0.0526086 0.0516021 0.627266 9.9982E-05 0.097786 0.102675
0.0791932 9.9973E-05 9.9973E-05 0.0370271 0.834961 9.9973E-05 0.0203428 0.0281763
9.9964E-05 0.0428307 9.9964E-05 0.0832462 0.851788 9.9964E-05 9.9964E-05 0.0217348
9.99461E-05 0.0932293 0.906171 9.99461E-05 9.99461E-05 9.99461E-05 9.99461E-05 9.99461E-05
0.0553972 0.0889306 0.802596 0.012493 0.0402829 9.9973E-05 9.9973E-05 9.9973E-05
9.9955E-05 0.15958 0.808271 9.9955E-05 9.9955E-05 0.0316496 9.9955E-05 9.9955E-05
9.9964E-05 0.145082 0.652409 9.9964E-05 9.9964E-05 0.199396 0.00271316 9.9964E-05
9.9955E-05 0.115775 0.675035 9.9955E-05 9.9955E-05 0.20869 9.9955E-05 9.9955E-05
0.042234 0.0426863 0.78262 0.0221756 0.04539 9.9982E-05 9.9982E-05 0.064694
0.0745095 0.0447557 0.868296 0.0120391 9.9964E-05 9.9964E-05 9.9964E-05 9.9964E-05
9.9973E-05 9.9973E-05 0.0669955 0.0704851 0.596291 9.9973E-05 0.260633 0.0052958
0.0344619 0.00848509 0.108221 0.0597403 0.674243 0.0222484 0.0925009 9.9991E-05
9.9964E-05 9.9964E-05 9.9964E-05 0.135559 0.682995 0.0574282 0.123617 9.9964E-05
9.9973E-05 0.0177567 9.9973E-05 0.0760476 0.762145 0.00377241 0.139979 9.9973E-05
9.9973E-05 9.9973E-05 0.0358424 0.0992728 0.623504 0.0408458 0.200235 9.9973E-05
0.0563321 9.9973E-05 0.795657 9.9973E-05 0.0566382 9.9973E-05 0.0477704 0.0433027
9.9955E-05 9.9955E-05 0.876104 0.0511179 0.0722784 9.9955E-05 9.9955E-05 9.9955E-05
0.0114821 0.117237 0.870781 9.9955E-05 9.9955E-05 9.9955E-05 9.9955E-05 9.9955E-05
0.0874324 0.0592324 0.743023 9.9982E-05 0.00665388 9.9982E-05 0.0650953 0.038363
0.124876 0.0434292 0.710167 0.0400265 0.0357115 9.9991E-05 0.0445492 0.00114028
0.570617 0.0354067 9.9991E-05 0.0564085 0.0834742 0.0603392 0.0087421 0.184912
0.0531649 0.0834122 0.343851 9.9991E-05 0.0567259 0.0732605 0.183637 0.205848
0.0141801 0.248557 0.185426 0.0594684 0.0608722 0.369892 0.061505 9.9991E-05
0.0246097 9.9964E-05 9.9964E-05 9.9964E-05 0.0330068 0.915671 0.0263129 9.9964E-05
9.994E-05 9.994E-05 9.994E-05 9.994E-05 9.994E-05 0.9993 9.994E-05 9.994E-05
0.0446486 0.0482935 0.0562088 0.0275571 9.9982E-05 0.674829 9.9982E-05 0.148263
0.136411 9.9964E-05 9.9964E-05 9.9964E-05 0.166721 0.646379 9.9964E-05 0.0500891
0.161454 0.1323 0.108448 0.0255882 0.21356 0.335801 0.0227478 9.9991E-05
0.0442515 9.9982E-05 0.0348602 0.0145065 0.0406833 0.853785 0.0117132 9.9982E-05
0.0445954 9.9964E-05 0.211974 0.0714207 9.9964E-05 0.67161 9.9964E-05 9.9964E-05
9.9955E-05 9.9955E-05 9.9955E-05 0.0793252 0.0229929 0.897182 9.9955E-05 9.9955E-05
0.245369 0.0631474 0.138211 9.9973E-05 0.23434 0.318632 9.9973E-05 9.9973E-05
0.338263 0.0957248 0.0875402 0.0222863 0.25393 0.187599 9.9991E-05 0.0145563
9.99549E-05 0.0775476 9.99549E-05 9.99549E-05 0.815693 9.99549E-05 0.10626 9.99549E-05
9.9955E-05 9.9955E-05 0.0276132 9.9955E-05 9.9955E-05 9.9955E-05 0.907749 0.0641378
9.9955E-05 9.9955E-05 0.0247926 0.0346374 9.9955E-05 9.9955E-05 0.94007 9.9955E-05
0.00946355 9.9955E-05 9.9955E-05 9.9955E-05 9.9955E-05 0.0297586 0.960278 9.9955E-05
0.0298243 0.00160712 9.9973E-05 9.9973E-05 0.0121848 0.00649037 0.949594 9.9973E-05
0.00118323 9.9964E-05 0.0208825 0.0275334 9.9964E-05 9.9964E-05 0.950001 9.9964E-05
9.9982E-05 0.0657391 9.9982E-05 0.00675844 0.0301943 0.0208618 0.872994 0.00325246
0.00739518 9.9964E-05 9.9964E-05 0.0316046 0.19661 9.9964E-05 0.763991 9.9964E-05
0.0166128 9.9973E-05 0.0612752 0.00700383 0.857549 0.0572595 9.9973E-05 9.9973E-05
0.00231693 0.00704084 9.9991E-05 0.0437535 0.672962 0.0625757 0.104502 0.106749
0.0084973 9.9973E-05 0.0188527 0.0988346 0.801078 9.9973E-05 9.9973E-05 0.0724378
0.0077327 0.0161821 9.9991E-05 0.0592426 0.766153 0.0445956 0.105108 0.000886371
0.0529657 9.9973E-05 0.0389724 0.00626665 0.868883 0.0326123 9.9973E-05 9.9973E-05
0.0116777 0.038451 0.00544458 0.0223355 0.793422 9.9991E-05 0.0477457 0.0808231
0.0561424 9.9973E-05 9.9973E-05 0.0215565 0.737147 0.0456427 9.9973E-05 0.139211
0.0721795 0.019082 0.0575097 0.0321324 0.818796 9.9973E-05 9.9973E-05 9.9973E-05
9.9955E-05 0.0373455 9.9955E-05 0.0573698 0.904785 9.9955E-05 9.9955E-05 9.9955E-05
0.0530755 0.0680071 9.9973E-05 0.053639 0.764589 9.9973E-05 9.9973E-05 0.0603894
9.9955E-05 9.9955E-05 9.9955E-05 9.9955E-05 0.962182 0.0366983 9.9955E-05 0.000619928
0.0243141 9.9973E-05 9.9973E-05 0.0532844 0.842096 0.0795293 9.9973E-05 0.000475836
0.081415 9.9973E-05 0.052339 0.0962826 0.761256 9.9973E-05 9.9973E-05 0.00840766
0.128377 9.9964E-05 9.9964E-05 0.0566191 0.752322 9.9964E-05 9.9964E-05 0.0622819
0.161346 9.9964E-05 9.9964E-05 9.9964E-05 0.693907 0.0464329 9.9964E-05 0.0979138
0.108987 9.9973E-05 0.0589648 0.0587225 0.740574 9.9973E-05 9.9973E-05 0.0324516
0.149006 9.9973E-05 0.0155908 0.0791405 0.744851 9.9973E-05 9.9973E-05 0.0111114
0.106538 0.118937 0.442478 0.0035814 0.200713 0.127477 0.000174256 9.9991E-05
9.9964E-05 0.293232 0.28571 9.9964E-05 9.9964E-05 0.388744 0.031914 9.9964E-05
9.9973E-05 0.222004 0.192774 9.9973E-05 0.00758058 0.551239 9.9973E-05 0.0261019
0.0582629 0.188982 0.379324 9.9973E-05 9.9973E-05 0.0911974 0.281934 9.9973E-05
9.9973E-05 0.398886 0.113744 9.9973E-05 9.9973E-05 0.328376 0.146486 0.0122086
9.9973E-05 0.258284 0.203196 9.9973E-05 9.9973E-05 0.462415 0.0664471 0.00935801
0.16736 0.15622 0.424323 0.0269725 0.0526725 0.1406 9.9991E-05 0.0317524
0.11346 0.0596001 0.130721 9.9982E-05 0.458087 0.115857 0.122075 9.9982E-05
0.155807 0.00793949 9.9982E-05 0.00448777 0.133565 0.673569 0.0244312 9.9982E-05
0.262614 0.107551 0.152986 0.0261814 0.156788 0.123715 0.045841 0.124324
0.225323 9.9973E-05 0.202185 0.0344933 0.445735 0.0919637 9.9973E-05 9.9973E-05
