0.915771 9.9991E-05 0.0841294
0.939922 9.9991E-05 0.0599777
0.781871 0.0429459 0.175183
0.854427 0.0112739 0.1343
0.866375 9.9991E-05 0.133525
0.653446 0.235418 0.111136
0.88709 0.0382034 0.074707
0.760172 0.165771 0.0740565
0.948348 0.0515521 9.9991E-05
0.720995 0.0829346 0.19607
0.827595 0.159696 0.0127097
0.0945664 0.836441 0.0689925
0.0682623 0.678318 0.25342
0.149907 0.69612 0.153973
0.16656 0.563915 0.269525
0.177108 0.551138 0.271754
0.071653 0.639549 0.288798
0.154335 0.603891 0.241774
0.227595 0.772305 9.9991E-05
0.0621642 0.680679 0.257156
0.116387 0.640876 0.242737
0.0366408 0.701082 0.262277
0.14079 0.64483 0.21438
0.0844618 0.56592 0.349618
0.185868 0.707815 0.106316
0.127467 0.612715 0.259818
0.0982332 0.762848 0.138919
0.795011 9.9991E-05 0.204889
0.803604 0.0454858 0.15091
0.749001 0.0819276 0.169072
0.71979 0.061767 0.218443
0.0220119 0.703752 0.274236
9.9991E-05 0.676666 0.323234
0.222851 0.753571 0.0235777
9.9991E-05 0.792621 0.207279
9.9991E-05 0.609505 0.390395
0.0630132 0.664368 0.272619
0.0748701 0.558395 0.366735
0.0660515 0.872254 0.0616948
0.0382314 0.596533 0.365236
9.9991E-05 0.824559 0.175341
0.133392 0.866508 9.9991E-05
0.11582 0.883892 0.000288719
0.147434 0.852466 9.99913E-05
0.191506 0.786852 0.0216416
0.00491087 0.658463 0.336626
0.155335 0.714045 0.13062
0.309042 0.616471 0.0744871
0.101307 0.701305 0.197389
0.246814 0.753086 9.9991E-05
0.00739767 0.729046 0.263556
0.0303762 0.57525 0.394374
0.131287 0.748718 0.119995
9.9991E-05 0.685116 0.314784
0.140788 0.811595 0.0476168
9.9991E-05 0.750125 0.249775
0.00867692 0.919454 0.0718686
0.0515151 0.948385 9.9991E-05
0.00168435 0.998216 9.9991E-05
9.9991E-05 0.880533 0.119367
0.0583757 0.778381 0.163243
0.0168805 0.746532 0.236588
0.092439 0.86179 0.0457708
0.0846656 0.850023 0.0653112
0.0135045 0.794531 0.191964
0.0334975 0.731599 0.234903
9.9991E-05 0.814933 0.184967
0.0767019 0.923198 9.9991E-05
0.85004 0.0181498 0.13181
0.886841 9.9991E-05 0.113059
0.850994 9.9991E-05 0.148906
0.867043 9.9991E-05 0.132857
0.86585 9.9991E-05 0.13405
0.865563 9.9991E-05 0.134337
0.904424 9.9991E-05 0.0954762
0.0672743 0.929084 0.00364211
0.036145 0.769108 0.194747
0.0232868 0.623608 0.353105
0.0292811 0.619024 0.351695
9.9991E-05 0.720717 0.279183
0.0987135 0.901186 9.9991E-05
0.0289308 0.786224 0.184845
9.9991E-05 0.733858 0.266042
0.0179806 0.756876 0.225144
9.9991E-05 0.756723 0.243177
0.102188 0.706985 0.190826
0.142739 0.786975 0.0702857
0.124797 0.63508 0.240123
0.0880047 0.773725 0.138271
0.104833 0.621197 0.27397
0.108736 0.706238 0.185025
0.054265 0.708425 0.23731
9.9991E-05 0.801556 0.198344
9.9991E-05 0.62259 0.37731
0.000590036 0.660535 0.338875
0.179279 0.684588 0.136133
9.9991E-05 0.640682 0.359218
9.9991E-05 0.603176 0.396724
0.102104 0.778638 0.119259
0.134671 0.820779 0.04455
0.0239309 0.902997 0.0730724
0.0817442 0.829358 0.0888974
0.042417 0.787575 0.170008
0.0949103 0.804022 0.101068
0.154095 0.754454 0.0914513
0.0826644 0.579385 0.337951
0.111424 0.819912 0.0686644
0.0949162 0.611787 0.293297
0.31745 0.68245 9.9991E-05
0.105467 0.653379 0.241153
0.0766317 0.56385 0.359518
0.246327 0.64387 0.109803
0.204601 0.795299 9.9991E-05
0.104161 0.754583 0.141256
0.219454 0.636296 0.14425
9.9991E-05 0.823766 0.176134
0.0329155 0.726104 0.240981
0.363472 0.244834 0.391694
0.719584 0.0543914 0.226025
0.650725 0.180763 0.168512
0.411144 0.150161 0.438695
9.9991E-05 0.663837 0.336063
9.9991E-05 0.137297 0.862603
0.0622224 0.801178 0.1366
0.0641934 0.827807 0.108
9.9991E-05 0.682508 0.317392
0.0604028 0.709188 0.230409
0.00407122 0.684833 0.311096
0.0810029 0.840037 0.07896
0.00415286 9.9991E-05 0.995747
9.9991E-05 0.0548209 0.945079
9.9991E-05 0.163811 0.836089
0.064867 0.0792703 0.855863
9.999E-05 9.999E-05 0.9998
0.0269798 9.9991E-05 0.97292
9.9991E-05 0.0523245 0.947576
0.00276951 9.9991E-05 0.997131
9.999E-05 9.999E-05 0.9998
9.999E-05 9.999E-05 0.9998
0.0739107 0.0618176 0.864272
0.0961639 0.0540804 0.849756
0.0328244 9.9991E-05 0.967076
0.05435 0.0754331 0.870217
0.0546244 9.9991E-05 0.945276
0.0399142 9.9991E-05 0.959986
0.0735277 0.0208462 0.905626
0.0229808 9.9991E-05 0.976919
0.115158 0.141301 0.743542
0.0599053 9.9991E-05 0.939995
0.429142 0.476899 0.0939592
0.19366 0.536783 0.269557
0.255678 0.466026 0.278296
0.315945 0.484174 0.199882
0.271305 0.471769 0.256926
0.142201 0.498305 0.359494
0.159082 0.46891 0.372008
0.183815 0.422413 0.393772
0.918403 0.0499043 0.0316931
0.917595 9.9991E-05 0.0823053
0.992027 9.9991E-05 0.00787291
0.94431 0.00339677 0.0522937
0.89792 9.9991E-05 0.10198
0.888911 9.9991E-05 0.110989
0.859198 9.9991E-05 0.140702
0.900781 0.0338243 0.0653944
0.922238 9.9991E-05 0.0776623
0.867983 9.9991E-05 0.131917
0.717913 0.281987 9.9991E-05
0.719146 0.280754 9.9991E-05
0.709876 0.290024 9.9991E-05
0.609806 0.390094 9.9991E-05
0.003469 0.690822 0.305709
9.9991E-05 0.716219 0.283681
0.0967159 0.804908 0.0983758
0.134714 0.85944 0.00584586
0.00539703 0.658591 0.336012
9.9991E-05 0.771066 0.228834
9.9991E-05 0.820069 0.179831
9.9991E-05 0.769123 0.230777
9.9991E-05 0.862334 0.137566
0.0501733 0.949727 9.9991E-05
0.0032445 0.871779 0.124977
9.9991E-05 0.773058 0.226842
0.109148 0.888746 0.00210578
0.371027 0.628873 9.9991E-05
0.319071 0.680829 9.9991E-05
0.287858 0.712042 9.9991E-05
0.332965 0.666935 9.9991E-05
0.266481 0.733419 9.9991E-05
0.276259 0.723641 9.9991E-05
0.863354 9.9991E-05 0.136546
0.840546 0.00761584 0.151839
0.773936 9.9991E-05 0.225964
0.763688 9.9991E-05 0.236212
0.777017 0.0362369 0.186746
0.579319 0.420582 9.9991E-05
0.671124 0.328776 9.9991E-05
0.607415 0.392485 9.9991E-05
0.809494 9.9991E-05 0.190406
0.550618 0.449282 9.9991E-05
0.230724 0.24949 0.519786
0.168084 0.259833 0.572083
0.223059 0.346436 0.430505
0.508487 0.106046 0.385466
0.017933 0.777949 0.204118
0.0608211 0.744817 0.194362
0.177765 0.738516 0.0837184
9.9991E-05 0.806941 0.192959
0.0872168 0.912683 9.9991E-05
0.0844172 0.665962 0.249621
0.111178 0.794193 0.0946294
0.0984215 0.901479 9.9991E-05
0.0167266 0.756317 0.226957
9.9991E-05 0.712563 0.287337
0.124786 0.473917 0.401297
0.0231855 0.799167 0.177648
0.0740746 0.718147 0.207779
9.9991E-05 0.674796 0.325104
0.0228345 0.721779 0.255387
0.0592646 0.580599 0.360137
0.731489 9.9991E-05 0.268411
0.810287 9.9991E-05 0.189613
0.826868 0.0845347 0.088597
0.841247 0.0599864 0.0987666
0.803643 0.00869509 0.187662
0.175144 0.769045 0.055811
0.0257423 0.623714 0.350543
0.108278 0.667488 0.224234
0.101796 0.733741 0.164462
0.301637 0.698263 9.9991E-05
0.108373 0.637641 0.253986
0.227851 0.74451 0.0276392
0.0387433 0.715419 0.245838
0.268572 0.711846 0.0195825
0.182021 0.781966 0.0360132
0.117041 0.726592 0.156367
0.0834263 0.74689 0.169684
0.0295319 0.683742 0.286726
0.0406572 0.819077 0.140266
0.0671679 0.700936 0.231896
0.0925921 0.907308 9.9991E-05
0.0654438 0.878273 0.0562833
0.0485445 0.762761 0.188695
0.0940535 0.905847 9.9991E-05
0.015576 0.820712 0.163712
0.151738 0.838877 0.00938431
0.0054522 0.867071 0.127477
0.123688 0.698859 0.177453
9.9991E-05 0.616581 0.383319
0.0340472 0.867029 0.0989241
0.038116 0.659934 0.30195
0.0891316 0.750992 0.159877
0.0226705 0.830043 0.147286
0.111982 0.718484 0.169535
9.9991E-05 0.700186 0.299714
0.077131 0.70811 0.214759
9.9991E-05 0.69832 0.30158
0.111266 0.733019 0.155715
0.117768 0.628489 0.253743
0.323157 0.308992 0.367852
0.0868898 0.393571 0.519539
0.055808 0.511043 0.433149
0.196755 0.366043 0.437202
9.9991E-05 0.789694 0.210206
0.297421 0.533704 0.168875
0.155245 0.446891 0.397863
0.0911062 0.445833 0.463061
0.264128 0.477386 0.258486
0.115247 0.382902 0.501851
0.586028 0.16882 0.245152
0.207283 0.320955 0.471762
0.179426 0.433598 0.386976
0.068171 0.690476 0.241353
0.0274101 0.97249 9.9991E-05
0.0989227 0.900977 9.9991E-05
0.122817 0.349774 0.52741
0.138389 0.301305 0.560306
0.29106 0.334265 0.374675
0.187064 0.334161 0.478775
0.176523 0.637844 0.185633
0.137116 0.650436 0.212448
9.9991E-05 0.57265 0.42725
0.0217028 0.557617 0.42068
0.0826056 0.648143 0.269251
0.0980417 0.580427 0.321531
0.0199576 0.647633 0.332409
0.0635006 0.805714 0.130785
0.0540008 0.816103 0.129897
0.128177 0.708038 0.163785
9.9991E-05 0.751438 0.248462
0.0216318 0.843151 0.135217
9.9991E-05 0.706167 0.293733
0.0417849 0.863315 0.0949003
0.0193252 0.774235 0.20644
0.147055 0.366232 0.486713
0.217556 0.370516 0.411928
0.333949 0.531488 0.134563
9.9991E-05 0.508562 0.491338
0.484301 0.32071 0.194989
0.0251294 0.493174 0.481697
0.0265076 0.950423 0.0230691
0.0476983 0.952202 9.9991E-05
9.9991E-05 0.803362 0.196538
0.0532654 0.637472 0.309262
9.9991E-05 0.824143 0.175757
9.9991E-05 0.765009 0.234891
9.9991E-05 0.734324 0.265576
0.794734 0.0127593 0.192507
0.809674 0.0420375 0.148289
0.885347 9.9991E-05 0.114553
0.92036 9.9991E-05 0.0795398
0.0015014 0.741082 0.257416
0.0251053 0.813185 0.16171
0.0399283 0.866656 0.0934161
9.9991E-05 0.703914 0.295986
0.00277702 0.892961 0.104262
0.277827 0.325165 0.397009
9.9991E-05 0.71414 0.28576
9.9991E-05 0.852341 0.147559
9.9991E-05 0.781002 0.218898
0.00613194 0.775357 0.218511
9.9991E-05 0.66298 0.33692
9.999E-05 0.9998 9.999E-05
9.9991E-05 0.850137 0.149763
9.9991E-05 0.892156 0.107744
0.007579 0.992321 9.9991E-05
0.0511995 0.744534 0.204267
0.0274844 0.955493 0.0170231
0.0910364 0.908864 9.9991E-05
9.9991E-05 0.672068 0.327832
0.0357236 0.865921 0.0983557
0.022202 0.763351 0.214447
9.9991E-05 0.737697 0.262203
9.9991E-05 0.746866 0.253034
9.9991E-05 0.724349 0.275551
0.0121308 0.73995 0.247919
9.9991E-05 0.83938 0.16052
0.760824 0.239076 9.9991E-05
0.815752 0.127981 0.0562668
0.906343 0.0935566 9.9991E-05
0.899814 0.100086 9.9991E-05
0.783315 0.216585 9.9991E-05
0.0688243 0.890643 0.0405327
0.0987357 0.901164 9.9991E-05
9.9991E-05 0.937147 0.0627526
0.0802596 0.78004 0.139701
9.9991E-05 0.724785 0.275115
0.129194 0.670179 0.200627
9.9991E-05 0.677072 0.322828
0.00878996 0.885581 0.105629
9.9991E-05 0.889148 0.110752
9.9991E-05 0.87716 0.12274
0.160477 0.581536 0.257987
0.00951929 0.793898 0.196583
0.0045607 0.749709 0.24573
0.078863 0.236385 0.684752
0.211316 0.156211 0.632473
0.0324001 0.692276 0.275324
0.294092 9.9991E-05 0.705808
0.182152 0.202076 0.615772
0.111316 0.490175 0.39851
0.0664372 0.617183 0.31638
0.116641 0.610632 0.272728
0.195467 0.0692497 0.735284
0.076608 0.181745 0.741647
0.14897 0.167039 0.683991
0.139656 0.205141 0.655204
0.0124269 0.670707 0.316866
0.21685 9.9991E-05 0.78305
0.254957 0.720476 0.024567
9.9991E-05 0.611917 0.387983
0.10069 0.624951 0.274359
0.169515 0.556156 0.274329
0.21202 0.385048 0.402932
0.236834 0.258929 0.504237
0.23217 9.9991E-05 0.76773
0.139469 0.663134 0.197397
0.255807 0.586476 0.157716
0.173657 0.638102 0.188242
0.213365 0.415442 0.371194
0.478769 0.292187 0.229044
0.50608 0.313304 0.180616
0.21569 0.513184 0.271126
0.486318 0.293229 0.220452
0.508077 0.140679 0.351244
0.191092 0.496169 0.312739
0.237335 0.424495 0.338169
0.327056 0.393645 0.2793
0.401906 0.369894 0.2282
0.199129 0.426352 0.374519
0.246872 0.482524 0.270604
0.59759 0.285231 0.11718
0.26853 0.290184 0.441286
0.290348 0.350427 0.359225
0.115522 0.306903 0.577575
0.145888 0.367928 0.486184
0.325979 0.247992 0.426029
0.171275 0.360364 0.46836
0.209017 0.257525 0.533459
0.294923 0.290135 0.414942
0.221291 0.523396 0.255313
0.306983 0.217672 0.475345
0.444543 0.21936 0.336097
0.344586 0.187233 0.468181
0.851175 0.0832986 0.0655263
0.295157 0.704743 9.9991E-05
0.288448 0.711452 9.9991E-05
0.298999 0.700901 9.9991E-05
0.234488 0.765412 9.9991E-05
0.275285 0.724615 9.9991E-05
0.218437 0.781463 9.9991E-05
0.311157 0.688743 9.9991E-05
0.415091 0.584809 9.9991E-05
0.87494 9.9991E-05 0.12496
0.823565 0.0376363 0.138798
0.874491 9.9991E-05 0.125409
0.820696 0.134667 0.044637
0.877681 9.9991E-05 0.122219
0.928585 0.0160081 0.0554066
0.758339 0.0267175 0.214943
0.91043 9.9991E-05 0.0894703
0.769423 0.11388 0.116697
0.855096 9.9991E-05 0.144804
0.960829 9.9991E-05 0.0390709
0.874737 0.0247684 0.100494
0.931977 9.9991E-05 0.0679226
0.898398 9.9991E-05 0.101502
0.841203 9.9991E-05 0.158697
0.80958 9.9991E-05 0.19032
0.728589 9.9991E-05 0.271311
0.782136 9.9991E-05 0.217764
0.78716 9.9991E-05 0.21274
0.185715 0.631727 0.182558
0.0510527 0.654555 0.294392
0.150569 0.758793 0.0906383
0.135626 0.618966 0.245408
0.22878 0.685422 0.0857984
0.0231423 0.669806 0.307051
0.158296 0.750704 0.0909998
0.111609 0.676817 0.211574
9.9991E-05 0.762228 0.237672
0.128398 0.665173 0.206429
0.126899 0.605525 0.267576
0.122844 0.865122 0.0120342
0.190329 0.809571 9.9991E-05
0.187515 0.756192 0.056293
0.133118 0.577897 0.288985
0.161769 0.618099 0.220132
0.154222 0.427102 0.418676
0.109998 0.451825 0.438178
0.497472 0.305514 0.197014
0.163603 0.466285 0.370112
0.496013 0.270959 0.233028
0.301364 0.297476 0.401161
0.304811 0.331065 0.364124
0.317792 0.387627 0.294582
0.158396 0.339238 0.502367
0.119341 0.414561 0.466098
0.429966 0.257032 0.313002
