9.9991E-05 0.920526 0.0793737
0.00727162 0.959825 0.0329034
0.00601436 0.851706 0.142279
0.0332573 0.817845 0.148898
9.9991E-05 0.85626 0.14364
0.195809 0.679649 0.124543
0.038582 0.893699 0.0677193
0.0602484 0.848493 0.0912591
0.0817547 0.918145 9.9991E-05
0.0587089 0.748514 0.192777
0.155129 0.809638 0.0352329
0.782725 0.0787678 0.138507
0.65396 9.9991E-05 0.34594
0.727755 0.116576 0.155669
0.603825 0.115206 0.280969
0.528058 0.100428 0.371513
0.524606 0.0917916 0.383603
0.657523 0.0581847 0.284292
0.640752 0.153552 0.205697
0.728307 0.271593 9.9991E-05
0.693029 0.00509519 0.301876
0.706274 0.0493364 0.24439
0.690998 9.9991E-05 0.308902
0.67018 0.0988573 0.230963
0.540618 9.9991E-05 0.459282
0.572383 0.024086 0.40353
0.696277 0.152691 0.151032
0.61489 0.13943 0.24568
0.761373 0.115922 0.122706
9.9991E-05 0.801528 0.198372
9.9991E-05 0.824764 0.175136
0.0428519 0.762463 0.194685
0.0123916 0.749709 0.237899
0.691556 0.00967935 0.298765
0.553399 0.0786281 0.367973
0.667094 0.000914885 0.331991
0.732348 0.212282 0.0553702
0.769935 0.00463335 0.225432
0.631326 0.0680406 0.300634
0.580381 9.9991E-05 0.419519
0.588603 0.0162697 0.395127
0.548003 0.0640432 0.387954
0.883793 0.0875751 0.0286322
0.539454 0.0282271 0.432319
0.601083 0.0251372 0.373779
0.523726 0.0851839 0.39109
0.841084 9.9991E-05 0.158816
0.576125 9.9991E-05 0.423775
0.521119 0.0578679 0.421013
0.828406 0.171494 9.9991E-05
0.838977 0.120026 0.0409973
0.841736 0.105152 0.0531122
0.522754 0.023442 0.453804
0.517363 0.0590724 0.423565
0.562847 0.00420742 0.432946
0.751192 0.248176 0.000632066
0.688057 9.9991E-05 0.311843
0.51809 0.0837145 0.398196
0.661064 0.141006 0.19793
0.594235 0.368979 0.0367853
0.613253 0.0123016 0.374445
0.602659 0.102564 0.294777
0.825098 0.174802 9.9991E-05
0.66835 0.0212397 0.310411
0.590989 9.9991E-05 0.408911
0.512494 0.0890314 0.398474
0.691028 0.137357 0.171615
0.61885 9.9991E-05 0.38105
0.507896 0.0701551 0.421949
0.795692 0.134629 0.069679
0.725344 9.9991E-05 0.274556
0.861957 0.0263528 0.111691
0.627695 9.9991E-05 0.372205
0.943834 0.0560664 9.9991E-05
0.981595 0.0183054 9.9991E-05
0.852711 9.9991E-05 0.147189
0.741536 0.0151514 0.243313
0.617012 0.130851 0.252136
0.735265 9.9991E-05 0.264635
0.841513 0.0967598 0.061727
0.832723 0.0678501 0.0994268
0.546782 0.0963804 0.356837
0.758895 0.0470679 0.194037
0.773822 9.9991E-05 0.226078
0.817188 9.9991E-05 0.182712
0.875682 0.124218 9.9991E-05
0.644166 9.9991E-05 0.355734
9.9991E-05 0.789236 0.210664
9.9991E-05 0.886735 0.113165
9.9991E-05 0.859379 0.140521
9.9991E-05 0.854336 0.145564
9.9991E-05 0.877775 0.122125
0.0119985 0.905361 0.0826409
9.9991E-05 0.908738 0.0911619
0.597812 0.0242218 0.377966
0.538842 0.0921811 0.368977
0.883391 0.0764041 0.0402054
0.522736 0.0140235 0.46324
0.750562 9.9991E-05 0.249338
0.616274 9.9991E-05 0.383626
0.6853 9.9991E-05 0.3146
0.606573 9.9991E-05 0.393327
0.863436 0.136464 9.9991E-05
0.504496 0.159173 0.336331
0.55579 0.0461177 0.398092
0.602311 0.0706696 0.327019
0.770071 0.0497515 0.180177
0.681542 9.9991E-05 0.318358
0.757146 0.0149944 0.227859
0.758528 9.9991E-05 0.241372
0.770632 0.0318354 0.197532
0.571772 0.044149 0.384079
0.730206 0.190519 0.0792754
0.587319 0.105845 0.306836
0.583523 0.0365772 0.379899
0.518295 0.0728185 0.408887
0.689447 0.0521183 0.258435
0.569472 0.0108436 0.419685
0.66935 0.0781883 0.252462
0.592319 0.0699564 0.337725
0.638362 9.9991E-05 0.361538
0.663344 0.0228556 0.313801
0.728934 0.0415236 0.229542
0.539056 0.0226879 0.438256
0.547788 0.0621985 0.390014
0.588069 9.9991E-05 0.411831
0.599539 0.0432538 0.357207
0.585966 0.0123196 0.401714
0.596751 0.194258 0.20899
0.545985 9.9991E-05 0.453915
0.530748 0.001938 0.467314
0.714493 0.0914133 0.194093
0.781394 0.173095 0.0455107
0.70872 0.0266639 0.264616
0.888867 0.0752308 0.0359019
0.771317 0.117633 0.111051
0.761045 0.0739253 0.16503
0.849933 0.0623696 0.0876972
0.787071 0.0976791 0.11525
0.644112 9.9991E-05 0.355788
0.563373 0.0964767 0.34015
0.631704 0.00657615 0.36172
0.837225 0.119023 0.0437516
0.484224 0.129524 0.386251
0.586988 0.0451493 0.367863
0.701703 0.298197 9.9991E-05
0.461399 0.054034 0.484567
0.666305 0.150856 0.182839
0.585018 0.0543468 0.360636
0.676534 0.178586 0.14488
0.780691 0.190201 0.0291078
0.722052 0.0445122 0.233436
0.506956 0.0975538 0.39549
0.577177 0.180182 0.242641
0.657464 0.208194 0.134342
0.5363 0.0915669 0.372133
0.849228 0.038045 0.112727
0.766898 9.9991E-05 0.233002
0.544619 0.0326813 0.422699
0.221493 0.405093 0.373414
0.0960884 0.740095 0.163817
0.165957 0.687888 0.146156
0.123276 0.446389 0.430335
0.555649 9.9991E-05 0.444251
0.550432 0.022834 0.426734
0.0607222 9.9991E-05 0.939178
0.3031 0.0509616 0.645938
0.231885 0.0730373 0.695078
0.729649 0.0605943 0.209756
0.618867 9.9991E-05 0.381033
0.820654 0.0570719 0.122274
0.672053 9.9991E-05 0.327847
0.689888 9.9991E-05 0.310012
0.578744 0.0454867 0.375769
0.832805 0.0348207 0.132375
0.556598 9.9991E-05 0.443302
0.580788 0.0123657 0.406846
9.9991E-05 0.0336573 0.966243
9.9991E-05 0.0543115 0.945589
0.172653 0.104702 0.722645
0.0632742 0.0868263 0.8499
0.0210174 0.089182 0.889801
9.9991E-05 0.0438912 0.956009
9.9991E-05 0.0858315 0.914068
9.999E-05 9.999E-05 0.9998
9.9991E-05 0.0310266 0.968873
9.9991E-05 0.0388417 0.961058
9.9991E-05 0.0527594 0.947141
9.9991E-05 0.0820731 0.917827
9.9991E-05 0.10914 0.89076
9.9991E-05 0.0772002 0.9227
0.310958 0.0712268 0.617815
0.0692411 0.138354 0.792405
9.9991E-05 0.128757 0.871143
9.9991E-05 0.134773 0.865127
9.9991E-05 0.0503564 0.949544
9.9991E-05 0.125185 0.874715
9.9991E-05 0.0726222 0.927278
0.0702341 0.11997 0.809796
9.9991E-05 0.122026 0.877874
0.444415 0.52131 0.0342749
0.442666 0.194185 0.36315
0.423605 0.264301 0.312095
0.463668 0.320777 0.215555
0.496026 0.0904073 0.413566
0.409884 0.323403 0.266712
0.478014 0.17056 0.351426
0.433176 0.169452 0.397372
0.396116 0.150471 0.453412
0.354553 0.226293 0.419154
0.47818 0.178706 0.343114
0.0613446 0.897918 0.0407376
9.9991E-05 0.925874 0.0740259
9.9991E-05 0.961382 0.0385183
9.9991E-05 0.947745 0.0521551
9.9991E-05 0.910201 0.0896987
9.9991E-05 0.885344 0.114556
9.9991E-05 0.845501 0.154399
0.0334846 0.873895 0.09262
9.9991E-05 0.912293 0.0876068
9.9991E-05 0.847285 0.152615
0.262784 0.737116 9.9991E-05
0.296337 0.703563 9.9991E-05
0.298453 0.701447 9.9991E-05
0.393869 0.606031 9.9991E-05
0.753866 9.9991E-05 0.246034
0.663883 9.9991E-05 0.336017
0.681584 9.9991E-05 0.318316
0.753341 0.0217347 0.224924
0.847537 0.119463 0.0330008
0.682832 9.9991E-05 0.317068
0.685711 9.9991E-05 0.314189
0.776182 9.9991E-05 0.223718
0.714997 9.9991E-05 0.284903
0.630097 0.0131456 0.356758
0.80188 9.9991E-05 0.19802
0.946611 0.0532888 9.9991E-05
0.641095 9.9991E-05 0.358805
0.860912 9.9991E-05 0.138988
0.727448 9.9991E-05 0.272452
0.907269 0.0926308 9.9991E-05
0.611671 0.388229 9.9991E-05
0.705509 0.294391 9.9991E-05
0.760456 0.239444 9.9991E-05
0.685348 0.314552 9.9991E-05
0.733896 0.266004 9.9991E-05
0.704581 0.28647 0.00894886
9.9991E-05 0.850004 0.149896
9.9991E-05 0.859458 0.140442
9.9991E-05 0.753498 0.246402
0.0281181 0.799731 0.172151
9.9991E-05 0.81464 0.18526
0.442742 0.557158 9.9991E-05
0.355217 0.644683 9.9991E-05
0.407944 0.591956 9.9991E-05
9.9991E-05 0.819064 0.180836
0.477236 0.522664 9.9991E-05
0.142952 0.257731 0.599317
0.274345 0.146554 0.579101
0.178652 0.156316 0.665032
0.267185 0.273431 0.459384
0.300384 0.22383 0.475786
0.0663746 0.56207 0.371556
0.733828 0.0205074 0.245665
0.719046 0.0489041 0.23205
0.668679 0.182626 0.148695
0.763335 9.9991E-05 0.236565
0.92708 0.0728196 9.9991E-05
0.608318 0.0562863 0.335396
0.70149 0.0163016 0.282208
0.765168 0.105775 0.129057
0.592018 0.0728967 0.335085
0.877944 0.121956 9.9991E-05
0.726893 9.9991E-05 0.273007
0.633071 9.9991E-05 0.366829
0.395476 0.169182 0.435342
0.784084 9.9991E-05 0.215816
0.685933 0.0311223 0.282944
0.648157 9.9991E-05 0.351743
0.691222 0.0148128 0.293966
0.579201 9.9991E-05 0.420699
0.530037 0.0789996 0.390964
0.567645 0.0586258 0.373729
9.9991E-05 0.769221 0.230679
9.9991E-05 0.837962 0.161938
0.121294 0.785907 0.0927989
0.0636668 0.85391 0.0824236
0.0285711 0.841901 0.129528
0.730223 0.182812 0.0869645
0.581062 0.066307 0.352631
0.346761 0.176755 0.476484
0.541932 0.00946029 0.448608
0.639388 0.0531715 0.307441
0.724587 0.0953221 0.180091
0.708637 0.291263 9.9991E-05
0.627431 0.039127 0.333442
0.731862 0.216249 0.0518888
0.628159 0.074119 0.297722
0.671383 0.271004 0.057613
0.492864 0.063255 0.443881
0.751906 0.218644 0.0294495
0.694271 0.12406 0.181669
0.621282 9.9991E-05 0.378618
0.770761 0.0925043 0.136735
0.695349 0.0411856 0.263465
0.577069 0.106245 0.316686
0.814659 0.0331513 0.152189
0.554492 0.0571052 0.388403
0.639411 0.00657711 0.354012
0.912744 0.087156 9.9991E-05
0.778744 0.109578 0.111678
0.685103 0.051365 0.263532
0.868775 0.120449 0.0107757
0.731502 0.0244254 0.244073
0.788786 0.158314 0.0528995
0.844921 9.9991E-05 0.154979
0.645763 0.0927387 0.261498
0.54972 0.0103814 0.439899
0.866057 0.0478079 0.0861352
0.560134 0.0965985 0.343268
0.532835 9.9991E-05 0.467065
0.629737 9.9991E-05 0.370163
0.60272 0.0562515 0.341028
0.673608 0.0872011 0.239191
0.797442 0.0600017 0.142556
0.683419 0.0400089 0.276572
0.641464 9.9991E-05 0.358436
0.650451 0.0241702 0.325378
0.698438 0.0719296 0.229632
0.601474 0.00388688 0.394639
0.700023 0.105376 0.194601
0.634937 9.9991E-05 0.364963
0.612773 0.0237805 0.363447
0.498587 0.0838158 0.417597
0.318702 0.294827 0.386471
0.416052 0.134359 0.449589
0.354634 0.118518 0.526848
0.50586 0.0374334 0.456707
0.263017 0.160686 0.576297
0.689533 9.9991E-05 0.310367
0.386282 0.165804 0.447913
0.480295 0.384436 0.13527
0.405548 0.0778955 0.516557
0.357235 0.115261 0.527504
0.422476 0.0583227 0.519201
0.432021 0.208784 0.359196
0.323758 0.171628 0.504614
0.377965 0.0516119 0.570423
0.213085 0.626054 0.160861
0.363687 0.128983 0.50733
0.292952 0.0766843 0.630363
0.467581 0.0219318 0.510487
0.346748 0.0690309 0.584221
0.50062 0.0873855 0.411995
0.690368 0.000533318 0.309099
0.582314 0.0341346 0.383551
0.968876 0.0310242 9.9991E-05
0.901054 0.0988461 9.9991E-05
0.629966 0.0347476 0.335287
0.247966 0.149956 0.602078
0.354242 0.0884214 0.557337
0.289308 0.283721 0.426971
0.323479 0.208217 0.468303
0.651981 0.187592 0.160426
0.619305 0.170046 0.210649
0.588341 0.00162971 0.410029
0.565538 0.0415726 0.39289
0.601157 0.138986 0.259856
0.494631 0.0480523 0.457317
0.598356 9.9991E-05 0.401544
0.487714 0.131797 0.380488
0.847695 9.9991E-05 0.152205
0.739035 0.00498752 0.255977
0.627695 9.9991E-05 0.372205
0.588505 0.122653 0.288843
0.535917 0.0497117 0.414372
0.800261 9.9991E-05 0.199639
0.867928 0.0354814 0.0965908
0.632652 0.0226851 0.344663
0.564928 0.0652547 0.369817
0.86372 9.9991E-05 0.13618
0.742401 9.9991E-05 0.257499
0.660099 0.0425686 0.297333
0.687524 9.9991E-05 0.312376
0.308426 0.251769 0.439805
0.426779 0.197633 0.375588
0.349677 0.199297 0.451026
0.311123 0.165571 0.523306
0.44682 0.183531 0.369649
0.347974 0.160643 0.491383
0.575693 0.299326 0.124981
0.333214 0.0823179 0.584468
0.273804 0.55141 0.174786
0.446722 0.0602345 0.493044
0.932432 0.0400114 0.0275568
0.885006 0.114894 9.9991E-05
0.722714 9.9991E-05 0.277186
0.588654 9.9991E-05 0.411246
0.819927 9.9991E-05 0.179973
0.729399 9.9991E-05 0.270501
0.711596 9.9991E-05 0.288304
0.0372998 0.76033 0.20237
0.0800144 0.778282 0.141704
9.9991E-05 0.871628 0.128272
9.9991E-05 0.941728 0.0581717
0.713413 0.0239738 0.262613
0.678257 0.0141224 0.307621
0.748632 9.9991E-05 0.251268
0.592081 0.0760637 0.331855
0.659171 0.0489363 0.291893
0.828518 0.0676281 0.103854
0.647612 9.9991E-05 0.352288
0.85348 9.9991E-05 0.14642
0.340868 0.234519 0.424612
0.702545 9.9991E-05 0.297355
0.792118 0.0357909 0.172091
0.670433 9.9991E-05 0.329468
0.745367 0.00761497 0.247018
0.650283 9.9991E-05 0.349617
0.623633 0.0103431 0.366024
0.9559 9.9991E-05 0.0440001
0.860898 0.00284127 0.13626
0.824167 0.0278552 0.147978
0.9998 9.999E-05 9.999E-05
0.669853 0.0552562 0.274891
0.928137 0.0224257 0.0494369
0.924491 0.0754087 9.9991E-05
0.712465 9.9991E-05 0.287435
0.875892 0.0724785 0.0516299
0.776404 9.9991E-05 0.223496
0.599331 0.00711125 0.393557
0.744814 9.9991E-05 0.255086
0.746433 9.9991E-05 0.253467
0.733069 9.9991E-05 0.266831
0.659927 0.020302 0.319771
0.87047 9.9991E-05 0.12943
0.535534 0.0592309 0.405235
0.28037 0.71953 9.9991E-05
0.137133 0.811436 0.0514319
0.0891545 0.910745 9.9991E-05
0.0891708 0.910729 9.9991E-05
0.188907 0.805651 0.00544195
0.876017 0.0427563 0.0812272
0.90591 0.0939902 9.9991E-05
0.929194 9.9991E-05 0.0707062
0.517131 0.0828766 0.399992
0.558108 0.0468523 0.395039
0.78376 9.9991E-05 0.21614
0.570375 9.9991E-05 0.429525
0.708662 0.00141901 0.289918
0.701616 9.9991E-05 0.298284
0.646486 0.00655655 0.346957
0.83277 0.0292771 0.137953
0.825799 9.9991E-05 0.174101
0.852377 9.9991E-05 0.147523
0.51939 0.0915715 0.389039
0.796788 0.0245304 0.178682
0.705463 9.9991E-05 0.294437
0.257876 0.0717122 0.670412
0.183811 0.140606 0.675582
0.14673 0.112395 0.740874
0.0853715 0.158713 0.755915
0.243001 0.117483 0.639516
0.641327 9.9991E-05 0.358573
9.9991E-05 0.339541 0.660359
0.0867205 0.222282 0.690997
0.44537 0.113187 0.441443
0.527701 0.098983 0.373316
0.598139 0.11381 0.28805
0.559252 0.0378206 0.402928
0.58844 0.024909 0.386651
0.0388398 0.22515 0.73601
0.193252 0.117887 0.688861
0.168694 0.0344179 0.796888
0.351478 0.0890871 0.559435
0.0962472 0.150859 0.752894
0.231552 0.155904 0.612544
0.113439 0.201826 0.684736
0.214679 0.138566 0.646755
0.632293 0.00154583 0.366162
0.237741 0.180568 0.58169
9.9991E-05 0.237464 0.762436
0.210953 0.154665 0.634383
0.662571 0.256259 0.08117
0.545827 9.9991E-05 0.454073
0.270182 0.170761 0.559058
0.516923 0.0567065 0.426371
0.547917 0.100225 0.351859
0.372268 0.144579 0.483153
0.278341 0.201109 0.52055
0.518566 0.0395176 0.441916
0.219887 0.154417 0.625696
0.147836 0.102059 0.750105
9.9991E-05 0.289578 0.710322
0.509365 0.0669441 0.423691
0.600108 0.137137 0.262754
0.629402 0.214985 0.155613
0.510882 0.0595123 0.429606
0.590484 0.118127 0.291389
0.374363 0.183943 0.441694
0.513359 0.124818 0.361822
0.311793 0.472081 0.216127
0.349064 0.494473 0.156463
0.475837 0.232446 0.291717
0.30328 0.470853 0.225867
0.129992 0.587494 0.282513
0.488964 0.155125 0.355912
0.320542 0.275344 0.404113
0.307182 0.409713 0.283104
0.371813 0.380014 0.248174
0.449356 0.0980602 0.452584
0.450132 0.322521 0.227347
0.286588 0.667006 0.0464063
0.431457 0.105304 0.463239
0.326591 0.172706 0.500703
0.265962 0.270012 0.464026
0.204626 0.126074 0.6693
0.450267 0.183405 0.366329
0.240157 0.170923 0.58892
0.347821 0.100234 0.551945
0.132571 0.356554 0.510875
0.328773 0.168309 0.502917
0.156876 0.283775 0.559349
0.241225 0.274792 0.483983
0.50367 0.188103 0.308227
0.277352 0.200963 0.521685
0.375465 0.1645 0.460036
0.400679 0.0936367 0.505684
0.242801 0.289271 0.467927
0.300796 0.188943 0.510262
0.221079 0.458351 0.320571
0.303926 0.137812 0.558262
0.17905 0.391273 0.429677
0.109982 0.864781 0.0252368
0.734786 0.265114 9.9991E-05
0.715813 0.284087 9.9991E-05
0.716108 0.283792 9.9991E-05
0.799762 0.200138 9.9991E-05
0.768954 0.230946 9.9991E-05
0.804665 0.195235 9.9991E-05
0.714044 0.285856 9.9991E-05
0.562327 0.437573 9.9991E-05
9.9991E-05 0.882765 0.117135
0.059908 0.85479 0.0853021
9.9991E-05 0.854351 0.145549
0.0843893 0.859822 0.0557889
9.9991E-05 0.895514 0.104386
0.00265566 0.97302 0.0243247
0.0109975 0.787174 0.201829
9.9991E-05 0.861554 0.138346
0.107654 0.773599 0.118747
9.9991E-05 0.893563 0.106337
9.9991E-05 0.985553 0.0143469
0.010273 0.854546 0.135181
9.9991E-05 0.947088 0.0528123
9.9991E-05 0.90438 0.0955204
9.9991E-05 0.841823 0.158077
9.9991E-05 0.815501 0.184399
9.9991E-05 0.757732 0.242168
9.9991E-05 0.761247 0.238653
9.9991E-05 0.808871 0.191029
0.551748 0.16102 0.287233
0.573855 0.00985599 0.416289
0.534563 0.0520597 0.413377
0.737774 0.177183 0.0850428
0.561972 0.133981 0.304047
0.652607 0.279511 0.067882
0.524282 0.00106799 0.47465
0.713693 0.104525 0.181782
0.611256 0.0284171 0.360327
0.657479 0.00597886 0.336542
0.657709 0.104188 0.238104
0.632861 0.0410686 0.326071
0.555898 0.068192 0.37591
0.849988 0.149912 9.9991E-05
0.778571 0.221329 9.9991E-05
0.685214 0.217863 0.0969231
0.512669 0.0136857 0.473646
0.561771 0.0897955 0.348434
0.618241 0.0846531 0.297106
0.52125 0.0675316 0.411218
0.421315 0.0937902 0.484895
0.371589 0.113836 0.514575
0.284396 0.489372 0.226232
0.466292 0.0827603 0.450948
0.357481 0.231499 0.41102
0.255069 0.56055 0.184381
0.295422 0.292389 0.412189
0.241378 0.376812 0.381809
0.341374 0.301756 0.35687
0.43961 0.0912707 0.46912
0.258901 0.220772 0.520327
0.425788 0.0963683 0.477844
0.398667 0.177105 0.424228
0.269818 0.401085 0.329097
