0.0690186 9.9982E-05 9.9982E-05 0.858647 0.0540161 0.0181182
0.021418 9.9973E-05 0.082238 0.896044 9.9973E-05 9.9973E-05
0.0758883 0.0602469 9.9991E-05 0.774404 0.029262 0.0600985
0.0182432 0.0226022 9.9991E-05 0.79729 0.0937763 0.0679884
9.9973E-05 0.011722 9.9973E-05 0.915257 9.9973E-05 0.0727206
9.999E-05 0.115456 0.0943631 0.631142 0.0736253 0.0853138
0.0194355 0.00504027 0.141414 0.776607 0.0305753 0.0269277
0.0526103 9.9991E-05 0.120589 0.686225 0.0972802 0.0431958
0.0102916 9.9982E-05 0.0279902 0.82037 0.141148 9.9982E-05
0.0179396 9.9991E-05 0.144357 0.682832 0.0471659 0.107605
9.9982E-05 0.0215082 0.0695449 0.776696 0.132051 9.9982E-05
0.000460729 0.431199 9.9991E-05 0.0147989 0.488865 0.0645765
0.0350718 0.535102 9.9982E-05 9.9982E-05 0.330536 0.0990905
0.0338304 0.364938 9.9982E-05 9.9982E-05 0.485006 0.116025
0.0733836 0.450035 9.9982E-05 9.9982E-05 0.319298 0.157083
0.0320567 0.42113 0.0538284 0.115024 0.198394 0.179567
0.0172945 0.57651 0.0262239 9.9991E-05 0.263432 0.11644
0.0385824 0.468696 9.9991E-05 0.116804 0.305082 0.0707354
0.0292165 0.068138 0.145091 9.9991E-05 0.66964 0.0878143
0.0421208 0.456223 0.12501 0.0207074 0.262569 0.0933698
0.063231 0.288158 0.182549 0.057185 0.225518 0.18336
9.9991E-05 0.600035 0.0774236 0.078852 0.166898 0.0766917
0.0602795 0.459674 9.9982E-05 9.9982E-05 0.365849 0.113998
0.0219791 0.599331 9.9991E-05 0.015519 0.234428 0.128643
0.0177821 0.312881 9.9991E-05 0.025861 0.517317 0.126058
9.999E-05 0.31342 0.000170168 0.00631637 0.417568 0.262426
0.0345589 0.346219 0.0933005 9.9991E-05 0.458069 0.0677526
0.9995 9.996E-05 9.996E-05 9.996E-05 9.996E-05 9.996E-05
0.9995 9.996E-05 9.996E-05 9.996E-05 9.996E-05 9.996E-05
0.365921 0.0895429 0.0359839 0.485664 9.9991E-05 0.022788
0.264692 0.128399 9.9982E-05 0.530149 9.9982E-05 0.0765603
0.000108613 0.826389 0.027724 0.0869539 0.0543545 0.00447021
9.9982E-05 0.662585 0.228152 0.0231831 9.9982E-05 0.0858795
0.0277962 0.35435 0.0161421 0.0891255 0.483954 0.0286315
0.0326484 0.579157 0.356877 9.9982E-05 9.9982E-05 0.0311177
9.9982E-05 0.71176 0.132083 0.0621265 9.9982E-05 0.0938306
9.9991E-05 0.621547 0.0804317 0.169864 0.0509231 0.0771342
0.0484062 0.726133 0.0168549 0.0919603 0.0203084 0.0963369
0.0367149 0.498497 0.25962 9.9982E-05 0.204968 9.9982E-05
0.0104435 0.666692 0.134733 0.0522568 9.9991E-05 0.135775
9.9973E-05 0.627194 0.340699 9.9973E-05 0.0318064 9.9973E-05
0.000299878 0.0814767 0.815182 0.0576626 0.0452785 9.9991E-05
0.00338229 0.331801 0.19266 9.9982E-05 0.471957 9.9982E-05
9.9982E-05 0.111321 0.598629 9.9982E-05 0.224941 0.0649082
0.0520415 0.333844 0.216751 0.0483903 0.348873 9.9991E-05
0.0454203 0.528929 0.0855155 9.9991E-05 0.229303 0.110732
0.0537652 0.4136 0.219223 0.0458744 0.226804 0.0407328
0.0666897 0.126742 0.227864 0.163604 0.335631 0.0794688
0.0212984 0.384933 0.0707399 0.00187372 0.370745 0.15041
0.0570611 0.220063 0.183628 0.0211242 0.518025 9.9991E-05
0.0478901 0.624957 0.0535297 9.9991E-05 0.2112 0.0623227
9.9991E-05 0.644103 0.137817 0.0871608 0.0238061 0.107013
0.0191355 0.347784 0.206205 0.0538736 0.287892 0.0851099
0.0957824 0.625013 0.139894 9.9991E-05 0.0924163 0.0467942
0.124415 0.293194 0.228513 9.9982E-05 0.353678 9.9982E-05
0.0171692 0.794046 0.157376 9.9982E-05 9.9982E-05 0.0312093
9.9973E-05 0.538041 0.261706 9.9973E-05 0.199952 9.9973E-05
9.9973E-05 0.312295 0.638386 9.9973E-05 0.0490192 9.9973E-05
9.9973E-05 0.368393 0.551103 9.9973E-05 0.080204 9.9973E-05
9.9964E-05 0.600219 0.399381 9.9964E-05 9.9964E-05 9.9964E-05
0.0589858 0.684833 0.150506 9.9982E-05 0.105475 9.9982E-05
0.0150952 0.695208 0.230887 9.9991E-05 0.0200844 0.0386255
9.9982E-05 0.469468 0.301008 0.0509417 0.178381 9.9982E-05
9.9982E-05 0.535724 0.157247 0.0187325 0.288097 9.9982E-05
0.0450691 0.609599 0.18995 9.9982E-05 0.155183 9.9982E-05
0.0358316 0.673946 0.194044 0.057227 0.0312266 0.00772465
9.9973E-05 0.671869 0.278407 0.0494242 9.9973E-05 9.9973E-05
9.9973E-05 0.193227 0.782183 9.9973E-05 0.0242895 9.9973E-05
0.0473473 0.120462 9.9991E-05 0.772309 0.0354588 0.0243228
0.0807882 0.0594555 9.9973E-05 0.859456 9.9973E-05 9.9973E-05
0.136162 0.0619698 9.9982E-05 0.767155 9.9982E-05 0.034513
0.0510824 9.9982E-05 0.0064773 0.873152 9.9982E-05 0.0690887
0.113084 0.00859149 0.0324466 0.767594 9.9991E-05 0.078184
0.0739479 9.9982E-05 0.0234516 0.811256 9.9982E-05 0.0911446
0.0370391 0.0288174 9.9982E-05 0.909888 9.9982E-05 0.0240554
9.9982E-05 0.389146 0.518665 0.0118113 0.0801775 9.9982E-05
0.0711423 0.728391 0.100151 0.0240881 0.0761274 9.9991E-05
0.0629398 0.790318 0.050116 0.0719476 9.9991E-05 0.0245784
0.00861579 0.720396 0.180495 0.061364 9.9991E-05 0.0290293
0.0362027 0.766778 0.171853 9.9982E-05 9.9982E-05 0.0249661
9.9982E-05 0.304092 0.439064 0.0138602 0.242784 9.9982E-05
0.0521139 0.477753 0.461801 9.9982E-05 0.00813167 9.9982E-05
9.9982E-05 0.623353 0.283829 0.0494574 9.9982E-05 0.0431611
0.0338818 0.649585 0.160073 0.0356958 0.120664 9.9991E-05
0.00306597 0.590145 0.370047 9.9991E-05 0.00179551 0.0348467
9.9991E-05 0.766516 0.0550476 0.108025 0.0620148 0.00829721
0.0201437 0.313649 0.25708 0.00359447 0.283356 0.122178
0.00663601 0.332936 9.9991E-05 0.110767 0.361704 0.187856
0.124474 0.496468 0.0238582 9.9991E-05 0.270261 0.0848387
0.0167377 0.576007 9.9991E-05 0.0932082 0.206234 0.107713
9.9982E-05 0.570691 9.9982E-05 0.0505576 0.315091 0.0634606
0.0690456 0.676236 0.0902482 0.00658022 0.133036 0.0248544
0.0236379 0.568988 9.9991E-05 0.0488364 0.350078 0.00835966
0.0133944 0.598769 9.9982E-05 9.9982E-05 0.248634 0.139002
0.0116747 0.494905 0.120248 9.9991E-05 0.187524 0.185548
0.0741589 0.356945 0.184266 0.00973885 0.25661 0.118281
0.0111302 0.622956 0.0661511 9.9991E-05 0.111596 0.188067
0.010415 0.618028 0.0481464 0.0519921 0.087419 0.184
0.00200957 0.474014 0.107089 9.9991E-05 0.35842 0.0583679
0.027275 0.217545 0.385333 9.9991E-05 0.274727 0.0950199
9.9982E-05 0.166398 0.440642 9.9982E-05 0.31662 0.0761403
0.0198742 0.485559 0.0623792 0.0223881 0.409699 9.9991E-05
9.9982E-05 0.545301 0.0787458 0.0215323 0.354221 9.9982E-05
0.0460028 0.4525 0.0199493 9.9982E-05 0.481348 9.9982E-05
9.9991E-05 0.451486 0.0710123 0.0320833 0.433518 0.0118001
0.0811972 0.570531 9.9991E-05 0.0393173 0.179303 0.129551
0.0577653 0.311525 0.358276 9.9991E-05 0.213167 0.0591659
9.9991E-05 0.511289 0.142033 0.0616091 0.145088 0.139881
0.0207193 0.0560741 0.600729 0.166914 0.155463 9.9991E-05
0.0350305 0.339933 0.353024 0.0897798 0.0371711 0.145062
0.0326222 0.550069 0.0747094 0.0921394 0.12185 0.12861
0.036495 0.303232 0.43322 0.123779 0.0425553 0.0607191
0.072277 0.305648 0.370971 0.0468774 0.204127 9.9991E-05
0.0219804 0.525351 0.228239 0.0788203 0.112056 0.0335535
0.0442423 0.123586 0.51454 0.0904091 0.0817026 0.14552
9.9973E-05 0.580261 0.258444 9.9973E-05 0.160995 9.9973E-05
0.0730471 0.462443 0.280771 9.9991E-05 0.0873674 0.0962714
0.07977 0.0794802 0.192473 0.291801 0.0384851 0.31799
9.9973E-05 9.9973E-05 0.278638 0.540549 9.9973E-05 0.180513
0.0257863 9.9982E-05 0.367336 0.471824 9.9982E-05 0.134854
0.0178381 0.0176242 0.145697 0.37823 0.060553 0.380058
9.9982E-05 0.655107 0.217981 9.9982E-05 0.0158422 0.11087
9.9973E-05 0.212317 9.9973E-05 9.9973E-05 0.0415171 0.745866
0.028997 0.404424 0.518058 9.9991E-05 0.00633924 0.0420826
0.0221389 0.284198 0.623418 0.0383426 9.9991E-05 0.0318025
0.0276646 0.615248 0.161368 0.0609947 0.0291243 0.105601
0.019609 0.489031 0.272319 0.0970379 0.0867544 0.0352479
9.9991E-05 0.588633 0.157299 0.0683264 0.0553365 0.130305
0.0253065 0.319913 0.532606 9.9991E-05 0.107333 0.0147423
9.9973E-05 9.9973E-05 0.0219814 0.00576356 9.9973E-05 0.971955
9.9964E-05 0.0763532 9.9964E-05 9.9964E-05 9.9964E-05 0.923247
0.013074 0.210376 9.9973E-05 9.9973E-05 9.9973E-05 0.77625
0.00737991 0.0989397 9.9982E-05 9.9982E-05 0.0668137 0.826667
9.996E-05 9.996E-05 9.996E-05 9.996E-05 9.996E-05 0.9995
9.9964E-05 9.9964E-05 9.9964E-05 9.9964E-05 0.0316097 0.96799
9.9964E-05 0.166811 9.9964E-05 9.9964E-05 9.9964E-05 0.83279
0.000742549 9.9973E-05 9.9973E-05 9.9973E-05 0.0343503 0.964607
9.996E-05 9.996E-05 9.996E-05 9.996E-05 9.996E-05 0.9995
0.0133047 9.9964E-05 9.9964E-05 9.9964E-05 9.9964E-05 0.986295
0.109543 0.157351 0.0162632 9.9982E-05 9.9982E-05 0.716643
0.00643402 0.0531914 0.0345074 9.9991E-05 0.0673997 0.838367
0.00745734 9.9973E-05 9.9973E-05 9.9973E-05 0.00276804 0.989475
0.039029 0.0485956 0.0190271 0.00631048 0.0904726 0.796565
0.0332012 0.0192731 9.9982E-05 9.9982E-05 0.051526 0.8958
9.9964E-05 9.9964E-05 9.9964E-05 0.00140094 9.9964E-05 0.998199
9.9973E-05 9.9973E-05 9.9973E-05 0.0771759 0.0203361 0.902188
9.996E-05 9.996E-05 9.996E-05 9.996E-05 9.996E-05 0.9995
0.0365784 0.156436 0.0778736 0.00181377 0.0355638 0.691735
9.9982E-05 0.0648169 0.0216794 0.0527814 9.9982E-05 0.860522
0.0481902 9.9982E-05 0.547421 0.340966 9.9982E-05 0.0632221
0.0264839 0.443982 0.184113 0.184661 0.105989 0.0547707
9.9991E-05 0.401215 0.148938 0.296476 0.050815 0.102456
0.0651982 0.163935 0.385939 0.197318 0.00336356 0.184245
0.0295148 0.227755 0.324021 0.216713 9.9991E-05 0.201896
0.00139116 0.37798 0.194657 0.185471 9.9991E-05 0.240401
0.0858269 0.375158 0.202981 0.136123 9.9991E-05 0.199811
0.0702977 0.241748 0.200813 0.207969 9.9991E-05 0.279072
9.9973E-05 0.0292998 9.9973E-05 0.873652 0.0967487 9.9973E-05
0.0902179 9.9973E-05 9.9973E-05 0.854197 9.9973E-05 0.0552848
0.0268962 9.9973E-05 9.9973E-05 0.943695 0.0291085 9.9973E-05
0.0392688 9.9973E-05 9.9973E-05 0.878828 0.0816032 9.9973E-05
0.098261 9.9982E-05 9.9982E-05 0.802367 0.0434332 0.0557386
0.101397 0.0138173 9.9982E-05 0.82126 9.9982E-05 0.0633259
0.0184531 9.9982E-05 9.9982E-05 0.872632 0.034869 0.0738464
0.0416563 9.9982E-05 0.0690515 0.88563 0.00346222 9.9982E-05
0.0404858 0.0146841 0.0441567 0.874551 9.9991E-05 0.0260226
0.0339501 9.9982E-05 9.9982E-05 0.809837 0.0489008 0.107112
0.0849581 9.9982E-05 0.10406 0.520068 0.290714 9.9982E-05
0.0284987 9.9982E-05 0.0414706 0.557736 0.372094 9.9982E-05
0.0874529 9.9982E-05 0.104265 0.465491 0.342591 9.9982E-05
9.9982E-05 0.0139016 0.136972 0.472726 0.376201 9.9982E-05
9.9991E-05 0.581324 0.152773 0.0336534 0.139008 0.0931412
0.0290461 0.53235 0.0348875 9.9991E-05 0.259263 0.144353
0.0267607 0.641637 9.9982E-05 0.0360617 0.295341 9.9982E-05
9.9973E-05 0.378636 0.0368303 9.9973E-05 0.584234 9.9973E-05
9.9991E-05 0.702753 0.0174714 0.161816 0.0705016 0.0473578
9.9982E-05 0.710769 0.16426 9.9982E-05 0.0811017 0.0436687
9.9982E-05 0.629677 0.164711 9.9982E-05 0.147651 0.0577599
9.9982E-05 0.647705 0.275143 9.9982E-05 0.0195625 0.057389
9.9973E-05 0.626698 0.233328 9.9973E-05 0.139674 9.9973E-05
9.9973E-05 0.0672423 0.765503 9.9973E-05 0.166955 9.9973E-05
9.9982E-05 0.409223 0.536962 0.00461589 9.9982E-05 0.048999
0.0231589 0.667603 0.190688 9.9991E-05 0.0660863 0.0523635
9.9982E-05 0.435961 0.288544 0.0423228 0.232972 9.9982E-05
0.0249024 9.9991E-05 0.0398513 0.120495 0.805304 0.00934693
9.9991E-05 0.0676917 0.0515972 0.118939 0.752951 0.00872108
0.00823395 0.00886862 9.9982E-05 0.0315617 0.951136 9.9982E-05
9.9973E-05 9.9973E-05 0.0040311 0.0751303 0.920539 9.9973E-05
9.9973E-05 9.9973E-05 0.00425287 9.9973E-05 0.924865 0.0705826
9.9973E-05 9.9973E-05 9.9973E-05 0.0274811 0.906798 0.0654214
0.025427 0.0472329 9.9982E-05 0.831257 9.9982E-05 0.0958832
9.9982E-05 0.0946812 9.9982E-05 0.847477 0.0270889 0.0305533
0.0469864 0.0780979 0.00036115 0.739421 9.9991E-05 0.135034
0.0377251 0.0704301 9.9991E-05 0.755585 0.0536591 0.0825007
0.0412282 0.0511332 9.9991E-05 0.764811 0.0352429 0.107485
9.9973E-05 9.9973E-05 0.0501645 0.43258 0.516956 9.9973E-05
9.9973E-05 9.9973E-05 0.134981 0.430633 0.434085 9.9973E-05
0.0346439 9.9982E-05 0.0624185 0.422447 0.480291 9.9982E-05
0.9995 9.996E-05 9.996E-05 9.996E-05 9.996E-05 9.996E-05
9.9982E-05 9.9982E-05 0.126933 0.337671 0.521273 0.0139221
0.0334982 0.148556 0.190126 0.163938 9.9991E-05 0.463782
0.0384829 0.385658 9.9982E-05 0.149847 9.9982E-05 0.425812
0.047788 0.263724 0.0954464 0.27793 0.0155204 0.299591
0.00675952 9.9982E-05 0.21281 0.412323 9.9982E-05 0.367908
0.001604 0.577849 0.0211541 0.0314954 0.306841 0.0610567
9.9982E-05 0.380751 0.29969 9.9982E-05 0.211457 0.107902
0.0525198 0.385851 9.9991E-05 0.0396089 0.505931 0.0159899
0.0107459 0.534553 0.318638 0.0161092 0.0719403 0.0480139
9.9964E-05 9.9964E-05 0.799372 9.9964E-05 0.200229 9.9964E-05
0.0168262 0.554179 0.0920126 0.0835238 0.207869 0.045589
0.0547664 0.429698 0.180225 9.9991E-05 0.330897 0.00431347
0.0457254 0.293209 0.398908 0.00580691 0.256251 9.9991E-05
9.9991E-05 0.541134 0.180955 0.052274 0.140922 0.0846146
0.0430981 0.674897 9.9991E-05 0.0247721 0.190934 0.0661991
0.0131789 0.430141 9.9991E-05 0.139147 0.194099 0.223334
9.9982E-05 0.420798 0.195137 9.9982E-05 0.275134 0.108731
0.00859929 0.515581 0.069778 0.00382708 0.313297 0.0889183
0.004129 0.576556 0.0664421 0.0104711 0.172417 0.169985
9.9991E-05 0.526537 0.167906 0.0229047 0.196027 0.0865257
0.0123228 0.706949 0.0184839 0.0723749 0.104462 0.0854078
0.0333828 0.111125 9.9982E-05 0.727427 9.9982E-05 0.127865
0.042221 0.0747078 9.9982E-05 0.828187 9.9982E-05 0.0546838
9.9991E-05 0.0561419 0.0422928 0.824362 0.0553529 0.0217506
0.0506584 0.0780344 0.0554485 0.77581 0.0146529 0.0253962
0.0540649 0.109327 0.00675791 0.788669 0.0050322 0.0361491
0.0480898 0.294936 0.0233552 0.000831936 0.553403 0.0793836
0.0732016 0.638575 0.013211 0.0170613 0.147339 0.110613
0.0480328 0.580307 0.0406649 0.00944278 0.261858 0.0596945
0.0332788 0.221512 0.199059 9.9991E-05 0.385774 0.160276
0.0447269 0.137896 0.194287 0.0519138 0.571077 9.9991E-05
0.0220949 0.563891 0.0581523 9.9991E-05 0.295547 0.0602153
0.00913397 0.244866 0.0507622 0.0556029 0.565444 0.0741909
9.9991E-05 0.460207 0.153978 0.0631926 0.172762 0.14976
0.082795 0.295077 0.128268 0.0741899 0.419569 9.9991E-05
0.0382696 0.226717 0.10733 9.9991E-05 0.560688 0.0668947
0.0422943 0.245662 0.245632 9.9991E-05 0.31643 0.149881
0.036404 0.39902 0.350287 0.0773813 0.103527 0.0333807
0.0230303 0.609781 0.133622 0.194304 9.9991E-05 0.0391621
9.9991E-05 0.416693 0.427105 0.03546 0.0868387 0.0338039
0.114011 0.550277 0.199082 0.0525125 0.0716485 0.012469
0.017457 0.246425 0.670486 9.9991E-05 0.0607703 0.00476188
0.0295705 0.337361 0.569194 9.9991E-05 0.055764 0.00801073
0.049883 0.581933 0.285875 0.0591333 9.9991E-05 0.0230763
0.00864654 0.327056 0.551944 0.0219304 0.0903225 9.9991E-05
9.9991E-05 0.535042 0.273447 0.0131511 0.149416 0.0288439
0.0371802 0.220724 0.0995855 9.9991E-05 0.58262 0.0597895
9.9982E-05 0.254721 0.308552 9.9982E-05 0.323003 0.113523
0.00296105 0.390983 0.0405834 9.9991E-05 0.39194 0.173433
9.9973E-05 0.647024 9.9973E-05 9.9973E-05 0.221659 0.131018
0.0322753 0.433616 0.10398 9.9982E-05 0.429929 9.9982E-05
0.0394283 0.452173 0.0974317 9.9991E-05 0.215738 0.195128
0.0691085 0.533628 0.0220381 0.00768358 0.337978 0.0295643
9.9982E-05 0.4524 0.0390831 9.9982E-05 0.446405 0.0619116
9.9982E-05 0.298156 0.0591396 9.9982E-05 0.474457 0.168047
0.00231684 0.630147 9.9982E-05 9.9982E-05 0.186506 0.18083
0.0483685 0.392802 0.166263 0.0452442 0.245771 0.101552
9.9982E-05 0.542222 0.0786682 9.9982E-05 0.213811 0.165098
0.0704684 0.459446 0.0680391 9.9991E-05 0.323729 0.0782178
0.0314466 0.522949 0.0431104 9.9991E-05 0.233874 0.16852
0.0654562 0.43677 9.9991E-05 0.329858 0.00270531 0.165111
0.0219424 0.367234 0.135595 0.13645 9.9991E-05 0.338678
0.0177796 0.507641 0.0919071 0.0463314 0.092596 0.243745
0.0542313 0.508144 9.9991E-05 0.153104 0.0408389 0.243581
0.0211721 0.487387 0.149873 9.9991E-05 0.235426 0.106042
9.9982E-05 0.0834147 0.51908 0.291502 9.9982E-05 0.105804
0.0208627 0.464965 0.0566286 0.050446 0.0944325 0.312665
0.057231 0.432785 0.108479 9.9991E-05 0.0828538 0.318551
0.0414138 0.30657 0.184656 0.159018 0.105091 0.203251
0.0260311 0.494637 0.0225038 0.20061 9.9991E-05 0.256118
0.0610696 9.9982E-05 0.312605 0.441644 9.9982E-05 0.184481
0.0263286 0.533296 0.00249786 0.180315 0.00808529 0.249477
0.071576 0.452511 0.0943501 0.190963 9.9991E-05 0.1905
0.0106999 0.437012 0.341995 9.9991E-05 0.068342 0.141851
9.9982E-05 0.11967 0.726098 9.9982E-05 0.144574 0.00945782
9.9973E-05 0.0934181 0.784505 9.9973E-05 0.121777 9.9973E-05
9.9991E-05 0.354867 0.118412 0.115178 0.0165554 0.394888
0.0372885 0.197826 0.308346 0.051635 9.9991E-05 0.404805
0.0435711 0.17177 0.228894 0.21897 9.9991E-05 0.336695
0.0666658 0.180224 0.25157 0.119387 9.9991E-05 0.382053
0.0112145 0.0850216 0.682674 0.0649936 9.9991E-05 0.155996
0.0609651 0.149139 0.530682 0.050967 9.9991E-05 0.208147
0.0428786 0.540244 0.232948 9.9982E-05 9.9982E-05 0.18373
9.9982E-05 0.499188 0.232102 0.0904099 9.9982E-05 0.178101
0.0201671 0.323383 0.410844 0.0509412 0.0476848 0.14698
0.00924167 0.575007 0.14874 0.113229 0.0142655 0.139517
9.9982E-05 0.465186 0.225325 0.0424081 9.9982E-05 0.266881
0.0294245 0.437552 0.339894 0.0195048 0.173525 9.9991E-05
0.0839434 0.470656 0.385776 9.9991E-05 0.0295303 0.0299938
9.9991E-05 0.485802 0.290685 0.0773719 0.0710782 0.0749627
0.0265519 0.622361 0.278496 9.9991E-05 0.0141733 0.0583173
9.9982E-05 0.392066 0.408595 9.9982E-05 0.191297 0.00784142
0.019948 0.613219 0.240322 0.0128381 0.0116718 0.102002
9.9982E-05 0.215836 0.660082 9.9982E-05 0.0532009 0.0706805
0.0338841 0.389343 0.381538 9.9991E-05 0.0680132 0.127122
0.0289162 0.35964 0.0872413 0.121372 0.0624322 0.340399
0.0598889 0.335892 0.137949 0.135151 0.017315 0.313804
0.0218037 9.9991E-05 0.603802 0.168413 0.0108742 0.195007
0.0538064 0.539759 0.0929029 0.0115566 9.9991E-05 0.301875
0.0352711 9.9982E-05 0.425415 0.380495 9.9982E-05 0.158619
9.9982E-05 0.40527 0.234936 0.022026 9.9982E-05 0.337568
9.9964E-05 0.250804 0.748796 9.9964E-05 9.9964E-05 9.9964E-05
0.00613303 0.113686 0.858246 9.9982E-05 0.0217347 9.9982E-05
0.0331955 0.629054 0.305112 9.9982E-05 9.9982E-05 0.0324387
0.0628297 0.577483 0.213076 9.9982E-05 9.9982E-05 0.146412
9.9973E-05 0.537278 0.431078 9.9973E-05 0.0313438 9.9973E-05
9.9982E-05 0.652386 0.299453 0.0131127 9.9982E-05 0.0348484
0.0109034 0.63022 0.23508 9.9982E-05 9.9982E-05 0.123597
0.0477989 0.0518258 0.0623323 0.761747 0.0200507 0.0562457
0.0301605 9.9991E-05 0.0188653 0.705393 0.16217 0.0833108
0.0177037 9.9982E-05 9.9982E-05 0.883156 0.0425775 0.0563624
0.0897351 0.0197883 9.9973E-05 0.890177 9.9973E-05 9.9973E-05
0.0462824 0.619176 0.147816 9.9991E-05 0.0899112 0.0967147
0.0599052 0.670517 0.175387 0.0186973 0.075394 9.9991E-05
9.9982E-05 0.551621 0.215425 0.0566528 0.176102 9.9982E-05
0.0201669 0.779808 0.0916517 0.0421219 0.00976898 0.0564819
0.0444789 0.570648 0.384573 9.9973E-05 9.9973E-05 9.9973E-05
0.020425 0.400456 0.0930859 0.224004 0.0156349 0.246394
9.9982E-05 0.535373 0.321657 9.9982E-05 0.045223 0.097547
0.0340545 0.611287 0.224998 9.9982E-05 0.129461 9.9982E-05
9.9982E-05 0.809492 0.130091 9.9982E-05 0.0339156 0.0263019
0.0178558 0.674003 0.191108 0.00856211 0.108372 9.9991E-05
0.0215802 0.735435 0.152999 9.9982E-05 9.9982E-05 0.089786
9.9964E-05 0.410408 0.589192 9.9964E-05 9.9964E-05 9.9964E-05
0.00466391 0.529257 0.415975 0.00842614 0.041578 9.9991E-05
0.025868 0.53444 0.397772 0.000466083 0.0255804 0.0158728
9.9964E-05 0.12859 0.87101 9.9964E-05 9.9964E-05 9.9964E-05
0.0276435 0.673975 0.0739893 0.101995 0.112901 0.00949659
9.9964E-05 0.394008 0.605593 9.9964E-05 9.9964E-05 9.9964E-05
9.9964E-05 0.121433 0.878168 9.9964E-05 9.9964E-05 9.9964E-05
9.9982E-05 0.670282 0.226208 0.0276403 9.9982E-05 0.0756699
0.0130979 0.487808 0.357756 0.0502276 0.0910112 9.9991E-05
9.9991E-05 0.619336 0.0549902 0.0500537 0.186389 0.0891314
9.9991E-05 0.703276 0.116491 0.026984 0.143813 0.00933603
9.9982E-05 0.418739 0.285292 9.9982E-05 0.204445 0.0913245
0.0298961 0.642865 0.19187 9.9991E-05 0.0921696 0.0430985
0.0430136 0.718937 0.0853112 0.044004 0.108634 9.9991E-05
0.00860447 0.597237 0.354536 0.0196536 0.0198686 9.9991E-05
0.0469029 0.0299814 9.9982E-05 0.619512 0.303403 9.9982E-05
0.0721089 0.0827654 9.9982E-05 0.717122 0.127804 9.9982E-05
0.131529 9.9982E-05 0.00493167 0.744686 0.118653 9.9982E-05
0.0902599 9.9982E-05 0.00856757 0.742127 0.158846 9.9982E-05
0.06773 0.0556267 9.9982E-05 0.6638 0.212643 9.9982E-05
9.9982E-05 0.472582 0.246913 0.0238618 0.256444 9.9982E-05
0.015927 0.436545 0.352015 0.0674207 0.127992 9.9991E-05
9.9964E-05 0.436408 0.563192 9.9964E-05 9.9964E-05 9.9964E-05
9.9982E-05 0.480975 0.412302 0.0649469 9.9982E-05 0.041576
0.0135113 0.722141 0.120572 0.0133385 9.9991E-05 0.130338
9.9991E-05 0.550408 0.295735 0.0559225 0.0226022 0.0752333
9.9991E-05 0.749524 0.0892172 0.0421668 0.0698073 0.0491844
9.9973E-05 0.444059 0.369204 9.9973E-05 0.186438 9.9973E-05
0.0307113 0.673558 0.240529 0.0234043 0.0316969 9.9991E-05
0.00374025 0.610723 0.184301 9.9982E-05 0.201036 9.9982E-05
9.9991E-05 0.573007 0.0888859 0.0839817 0.116901 0.137125
0.0392443 0.682698 0.205221 9.9982E-05 0.072637 9.9982E-05
0.029577 0.721014 0.105244 0.0419108 0.0741146 0.02814
0.0335615 0.423928 9.9991E-05 0.114892 0.00381907 0.423699
0.0184699 0.305303 0.0608753 0.103436 9.9991E-05 0.511816
9.9991E-05 0.61275 0.215727 0.0186928 0.0366346 0.116096
0.0931826 0.0425589 9.9982E-05 0.249301 9.9982E-05 0.614758
0.0277254 0.208038 9.9991E-05 0.205278 0.0199 0.538958
0.0558875 0.453942 0.143409 0.132696 9.9991E-05 0.213965
0.0392584 0.627475 0.0997645 0.158328 0.0743061 0.000867739
0.022422 0.544157 0.112469 0.0900733 0.173492 0.0573868
0.0574652 0.237464 9.9991E-05 0.142815 0.00908814 0.553068
0.0403648 0.384397 9.9982E-05 0.0483043 9.9982E-05 0.526734
0.0712318 0.282926 9.9982E-05 0.104641 9.9982E-05 0.541002
0.0714099 0.25333 0.0604189 0.141866 9.9991E-05 0.472875
0.0271475 0.643077 0.142339 0.150988 9.9991E-05 0.0363478
0.0161406 0.145455 0.0485802 0.183879 9.9991E-05 0.605845
0.0189935 0.35872 0.150859 0.182676 0.288652 9.9991E-05
9.9991E-05 0.696216 0.0378447 0.0506161 0.0469568 0.168267
0.0535946 0.584258 0.0844129 0.106796 0.0741955 0.096744
0.0340271 0.652139 0.0726693 0.210067 0.0309976 9.9991E-05
0.0335402 0.366036 0.10047 0.197891 9.9991E-05 0.301963
0.0333856 0.304474 0.0805206 0.188762 0.0403316 0.352526
0.0139111 0.11098 0.00735071 0.223948 9.9991E-05 0.64371
0.053624 0.616738 0.0466359 0.182 0.100902 9.9991E-05
0.0437038 0.238398 0.521833 0.119059 9.9991E-05 0.0769056
0.00458666 0.504508 0.149905 0.125388 0.139578 0.0760343
9.9982E-05 0.457749 0.140891 0.180897 9.9982E-05 0.220264
0.00477759 9.9982E-05 0.466264 0.290538 9.9982E-05 0.238221
0.0991762 9.9982E-05 0.522747 0.255175 9.9982E-05 0.122703
0.0387657 0.285502 0.290488 0.126905 0.0730964 0.185244
0.0768688 9.9982E-05 0.374124 0.308881 9.9982E-05 0.239926
0.0178935 9.9982E-05 0.289029 0.437155 9.9982E-05 0.255722
9.9982E-05 0.325807 0.25143 0.24129 9.9982E-05 0.181273
0.015111 0.339589 0.182517 0.30284 9.9991E-05 0.159842
0.0182931 0.171124 0.299904 0.293341 9.9991E-05 0.217239
0.0682562 0.0155832 0.412957 0.265432 9.9991E-05 0.237672
0.0729476 0.429843 0.0804152 0.110006 0.0941967 0.212591
0.0871658 0.123513 0.448265 0.174247 9.9991E-05 0.166709
0.0708836 9.9982E-05 0.435754 0.386774 9.9982E-05 0.106389
0.0715376 0.265911 0.16381 0.145867 0.0711524 0.281722
0.0558307 0.376636 0.03171 0.218747 0.0886803 0.228395
0.0145685 0.498477 9.9982E-05 0.0970913 9.9982E-05 0.389663
9.9982E-05 0.46657 0.025649 0.216459 9.9982E-05 0.291122
0.0183954 0.436938 9.9982E-05 0.338477 9.9982E-05 0.20599
0.0114038 0.558899 9.9982E-05 0.232399 9.9982E-05 0.197099
0.0747159 0.331963 9.9991E-05 0.221021 0.0129337 0.359267
0.101467 0.339209 0.0548965 0.238753 0.00998063 0.255694
9.9991E-05 0.298604 0.258652 0.128801 0.122464 0.191379
0.070346 0.352446 9.9991E-05 0.28764 0.0319448 0.257523
9.9982E-05 0.0743723 0.216514 0.369711 9.9982E-05 0.339203
0.0202432 0.134148 0.152463 0.289711 9.9991E-05 0.403334
0.0681088 9.9982E-05 0.0622349 0.748649 0.120807 9.9982E-05
9.9982E-05 0.187591 0.0613737 0.0494895 0.701346 9.9982E-05
9.9964E-05 9.9964E-05 9.9964E-05 0.0262972 0.973303 9.9964E-05
0.0336114 9.9964E-05 9.9964E-05 9.9964E-05 0.965989 9.9964E-05
9.9964E-05 9.9964E-05 9.9964E-05 9.9964E-05 0.957767 0.0418336
0.0124818 9.9973E-05 9.9973E-05 9.9973E-05 0.904362 0.0828562
0.026188 0.127067 9.9973E-05 9.9973E-05 0.846445 9.9973E-05
0.0441708 9.9982E-05 9.9982E-05 0.0211866 0.922631 0.0118113
0.0970119 9.9982E-05 9.9982E-05 0.124192 0.764296 0.0143008
0.0582476 0.0400374 9.9982E-05 0.880898 9.9982E-05 0.0206171
0.0649928 0.092533 9.9982E-05 0.777975 0.0642988 9.9982E-05
0.075451 9.9982E-05 0.019687 0.873471 9.9982E-05 0.0311914
0.0439749 0.0790171 9.9982E-05 0.791734 0.0850736 9.9982E-05
0.0425789 0.0114741 9.9991E-05 0.904419 0.0173025 0.0241259
0.0458815 9.9991E-05 0.00815173 0.829014 0.104674 0.0121787
0.155094 9.9982E-05 9.9982E-05 0.579024 0.114027 0.151655
0.0716811 0.0498007 9.9991E-05 0.818164 0.00727463 0.0529796
0.128273 0.0537744 9.9991E-05 0.663129 0.131629 0.0230942
0.0425962 0.0239507 0.0315304 0.861892 9.9991E-05 0.0399306
0.0750619 9.9982E-05 0.00655242 0.864231 0.053955 9.9982E-05
0.0519272 0.0261661 0.0425321 0.815439 9.9991E-05 0.0638352
0.019516 0.0154141 9.9991E-05 0.933503 0.00877008 0.022697
0.0958076 9.9982E-05 9.9982E-05 0.879692 0.0210248 0.00327524
0.0916831 0.0824264 9.9982E-05 0.803996 9.9982E-05 0.0216947
0.101805 0.10147 9.9982E-05 0.739924 9.9982E-05 0.0566011
0.0171447 0.00760518 9.9982E-05 0.783835 9.9982E-05 0.191215
0.0751185 0.104965 9.9982E-05 0.73617 9.9982E-05 0.0835464
0.0988888 0.0580522 9.9982E-05 0.733788 9.9982E-05 0.109071
9.9982E-05 0.531469 0.232605 0.233097 9.9982E-05 0.00262897
0.0181671 0.671978 0.12038 0.137536 9.9991E-05 0.05184
0.0158426 0.215089 0.619164 0.0927329 0.00308204 0.0540888
0.0245153 0.587922 9.9991E-05 0.138956 0.143975 0.104532
9.9991E-05 0.124853 0.598369 0.192459 0.00251413 0.0817041
9.9991E-05 0.573242 0.160616 0.0698179 0.0232404 0.172983
9.9982E-05 0.560421 0.0920059 0.135857 0.211516 9.9982E-05
0.0719387 0.677398 0.126549 0.109193 0.0148212 9.9991E-05
0.0107999 0.708326 0.153746 0.0812412 0.045787 9.9991E-05
0.0404298 0.503213 0.111843 0.183188 0.150702 0.0106241
0.0630319 0.622431 0.0483188 0.0963797 0.121756 0.0480819
9.9982E-05 0.0987011 0.433463 9.9982E-05 0.423691 0.0439446
9.9982E-05 0.0954122 0.679893 0.0900174 0.134478 9.9982E-05
9.9991E-05 0.248003 0.526668 0.159996 0.060248 0.00498513
0.0345341 0.591102 0.152777 0.145071 9.9991E-05 0.0764158
0.0240966 0.530192 0.237374 0.109895 0.0109293 0.0875134
0.0668735 0.479608 9.9991E-05 0.232976 0.0245993 0.195843
0.0137636 0.492377 0.0490878 0.190034 0.0323183 0.222419
9.9991E-05 0.224216 0.0359667 0.492821 0.101452 0.145444
0.0386204 0.42402 0.0340492 0.189802 0.116802 0.196706
0.035773 9.9982E-05 0.440385 0.313851 9.9982E-05 0.209791
0.0062939 0.354238 0.147199 0.287948 9.9991E-05 0.204221
0.0580628 0.276083 0.0537049 0.288789 0.0627527 0.260608
0.0174417 0.430466 0.0230365 0.326683 0.105479 0.0968945
9.9991E-05 0.406313 0.10381 0.210635 0.0149806 0.264162
9.9991E-05 0.345101 0.0932116 0.166285 0.108086 0.287217
0.0817156 0.23978 0.078588 0.382053 9.9991E-05 0.217764
