0.814843 9.9964E-05 9.9964E-05 9.9964E-05 0.0637976 0.0635481 9.9964E-05 0.0574112
0.913248 9.9964E-05 0.0684023 0.0138409 9.9964E-05 0.00410904 9.9964E-05 9.9964E-05
0.778278 0.100569 9.9973E-05 9.9973E-05 0.00617767 0.0330768 9.9973E-05 0.0815986
0.76613 0.0445433 9.9973E-05 0.0317723 0.0845081 0.0727469 9.9973E-05 9.9973E-05
0.846344 0.0632573 9.9964E-05 0.0191822 0.0708162 9.9964E-05 9.9964E-05 9.9964E-05
0.57931 9.9955E-05 9.9955E-05 9.9955E-05 0.0518435 9.9955E-05 0.368347 9.9955E-05
0.712782 9.9946E-05 9.9946E-05 9.9946E-05 9.9946E-05 9.9946E-05 0.286618 9.9946E-05
0.685626 9.9964E-05 9.9964E-05 9.9964E-05 0.000545598 0.0264334 0.286996 9.9964E-05
0.753913 9.99639E-05 0.0276238 9.99639E-05 9.99639E-05 0.0988114 9.99639E-05 0.119252
0.630844 9.9955E-05 9.9955E-05 9.9955E-05 0.112071 9.9955E-05 0.256585 9.9955E-05
0.692129 9.9946E-05 9.9946E-05 9.9946E-05 9.9946E-05 9.9946E-05 0.307271 9.9946E-05
9.9982E-05 0.243898 0.167845 9.9982E-05 0.0668956 0.465725 0.048002 0.00743478
9.9973E-05 0.534221 0.0454401 9.9973E-05 0.0280165 0.302693 9.9973E-05 0.0893299
0.00601111 0.216644 0.0739095 0.0897672 0.0775746 0.379824 0.03009 0.12618
9.9973E-05 0.331012 9.9973E-05 0.0576779 0.149652 0.288709 9.9973E-05 0.172648
0.0750357 0.338073 0.123971 0.00195472 0.129033 0.230708 0.0438955 0.0573296
0.0209662 0.508276 0.0476763 0.0268699 0.146929 0.22484 9.9991E-05 0.0243428
0.0450766 0.462436 0.0544169 9.9991E-05 0.0522061 0.167526 0.18928 0.0289584
0.0529337 0.326377 0.161917 9.9982E-05 0.0245617 0.330507 9.9982E-05 0.103504
0.0670376 9.9982E-05 0.098718 0.00909719 0.0852341 0.579839 0.159875 9.9982E-05
9.9991E-05 0.373397 0.186393 0.0153812 0.104113 0.193677 0.0286627 0.0982754
9.999E-05 0.496609 0.0447502 0.0478706 0.00677332 0.0981964 0.150366 0.155335
0.0360384 0.531039 0.151486 9.9982E-05 0.0022857 0.206867 0.0720841 9.9982E-05
9.9982E-05 0.256129 0.1665 9.9982E-05 0.171138 0.283657 0.0999457 0.0224307
0.0786138 0.530814 0.0614393 0.0695883 0.101019 0.0593342 0.0926888 0.00650249
0.0065829 0.456035 0.0502031 9.9991E-05 0.0925509 0.225215 0.107756 0.0615576
0.0408391 0.191702 0.180294 9.9991E-05 0.112497 0.439355 0.0141972 0.0210151
9.9982E-05 0.131933 0.156107 9.9982E-05 0.194318 0.386678 0.0416239 0.08914
9.9982E-05 0.246056 0.0884157 0.079024 9.9982E-05 0.399354 0.108483 0.0784682
0.815168 0.118568 9.9955E-05 9.9955E-05 0.0657645 9.9955E-05 9.9955E-05 9.9955E-05
0.838975 0.160425 9.9946E-05 9.9946E-05 9.9946E-05 9.9946E-05 9.9946E-05 9.9946E-05
0.71278 0.177815 0.0336846 9.9982E-05 0.0137397 0.0138979 9.9982E-05 0.0478824
0.727373 0.14206 0.0671547 9.9973E-05 0.0617788 9.9973E-05 9.9973E-05 0.00133347
0.0219166 0.453585 0.16702 0.0472597 0.0341485 0.0720491 0.203921 9.9991E-05
0.10117 0.535355 0.247553 0.0244915 9.9982E-05 0.00699865 9.9982E-05 0.0842317
9.9973E-05 0.612417 0.299447 0.03468 0.00945226 9.9973E-05 0.0437046 9.9973E-05
0.0514068 0.163197 0.156727 9.9982E-05 0.0543485 0.533641 9.9982E-05 0.040479
9.9973E-05 0.375078 0.491359 0.0138675 9.9973E-05 0.0259999 0.0933954 9.9973E-05
0.123621 0.477527 0.135835 0.0946252 9.9973E-05 0.168092 9.9973E-05 9.9973E-05
0.0224598 0.666541 0.231607 9.9964E-05 9.9964E-05 9.9964E-05 0.0789914 9.9964E-05
0.0581184 0.492752 0.0822732 9.9982E-05 0.0257645 0.0614497 0.279442 9.9982E-05
0.104508 0.596134 0.116824 9.9973E-05 9.9973E-05 0.00466852 0.177565 9.9973E-05
9.9973E-05 0.121093 0.659347 9.9973E-05 9.9973E-05 0.123147 0.0335656 0.0625475
0.0168939 0.600416 0.0789919 9.9982E-05 0.0135224 9.9982E-05 0.212229 0.0777466
0.0636138 0.504014 0.221444 9.9973E-05 0.0561463 9.9973E-05 0.154482 9.9973E-05
0.0976614 0.518478 0.172731 0.0370015 0.104729 9.9982E-05 9.9982E-05 0.0691993
9.9955E-05 0.343131 0.652317 0.00405159 9.9955E-05 9.9955E-05 9.9955E-05 9.9955E-05
0.0418833 0.690305 0.147963 9.9973E-05 9.9973E-05 9.9973E-05 0.115485 0.00406299
0.110843 0.493727 0.126682 0.12009 0.036808 0.00413408 0.0432958 0.0644203
0.0517609 9.9973E-05 0.724694 9.9973E-05 9.9973E-05 0.0440083 0.0249562 0.154281
9.9982E-05 0.204215 0.226304 0.0672769 9.9982E-05 0.409275 0.0440026 0.0487263
9.9982E-05 0.0496966 0.199338 0.173989 9.9982E-05 0.16467 0.232935 0.179171
0.0215111 0.479347 0.1063 0.0265767 0.0362097 0.158111 0.100422 0.0715228
0.104101 0.56861 9.9982E-05 9.9982E-05 0.0479503 0.059059 0.143394 0.0766852
0.0129249 0.546979 0.0743898 0.121995 0.133109 0.0503361 0.0218893 0.038377
0.0799145 0.197501 0.177892 0.0314824 9.9991E-05 0.428664 0.0304766 0.0539696
9.9973E-05 0.66307 9.9973E-05 0.0997393 9.9973E-05 0.153006 0.0424998 0.041386
0.0522342 0.471297 0.141857 9.9991E-05 0.1426 0.087927 0.0898664 0.0141184
0.0994786 0.26784 0.25331 0.0395604 0.0184324 0.197913 0.123366 9.9991E-05
0.170239 0.105422 0.101448 0.0594108 9.9991E-05 0.343782 0.0521022 0.167497
0.0280944 0.54009 0.216383 9.9991E-05 0.0414913 0.0896369 0.0524761 0.0317274
9.9982E-05 0.461848 0.0436755 0.0442662 0.00125454 0.256555 9.9982E-05 0.192201
0.022066 0.0485524 0.273779 0.00325252 9.9991E-05 0.420988 0.162576 0.0686864
9.9973E-05 0.525202 0.0375727 0.107011 9.9973E-05 0.184462 9.9973E-05 0.145453
9.9973E-05 0.647682 0.0823557 0.188989 9.9973E-05 0.0427922 9.9973E-05 0.0378813
0.0569537 0.551172 0.0255153 9.9991E-05 0.0887927 0.106807 0.0706147 0.100044
0.0648961 0.284569 0.221389 0.0471896 9.9991E-05 0.259462 0.0579629 0.0644314
9.9964E-05 0.578782 0.100367 9.9964E-05 9.9964E-05 0.176534 9.9964E-05 0.143918
0.0149459 0.655642 0.090218 9.9982E-05 9.9982E-05 0.149012 0.0128837 0.0770988
0.00482246 0.212299 0.153151 0.0536363 9.9991E-05 0.361491 0.117487 0.0970136
9.9955E-05 0.536636 0.396997 9.9955E-05 9.9955E-05 0.0658674 9.9955E-05 9.9955E-05
0.0208239 0.159724 0.794909 9.9964E-05 9.9964E-05 0.024144 9.9964E-05 9.9964E-05
9.9991E-05 0.406718 0.144997 0.131142 0.154154 0.0258327 0.0964523 0.040605
9.9955E-05 9.9955E-05 0.921917 0.0536115 9.9955E-05 9.9955E-05 9.9955E-05 0.0239717
9.9982E-05 0.0139841 0.709028 0.133541 9.9982E-05 0.0333896 0.0546748 0.0551826
9.9955E-05 0.286438 0.690032 0.0230304 9.9955E-05 9.9955E-05 9.9955E-05 9.9955E-05
0.0348486 0.464935 0.446908 9.9964E-05 9.9964E-05 0.052909 9.9964E-05 9.9964E-05
0.170411 0.552684 0.276405 9.9955E-05 9.9955E-05 9.9955E-05 9.9955E-05 9.9955E-05
9.9973E-05 0.434747 0.43144 9.9973E-05 0.08048 0.038593 9.9973E-05 0.0144407
0.0671141 0.140338 0.588979 9.9973E-05 0.0058639 0.197405 9.9973E-05 9.9973E-05
0.0515873 0.275473 0.423188 9.9964E-05 9.9964E-05 0.249352 9.9964E-05 9.9964E-05
0.0568908 0.548124 0.179884 9.9982E-05 0.0605566 0.138419 9.9982E-05 0.0159249
0.0558588 0.260881 0.541293 9.9982E-05 0.00769371 0.0925407 0.0415329 9.9982E-05
0.0194033 0.391356 0.452103 9.9973E-05 0.0381363 9.9973E-05 0.0987015 9.9973E-05
0.0156235 0.34049 0.612432 0.0199531 9.9973E-05 9.9973E-05 0.0112016 9.9973E-05
0.00832025 9.9982E-05 0.689395 0.114412 0.0137006 0.0094239 9.9982E-05 0.164548
0.0338572 0.633815 0.223107 9.9982E-05 9.9982E-05 0.0292623 0.0680669 0.0116917
0.765585 0.0763784 0.0317243 9.9973E-05 0.0721244 0.0538884 9.9973E-05 9.9973E-05
0.886008 0.111966 0.00152688 9.9955E-05 9.9955E-05 9.9955E-05 9.9955E-05 9.9955E-05
0.844484 0.106354 9.9955E-05 9.9955E-05 9.9955E-05 9.9955E-05 9.9955E-05 0.048662
0.82767 0.0500441 9.9964E-05 9.9964E-05 0.0470417 9.9964E-05 9.9964E-05 0.0748438
0.840246 0.0828 0.000653994 9.9964E-05 9.9964E-05 9.9964E-05 9.9964E-05 0.0759002
0.827846 0.0342965 0.00566913 9.9973E-05 0.0226733 9.9973E-05 9.9973E-05 0.109215
0.872257 0.063023 9.9982E-05 0.00234334 0.0134922 9.9982E-05 0.00683638 0.0418483
0.155582 0.525438 0.241474 9.9982E-05 9.9982E-05 0.0353424 0.00757494 0.0343878
0.0957346 0.453825 0.28061 9.9973E-05 0.0986454 0.0708852 9.9973E-05 9.9973E-05
0.0808846 0.0752787 0.794356 0.0165817 0.00683121 0.0258678 9.9982E-05 9.9982E-05
0.0455614 0.581934 0.140658 0.0118822 0.0929908 0.123822 9.9991E-05 0.00305155
0.0066733 0.442843 0.442057 0.00266713 0.00458904 0.0233292 0.0777418 9.9991E-05
0.0357314 0.568484 0.215787 0.097543 0.0412289 9.9982E-05 0.0410259 9.9982E-05
0.00355078 0.501695 0.21552 0.113397 0.0221073 9.9982E-05 0.14353 9.9982E-05
0.00569484 0.40261 0.396026 0.0824376 0.112932 9.9973E-05 9.9973E-05 9.9973E-05
0.0729535 9.9964E-05 0.757039 9.9964E-05 9.9964E-05 0.167572 0.00203538 9.9964E-05
0.0498164 0.476627 0.0638713 0.0743511 0.0523775 0.116377 0.125965 0.0406151
0.0755192 0.636666 0.0678439 0.0439669 0.00196341 9.9991E-05 0.132519 0.0414216
0.0667107 0.576778 0.134236 9.9982E-05 0.00877364 0.133849 9.9982E-05 0.0794523
9.9982E-05 0.298226 0.544052 9.9982E-05 0.00748216 0.00661936 0.0188112 0.124609
9.9973E-05 0.426922 0.439325 0.101402 0.0263688 9.9973E-05 9.9973E-05 0.00568291
9.9982E-05 0.470077 0.326989 0.0172064 0.00478043 0.131553 0.0491935 9.9982E-05
9.9964E-05 0.248662 0.606098 9.9964E-05 0.12908 9.9964E-05 0.0157606 9.9964E-05
0.0320306 0.532085 0.36258 9.9973E-05 9.9973E-05 0.0517926 0.0212119 9.9973E-05
0.052362 0.592009 0.0692581 0.0485186 9.9991E-05 0.052989 0.0213391 0.163424
9.9973E-05 0.227711 0.0509614 0.13063 9.9973E-05 0.399403 9.9973E-05 0.190994
0.0354196 0.381588 0.0234205 9.9991E-05 0.0730335 0.264933 0.175109 0.0463962
0.0874659 0.496183 0.00418542 0.171129 0.0265214 0.214315 9.9982E-05 9.9982E-05
0.0968741 0.485138 0.177927 9.9982E-05 0.0766639 0.122976 0.0402212 9.9982E-05
0.0437427 0.495918 9.9982E-05 0.0604357 9.9982E-05 0.361021 0.0116983 0.0269848
9.9973E-05 0.580513 9.9973E-05 0.0150025 9.9973E-05 0.229064 0.0855722 0.0895485
9.9973E-05 0.434473 9.9973E-05 0.0418141 0.0345556 0.45142 9.9973E-05 0.0374375
0.041038 0.534558 9.9982E-05 0.079346 9.9982E-05 0.147539 0.155055 0.0422644
0.0859337 0.556449 0.0227191 0.0870941 0.010195 0.161316 0.0761927 9.9991E-05
0.0249797 0.608933 0.133299 0.0801996 9.9982E-05 0.117124 9.9982E-05 0.035265
0.0127056 0.548046 0.0469564 0.0148956 9.9991E-05 0.33483 0.00527491 0.0371911
0.0540679 0.632822 0.0808735 0.0125485 0.0306566 0.1171 9.9991E-05 0.0718308
0.0767241 0.592048 9.9991E-05 0.0947732 0.0547999 0.0857086 0.0769353 0.0189108
9.9973E-05 0.528965 0.000715478 0.153537 0.0807789 0.235703 9.9973E-05 9.9973E-05
0.0414079 0.48783 0.0801024 0.107494 0.0596939 0.131468 0.00301761 0.0889869
9.9973E-05 0.608474 9.9973E-05 0.00968604 0.0452365 0.253621 9.9973E-05 0.0826821
0.104895 0.338919 9.9973E-05 0.147453 9.9973E-05 0.208615 9.9973E-05 0.199818
0.00987081 0.682388 9.9982E-05 0.00875168 9.9982E-05 0.209223 0.0551276 0.0344381
0.00415214 0.679893 9.9982E-05 0.0323133 9.9982E-05 0.183983 0.00448027 0.0949784
9.9982E-05 0.245643 0.135996 0.135469 0.086046 0.376736 9.9982E-05 0.0199109
9.9982E-05 0.164023 0.0479761 0.195019 9.9982E-05 0.270134 0.0876519 0.234996
0.00183048 0.502965 0.0272535 9.9991E-05 0.0762055 0.223661 0.0735071 0.0944781
9.9973E-05 0.123292 0.135928 0.330901 9.9973E-05 0.309956 9.9973E-05 0.0996236
0.0042984 0.200232 0.219097 0.0950216 0.0387683 0.418809 9.9991E-05 0.0236739
0.0399593 0.394005 0.196652 9.9973E-05 9.9973E-05 0.287764 0.0813206 9.9973E-05
0.0468817 0.33064 0.140956 0.0785097 9.9982E-05 0.398053 0.00476018 9.9982E-05
9.9973E-05 0.199571 0.114631 9.9973E-05 0.0686697 0.451076 0.165752 9.9973E-05
0.0176411 0.544971 0.0846334 0.0692495 0.0325475 0.132347 0.0614312 0.0571794
9.9991E-05 0.585678 0.0101175 0.0435151 0.0509963 0.148982 0.035404 0.125207
0.104469 0.51879 0.0646024 0.0697903 9.9982E-05 0.168975 0.0731736 9.9982E-05
9.9991E-05 0.171948 0.119622 0.119262 0.0148389 0.361363 0.0582844 0.154581
0.133596 0.424751 0.117254 9.9982E-05 9.9982E-05 0.099261 0.109752 0.115186
9.9973E-05 0.530377 0.0770161 0.113398 9.9973E-05 9.9973E-05 0.103456 0.175453
0.0603028 9.9982E-05 0.134233 0.186746 9.9982E-05 0.0538698 0.370628 0.19402
0.0715098 0.689948 0.028197 0.0874489 0.00163412 0.0574629 0.0636997 9.9991E-05
0.024892 0.26612 0.170453 0.0549216 9.9991E-05 0.119626 0.118861 0.245027
0.0554484 0.436521 0.0429317 0.154614 9.9991E-05 0.0217667 0.0998587 0.188759
0.0171062 0.193265 0.111131 9.9991E-05 0.0157241 0.0746666 0.364216 0.223791
0.0107093 0.207636 0.0570318 0.109713 9.9991E-05 0.0918163 0.368581 0.154412
9.9982E-05 0.369567 0.129872 0.207022 9.9982E-05 0.131252 0.13097 0.0311164
0.108403 0.440034 0.0642766 9.9991E-05 0.00545529 0.132445 0.229834 0.0194508
0.037504 0.450497 0.0154796 0.0243248 0.0270842 0.145174 0.15027 0.149667
0.037813 0.0931701 0.301615 0.0625943 0.0754767 0.0414662 0.145851 0.242015
9.9982E-05 0.466507 9.9982E-05 0.182861 0.0619262 0.0483644 0.191314 0.048828
9.9982E-05 0.293275 0.204455 0.0595741 9.9982E-05 0.0852391 0.297261 0.059995
9.9991E-05 0.459388 0.14588 0.0569538 0.0029338 0.0692338 0.128905 0.136605
0.107328 0.51141 0.102028 0.0779399 0.105796 9.9991E-05 0.0572547 0.0381424
0.237553 0.151565 0.0155248 9.9982E-05 0.204484 9.9982E-05 0.232644 0.158028
0.33736 9.9964E-05 9.9964E-05 9.9964E-05 0.0538805 9.9964E-05 0.0703319 0.538028
0.293839 9.9973E-05 9.9973E-05 0.0389822 0.0506855 9.9973E-05 0.0780194 0.538174
0.270746 0.114485 9.9982E-05 9.9982E-05 0.294082 0.0159893 0.0332102 0.271287
9.9964E-05 0.609636 0.0587659 0.00113021 9.9964E-05 9.9964E-05 0.330068 9.9964E-05
0.0513775 0.437849 0.0969771 0.120411 0.101543 0.0623389 0.129404 9.9991E-05
9.9955E-05 0.315009 9.9955E-05 9.9955E-05 0.647653 0.0368381 9.9955E-05 9.9955E-05
0.0327965 0.255051 0.0439705 0.0465173 0.52872 0.0927452 9.9982E-05 9.9982E-05
0.0271696 0.348304 0.0298716 0.0525067 0.456658 0.0480377 0.0373519 9.9991E-05
9.9982E-05 0.223322 0.123599 0.151474 0.0291245 9.9982E-05 0.433014 0.0392671
9.9982E-05 0.424601 0.145472 0.120029 0.119461 9.9982E-05 0.154502 0.0357357
9.9973E-05 0.123498 0.0255361 0.237361 9.9973E-05 9.9973E-05 0.482587 0.130717
0.0250015 0.534685 0.00982558 0.0951713 9.9991E-05 0.00590005 0.26789 0.0614259
0.000122035 0.374172 0.0547015 0.201388 0.0791253 0.0654202 0.224971 9.9991E-05
9.9973E-05 0.430657 0.0566611 9.9973E-05 0.0803659 0.0271513 0.404865 9.9973E-05
9.9973E-05 0.122407 0.098315 0.111817 9.9973E-05 9.9973E-05 0.562287 0.104874
0.00906216 0.513174 0.0498587 9.9991E-05 0.111582 0.112457 0.109465 0.0943008
0.0267539 0.495091 0.0229355 0.0909745 0.0153294 0.0934946 0.126707 0.128714
9.9955E-05 9.9955E-05 9.9955E-05 0.0092477 0.979294 9.9955E-05 0.0109588 9.9955E-05
9.9955E-05 9.9955E-05 9.9955E-05 0.061476 0.931601 9.9955E-05 0.00642287 9.9955E-05
0.0431226 0.1332 0.079394 9.9982E-05 0.598206 0.057204 0.0886727 9.9982E-05
0.0224536 0.328136 9.9955E-05 9.9955E-05 0.648911 9.9955E-05 9.9955E-05 9.9955E-05
0.00510585 0.0902992 0.0297816 9.9982E-05 0.818878 0.0132644 9.9982E-05 0.0424706
9.9946E-05 9.9946E-05 9.9946E-05 9.9946E-05 0.982464 9.9946E-05 9.9946E-05 0.0169368
9.9955E-05 9.9955E-05 9.9955E-05 9.9955E-05 0.968086 0.00361525 9.9955E-05 0.0277988
9.9946E-05 0.165388 9.9946E-05 9.9946E-05 0.834012 9.9946E-05 9.9946E-05 9.9946E-05
9.9946E-05 9.9946E-05 9.9946E-05 9.9946E-05 0.953952 0.0454483 9.9946E-05 9.9946E-05
9.9946E-05 9.9946E-05 9.9946E-05 0.00986682 0.989534 9.9946E-05 9.9946E-05 9.9946E-05
9.994E-05 9.994E-05 9.994E-05 9.994E-05 0.9993 9.994E-05 9.994E-05 9.994E-05
0.0698798 0.201324 9.9964E-05 0.0127866 0.71561 9.9964E-05 9.9964E-05 9.9964E-05
9.9964E-05 0.105176 9.9964E-05 9.9964E-05 0.821332 0.00954686 9.9964E-05 0.0635455
9.9946E-05 9.9946E-05 0.0163114 9.9946E-05 0.983089 9.9946E-05 9.9946E-05 9.9946E-05
9.9982E-05 0.349044 0.049504 9.9982E-05 0.401856 0.134095 0.0112954 0.0540062
9.9964E-05 0.311948 9.9964E-05 9.9964E-05 0.592522 0.0369227 9.9964E-05 0.0582079
0.0538458 0.226658 9.9955E-05 9.9955E-05 0.718996 9.9955E-05 9.9955E-05 9.9955E-05
0.0784604 0.0922058 9.9964E-05 9.9964E-05 0.800941 0.0279925 9.9964E-05 9.9964E-05
9.9946E-05 9.9946E-05 9.9946E-05 9.9946E-05 0.993608 9.9946E-05 9.9946E-05 0.00579188
0.0742758 0.0695826 9.9964E-05 9.9964E-05 0.845584 0.0101581 9.9964E-05 9.9964E-05
9.9946E-05 9.9946E-05 9.9946E-05 9.9946E-05 0.959154 9.9946E-05 0.0402466 9.9946E-05
9.9982E-05 0.206376 9.9982E-05 0.0344018 0.642105 0.0109828 0.0385509 0.0673833
0.0311369 9.9973E-05 0.0470516 0.0294154 0.882541 9.9973E-05 0.00955493 9.9973E-05
0.251762 9.9973E-05 9.9973E-05 0.133349 0.00843917 9.9973E-05 0.414692 0.191458
0.144334 0.357164 9.9991E-05 0.10939 0.0759938 0.00794524 0.203686 0.101387
0.14878 0.362659 0.103422 9.9991E-05 0.027723 0.0284848 0.179045 0.149787
0.113684 0.178444 0.0248684 0.0924863 0.0732536 0.00467774 0.281037 0.23155
0.145826 0.287718 9.9991E-05 0.0867541 0.171735 0.0165793 0.202219 0.0890696
0.157398 0.125104 0.0591703 0.01068 0.0727018 9.9991E-05 0.31598 0.258866
0.136872 0.375209 0.0266617 0.0786623 0.112417 0.0856112 0.174111 0.0104552
0.0167692 0.213982 9.9973E-05 9.9973E-05 0.237557 9.9973E-05 0.417078 0.114314
0.0597628 0.382318 0.0457184 0.0447066 0.129279 9.9991E-05 0.240287 0.0978288
0.11998 0.244881 9.9973E-05 9.9973E-05 0.214842 9.9973E-05 0.339667 0.0803298
0.0764798 0.425945 9.9982E-05 9.9982E-05 0.0806483 0.117464 0.246526 0.0527364
0.816105 0.0171791 9.9973E-05 9.9973E-05 9.9973E-05 0.0835106 0.0500854 0.0328203
0.908735 9.9964E-05 9.9964E-05 0.00695193 0.0526161 9.9964E-05 9.9964E-05 0.0312967
0.897621 0.0205122 9.99702E-05 9.99702E-05 9.99702E-05 0.0266023 9.99702E-05 0.0548649
0.866527 0.0192335 0.00878606 9.9973E-05 9.9973E-05 0.0220389 9.9973E-05 0.0831149
0.795569 0.00409622 9.9973E-05 9.9973E-05 0.00981406 0.0888502 9.9973E-05 0.10137
0.803684 9.9964E-05 9.9964E-05 0.00471262 0.0950382 9.9964E-05 9.9964E-05 0.0961654
0.802895 0.00737856 9.9964E-05 9.9964E-05 0.0938463 9.9964E-05 9.9964E-05 0.0954808
0.852673 0.0259074 9.9973E-05 0.0450814 9.9973E-05 0.0161045 9.9973E-05 0.0599338
0.792021 0.0384955 9.9955E-05 9.9955E-05 9.9955E-05 9.9955E-05 9.9955E-05 0.168984
0.738576 0.0375267 9.9964E-05 9.9964E-05 0.0773897 9.9964E-05 9.9964E-05 0.146108
0.621853 9.9964E-05 0.116966 0.0270513 9.9964E-05 0.23373 9.9964E-05 9.9964E-05
0.527467 9.9964E-05 0.0314956 9.9964E-05 9.9964E-05 0.356833 9.9964E-05 0.0838045
0.523293 9.9964E-05 0.0977621 9.9964E-05 9.9964E-05 0.294761 9.9964E-05 0.0837848
0.478724 9.9964E-05 0.133867 9.9964E-05 9.9964E-05 0.251847 0.135162 9.9964E-05
0.0142367 0.514912 0.334522 9.9973E-05 9.9973E-05 0.0998507 0.036179 9.9973E-05
0.0833186 0.546128 0.189366 0.0898325 9.9982E-05 0.0603217 0.0308335 9.9982E-05
9.9991E-05 0.561752 0.101581 0.0150552 0.0371007 0.106137 0.176145 0.00212895
0.0530869 0.425938 0.177154 0.0627514 9.9982E-05 0.274248 9.9982E-05 0.0066223
9.9982E-05 0.178189 0.129552 0.0245785 0.00504451 0.589616 0.0728201 9.9982E-05
0.072107 0.656963 0.18215 0.0778154 9.9982E-05 0.00549082 0.00527329 9.9982E-05
9.9982E-05 0.481803 0.324021 0.035698 0.0472618 0.101337 9.9982E-05 0.00967893
9.9982E-05 0.475018 0.265917 0.142766 9.9982E-05 0.0135626 0.0172892 0.0852478
9.9964E-05 0.326472 0.529103 0.103615 0.0404097 9.9964E-05 9.9964E-05 9.9964E-05
0.036877 0.657019 0.0917816 0.0219205 9.9991E-05 0.138905 0.0218766 0.0315202
9.9973E-05 0.349063 0.351199 9.9973E-05 0.0254452 0.170499 0.103494 9.9973E-05
9.9955E-05 9.9955E-05 0.786991 0.103849 9.9955E-05 0.10866 9.9955E-05 9.9955E-05
0.0891174 0.478938 0.217083 9.9991E-05 0.0235822 0.142085 0.0019546 0.0471398
9.9964E-05 0.23598 0.554124 0.15156 9.9964E-05 9.9964E-05 9.9964E-05 0.0579364
9.9973E-05 0.535812 0.246623 0.0956173 9.9973E-05 0.0279138 9.9973E-05 0.0937337
0.0649586 0.116165 0.629649 9.9973E-05 9.9973E-05 0.183917 0.00501019 9.9973E-05
0.159483 9.9955E-05 9.9955E-05 9.9955E-05 9.9955E-05 0.681989 0.158029 9.9955E-05
0.103215 0.00415044 9.9973E-05 0.021456 9.9973E-05 0.709155 0.161724 9.9973E-05
0.0600035 9.9964E-05 9.9964E-05 0.0792438 9.9964E-05 0.782384 0.077969 9.9964E-05
0.109814 9.9973E-05 0.0108428 0.00723955 9.9973E-05 0.749938 0.121866 9.9973E-05
0.026542 0.0197485 9.9982E-05 0.0686631 0.0141317 0.765751 0.104964 9.9982E-05
0.113546 0.0423212 9.9982E-05 0.0135538 0.0274454 0.719211 0.0837222 9.9982E-05
0.825255 0.109801 0.00186676 0.000433366 0.0208883 9.9982E-05 9.9982E-05 0.041555
0.77946 0.100281 9.9973E-05 9.9973E-05 0.0264995 0.0908332 9.9973E-05 0.00262693
0.768634 0.152937 9.9964E-05 0.00445895 0.0735703 9.9964E-05 9.9964E-05 9.9964E-05
0.739205 0.0837497 9.9973E-05 9.9973E-05 0.101504 0.0691565 9.9973E-05 0.00608466
0.726052 0.0868609 9.9982E-05 9.9982E-05 0.10448 0.0290334 0.00536844 0.0480051
0.399208 9.9955E-05 9.9955E-05 9.9955E-05 9.9955E-05 0.515773 0.0845187 9.9955E-05
0.497144 9.9973E-05 0.0626244 0.0374004 9.9973E-05 0.333518 0.0690134 9.9973E-05
0.434445 9.9973E-05 0.053088 0.0965583 0.00916497 0.406443 9.9973E-05 9.9973E-05
0.80164 0.116618 9.9964E-05 9.9964E-05 0.0379923 0.0433494 9.9964E-05 9.9964E-05
0.348427 9.9973E-05 0.0965661 9.9973E-05 0.00434401 0.518377 9.9973E-05 0.0319861
0.136443 0.348693 9.9982E-05 0.00118949 0.23902 9.9982E-05 0.010445 0.26401
0.108102 0.559853 0.0195928 0.0123602 0.222907 0.0724992 0.00458563 9.9991E-05
0.182185 0.530719 9.9964E-05 9.9964E-05 0.272513 9.9964E-05 9.9964E-05 0.0141826
0.216465 0.366217 9.9982E-05 9.9982E-05 0.2111 0.00829611 0.101009 0.096714
0.0611366 0.399762 0.0292666 0.0424658 0.192978 0.040902 0.190334 0.0431545
0.338071 0.0058159 0.00444341 9.9982E-05 0.296572 9.9982E-05 0.0199675 0.33493
9.9982E-05 0.490965 0.110486 0.0536693 9.9982E-05 0.278125 0.0628162 0.00373738
0.0422559 0.396621 0.148688 0.147597 9.9991E-05 0.187371 0.0013987 0.0759695
0.0817611 0.348029 9.9973E-05 9.9973E-05 9.9973E-05 0.530892 0.00970175 0.0293168
9.9973E-05 0.449921 0.054137 0.276656 9.9973E-05 0.197506 0.0214806 9.9973E-05
9.9973E-05 9.9973E-05 0.220508 0.438346 9.9973E-05 0.152872 0.025174 0.1628
0.074295 0.638327 0.0288306 0.00668131 0.000392871 0.133344 9.9991E-05 0.118029
9.9991E-05 0.442391 0.0474598 0.207969 0.0111173 0.192631 0.00940893 0.0889235
0.0368976 0.364598 0.00624378 0.0918183 9.9991E-05 0.412419 0.0503289 0.037594
0.0500097 0.55958 0.172849 0.0415546 0.0246422 0.0610384 0.0877442 0.00258238
9.9982E-05 0.0963149 0.287906 0.120133 9.9982E-05 0.201577 0.0581037 0.235765
9.9991E-05 0.426448 0.0726241 0.235292 0.00699198 0.153562 0.0552258 0.0497558
9.99794E-05 0.603987 0.0865841 0.0221713 9.99794E-05 0.213728 0.0732291 9.99794E-05
0.13669 0.386499 0.206878 9.9991E-05 0.167878 0.0169555 0.0663534 0.0186462
9.9982E-05 0.394519 0.0280459 0.183004 9.9982E-05 0.288695 0.0365484 0.0689873
0.00870052 0.484401 0.0735312 0.054761 9.9991E-05 0.291524 0.0421954 0.044787
9.9982E-05 0.425753 0.192378 0.16696 0.0589117 0.103514 0.0522831 9.9982E-05
9.9982E-05 0.56032 0.0240065 0.120738 9.9982E-05 0.139036 0.0973195 0.05838
9.9982E-05 0.538189 0.0184764 0.126654 0.130361 0.14977 0.0363494 9.9982E-05
0.0385493 0.540421 9.9982E-05 0.0647814 9.9982E-05 0.251746 0.0828457 0.0214566
0.0993686 0.549656 0.00917112 9.9973E-05 9.9973E-05 0.228854 0.112651 9.9973E-05
0.76412 0.107184 9.9964E-05 9.9964E-05 0.0987555 9.9964E-05 0.0295408 9.9964E-05
0.801093 0.0518533 0.0275788 0.0244383 0.0592809 9.9982E-05 0.0355559 9.9982E-05
0.724919 0.0310858 0.0614967 9.9982E-05 0.0244958 0.00786895 0.149934 9.9982E-05
0.787691 9.9973E-05 0.0615608 9.9973E-05 0.0825416 0.061844 0.00606271 9.9973E-05
0.803546 0.0384066 9.9964E-05 9.9964E-05 0.0413999 9.9964E-05 0.116248 9.9964E-05
9.9973E-05 0.13627 0.0210996 9.9973E-05 0.0541647 0.643104 9.9973E-05 0.145061
0.0116558 0.540781 9.9982E-05 0.167274 9.9982E-05 0.135673 0.00872691 0.135689
0.236943 0.448665 9.9973E-05 0.0291317 0.128239 9.9973E-05 0.156722 9.9973E-05
0.0325529 0.663473 9.9973E-05 0.0216332 9.9973E-05 0.25633 9.9973E-05 0.0257114
9.9982E-05 0.520367 0.10142 0.0524766 0.0165141 0.269412 9.9982E-05 0.0396112
9.9964E-05 0.30742 9.9964E-05 0.134717 9.9964E-05 0.409612 9.9964E-05 0.147851
0.0599634 0.0218625 0.132465 9.9982E-05 9.9982E-05 0.587846 0.0040152 0.193647
0.0305656 0.48929 0.0271673 0.0591876 9.9982E-05 0.333174 0.0604161 9.9982E-05
0.125943 0.153147 0.0403292 0.139692 0.023664 0.517025 9.9982E-05 9.9982E-05
0.0151858 0.479511 0.122636 0.0878396 9.9991E-05 0.139011 0.00244518 0.153271
0.101723 0.158878 0.0805527 0.0791761 0.0316907 0.45706 9.9991E-05 0.0908191
0.0865114 0.511515 9.9982E-05 0.0260986 0.0735151 0.22151 0.0806497 9.9982E-05
0.06214 0.192643 0.0284202 0.0758425 0.0643651 0.53256 0.0229054 0.0211236
9.9991E-05 0.306201 0.087361 0.0985704 0.0401081 0.26538 0.102007 0.100273
0.0178327 0.446296 9.9991E-05 0.117283 0.0444166 0.0407925 0.311685 0.021594
9.9982E-05 0.193685 9.9982E-05 0.126059 0.0180001 0.0588245 0.563901 0.0393306
0.0112798 0.535486 9.9973E-05 9.9973E-05 9.9973E-05 0.0393707 0.372413 0.0411507
0.102342 0.524138 0.0295063 0.0459348 9.9982E-05 9.9982E-05 0.128305 0.169574
9.9982E-05 0.204226 0.0880941 0.105928 9.9982E-05 0.0287492 0.543088 0.0297145
0.041924 0.472959 9.9991E-05 0.145038 0.0834172 0.0550751 0.17441 0.0270764
0.0286213 0.481515 0.00616157 0.111216 9.9982E-05 9.9982E-05 0.344035 0.0282516
9.9973E-05 9.9973E-05 0.0499386 0.225015 9.9973E-05 0.0338715 0.689291 0.00158328
9.9973E-05 0.14685 0.151946 0.0373235 9.9973E-05 9.9973E-05 0.520741 0.142839
0.0105224 0.405074 9.9973E-05 0.111681 9.9973E-05 0.101557 0.370866 9.9973E-05
9.9982E-05 0.0481893 0.228911 0.0837075 9.9982E-05 0.0506519 0.576249 0.0120916
9.9973E-05 0.298709 0.103356 9.9973E-05 9.9973E-05 0.0811701 0.427391 0.0890742
9.9973E-05 0.148813 0.13992 0.0707387 9.9973E-05 0.574703 9.9973E-05 0.0655256
9.9973E-05 0.287464 9.9973E-05 0.261293 0.0158685 0.391547 9.9973E-05 0.043527
0.0481261 0.330603 0.0772882 0.0969542 0.0340169 0.396435 9.9991E-05 0.016477
9.9955E-05 0.629023 9.9955E-05 9.9955E-05 9.9955E-05 0.264587 9.9955E-05 0.105891
9.9973E-05 0.298411 0.170229 0.0298723 9.9973E-05 0.486806 0.0143815 9.9973E-05
9.9973E-05 0.446184 9.9973E-05 0.138738 0.0619327 0.205485 9.9973E-05 0.147361
0.000518775 0.587755 0.0584683 9.9982E-05 0.0369128 0.231424 9.9982E-05 0.0847214
0.0277212 0.517345 0.11364 0.010965 0.0466005 0.283529 9.9982E-05 9.9982E-05
9.9964E-05 0.570183 9.9964E-05 0.151607 0.0584432 0.219367 9.9964E-05 9.9964E-05
9.9973E-05 0.464384 0.165912 9.9973E-05 0.0307971 0.268078 0.0705298 9.9973E-05
9.9973E-05 0.265103 0.152375 0.0369702 0.0644344 0.480818 9.9973E-05 9.9973E-05
9.9973E-05 0.320044 0.0722552 9.9973E-05 0.108318 0.423674 0.075408 9.9973E-05
9.9964E-05 0.60795 9.9964E-05 0.147132 0.0103815 0.234136 9.9964E-05 9.9964E-05
9.9991E-05 0.552868 0.0656184 0.023996 0.0331981 0.184213 0.0494686 0.0905369
0.0308291 0.472228 0.0473047 0.0514807 9.9982E-05 0.206072 9.9982E-05 0.191885
9.9982E-05 0.527263 0.0220346 0.18013 0.0401167 0.166576 9.9982E-05 0.0636786
9.9973E-05 0.42385 9.9973E-05 0.000335076 9.9973E-05 0.365941 0.0763993 0.133174
0.0172231 0.655432 0.0463425 0.038795 9.9982E-05 0.227651 9.9982E-05 0.014357
9.9973E-05 0.512741 9.9973E-05 0.0609834 0.0674669 0.275753 0.0827562 9.9973E-05
0.0899092 0.39206 0.0649443 0.106082 0.138402 0.17042 0.038082 9.9991E-05
0.346319 0.353069 9.9973E-05 9.9973E-05 0.102182 9.9973E-05 0.196528 0.00160253
0.0574584 0.418671 0.208651 9.9982E-05 0.217632 9.9982E-05 0.0351065 0.0622814
0.13889 0.494836 0.0345532 9.9982E-05 0.112466 9.9982E-05 0.180125 0.0389301
0.00934953 0.487765 9.9991E-05 0.181712 0.146246 0.067214 0.0880606 0.0195523
0.175954 0.446462 0.0796641 9.9973E-05 0.171247 9.9973E-05 9.9973E-05 0.126373
9.9982E-05 0.435917 9.9982E-05 0.232061 0.00856946 0.269246 0.0524394 0.00156711
0.119158 0.583865 9.9982E-05 0.0698074 0.0386672 0.137872 9.9982E-05 0.0504305
0.0946433 0.0531426 0.164055 9.9982E-05 0.0444837 9.9982E-05 0.185679 0.457797
0.0458726 0.530111 0.0740152 9.9982E-05 0.0924723 0.113455 9.9982E-05 0.143874
0.0842178 0.556244 9.9982E-05 0.107261 0.135157 9.9982E-05 0.0357506 0.0811695
0.0236557 0.452607 0.040702 0.0612272 0.24344 0.0539826 9.9991E-05 0.124285
0.0999173 0.424164 9.9973E-05 0.0458485 9.9973E-05 0.0699166 9.9973E-05 0.359854
0.151812 0.586463 0.0455933 0.0562656 0.134432 9.9982E-05 0.0252333 9.9982E-05
0.111323 0.54672 9.9982E-05 0.0759526 0.192618 9.9982E-05 0.0708401 0.00234674
0.281456 9.9973E-05 0.049426 0.0103406 0.158408 9.9973E-05 9.9973E-05 0.50007
0.124924 0.552605 9.9973E-05 0.0102816 0.182387 9.9973E-05 9.9973E-05 0.129502
0.101919 0.575653 9.9982E-05 0.0422719 0.18502 0.00692382 9.9982E-05 0.0880124
0.0715465 0.596547 0.0185659 9.9991E-05 0.121602 0.0515479 0.0561985 0.0838924
0.103848 0.576435 9.9973E-05 0.0157489 0.143407 9.9973E-05 9.9973E-05 0.160261
0.138638 0.478087 0.12809 0.0735853 0.157635 9.9982E-05 9.9982E-05 0.0237646
0.0416538 0.347028 9.9982E-05 0.444238 0.0890739 0.0715897 0.00621641 9.9982E-05
0.0973483 0.484318 0.00848613 0.29395 9.9973E-05 0.115598 9.9973E-05 9.9973E-05
9.9973E-05 9.9973E-05 0.0929312 0.776954 9.9973E-05 0.0579575 0.0525632 0.0192943
0.0138455 9.9973E-05 0.033149 0.833131 9.9973E-05 0.0588001 0.0607748 9.9973E-05
0.0535215 0.559505 9.9973E-05 0.274819 0.0527643 9.9973E-05 9.9973E-05 0.0590899
0.0692199 0.415738 9.9973E-05 0.130824 0.255437 9.9973E-05 9.9973E-05 0.128481
0.095178 0.307786 9.9973E-05 0.185563 0.311042 9.9973E-05 9.9973E-05 0.100131
0.188791 0.125626 0.0587709 0.212822 0.265586 9.9991E-05 0.052893 0.0954114
0.100552 0.358229 9.9982E-05 0.131241 0.20342 9.9982E-05 0.0210497 0.185309
0.0445567 0.0325797 9.9982E-05 0.595345 0.0262577 9.9982E-05 0.109919 0.191142
0.0599342 0.168385 9.9973E-05 0.576218 0.0191224 9.9973E-05 9.9973E-05 0.17604
0.0388874 0.477486 0.0238755 0.31546 0.105172 9.9991E-05 0.000306913 0.0387112
0.0531509 0.362667 9.9964E-05 0.453721 0.130062 9.9964E-05 9.9964E-05 9.9964E-05
0.0320156 0.185896 9.9973E-05 0.662147 0.0522715 9.9973E-05 9.9973E-05 0.0673705
0.0366442 0.551084 9.9982E-05 0.292998 0.0916859 0.017926 9.9982E-05 0.00946255
9.9964E-05 0.361154 9.9964E-05 0.426683 0.188776 9.9964E-05 9.9964E-05 0.0229876
0.00702599 0.368175 0.103349 0.216796 0.163402 0.074019 0.000724158 0.0665085
9.9964E-05 0.285772 0.0219308 0.637582 9.9964E-05 0.0543161 9.9964E-05 9.9964E-05
0.0125236 0.25607 9.9982E-05 0.484674 0.0970941 0.0819802 0.0674582 9.9982E-05
0.068127 0.470278 0.177421 0.208023 9.9973E-05 9.9973E-05 0.0758512 9.9973E-05
0.0212564 0.322854 0.0566956 0.378993 0.0961669 0.0984805 9.9991E-05 0.025453
9.9991E-05 0.400055 0.224426 0.0440494 0.0407518 0.0725189 0.104818 0.11328
9.9973E-05 0.415776 9.9973E-05 0.41666 9.9973E-05 0.00945575 0.137326 0.0204826
9.9964E-05 0.196702 9.9964E-05 0.702741 9.9964E-05 0.0721906 0.0279674 9.9964E-05
0.0739674 0.556899 0.0844283 0.282275 9.9973E-05 9.9973E-05 0.00213047 9.9973E-05
0.0284316 0.469158 9.9991E-05 0.227149 0.0254957 0.0282199 0.187266 0.0341792
9.9955E-05 0.250616 9.9955E-05 0.742315 9.9955E-05 0.00656916 9.9955E-05 9.9955E-05
0.000888097 0.422407 9.9964E-05 0.497306 9.9964E-05 9.9964E-05 0.0789993 9.9964E-05
0.0956659 0.537749 0.0193334 0.309998 9.9982E-05 0.0216997 9.9982E-05 0.0153546
0.0326671 0.450434 0.0623449 0.419361 0.0275642 9.9982E-05 9.9982E-05 0.0074291
0.119252 0.446425 0.0264125 0.0620887 0.156857 9.9982E-05 0.188766 9.9982E-05
0.106769 0.337649 0.0379455 0.0567318 0.148492 0.130833 0.18148 9.9991E-05
0.106316 0.261279 9.9991E-05 0.0782173 0.270731 0.0444031 0.191833 0.04712
0.0948032 0.352 9.9991E-05 0.0624241 0.181196 0.138301 0.118534 0.0526412
0.218121 0.606786 9.9973E-05 0.0251907 0.0142513 9.9973E-05 0.13535 9.9973E-05
0.0868534 0.420633 9.9982E-05 0.13815 0.12289 0.0540578 9.9982E-05 0.177216
0.17784 9.9964E-05 9.9964E-05 0.620726 0.118714 9.9964E-05 9.9964E-05 0.0823193
0.0461575 0.597965 9.9991E-05 0.0542088 0.21482 0.00871178 0.062369 0.0156677
0.342721 9.9964E-05 9.9964E-05 0.397002 0.0807308 9.9964E-05 9.9964E-05 0.179146
0.086723 0.422792 9.9964E-05 0.314021 0.176064 9.9964E-05 9.9964E-05 9.9964E-05
9.9964E-05 0.0269055 0.0998038 0.851705 9.9964E-05 9.9964E-05 0.021186 9.9964E-05
0.0253217 9.9964E-05 0.107247 0.844924 9.9964E-05 0.0221074 9.9964E-05 9.9964E-05
9.9964E-05 0.421964 0.0345947 0.498263 9.9964E-05 9.9964E-05 0.0447784 9.9964E-05
0.0519394 0.603557 9.9955E-05 0.344004 9.9955E-05 9.9955E-05 9.9955E-05 9.9955E-05
9.9955E-05 0.362333 9.9955E-05 0.632676 9.9955E-05 0.00449103 9.9955E-05 9.9955E-05
0.0220361 0.470797 0.0493045 0.457463 9.9964E-05 9.9964E-05 9.9964E-05 9.9964E-05
9.9973E-05 0.481747 0.0361949 0.466945 0.00687971 9.9973E-05 0.00793383 9.9973E-05
0.787677 0.0928014 0.00830134 0.0766527 0.0342675 9.9973E-05 9.9973E-05 9.9973E-05
0.734588 0.00387662 9.9982E-05 0.0398751 0.0872509 0.0942142 0.0399958 9.9982E-05
0.861753 9.9955E-05 9.9955E-05 9.9955E-05 0.0760446 0.0617022 9.9955E-05 9.9955E-05
0.903696 9.9964E-05 9.9964E-05 0.0658912 9.9964E-05 9.9964E-05 0.0278289 0.0021837
0.0906079 0.510794 0.277684 0.111718 9.9973E-05 0.00889666 9.9973E-05 9.9973E-05
0.0517459 0.425983 0.366511 0.112081 0.043379 9.9973E-05 9.9973E-05 9.9973E-05
0.0255816 0.453264 0.488117 9.9964E-05 9.9964E-05 0.0326378 9.9964E-05 9.9964E-05
0.0611776 0.523774 0.148383 9.9982E-05 0.0339213 9.9982E-05 0.222111 0.0104337
0.0633496 0.525851 0.183644 9.9982E-05 0.0312902 0.0200419 0.175623 9.9982E-05
0.0353163 0.236204 0.509066 0.016293 9.9991E-05 0.0853749 0.11312 0.00452591
9.9973E-05 0.62757 0.283623 0.073794 9.9973E-05 0.000629586 9.9973E-05 0.0140836
9.9964E-05 0.366637 0.452953 0.0834967 9.9964E-05 9.9964E-05 0.0965137 9.9964E-05
0.167832 0.436624 0.072656 9.9991E-05 0.14078 0.0472055 0.0475326 0.08727
9.9982E-05 0.329913 0.332295 0.150893 0.121862 0.0328513 9.9982E-05 0.0319856
0.015653 0.296675 0.544117 9.9964E-05 9.9964E-05 0.143156 9.9964E-05 9.9964E-05
0.0292777 0.595549 0.258962 0.0897228 9.9973E-05 9.9973E-05 9.9973E-05 0.0261881
9.9964E-05 0.392768 0.460457 0.0895939 9.9964E-05 0.0567817 9.9964E-05 9.9964E-05
9.9955E-05 0.540269 0.40367 9.9955E-05 9.9955E-05 9.9955E-05 9.9955E-05 0.0555616
0.0806356 0.512389 0.311939 0.0946365 9.9964E-05 9.9964E-05 9.9964E-05 9.9964E-05
9.9964E-05 0.0298409 0.862348 0.0688333 0.0385776 9.9964E-05 9.9964E-05 9.9964E-05
9.9973E-05 0.241639 0.637058 0.0236163 9.9973E-05 0.000551836 9.9973E-05 0.0968348
9.9973E-05 0.322865 0.503773 0.0453074 9.9973E-05 0.0981137 9.9973E-05 0.0296411
9.9955E-05 9.9955E-05 0.892851 0.0262153 9.9955E-05 9.9955E-05 9.9955E-05 0.0804342
9.9982E-05 0.453965 0.316017 0.112553 0.0058078 0.091497 9.9982E-05 0.0199599
9.9973E-05 0.0887799 0.626121 0.0771885 9.9973E-05 9.9973E-05 0.0840041 0.123607
9.9955E-05 9.9955E-05 0.717382 0.167701 9.9955E-05 9.9955E-05 9.9955E-05 0.114417
0.020596 0.527334 0.348695 0.000527979 0.0198864 9.9982E-05 9.9982E-05 0.0827602
0.0574398 0.198117 0.601405 0.00119851 9.9982E-05 0.0760813 0.0655583 9.9982E-05
0.0214308 0.444334 0.311342 9.9982E-05 0.0257977 0.114551 0.0823453 9.9982E-05
0.0775521 0.585305 0.202613 0.0309439 0.0254004 9.9982E-05 9.9982E-05 0.0779856
0.0161604 0.485873 0.379314 9.9973E-05 0.0268548 0.0914978 9.9973E-05 9.9973E-05
9.9982E-05 0.424784 0.0442306 0.117412 9.9982E-05 0.308093 0.01847 0.0868106
0.0336177 0.542233 0.33758 9.9973E-05 9.9973E-05 0.0587947 0.0274744 9.9973E-05
0.0409656 0.398386 0.383339 9.9982E-05 0.0521081 0.107063 0.017939 9.9982E-05
9.9964E-05 0.33118 0.605234 0.00453392 9.9964E-05 9.9964E-05 0.0586524 9.9964E-05
0.051233 0.483876 0.24358 0.132854 9.9973E-05 9.9973E-05 0.0881565 9.9973E-05
0.628501 9.9973E-05 9.9973E-05 0.0608846 9.9973E-05 0.204416 0.048198 0.0577001
0.750836 0.0440847 0.101597 9.9973E-05 9.9973E-05 0.0462623 9.9973E-05 0.0569197
0.759482 9.9973E-05 0.00495359 9.9973E-05 9.9973E-05 0.100035 0.0315481 0.103681
0.812001 9.9964E-05 9.9964E-05 0.055164 9.9964E-05 0.121947 9.9964E-05 0.010488
0.721601 9.9955E-05 9.9955E-05 9.9955E-05 9.9955E-05 0.16628 0.111619 9.9955E-05
0.0122112 0.109261 0.705494 9.9973E-05 0.0690815 0.103653 9.9973E-05 9.9973E-05
0.0625764 0.152921 0.610608 9.9973E-05 9.9973E-05 0.121941 0.0516537 9.9973E-05
9.9973E-05 0.0891638 0.712779 0.123105 0.0295057 9.9973E-05 0.0451465 9.9973E-05
0.0572698 0.452699 0.288362 9.9991E-05 0.102313 0.00165204 0.0796576 0.0179464
0.105848 0.562497 0.121874 0.119635 0.0739309 0.0160158 9.9982E-05 9.9982E-05
0.0247733 0.248518 0.585208 9.9973E-05 0.0238507 9.9973E-05 0.117351 9.9973E-05
9.9982E-05 0.522172 0.279494 0.114562 0.0322228 9.9982E-05 0.00349803 0.0478512
0.0677351 0.367874 0.507648 0.0281538 0.00450661 9.9982E-05 9.9982E-05 0.0238824
0.0260901 0.524462 0.270626 0.0481414 9.9982E-05 0.0256034 0.104877 9.9982E-05
0.0459191 0.514497 0.253297 9.9982E-05 0.0543936 0.0987324 0.0329614 9.9982E-05
0.0300273 0.148496 0.563909 0.00325623 0.0558881 0.155414 0.04291 9.9991E-05
9.9955E-05 0.402423 0.527018 9.9955E-05 9.9955E-05 0.0700595 9.9955E-05 9.9955E-05
9.9973E-05 0.273635 0.539023 9.9973E-05 0.0329925 0.089997 0.0640525 9.9973E-05
0.0344185 0.546878 0.0386958 9.9991E-05 0.0188888 0.0430717 0.254133 0.0638144
9.9955E-05 0.389446 0.602285 9.9955E-05 9.9955E-05 0.0077693 9.9955E-05 9.9955E-05
0.0444613 0.375431 0.427861 9.9982E-05 0.0694211 0.0481807 0.0344443 9.9982E-05
0.0491585 0.377844 0.0490987 0.0412705 0.373218 0.0164089 0.0213593 0.0716414
0.0617405 0.313224 0.0387314 9.9973E-05 0.445849 9.9973E-05 0.140154 9.9973E-05
0.114887 0.375514 0.0231235 9.9982E-05 0.376405 9.9982E-05 0.0143605 0.0955098
0.124342 0.29026 0.0360296 9.9973E-05 0.388966 9.9973E-05 9.9973E-05 0.160103
0.0874193 0.491478 0.0422779 0.0307357 0.183544 0.0330755 0.0203962 0.111073
0.00706852 0.463474 0.228399 9.9982E-05 0.00559971 0.0164887 0.27877 9.9982E-05
0.275708 0.0969004 9.9964E-05 9.9964E-05 0.555456 9.9964E-05 9.9964E-05 0.0715355
0.139808 0.342496 9.9973E-05 0.0387228 0.36698 9.9973E-05 9.9973E-05 0.111693
0.0996465 0.353047 0.160272 9.9982E-05 0.148061 9.9982E-05 0.18754 0.0512334
0.0371209 0.510225 9.9973E-05 0.0109403 9.9973E-05 9.9973E-05 0.361644 0.0797705
0.0776215 0.315396 0.0166578 0.03064 0.0525099 0.0323492 0.474726 9.9991E-05
0.058889 0.498846 0.0407583 9.9982E-05 0.0376587 0.0223707 0.341277 9.9982E-05
0.0990072 0.576701 0.0479699 9.9982E-05 9.9982E-05 0.0382738 0.172555 0.0652924
0.196839 0.365729 9.9964E-05 9.9964E-05 0.377069 9.9964E-05 9.9964E-05 0.0599623
0.128297 0.370185 0.086463 9.9982E-05 0.294224 0.0531784 9.9982E-05 0.0674529
9.9964E-05 0.378863 9.9964E-05 9.9964E-05 0.452822 9.9964E-05 0.0199628 0.147952
0.100231 0.481908 0.0200951 0.0664031 0.223127 0.00324057 0.0594611 0.0455337
0.0826103 0.314227 9.9964E-05 9.9964E-05 0.511145 9.9964E-05 9.9964E-05 0.0916178
0.169473 0.357853 0.0537156 9.9991E-05 0.343418 0.0404275 0.0274483 0.00756404
0.113233 0.227858 0.0139547 9.9973E-05 0.508396 9.9973E-05 9.9973E-05 0.136259
0.0630808 0.350718 0.00726285 9.9991E-05 0.398743 0.0631442 0.0970829 0.0198681
0.00602059 0.49386 0.0333342 9.9982E-05 0.00308097 9.9982E-05 0.454363 0.00914104
0.170279 0.37531 0.0189215 9.9982E-05 0.297912 0.0169476 9.9982E-05 0.120429
0.197507 0.17652 9.9964E-05 9.9964E-05 0.572006 9.9964E-05 9.9964E-05 0.0535673
0.0941021 0.311154 0.155836 0.0773566 0.35802 0.00304082 9.9991E-05 0.000390458
0.117117 0.138691 0.0624023 9.9982E-05 0.0333731 0.13472 0.513496 9.9982E-05
9.9982E-05 0.459805 0.0137581 0.00958715 0.145339 0.00907217 0.362239 9.9982E-05
0.157792 0.44866 0.0998435 9.9982E-05 0.144294 0.0205295 9.9982E-05 0.128681
0.0890208 0.57278 9.9964E-05 9.9964E-05 0.0341566 9.9964E-05 0.303643 9.9964E-05
0.0892452 0.381404 0.127021 9.9991E-05 0.0752635 0.028906 0.266632 0.0314288
0.168491 0.339557 0.0567365 0.0381132 0.175322 0.0516608 0.0374182 0.132701
0.164436 0.325343 9.9982E-05 0.16716 0.246392 0.0271116 9.9982E-05 0.0693572
0.0374231 0.647614 9.9991E-05 0.0069503 0.0539543 0.00650207 0.231771 0.0156851
0.126509 0.284281 0.0907586 9.9973E-05 0.454913 9.9973E-05 0.0432395 9.9973E-05
0.0383306 0.393924 9.9964E-05 9.9964E-05 0.499834 9.9964E-05 9.9964E-05 0.0675114
0.09573 0.177815 9.9964E-05 9.9964E-05 0.547156 9.9964E-05 9.9964E-05 0.1789
0.124132 0.642598 9.9991E-05 0.0461851 0.0071146 0.0714993 0.0850343 0.0233366
0.0681069 0.349144 0.0776333 9.9973E-05 9.9973E-05 0.0691012 0.435715 9.9973E-05
0.0903704 0.00436917 9.9982E-05 0.0427701 0.0721384 9.9982E-05 0.749694 0.0404583
0.133419 0.473796 0.017867 9.9991E-05 0.0722476 0.0657277 0.169729 0.0671144
0.0812592 0.380786 0.0839435 0.0206995 0.0188342 0.163606 0.117827 0.133044
0.135184 0.60108 9.9964E-05 9.9964E-05 0.0134361 9.9964E-05 9.9964E-05 0.249899
0.00537646 0.51998 9.9991E-05 0.140519 0.0409338 0.09772 0.0250432 0.170327
0.00816872 0.0355545 0.0129809 9.9991E-05 0.0416534 0.00578083 0.00498645 0.890775
