0.930118 0.0697823 9.9991E-05
0.97501 0.0248896 9.9991E-05
0.805374 0.194526 9.9991E-05
0.849052 0.150848 9.9991E-05
0.876064 0.123836 9.9991E-05
0.692154 0.132665 0.175181
0.873978 0.0754612 0.0505611
0.80226 0.0619006 0.13584
0.94221 9.9991E-05 0.0576904
0.757048 0.193578 0.0493734
0.785187 0.0324341 0.182379
0.0968105 0.139334 0.763856
0.0777438 0.339364 0.582893
0.165127 0.158847 0.676027
0.16205 0.271013 0.566937
0.115797 0.329087 0.555117
0.0972131 0.412348 0.490439
0.066485 0.296124 0.637391
0.218138 0.232589 0.549274
0.235262 9.9991E-05 0.764638
0.0223313 0.336517 0.641152
0.041244 0.289476 0.66928
9.9991E-05 0.347684 0.652216
0.0801466 0.261415 0.658438
9.9991E-05 0.431996 0.567904
0.0426242 0.366881 0.590495
0.170278 0.130651 0.69907
0.174496 0.173027 0.652477
0.107913 0.10613 0.785957
0.794145 0.205755 9.9991E-05
0.80514 0.19476 9.9991E-05
0.754267 0.227868 0.0178652
0.744694 0.255206 9.9991E-05
9.9991E-05 0.34745 0.65245
0.0903442 0.329819 0.579837
9.9991E-05 0.276899 0.723001
0.269519 0.0080356 0.722445
9.9991E-05 0.21371 0.78619
9.9991E-05 0.324559 0.675341
9.9991E-05 0.444044 0.555856
0.0450252 0.36392 0.591055
0.0189913 0.385481 0.595528
0.0604385 9.9991E-05 0.939461
0.0131098 0.432309 0.554581
0.0203568 0.482362 0.497281
0.013422 0.464493 0.522085
9.9991E-05 0.171777 0.828123
9.9991E-05 0.429561 0.570339
0.108563 0.421982 0.469455
0.170279 9.9991E-05 0.829621
0.0962811 0.0351485 0.86857
0.144845 0.0273628 0.827792
0.0380427 0.353967 0.60799
0.026233 0.45278 0.520987
0.0654016 0.4054 0.529198
0.181652 0.0715786 0.746769
9.9991E-05 0.350047 0.649853
0.0435276 0.4312 0.525272
0.138328 0.222609 0.639063
0.342458 0.0507952 0.606746
0.0369381 0.389136 0.573926
0.0870723 0.280307 0.632621
0.195187 9.9991E-05 0.804713
0.00448679 0.328765 0.666748
9.9991E-05 0.429061 0.570839
0.0456623 0.341297 0.613041
0.131787 0.170761 0.697451
0.0161411 0.334627 0.649232
0.034565 0.373692 0.591743
0.154974 0.078399 0.766627
9.9991E-05 0.259839 0.740061
0.0232173 0.115284 0.861499
0.0295322 0.364477 0.60599
0.0535466 9.9991E-05 0.946353
0.0390303 9.9991E-05 0.96087
9.9991E-05 0.150322 0.849578
9.9991E-05 0.263654 0.736246
0.107244 0.358925 0.533831
9.9991E-05 0.296487 0.703413
0.0780662 0.10413 0.817804
0.0966367 0.0427216 0.860642
0.0425255 0.420111 0.537364
0.00571109 0.153672 0.840617
0.00631112 0.229377 0.764312
9.9991E-05 0.196784 0.803116
0.0975942 9.9991E-05 0.902306
9.9991E-05 0.397547 0.602353
0.797766 0.159682 0.0425525
0.860187 0.139713 9.9991E-05
0.829754 0.170146 9.9991E-05
0.881963 0.117937 9.9991E-05
0.841939 0.157961 9.9991E-05
0.875188 0.124712 9.9991E-05
0.856881 0.143019 9.9991E-05
0.0547051 0.347088 0.598207
0.0275378 0.415927 0.556535
0.100665 9.9991E-05 0.899235
0.0687664 0.409572 0.521661
0.0141968 0.282394 0.703409
9.9991E-05 0.389312 0.610588
9.9991E-05 0.343654 0.656246
9.9991E-05 0.381829 0.618071
0.0993632 9.9991E-05 0.900537
0.0526644 0.43973 0.507606
9.9991E-05 0.439654 0.560246
0.031052 0.503525 0.465423
9.9991E-05 0.160529 0.839371
9.9991E-05 0.252291 0.747609
0.0206686 0.247429 0.731903
9.9991E-05 0.22348 0.77642
0.0628325 0.223938 0.71323
0.0467267 0.385973 0.567301
0.149806 0.120659 0.729535
0.12491 0.280864 0.594226
0.033273 0.392927 0.5738
0.0201489 0.499094 0.480757
0.0860677 0.229468 0.684464
9.9991E-05 0.377725 0.622175
0.0546743 0.24006 0.705266
0.062221 0.343305 0.594474
0.0497397 0.393194 0.557066
9.9991E-05 0.383061 0.616839
0.0408481 0.236991 0.722161
9.9991E-05 0.43813 0.56177
0.0866984 0.452504 0.460798
0.0138671 0.375075 0.611057
0.107698 0.334608 0.557695
0.0190691 0.458653 0.522278
0.170428 0.229464 0.600108
9.9991E-05 0.386494 0.613406
9.9991E-05 0.454176 0.545724
0.118435 0.137491 0.744074
0.159072 0.112451 0.728476
0.0436475 0.400163 0.556189
0.0804909 0.0270083 0.892501
0.144166 0.0769992 0.778835
0.0439697 0.202275 0.753755
0.122924 0.102153 0.774924
0.117187 0.130336 0.752477
0.0373521 0.379505 0.583143
0.0707452 0.337327 0.591927
0.021372 0.368541 0.610087
0.11078 0.0791126 0.810108
0.0983267 0.354033 0.54764
0.0297293 0.406686 0.563585
0.313002 9.9991E-05 0.686898
0.0293853 0.451043 0.519572
0.157206 0.205476 0.637318
0.0746753 0.39137 0.533954
0.162149 0.140614 0.697237
0.205007 0.0456088 0.749384
0.0502666 0.221727 0.728006
0.101099 0.36034 0.538562
0.23154 0.28721 0.48125
0.196896 0.13059 0.672514
0.00942889 0.447197 0.543374
0.00197775 0.170314 0.827708
9.9991E-05 0.248775 0.751125
0.0806935 0.422199 0.497107
0.380276 0.361179 0.258545
0.753215 0.187615 0.0591702
0.687587 0.161545 0.150867
0.465331 0.404883 0.129786
9.9991E-05 0.421741 0.578159
0.0394285 0.357832 0.602739
0.0183615 0.894583 0.0870551
0.120004 0.622366 0.25763
0.127912 0.642204 0.229884
0.0542423 0.155468 0.79029
0.0648356 0.332217 0.602948
0.120639 0.0937287 0.785633
9.9991E-05 0.344882 0.655018
0.039963 0.219373 0.740664
9.9991E-05 0.409557 0.590343
0.112274 0.068392 0.819334
9.9991E-05 0.469146 0.530754
0.0338868 0.428259 0.537854
0.0142682 0.985632 9.9991E-05
0.0663248 0.933575 9.9991E-05
0.131497 0.722618 0.145885
0.100718 0.83792 0.0613627
0.0911532 0.908747 9.9991E-05
0.0611203 0.93878 9.9991E-05
0.0727513 0.927149 9.9991E-05
0.00322235 0.996678 9.9991E-05
0.0597918 0.940108 9.9991E-05
0.0435609 0.956339 9.9991E-05
0.0854136 0.914486 9.9991E-05
0.097355 0.886616 0.0160289
0.138513 0.861387 9.9991E-05
0.0457985 0.954102 9.9991E-05
0.0389501 0.655632 0.305418
0.0917523 0.834091 0.0741568
0.121041 0.878859 9.9991E-05
0.0912155 0.908685 9.9991E-05
0.0537084 0.946192 9.9991E-05
0.0952802 0.90462 9.9991E-05
0.0580036 0.941896 9.9991E-05
0.0960863 0.762058 0.141856
0.0954511 0.904449 9.9991E-05
0.523299 0.0214994 0.455202
0.212366 0.3245 0.463134
0.2391 0.29499 0.465911
0.324176 0.233153 0.442671
0.0978126 0.437424 0.464763
0.33943 0.238645 0.421924
0.141381 0.390301 0.468317
0.205807 0.380061 0.414132
0.144274 0.396884 0.458841
0.17558 0.458846 0.365575
0.186831 0.35833 0.454839
0.838337 0.0979521 0.0637106
0.87975 0.12015 9.9991E-05
0.979237 0.0206629 9.9991E-05
0.928782 0.0711179 9.9991E-05
0.895661 0.0971116 0.00722768
0.850801 0.149099 9.9991E-05
0.860213 0.139687 9.9991E-05
0.922232 0.0656349 0.0121336
0.864574 0.135326 9.9991E-05
0.835545 0.164355 9.9991E-05
0.716945 9.9991E-05 0.282955
0.709894 0.0172291 0.272877
0.67104 9.9991E-05 0.32886
0.60759 9.9991E-05 0.39231
0.0517173 0.291586 0.656697
9.9991E-05 0.270536 0.729364
9.9991E-05 0.310467 0.689433
0.0723716 0.183021 0.744607
0.135689 0.0234911 0.840819
9.9991E-05 0.405849 0.594051
9.9991E-05 0.336181 0.663719
9.9991E-05 0.289926 0.709974
9.9991E-05 0.20231 0.79759
9.9991E-05 0.42938 0.57052
9.9991E-05 0.195001 0.804899
0.0427189 9.9991E-05 0.957181
9.9991E-05 0.391287 0.608613
0.0264522 0.12853 0.845018
9.9991E-05 0.344083 0.655817
0.129053 9.9991E-05 0.870847
0.32311 9.9991E-05 0.67679
0.309529 9.9991E-05 0.690371
0.269209 9.9991E-05 0.730691
0.317087 9.9991E-05 0.682813
0.246389 9.9991E-05 0.753511
0.265329 9.9991E-05 0.734571
0.854795 0.145105 9.9991E-05
0.829081 0.170819 9.9991E-05
0.734504 0.265396 9.9991E-05
0.794878 0.205022 9.9991E-05
0.781061 0.218839 9.9991E-05
0.553538 9.9991E-05 0.446362
0.610606 9.9991E-05 0.389294
0.607222 9.9991E-05 0.392678
0.785234 0.214666 9.9991E-05
0.550878 9.9991E-05 0.449022
0.263711 0.565464 0.170825
0.0968851 0.601636 0.301479
0.202476 0.623813 0.173711
0.274862 0.493375 0.231763
0.149484 0.460615 0.389901
0.566835 0.344097 0.0890678
9.9991E-05 0.234392 0.765508
0.0996579 0.156119 0.744223
0.178278 0.0924859 0.729236
9.9991E-05 0.231094 0.768806
0.10635 9.9991E-05 0.89355
0.096759 0.344311 0.55893
0.064003 0.309649 0.626348
0.123282 0.081545 0.795173
0.055433 0.377658 0.566909
0.125225 9.9991E-05 0.874675
0.00344696 0.336927 0.659626
0.0490648 0.291645 0.65929
0.200864 0.421554 0.377582
9.9991E-05 0.265373 0.734527
0.0414768 0.272451 0.686073
9.9991E-05 0.33413 0.66577
0.00193465 0.294604 0.703462
0.00295867 0.499253 0.497789
0.0432871 0.380279 0.576434
0.148171 0.360757 0.491072
0.776612 0.223288 9.9991E-05
0.796902 0.19262 0.0104785
0.80106 0.101545 0.0973954
0.827981 0.146737 0.0252826
0.822423 0.171868 0.00570867
0.174771 0.0628762 0.762353
0.0022764 0.368642 0.629082
0.219445 0.437978 0.342577
9.9991E-05 0.465623 0.534277
0.0393241 0.312597 0.648079
0.13039 0.197805 0.671804
0.320446 9.9991E-05 0.679454
0.0241029 0.352223 0.623674
0.233299 0.0649346 0.701767
0.0660462 0.324781 0.609173
0.280258 9.9991E-05 0.719642
0.0835828 0.386926 0.529491
0.198205 0.0423912 0.759404
0.123918 0.235121 0.640961
0.0639233 0.354717 0.58136
0.0855009 0.123648 0.790851
0.033975 0.293631 0.672394
0.171289 0.352243 0.476468
0.0643279 0.106714 0.828958
0.0411935 0.358002 0.600804
0.028086 0.301878 0.670036
0.0745672 9.9991E-05 0.925333
0.0909273 0.0758869 0.833186
9.9991E-05 0.330371 0.669529
0.112273 9.9991E-05 0.887627
0.0266524 0.204939 0.768408
0.202215 0.0250773 0.772708
9.9991E-05 0.131639 0.868261
0.0596669 0.278722 0.661611
9.9991E-05 0.435454 0.564446
0.0452277 0.0958467 0.858926
0.111551 0.368129 0.52032
0.0575496 0.40464 0.537811
0.0239885 0.324122 0.65189
0.0739317 0.306996 0.619072
0.0523646 0.25438 0.693255
0.0257791 0.163427 0.810794
0.0644417 0.2376 0.697958
9.9991E-05 0.335794 0.664106
0.00228873 0.42311 0.574601
0.0750116 0.238433 0.686556
9.9991E-05 0.358985 0.640915
0.169475 0.175391 0.655135
9.9991E-05 0.401341 0.598559
0.0435309 0.372182 0.584287
0.129758 0.337906 0.532336
0.300601 0.422267 0.277132
0.160829 0.477649 0.361523
0.10858 0.495131 0.396289
0.00697931 0.542001 0.45102
0.136118 0.529992 0.33389
9.9991E-05 0.255373 0.744527
0.169072 0.421496 0.409432
0.392953 0.124581 0.482466
0.101445 0.492477 0.406078
0.0382778 0.584579 0.377144
0.080511 0.546962 0.372527
0.210008 0.316711 0.473281
0.152838 0.529067 0.318095
0.133763 0.553602 0.312635
0.666367 0.178612 0.155021
0.139255 0.489651 0.371094
0.0677167 0.576898 0.355386
0.0740218 0.483583 0.442395
0.151914 0.573688 0.274397
0.143572 0.484875 0.371553
9.9991E-05 0.297165 0.702735
0.0554539 0.370059 0.574488
0.024662 9.9991E-05 0.975238
0.0886302 9.9991E-05 0.91127
0.075687 0.375751 0.548562
0.105667 0.591783 0.30255
0.119978 0.590154 0.289868
0.292791 0.420145 0.287064
0.196813 0.521608 0.281579
0.173205 0.157921 0.668874
0.179893 0.224064 0.596043
9.9991E-05 0.471685 0.528215
0.088614 0.369461 0.541925
0.16433 0.258154 0.577516
0.0354056 0.438547 0.526047
9.9991E-05 0.388515 0.611385
0.11124 0.420455 0.468305
0.0200179 0.161749 0.818233
9.9991E-05 0.255925 0.743975
0.0357005 0.318982 0.645317
0.0847524 0.273626 0.641622
0.116546 0.375189 0.508265
9.9991E-05 0.244982 0.754918
0.00451865 0.151376 0.844105
9.9991E-05 0.393956 0.605944
0.0159199 0.113899 0.870181
9.9991E-05 0.263749 0.736151
0.0314518 0.47395 0.494599
0.00757654 0.372162 0.620261
0.183982 0.485566 0.330453
0.150235 0.34849 0.501275
0.213003 0.469998 0.316999
0.22877 0.454948 0.316281
0.161537 0.436806 0.401657
0.118468 0.478364 0.403168
0.378351 0.135922 0.485727
0.0247947 0.666514 0.308691
0.561279 0.124527 0.314194
0.00930021 0.543603 0.447097
0.0392589 0.041547 0.919194
0.0920133 9.9991E-05 0.907887
9.9991E-05 0.258601 0.741299
9.9991E-05 0.402954 0.596946
9.9991E-05 0.20573 0.79417
9.9991E-05 0.339974 0.659926
9.9991E-05 0.31115 0.68875
0.801343 0.168353 0.0303032
0.7919 0.157581 0.0505186
0.919493 0.0804069 9.9991E-05
0.92487 0.0750301 9.9991E-05
9.9991E-05 0.280654 0.719246
0.00195319 0.318047 0.68
9.9991E-05 0.301585 0.698315
0.0273217 0.384381 0.588297
0.0335223 0.386204 0.580274
0.0647131 0.0767038 0.858583
9.9991E-05 0.367321 0.632579
0.047518 0.114036 0.838446
0.217055 0.538065 0.24488
9.9991E-05 0.241707 0.758193
9.9991E-05 0.163773 0.836127
9.9991E-05 0.327252 0.672648
0.0189357 0.178894 0.80217
9.9991E-05 0.30241 0.69749
0.0402449 0.388275 0.57148
9.9991E-05 0.02403 0.97587
0.0288723 0.11168 0.859448
0.0395159 0.188555 0.771929
9.999E-05 9.999E-05 0.9998
9.9991E-05 0.310869 0.689031
0.0515001 0.0314887 0.917011
0.102236 9.9991E-05 0.897664
9.9991E-05 0.402878 0.597022
0.0727914 0.0804234 0.846785
9.9991E-05 0.2873 0.7126
0.0636992 0.434274 0.502027
9.9991E-05 0.318183 0.681717
9.9991E-05 0.224459 0.775441
9.9991E-05 0.304031 0.695869
9.9991E-05 0.289968 0.709932
9.9991E-05 0.11527 0.88463
0.0347305 0.253178 0.712091
0.751457 0.00480344 0.243739
0.770603 0.0645134 0.164883
0.91223 9.9991E-05 0.0876703
0.873115 0.00913033 0.117755
0.7721 0.00620343 0.221697
0.0917962 0.0756687 0.832535
0.0978766 0.0181289 0.883994
9.9991E-05 0.0843828 0.915517
0.106032 0.338431 0.555537
0.0446946 0.396226 0.559079
0.0020999 0.158608 0.839292
9.9991E-05 0.402257 0.597643
0.0290473 0.321437 0.649515
9.9991E-05 0.284444 0.715456
9.9991E-05 0.374316 0.625584
9.9991E-05 0.160655 0.839245
9.9991E-05 0.20909 0.79081
9.9991E-05 0.128485 0.871415
0.116704 0.370482 0.512813
9.9991E-05 0.188731 0.811169
0.000492268 0.307197 0.69231
0.0813307 0.666461 0.252208
0.116969 0.726442 0.156589
0.102474 0.752099 0.145427
0.157788 0.729417 0.112795
0.108537 0.636804 0.254659
9.9991E-05 0.342919 0.656981
0.305046 0.694854 9.9991E-05
0.174206 0.69174 0.134054
0.164919 0.411058 0.424024
0.122114 0.39888 0.479006
0.153332 0.254171 0.592497
0.0898212 0.37096 0.539219
0.0508667 0.375853 0.57328
0.121336 0.757435 0.12123
0.0783506 0.633203 0.288446
0.00998354 0.810843 0.179174
0.145643 0.588219 0.266138
0.163185 0.704475 0.13234
0.145311 0.604328 0.250361
0.216672 0.706232 0.0770962
0.136934 0.661081 0.201986
0.0557601 0.379141 0.565099
0.192978 0.613254 0.193768
0.222 0.7779 9.9991E-05
0.0920159 0.604086 0.303898
0.24852 0.103867 0.647613
9.9991E-05 0.449574 0.550326
0.146037 0.54763 0.306333
0.0706661 0.376234 0.5531
0.129692 0.316402 0.553906
0.144928 0.503892 0.35118
0.235597 0.55875 0.205653
0.0443183 0.435744 0.519937
0.102596 0.656234 0.24117
0.14104 0.730867 0.128092
0.293566 0.67892 0.0275138
0.0537877 0.415349 0.530863
0.115134 0.276102 0.608763
0.24813 0.136172 0.615698
0.078414 0.44926 0.472326
0.149333 0.259028 0.591639
0.146171 0.477601 0.376229
0.113333 0.399134 0.487533
0.50517 0.208089 0.28674
0.528418 0.137036 0.334546
0.237028 0.278938 0.484035
0.462643 0.249283 0.288073
0.575561 0.28393 0.140509
0.192272 0.379919 0.42781
0.269785 0.358897 0.371318
0.345342 0.289863 0.364795
0.405494 0.248323 0.346183
0.0895595 0.45624 0.4542
0.317588 0.210263 0.472149
0.674314 0.065969 0.259717
0.130741 0.470773 0.398486
0.238743 0.445369 0.315887
0.292128 0.45696 0.250912
0.0966048 0.642188 0.261207
0.119786 0.514053 0.366161
0.145253 0.566395 0.288353
0.346675 0.461453 0.191872
0.200009 0.479718 0.320273
0.193123 0.551576 0.255301
0.256223 0.454992 0.288785
0.195748 0.257246 0.547006
0.148049 0.486087 0.365864
0.129046 0.487773 0.383181
0.0269724 0.497012 0.476016
0.290897 0.54106 0.168043
0.147725 0.497485 0.35479
0.428432 0.386028 0.18554
0.121399 0.522922 0.355679
0.349595 0.465064 0.185341
0.850051 0.0342077 0.115741
0.268678 9.9991E-05 0.731222
0.286639 9.9991E-05 0.713261
0.298878 9.9991E-05 0.701022
0.235039 9.9991E-05 0.764861
0.263369 9.9991E-05 0.736531
0.216049 9.9991E-05 0.783851
0.265481 9.9991E-05 0.734419
0.408767 9.9991E-05 0.591133
0.901734 0.0956332 0.00263304
0.828104 0.0824665 0.0894299
0.875137 0.124763 9.9991E-05
0.851251 0.0352168 0.113532
0.884243 0.115657 9.9991E-05
0.938203 0.0552618 0.00653521
0.804984 0.171085 0.0239313
0.847261 0.152639 9.9991E-05
0.776079 0.141278 0.0826428
0.855917 0.143983 9.9991E-05
0.935336 0.0645637 9.9991E-05
0.844379 0.140333 0.0152882
0.95174 0.0481597 9.9991E-05
0.87592 0.12398 9.9991E-05
0.835768 0.164132 9.9991E-05
0.809032 0.190868 9.9991E-05
0.729779 0.270121 9.9991E-05
0.743099 0.256801 9.9991E-05
0.795223 0.204677 9.9991E-05
0.168502 0.261078 0.57042
0.0726397 0.355743 0.571617
0.0640943 0.478633 0.457273
0.200328 0.0604235 0.739249
0.0721769 0.322078 0.605745
0.328734 0.0331557 0.638111
0.0490266 0.423333 0.527641
0.0810004 0.202579 0.716421
0.0922756 0.315746 0.591978
9.9991E-05 0.276573 0.723327
0.0908696 0.222842 0.686288
9.9991E-05 0.421735 0.578165
0.0958439 0.336011 0.568145
0.167224 9.9991E-05 0.832676
0.201882 9.9991E-05 0.798018
0.221849 0.0709411 0.70721
0.0420808 0.4139 0.544019
0.105155 0.310682 0.584163
0.132762 0.292418 0.57482
0.0265076 0.460526 0.512966
0.174967 0.476738 0.348295
0.107452 0.51509 0.377458
0.444623 0.273449 0.281928
0.05743 0.451694 0.490876
0.239022 0.392896 0.368082
0.625874 0.130979 0.243147
0.276216 0.431511 0.292273
0.355453 0.367906 0.276641
0.331193 0.372746 0.296061
0.165381 0.504926 0.329693
0.135198 0.456359 0.408442
0.108651 0.436213 0.455136
0.158511 0.478196 0.363292
0.422795 0.407665 0.169539
