0.0591969 9.9973E-05 0.0218035 9.9973E-05 9.9973E-05 0.0504845 0.868215
0.019327 0.0478731 9.9973E-05 9.9973E-05 0.00651116 9.9973E-05 0.925989
9.9973E-05 9.9973E-05 0.0053806 0.153725 9.9973E-05 0.0282783 0.812316
9.9973E-05 9.9973E-05 0.0147683 0.0846742 9.9973E-05 0.0666452 0.833612
9.9964E-05 9.9964E-05 9.9964E-05 0.0834893 0.0558399 9.9964E-05 0.860271
9.9982E-05 0.0955553 0.0459054 0.131444 9.9982E-05 0.116018 0.610878
9.9973E-05 0.0714183 9.9973E-05 9.9973E-05 0.0756885 0.0369095 0.815684
9.9982E-05 0.129152 0.0670137 9.9982E-05 0.0568483 0.108938 0.637849
9.99639E-05 0.0502076 9.99639E-05 9.99639E-05 9.99639E-05 0.120577 0.828815
9.9982E-05 9.9982E-05 0.0981245 0.0633829 0.0634801 0.0811793 0.693633
9.9973E-05 0.0921413 9.9973E-05 0.0329052 9.9973E-05 0.120824 0.75383
0.799481 0.0407033 0.108335 0.0507382 9.9982E-05 9.9982E-05 0.00054244
0.447616 9.9982E-05 0.110341 0.362187 9.9982E-05 0.0675693 0.0120857
0.686639 9.9982E-05 0.116899 0.0353977 0.118896 9.9982E-05 0.0419682
0.696262 9.9973E-05 0.211579 0.0416327 9.9973E-05 9.9973E-05 0.0502267
0.385997 9.9973E-05 0.1268 0.309803 9.9973E-05 9.9973E-05 0.1771
0.461628 0.102435 0.163008 0.272629 9.9973E-05 9.9973E-05 9.9973E-05
0.607463 9.9973E-05 0.0718849 0.232607 9.9973E-05 9.9973E-05 0.0877451
0.865425 9.9964E-05 9.9964E-05 9.9964E-05 9.9964E-05 0.0381852 0.0959901
0.485883 0.0647175 0.0992031 0.29527 9.9991E-05 0.0400677 0.0147579
0.329279 0.0230144 0.0618247 0.326668 0.196003 9.9991E-05 0.0631105
0.255379 0.0479368 0.0925982 0.495481 0.0100484 0.037504 0.0610529
0.717163 0.00906442 0.115266 0.128041 9.9982E-05 9.9982E-05 0.0302657
0.492528 9.9973E-05 0.185479 0.296873 9.9973E-05 9.9973E-05 0.0248206
0.831028 9.9973E-05 0.0199643 0.103115 9.9973E-05 9.9973E-05 0.045593
0.756546 9.9955E-05 0.242954 9.9955E-05 9.9955E-05 9.9955E-05 9.9955E-05
0.738166 9.9982E-05 0.110009 0.0681341 0.0508619 9.9982E-05 0.0326292
0.0695586 9.9973E-05 0.0511381 0.0827075 9.9973E-05 9.9973E-05 0.796296
0.0797651 9.9973E-05 0.0120468 0.117732 9.9973E-05 9.9973E-05 0.790156
0.00635772 9.9973E-05 0.0396721 0.181597 9.9973E-05 9.9973E-05 0.772073
9.9973E-05 0.126356 0.0568089 0.113774 9.9973E-05 9.9973E-05 0.702761
0.0876613 0.148538 0.00340941 0.574514 0.105707 0.00674432 0.0734265
0.064883 0.240019 9.9982E-05 0.659894 9.9982E-05 0.00876338 0.0262407
0.620446 9.9991E-05 0.0064144 0.0643396 0.080936 0.130828 0.0969358
0.111124 0.436119 0.0264381 0.415646 9.9982E-05 9.9982E-05 0.0104734
9.9973E-05 0.221849 0.0798568 0.666632 9.9973E-05 9.9973E-05 0.0313621
0.0285329 0.0985977 0.0380183 0.610251 0.0411929 0.109268 0.0741388
0.060964 0.0406885 0.0747092 0.606375 0.0249391 0.0578012 0.134523
0.479208 0.288159 9.9964E-05 0.232233 9.9964E-05 9.9964E-05 9.9964E-05
9.9982E-05 0.199242 0.11895 0.588004 9.9982E-05 0.0389804 0.0546232
0.123374 0.37285 9.9973E-05 0.443652 0.0598238 9.9973E-05 9.9973E-05
0.204193 0.745234 9.9964E-05 9.9964E-05 9.9964E-05 9.9964E-05 0.0501731
0.444456 0.0546935 9.9982E-05 0.0889192 0.196779 0.214953 9.9982E-05
0.295575 0.424281 0.038079 0.077463 0.114226 0.0331412 0.0172349
0.350958 0.139342 9.9991E-05 0.162688 0.098949 0.164875 0.083089
0.281759 9.9991E-05 0.00179147 0.495973 0.0796314 0.128139 0.012607
0.252098 0.109629 0.0295398 0.356275 0.0895167 0.0358464 0.127095
0.481532 0.0788527 0.00802902 0.0717613 0.0738728 0.0372315 0.248721
0.469566 0.0496356 0.0770759 0.217721 0.125456 0.0308308 0.0297157
0.558754 0.1808 9.9973E-05 9.9973E-05 9.9973E-05 0.14841 0.111737
0.413394 0.0401878 0.0716665 0.398323 0.0762296 9.9982E-05 9.9982E-05
0.00867535 0.110904 0.0929255 0.554322 0.181357 0.0279757 0.0238416
0.346225 0.220055 0.0521209 0.24515 0.0151332 0.0669133 0.0544033
0.391342 0.0746806 0.0874776 0.398654 9.9982E-05 9.9982E-05 0.047646
0.522705 0.152499 9.9982E-05 0.159352 9.9982E-05 0.123222 0.0420218
0.262196 0.164811 9.9964E-05 0.572594 9.9964E-05 9.9964E-05 9.9964E-05
0.436848 0.295693 9.9964E-05 0.267059 9.9964E-05 9.9964E-05 9.9964E-05
0.0399364 0.758348 9.9973E-05 0.16441 9.9973E-05 0.0370053 9.9973E-05
0.277364 0.536242 9.9973E-05 0.166244 0.019851 9.9973E-05 9.9973E-05
0.182623 0.409581 9.9964E-05 0.407396 9.9964E-05 9.9964E-05 9.9964E-05
0.197116 0.267192 9.9964E-05 0.535292 9.9964E-05 9.9964E-05 9.9964E-05
0.0598447 0.273337 0.0657996 0.566493 9.9982E-05 0.0343258 9.9982E-05
0.366778 0.2114 9.9973E-05 0.333458 9.9973E-05 0.088064 9.9973E-05
0.293992 0.146126 9.99793E-05 0.403547 9.99793E-05 0.156034 9.99793E-05
0.197458 0.312921 9.9973E-05 0.435992 9.9973E-05 0.0533291 9.9973E-05
0.183158 0.21347 0.0112759 0.506753 9.9991E-05 0.0731996 0.0120432
9.9973E-05 0.396239 9.9973E-05 0.577358 0.0250789 9.9973E-05 0.0010234
0.194441 0.703758 0.00895347 0.0903923 0.00225511 9.9982E-05 9.9982E-05
9.9973E-05 9.9973E-05 0.0288516 0.122547 9.9973E-05 0.032769 0.815533
9.9955E-05 9.9955E-05 9.9955E-05 0.0949947 9.9955E-05 9.9955E-05 0.904506
9.9973E-05 9.9973E-05 0.01379 0.111082 9.9973E-05 0.0168463 0.857982
9.9955E-05 9.9955E-05 9.9955E-05 0.0793689 9.9955E-05 9.9955E-05 0.920131
0.0156515 9.9973E-05 0.0174685 0.0852959 9.9973E-05 9.9973E-05 0.881284
9.9982E-05 0.0417908 0.0455756 0.0315559 9.9982E-05 0.0190216 0.861856
9.9973E-05 9.9973E-05 0.000884525 0.050148 0.0137184 9.9973E-05 0.934949
0.286707 0.454574 9.9964E-05 0.258319 9.9964E-05 9.9964E-05 9.9964E-05
0.288941 0.152573 9.9973E-05 0.525495 9.9973E-05 9.9973E-05 0.0326911
9.9973E-05 0.267863 0.000992097 0.621518 9.9973E-05 9.9973E-05 0.109327
0.0779873 0.217373 0.0330982 0.605774 9.9982E-05 9.9982E-05 0.0655672
0.00647099 0.290667 0.0448913 0.598268 0.0348035 0.0247995 9.9991E-05
0.406382 0.438868 9.9982E-05 0.109169 9.9982E-05 0.0154418 0.0299392
0.16085 0.486116 0.0288111 0.323923 9.9973E-05 9.9973E-05 9.9973E-05
9.9973E-05 0.282154 9.9973E-05 0.67123 0.0364266 9.9973E-05 0.00988899
0.319106 0.175219 9.9973E-05 0.455475 9.9973E-05 9.9973E-05 0.049901
0.117228 0.335935 0.0724957 0.474041 9.9973E-05 9.9973E-05 9.9973E-05
0.240129 0.170206 9.9973E-05 0.506544 9.9973E-05 9.9973E-05 0.0828219
0.561739 0.0614084 0.0670546 0.0789595 0.172001 9.9991E-05 0.0587378
0.107443 9.9991E-05 0.117554 0.354454 0.0904335 0.23378 0.0962363
0.304309 0.0218102 9.9991E-05 0.448999 0.090294 0.067429 0.0670582
0.204692 9.9982E-05 0.0983864 0.532807 0.0513 0.112614 9.9982E-05
0.339414 9.9982E-05 9.9982E-05 0.469099 0.0446102 0.136611 0.0100651
0.337292 0.0412193 0.0584726 0.505188 0.033198 9.9991E-05 0.0245308
0.400958 9.9973E-05 9.9973E-05 0.508228 0.0146875 0.0758268 9.9973E-05
0.310376 9.9982E-05 0.128509 0.409321 0.112587 9.9982E-05 0.0390079
0.132242 0.0482506 0.044328 0.590787 0.0746939 0.0850056 0.0246928
0.345584 0.105354 0.0105154 0.302695 0.0674384 0.0426413 0.125772
0.107078 9.9982E-05 0.0914833 0.612683 0.0808189 0.107737 9.9982E-05
0.0909249 9.9991E-05 0.0384491 0.61878 0.179654 0.0128417 0.0592507
0.499467 9.9991E-05 0.0231159 0.176938 0.141499 0.12988 0.0290005
0.448521 0.174293 0.0721194 9.9991E-05 0.244391 0.0535677 0.00700889
0.317996 0.206996 0.0847429 0.00335799 0.250581 0.136226 9.9991E-05
0.551054 9.9982E-05 9.9982E-05 0.188158 0.147977 0.0703745 0.0422366
0.379274 0.0382407 9.9982E-05 0.398788 0.0590463 0.124452 9.9982E-05
0.532454 9.9973E-05 9.9973E-05 0.242921 0.0851276 0.139197 9.9973E-05
0.466631 0.060815 0.00013103 0.241564 0.0665032 0.164256 9.9991E-05
0.215706 0.114052 0.05844 0.519127 0.0165223 0.011778 0.0643753
0.506147 0.202896 0.0713299 0.0690992 0.0654358 0.0849922 9.9991E-05
0.107758 0.134122 0.0550798 0.43484 0.160573 0.0119703 0.095657
0.00709383 0.496814 9.9982E-05 9.9982E-05 0.180066 0.122257 0.193569
0.0245672 0.251681 0.0631911 0.384134 0.111253 0.113064 0.0521089
9.9991E-05 0.138719 0.140228 0.459692 0.0957995 0.0782115 0.0872501
0.0459931 0.285751 0.0530353 0.232477 0.164063 0.108232 0.110449
0.115361 0.348622 9.9991E-05 0.195087 0.116812 0.104334 0.119684
0.0205902 0.153093 9.9991E-05 0.540892 0.189503 0.04315 0.0526719
0.172947 0.344055 0.130524 0.0879436 0.113846 0.0333729 0.117312
0.118533 0.346413 0.000190363 0.40975 0.0755974 0.049416 9.9991E-05
0.124512 0.27527 9.9973E-05 0.4635 0.136418 9.9973E-05 9.9973E-05
0.0987316 0.129116 0.24796 0.188732 9.9982E-05 9.9982E-05 0.33526
9.9964E-05 0.2217 0.194247 9.9964E-05 9.9964E-05 9.9964E-05 0.583653
9.9973E-05 0.335522 0.173803 9.9973E-05 0.0424249 9.9973E-05 0.447951
0.0240317 0.193635 0.383955 9.9982E-05 9.9982E-05 0.0616928 0.336485
9.9973E-05 0.232548 0.0550058 0.632659 0.079488 9.9973E-05 9.9973E-05
0.0952944 9.9964E-05 0.630543 0.273763 9.9964E-05 9.9964E-05 9.9964E-05
0.0526384 0.449737 0.0619803 0.272042 0.163402 9.9982E-05 9.9982E-05
9.9991E-05 0.498302 0.0484624 0.169807 0.253834 0.0257816 0.00371377
9.9982E-05 0.298339 0.0425189 0.605819 0.0225671 0.030556 9.9982E-05
0.0477277 0.150166 0.0371671 0.479988 0.219185 0.0349204 0.0308457
9.9982E-05 0.126063 0.0498383 0.629723 0.137253 0.0569231 9.9982E-05
0.0628869 0.487855 0.0184861 0.207972 0.154699 0.0680001 9.9991E-05
0.0128892 0.0223854 0.964325 9.9964E-05 9.9964E-05 9.9964E-05 9.9964E-05
0.0268369 9.9964E-05 0.872458 0.100305 9.9964E-05 9.9964E-05 9.9964E-05
9.9964E-05 9.9964E-05 0.724292 0.270622 9.9964E-05 0.00468591 9.9964E-05
0.017063 9.9982E-05 0.772378 0.128654 9.9982E-05 0.0622762 0.0194292
9.9955E-05 9.9955E-05 0.989374 9.9955E-05 9.9955E-05 0.010126 9.9955E-05
0.00477673 9.9973E-05 0.962939 9.9973E-05 0.0172885 0.0146962 9.9973E-05
9.9964E-05 9.9964E-05 0.852211 0.143743 0.00364612 9.9964E-05 9.9964E-05
9.9955E-05 9.9955E-05 0.957747 9.9955E-05 9.9955E-05 0.041753 9.9955E-05
9.995E-05 9.995E-05 0.9994 9.995E-05 9.995E-05 9.995E-05 9.995E-05
9.995E-05 9.995E-05 0.9994 9.995E-05 9.995E-05 9.995E-05 9.995E-05
0.00461795 9.9991E-05 0.754293 0.114757 0.0458518 0.040821 0.0395593
0.0166584 9.9982E-05 0.775162 0.123864 9.9982E-05 0.0699981 0.0141175
9.9964E-05 9.9964E-05 0.985743 0.00925897 9.9964E-05 0.00459768 9.9964E-05
9.9973E-05 9.9973E-05 0.717175 0.245213 9.9973E-05 0.0274876 0.00982424
9.9973E-05 9.9973E-05 0.845596 0.0932549 9.9973E-05 0.0266509 0.0341982
9.9955E-05 9.9955E-05 0.958905 0.0405952 9.9955E-05 9.9955E-05 9.9955E-05
9.9964E-05 9.9964E-05 0.832685 0.120309 9.9964E-05 9.9964E-05 0.0466061
9.995E-05 9.995E-05 0.9994 9.995E-05 9.995E-05 9.995E-05 9.995E-05
9.9973E-05 9.9973E-05 0.52527 0.277388 9.9973E-05 0.0731478 0.123895
0.0389041 9.9973E-05 0.87143 9.9973E-05 9.9973E-05 0.0411307 0.0482354
9.9973E-05 0.468247 0.0672063 9.9973E-05 0.0784004 9.9973E-05 0.385846
9.9982E-05 0.226765 0.0590384 0.392075 9.9982E-05 0.151993 0.169928
9.9982E-05 0.222824 0.0837601 0.341742 9.9982E-05 0.0899531 0.26152
9.9991E-05 0.23115 0.120859 0.210782 0.108691 0.049453 0.278965
0.0617521 0.343668 0.235275 0.0864444 0.0749184 9.9991E-05 0.197842
9.9991E-05 0.266195 0.254614 0.231447 0.0804922 0.0378372 0.129314
0.0162455 0.17176 0.180116 0.385831 9.9991E-05 0.0234462 0.222502
9.9982E-05 0.217301 0.213515 0.343049 0.0903455 9.9982E-05 0.135589
9.9964E-05 0.0290338 9.9964E-05 9.9964E-05 9.9964E-05 0.130634 0.839932
9.9973E-05 0.0183652 0.0365078 9.9973E-05 9.9973E-05 0.0394562 0.905371
0.0333227 0.0160676 9.9973E-05 9.9973E-05 9.9973E-05 0.00753162 0.942778
9.9973E-05 0.00502788 9.9973E-05 0.0182349 9.9973E-05 0.080981 0.895456
0.022554 9.9982E-05 0.0199392 0.0366812 9.9982E-05 0.0530106 0.867615
9.9973E-05 9.9973E-05 0.0554863 0.0466147 0.0076187 9.9973E-05 0.88998
9.9973E-05 9.9973E-05 0.0723509 0.0616589 9.9973E-05 0.00625731 0.859433
9.9964E-05 0.0123708 9.9964E-05 9.9964E-05 0.111271 9.9964E-05 0.875959
9.9964E-05 9.9964E-05 0.0225685 9.9964E-05 0.0767878 9.9964E-05 0.900244
9.9973E-05 9.9973E-05 0.0979212 9.9973E-05 0.00917415 0.0474535 0.845151
0.198698 0.0528186 9.9982E-05 9.9982E-05 0.0340685 0.111891 0.602324
0.219284 0.0295523 9.9973E-05 9.9973E-05 9.9973E-05 0.173693 0.577171
0.180485 0.0918101 9.9982E-05 9.9982E-05 0.0716401 0.104913 0.550952
0.253094 0.0987529 9.9973E-05 9.9973E-05 9.9973E-05 0.193694 0.454159
0.0442697 0.141616 9.9982E-05 0.668912 0.0281871 0.116815 9.9982E-05
0.283032 0.050564 0.0561079 0.52941 0.00889893 0.0534865 0.0185004
0.382586 0.145917 9.9982E-05 0.352795 9.9982E-05 0.0400258 0.0784768
0.707038 0.004325 0.0197393 0.0440108 0.0431768 0.18161 9.9991E-05
0.0740685 0.0365229 0.0649062 0.636152 0.108524 0.0492798 0.0305464
0.168815 0.159503 0.0356901 0.620326 0.00484932 0.00861414 0.00220195
0.10779 0.191575 0.000517494 0.591438 0.0305879 0.0779908 9.9991E-05
0.0465607 0.338889 9.9982E-05 0.557961 0.0299432 0.0264465 9.9982E-05
0.206355 0.225109 9.9973E-05 0.539727 9.9973E-05 0.0285093 9.9973E-05
0.246633 0.660578 9.9973E-05 9.9973E-05 0.0880805 0.00440854 9.9973E-05
0.0735927 0.482566 9.9982E-05 0.412237 0.0151944 0.0162098 9.9982E-05
0.131787 0.253629 0.00299914 0.574757 0.0366283 9.9982E-05 9.9982E-05
0.369129 0.337219 9.9973E-05 0.219276 9.9973E-05 0.0740767 9.9973E-05
9.9982E-05 0.0486954 0.0313934 0.0205407 9.9982E-05 0.872729 0.0264419
9.9964E-05 9.9964E-05 0.0481442 0.0157639 9.9964E-05 0.935692 9.9964E-05
9.9955E-05 9.9955E-05 9.9955E-05 9.9955E-05 0.0323759 0.967124 9.9955E-05
9.9982E-05 0.0153717 9.9982E-05 0.00396078 0.00417576 0.942647 0.0336448
0.00320328 0.0144311 0.0544387 0.0420301 9.9982E-05 0.885697 9.9982E-05
9.9964E-05 9.9964E-05 0.0966506 0.0223649 9.9964E-05 0.880585 9.9964E-05
9.9973E-05 9.9973E-05 0.00319475 0.142835 9.9973E-05 0.026707 0.826963
0.0255907 9.9982E-05 0.00315657 0.0894661 9.9982E-05 0.0731385 0.808448
9.9964E-05 9.9964E-05 0.0526389 0.180094 9.9964E-05 9.9964E-05 0.766868
0.0727206 9.9982E-05 0.0860491 0.0550304 9.9982E-05 0.0382915 0.747709
0.0326219 0.00711905 0.122157 0.0408559 9.9991E-05 0.0912955 0.70585
0.110537 0.0784177 9.9973E-05 9.9973E-05 9.9973E-05 0.42443 0.386316
9.9964E-05 0.0924016 9.9964E-05 9.9964E-05 9.9964E-05 0.443355 0.463844
0.0781949 9.9973E-05 9.9973E-05 9.9973E-05 0.0620826 0.444371 0.415052
0.135157 9.9973E-05 0.0531234 0.0496233 9.9973E-05 9.9973E-05 0.761797
9.9973E-05 0.105315 9.9973E-05 0.0397064 9.9973E-05 0.492618 0.362061
0.00800949 0.114896 0.377995 0.220435 0.0608583 9.9991E-05 0.217706
9.9973E-05 9.9973E-05 0.292708 0.508402 9.9973E-05 0.0341052 0.164485
9.9973E-05 0.131012 0.231684 0.348376 9.9973E-05 9.9973E-05 0.288628
9.9973E-05 0.205717 0.332157 9.9973E-05 0.00302679 9.9973E-05 0.458799
0.299359 0.0172674 9.9991E-05 0.402654 0.114128 0.123584 0.0429075
0.245514 0.126353 0.0884094 0.266409 0.204333 0.0688816 9.9991E-05
0.609004 9.9982E-05 0.0103415 0.161877 9.9982E-05 0.128744 0.0898335
0.10443 0.171105 0.0234341 0.33969 0.235562 0.12172 0.00405943
0.183343 0.460225 9.9973E-05 9.9973E-05 0.282937 0.0731954 9.9973E-05
0.290882 9.9991E-05 0.0586565 0.31987 0.246164 0.0544304 0.0298979
0.563893 9.9982E-05 9.9982E-05 0.20216 0.119678 0.0323614 0.0817068
0.544967 0.31112 9.9973E-05 0.0142818 0.129331 9.9973E-05 9.9973E-05
0.100299 0.13584 0.158202 0.30959 0.166589 0.12938 9.9991E-05
0.331884 0.000569103 0.082038 0.446095 0.0259207 0.0904384 0.0230539
0.0622418 0.0201383 0.0860745 0.513199 0.0558888 0.0507919 0.211666
0.326746 0.0768778 0.0616554 0.234237 0.229903 0.0704816 9.9991E-05
0.160383 0.0719807 0.0368004 0.420364 0.175819 0.0995602 0.035093
0.261173 0.0394526 0.134052 0.354612 0.21051 9.9982E-05 9.9982E-05
0.193018 0.038169 9.9991E-05 0.551748 0.127111 0.0860722 0.00378234
0.0860538 9.9991E-05 0.0783942 0.623023 0.102949 0.104121 0.00535871
9.9964E-05 9.9964E-05 0.0457955 0.187319 9.9964E-05 9.9964E-05 0.766486
9.9973E-05 9.9973E-05 0.0022356 0.126523 0.0119611 9.9973E-05 0.85898
9.9982E-05 0.0481173 9.9982E-05 0.0656018 0.0543437 0.026745 0.804992
9.9973E-05 9.9973E-05 9.9973E-05 0.0750095 0.0648303 0.0511098 0.80875
9.9973E-05 9.9973E-05 0.00789188 0.165675 9.9973E-05 0.0268405 0.799293
0.749274 0.0125359 0.138201 9.9973E-05 9.9973E-05 0.0996893 9.9973E-05
0.249792 0.0115835 0.108993 0.554776 0.0725477 9.9991E-05 0.00220812
0.305094 9.9991E-05 0.0487275 0.393647 0.090632 0.0920127 0.069786
0.483393 0.0601867 0.103517 9.9982E-05 0.227472 0.125232 9.9982E-05
0.66625 0.110852 9.9973E-05 9.9973E-05 9.9973E-05 0.116246 0.106352
0.0976668 0.0212976 0.0118756 0.529648 0.10049 0.181715 0.057307
0.40298 9.9991E-05 0.0126175 0.139448 0.129601 0.245734 0.0695186
0.0617015 0.141423 0.0543977 0.374001 0.134605 0.163968 0.0699033
0.510746 9.9991E-05 0.0183679 0.0488281 0.143033 0.159177 0.119748
0.720746 0.0171574 0.0388796 0.0185095 0.0373566 0.0648791 0.102472
0.395205 0.012709 0.0947223 0.139461 0.229816 0.0511634 0.0769236
9.9991E-05 0.385352 0.0469837 0.286845 0.120476 0.151356 0.00888694
0.0769155 0.205926 0.0109407 0.547663 9.9991E-05 0.036749 0.121706
9.9973E-05 0.321047 9.9973E-05 0.347871 0.194838 0.135944 9.9973E-05
9.9982E-05 0.165143 9.9982E-05 0.52146 0.132824 0.0919498 0.0884231
9.9964E-05 0.753285 9.9964E-05 0.130266 9.9964E-05 0.116049 9.9964E-05
9.9973E-05 0.520207 9.9973E-05 0.308763 0.0896739 0.0810568 9.9973E-05
0.0140168 0.176773 0.022044 0.462107 0.22814 0.0852424 0.0116771
9.9973E-05 0.469899 9.9973E-05 0.203347 0.220584 0.105869 9.9973E-05
0.132254 0.305083 0.0168154 0.504292 9.9982E-05 0.0413552 9.9982E-05
0.772036 0.0686518 0.0324771 9.9991E-05 0.0232836 0.0662218 0.0372298
0.544917 0.0656961 0.0591964 0.0179161 0.277978 0.0341966 9.9991E-05
0.46273 9.9991E-05 0.0594692 0.275873 0.118008 0.0718487 0.0119718
0.191777 9.9982E-05 0.132256 0.523021 9.9982E-05 0.124583 0.0281632
0.723647 9.9973E-05 9.9973E-05 0.169806 0.0269003 0.0793467 9.9973E-05
0.396443 9.9982E-05 0.125791 0.367977 0.078119 0.0314704 9.9982E-05
0.365735 9.9991E-05 0.0528318 0.339774 0.0217898 0.215135 0.00463365
0.631406 0.0180908 0.129521 0.0827323 0.0481808 0.0899693 9.9991E-05
0.451957 9.9982E-05 0.0562322 0.272843 0.0199542 0.198814 9.9982E-05
0.247479 0.0183374 0.0923027 0.505906 0.0334078 0.102466 9.9991E-05
0.285847 0.0429569 0.0564621 0.339149 0.116363 0.0761493 0.0830723
0.319854 9.9982E-05 0.143717 0.299745 0.135266 0.101218 9.9982E-05
0.343557 0.0251965 0.0478984 0.284608 0.097134 0.105066 0.0965391
0.268267 9.9991E-05 0.110791 0.430619 0.0298323 0.15337 0.00702025
0.0650299 0.0473197 0.198365 0.374604 9.9982E-05 9.9982E-05 0.314481
0.0744604 0.107766 0.235106 0.452939 0.00663117 9.9991E-05 0.122998
0.0571983 0.0354762 0.165877 0.563656 9.9991E-05 0.0930803 0.0846125
0.0788658 0.103107 0.233761 0.442605 0.0198491 9.9991E-05 0.121712
0.275549 0.124549 0.0808029 0.407618 0.105051 0.00633029 9.9991E-05
0.0609619 0.526041 0.205733 9.9982E-05 0.000563379 9.9982E-05 0.206501
0.0741986 0.11259 0.251428 0.416002 9.9991E-05 0.079161 0.06652
0.0531144 9.9982E-05 0.234215 0.511227 0.110884 9.9982E-05 0.09036
0.207827 0.0949705 0.197129 0.170883 0.1152 9.9991E-05 0.213892
9.9982E-05 9.9982E-05 0.19516 0.498207 0.074135 0.0673032 0.164995
9.9964E-05 0.313517 0.216415 9.9964E-05 9.9964E-05 9.9964E-05 0.469669
9.9991E-05 0.0839907 0.194827 0.51087 0.0258203 0.00871166 0.17568
9.99826E-05 9.99826E-05 0.156728 0.40281 0.152582 0.0918177 0.195862
9.9982E-05 9.9982E-05 0.0811757 0.329389 0.4953 0.0630293 0.0309063
0.154907 0.0406994 9.9973E-05 9.9973E-05 0.800757 0.00333676 9.9973E-05
0.0329568 0.0167591 9.9973E-05 9.9973E-05 0.900714 0.0492699 9.9973E-05
9.9982E-05 0.085159 0.271839 0.393272 0.127583 9.9982E-05 0.121947
9.9973E-05 9.9973E-05 0.356521 0.243793 0.31612 9.9973E-05 0.0832659
0.0263353 0.209768 0.287355 0.123261 0.1435 9.9991E-05 0.209681
9.9973E-05 9.9973E-05 0.292423 0.231121 0.267014 9.9973E-05 0.209142
9.9973E-05 0.0209346 0.082554 9.9973E-05 0.753403 9.9973E-05 0.142808
9.9982E-05 0.0038499 0.111035 0.0729603 0.653223 9.9982E-05 0.158732
9.9973E-05 9.9973E-05 0.112202 0.537134 0.33882 9.9973E-05 0.0115443
9.9973E-05 9.9973E-05 0.102986 0.403529 0.451175 9.9973E-05 0.04201
9.9973E-05 9.9973E-05 0.084693 0.190992 0.655238 9.9973E-05 0.068777
9.9973E-05 9.9973E-05 0.0557508 0.469702 0.328548 9.9973E-05 0.1457
9.9982E-05 9.9982E-05 0.133093 0.286431 0.426049 0.0729241 0.0813033
0.0702266 9.9973E-05 9.9973E-05 0.295542 0.543906 0.0900252 9.9973E-05
0.124136 0.110579 0.0473223 0.215492 0.490801 9.9991E-05 0.0115692
0.171201 0.000223677 0.125334 0.208474 0.2928 0.175527 0.026439
0.0865293 0.0250816 0.026742 0.414777 0.44667 9.9982E-05 9.9982E-05
9.9964E-05 9.9964E-05 9.9964E-05 0.168416 0.761646 0.0695382 9.9964E-05
9.9973E-05 0.0192339 9.9973E-05 0.579182 0.306172 9.9973E-05 0.0951123
0.097072 0.0194952 9.9982E-05 0.158615 0.696914 0.0277036 9.9982E-05
0.0147028 9.9973E-05 9.9973E-05 0.324415 0.575462 0.0851206 9.9973E-05
9.9991E-05 0.115082 0.261662 0.303316 0.108172 0.0611746 0.150493
0.0448119 0.00781621 0.236792 0.246432 0.264578 0.0722939 0.127276
9.9973E-05 0.0286059 0.0868299 9.9973E-05 0.672808 9.9973E-05 0.211457
9.9982E-05 9.9982E-05 0.199008 0.552173 0.121523 0.0576527 0.0694443
9.9973E-05 0.0138978 0.111502 9.9973E-05 0.49081 9.9973E-05 0.383491
9.9982E-05 9.9982E-05 0.268447 0.355062 0.346962 0.019046 0.010283
9.9955E-05 0.132505 9.9955E-05 9.9955E-05 0.866995 9.9955E-05 9.9955E-05
0.00862695 0.0967642 9.9964E-05 9.9964E-05 0.894209 9.9964E-05 9.9964E-05
0.105323 9.9964E-05 9.9964E-05 0.457713 0.436564 9.9964E-05 9.9964E-05
9.9964E-05 9.9964E-05 9.9964E-05 0.512621 0.444469 9.9964E-05 0.0425101
9.9955E-05 9.9955E-05 9.9955E-05 0.33179 0.66771 9.9955E-05 9.9955E-05
0.0507451 9.9973E-05 0.00644007 0.491889 0.450626 9.9973E-05 9.9973E-05
9.9964E-05 0.0236061 9.9964E-05 0.469482 0.506512 9.9964E-05 9.9964E-05
9.9982E-05 9.9982E-05 0.104006 0.000920135 0.130124 0.0281603 0.736589
0.0126932 0.0233562 0.0924336 9.9991E-05 0.040084 0.098146 0.733187
0.00902199 9.9973E-05 0.0822777 9.9973E-05 9.9973E-05 0.0557583 0.852642
9.9964E-05 9.9964E-05 9.9964E-05 0.0225682 0.0513362 9.9964E-05 0.925696
0.0697346 0.258488 9.9982E-05 0.526644 0.0410226 9.9982E-05 0.103911
0.184695 0.129548 9.9964E-05 0.685357 9.9964E-05 9.9964E-05 9.9964E-05
0.18525 0.335788 9.9973E-05 0.40839 9.9973E-05 0.0702721 9.9973E-05
0.147912 0.0844736 0.0260361 0.679741 0.0616375 9.9982E-05 9.9982E-05
9.9964E-05 0.472664 9.9964E-05 0.454496 0.0724401 9.9964E-05 9.9964E-05
0.0716313 9.9991E-05 0.15511 0.447956 0.062421 0.00715993 0.255622
0.103994 0.25632 0.00499836 0.494363 0.106011 0.0342136 9.9991E-05
0.246343 0.280634 9.9973E-05 0.441758 9.9973E-05 0.0309649 9.9973E-05
0.00578608 0.178586 0.0188216 0.719539 0.00445849 0.0700203 0.00278909
0.275543 0.189546 9.9982E-05 0.484128 0.00347035 9.9982E-05 0.0471133
9.9982E-05 0.181586 0.0218968 0.691954 0.0918911 9.9982E-05 0.0124718
0.086838 0.640095 9.9964E-05 0.272667 9.9964E-05 9.9964E-05 9.9964E-05
0.138815 0.388434 0.010105 0.326054 0.124033 0.00478424 0.00777455
0.157229 0.354014 0.00674868 0.452971 0.0288373 9.9982E-05 9.9982E-05
9.9955E-05 0.892234 9.9955E-05 0.107266 9.9955E-05 9.9955E-05 9.9955E-05
0.131996 0.238095 0.0215517 0.493174 0.0161779 0.0989062 9.9991E-05
0.0714205 0.727652 9.9973E-05 0.192944 9.9973E-05 0.00768445 9.9973E-05
0.112044 0.827401 9.9973E-05 0.0183137 0.041941 9.9973E-05 9.9973E-05
9.9982E-05 0.226499 0.0151358 0.727698 9.9982E-05 0.0218478 0.00861898
0.305533 0.300751 9.9982E-05 0.380267 0.0106355 0.00261367 9.9982E-05
0.152423 0.233866 0.0236088 0.540049 9.9991E-05 0.0357969 0.0141559
0.224034 0.163127 0.0169716 0.545724 0.0110311 0.0390119 9.9991E-05
0.481985 0.101478 0.168789 0.125896 0.121652 9.9982E-05 9.9982E-05
0.195889 0.18967 0.0748531 0.526233 9.9982E-05 0.0131542 9.9982E-05
0.39162 0.0738848 0.0365627 0.482698 9.9982E-05 9.9982E-05 0.0150346
0.129495 0.463919 9.9964E-05 0.406186 9.9964E-05 9.9964E-05 9.9964E-05
0.196212 0.00756627 9.9973E-05 9.9973E-05 9.9973E-05 0.152069 0.643853
0.181705 0.00299961 9.9991E-05 0.00116122 0.0288068 0.0351138 0.750113
0.0278224 0.0509525 9.9973E-05 9.9973E-05 9.9973E-05 0.103517 0.817409
9.9964E-05 9.9964E-05 9.9964E-05 9.9964E-05 0.0660111 0.145878 0.787711
0.0777492 0.0380336 9.9991E-05 0.00177667 0.00129106 0.198037 0.683013
0.433968 0.332037 9.9973E-05 0.224192 9.9973E-05 9.9973E-05 0.00950304
0.328109 0.33781 9.9973E-05 0.290826 9.9973E-05 0.0429559 9.9973E-05
0.0643447 0.585307 9.9973E-05 0.339088 0.0109599 9.9973E-05 9.9973E-05
0.14372 0.366713 0.0451222 0.434789 9.9982E-05 9.9982E-05 0.0094561
9.9982E-05 0.141009 0.0242182 0.768682 0.0334746 0.0324158 9.9982E-05
0.0118934 0.309236 9.9991E-05 0.501662 0.00422688 0.0844589 0.0884221
0.0662609 0.231119 0.062336 0.535142 0.0439939 9.9991E-05 0.0610485
0.279214 0.333436 9.9973E-05 0.347981 9.9973E-05 0.0390689 9.9973E-05
0.255887 0.215778 9.9973E-05 0.521327 9.9973E-05 9.9973E-05 0.00670762
0.351638 0.222001 9.9973E-05 0.362542 9.9973E-05 0.0635189 9.9973E-05
9.9991E-05 0.104788 0.0284511 0.640198 0.0139996 0.0578088 0.154655
0.207022 0.25602 9.9973E-05 0.534731 0.00192669 9.9973E-05 9.9973E-05
0.179562 0.172334 0.00753069 0.564092 0.00380817 0.044337 0.0283368
9.9973E-05 9.9973E-05 0.391746 0.449116 0.047749 9.9973E-05 0.111089
9.9982E-05 0.00606935 0.454854 0.321323 0.0493662 9.9982E-05 0.168188
0.00370572 0.323793 0.0498467 0.585294 9.9982E-05 9.9982E-05 0.0371603
9.9982E-05 9.9982E-05 0.599742 0.0470228 0.0410342 0.023609 0.288392
9.9982E-05 0.0129586 0.474699 0.305409 9.9982E-05 0.00231528 0.204418
9.9973E-05 0.257052 0.201958 0.378822 9.9973E-05 9.9973E-05 0.161867
0.152971 0.129943 9.9982E-05 0.608589 9.9982E-05 0.0226873 0.0856102
0.11825 0.168171 0.0786184 0.423521 0.022595 0.0376587 0.151185
9.9964E-05 9.9964E-05 0.479137 0.323792 9.9964E-05 9.9964E-05 0.196671
9.9973E-05 9.9973E-05 0.537142 0.361946 9.9973E-05 0.0153597 0.0852523
0.114522 9.9982E-05 0.473847 0.272014 0.00867642 9.9982E-05 0.130741
0.0282897 9.9991E-05 0.533513 0.218455 0.00328477 0.084667 0.131691
0.00430031 0.317266 0.0796708 0.528918 9.9991E-05 0.0227844 0.046961
9.9973E-05 9.9973E-05 0.628204 0.191578 9.9973E-05 0.0161303 0.163788
0.103512 0.317277 9.9982E-05 0.277201 9.9982E-05 0.16072 0.141091
0.0523272 0.258684 0.147256 0.541433 9.9973E-05 9.9973E-05 9.9973E-05
0.0533912 0.122636 0.0247411 0.51367 0.00326968 0.108226 0.174067
0.0305006 0.17718 0.0201448 0.534273 9.9991E-05 0.0824417 0.155359
9.9982E-05 0.213196 0.290256 0.335297 9.9982E-05 0.03878 0.122271
0.0409382 0.00685721 0.241839 0.355558 0.0868731 9.9991E-05 0.267834
9.9964E-05 9.9964E-05 0.623362 0.156132 9.9964E-05 9.9964E-05 0.220106
0.0577991 0.172043 9.9982E-05 0.514518 9.9982E-05 0.138181 0.117259
9.9991E-05 0.582632 0.133052 0.101992 0.0209571 0.0652451 0.0960207
0.298081 0.111279 0.103701 0.290287 0.0500098 0.106473 0.0401697
9.9991E-05 0.0593742 0.183221 0.475561 0.0695135 0.0368087 0.175422
9.9964E-05 0.428537 0.261673 9.9964E-05 9.9964E-05 9.9964E-05 0.309389
9.9964E-05 0.476216 0.180679 9.9964E-05 9.9964E-05 9.9964E-05 0.342704
0.0816872 0.229864 0.160278 0.264823 0.037087 0.0133534 0.212907
0.0248201 0.38008 0.252555 9.9982E-05 0.0154425 9.9982E-05 0.326903
9.9973E-05 0.327268 0.24259 9.9973E-05 0.000771336 9.9973E-05 0.429071
0.0430004 0.158915 0.21039 0.265475 0.135843 0.0335669 0.15281
0.0670006 0.0732915 0.13944 0.281781 0.147726 9.9991E-05 0.290661
9.9982E-05 0.283279 0.153628 0.224158 9.9982E-05 0.0398167 0.298918
0.0342782 0.352763 0.208003 0.0449877 0.0398732 9.9991E-05 0.319995
0.0262406 0.138457 0.132208 0.45134 0.0515637 0.044953 0.155238
0.0314176 0.401372 0.240407 0.0587926 0.0747612 9.9991E-05 0.193149
9.9964E-05 0.402781 0.101498 9.9964E-05 9.9964E-05 9.9964E-05 0.495321
0.0758378 0.167535 0.295053 0.261037 9.9982E-05 9.9982E-05 0.200337
0.0783958 9.9973E-05 0.180421 0.445376 9.9973E-05 9.9973E-05 0.295507
9.9982E-05 9.9982E-05 0.276748 0.518051 0.0311545 0.0364554 0.137391
0.0254614 9.9982E-05 0.303931 0.432191 0.0592932 9.9982E-05 0.178923
0.00948128 9.9982E-05 0.198168 0.381209 0.0416342 9.9982E-05 0.369308
0.055701 9.9982E-05 0.156621 0.525466 0.0254551 9.9982E-05 0.236557
0.0387771 9.9973E-05 0.328375 0.42167 9.9973E-05 9.9973E-05 0.210879
0.00993953 0.111557 0.182843 0.400838 0.0262432 0.011175 0.257405
0.34183 0.147748 0.154984 0.138875 0.0748438 9.9991E-05 0.141618
0.00679615 9.9982E-05 0.286565 0.370575 0.0425503 9.9982E-05 0.293314
9.9973E-05 0.25521 0.227926 0.164537 9.9973E-05 9.9973E-05 0.352027
9.9982E-05 0.127445 0.36316 0.161288 0.0723558 9.9982E-05 0.275552
0.00829423 0.0204592 9.9991E-05 0.0177977 0.0537561 0.0917162 0.807877
0.262447 9.9973E-05 9.9973E-05 0.0204972 9.9973E-05 0.647754 0.0690016
0.184329 9.9955E-05 9.9955E-05 9.9955E-05 9.9955E-05 0.815171 9.9955E-05
0.263295 9.9955E-05 9.9955E-05 9.9955E-05 9.9955E-05 0.736206 9.9955E-05
0.178975 9.9964E-05 9.9964E-05 9.9964E-05 0.0511054 0.76952 9.9964E-05
0.101964 9.9973E-05 0.0732419 0.0443719 9.9973E-05 0.780122 9.9973E-05
0.127932 9.9973E-05 9.9973E-05 0.122515 0.0182814 0.730971 9.9973E-05
0.204953 0.0188152 9.9973E-05 9.9973E-05 9.9973E-05 0.761299 0.0146331
0.128879 9.9973E-05 0.0165639 9.9973E-05 9.9973E-05 0.689423 0.164834
0.0330578 0.0416454 0.00425689 0.0305203 9.9982E-05 9.9982E-05 0.89032
9.9982E-05 9.9982E-05 0.036373 0.0702152 0.0271413 0.112368 0.753702
9.9982E-05 0.0198998 0.00554196 0.0463795 9.9982E-05 0.0323139 0.895665
0.102753 9.9982E-05 9.9982E-05 0.0254361 0.048578 0.0320263 0.791006
9.9973E-05 9.9973E-05 0.0229053 0.066841 9.9973E-05 0.00802054 0.901933
0.0749344 9.9973E-05 9.9973E-05 9.9973E-05 0.0129396 0.0438263 0.868
0.0962889 9.9982E-05 0.0915737 0.0500816 0.0634634 9.9982E-05 0.698392
9.9973E-05 9.9973E-05 0.0611736 9.9973E-05 0.0697991 0.013836 0.854891
0.13292 9.9991E-05 0.0571678 0.037554 0.0354493 0.0618404 0.674968
0.00174417 9.9991E-05 0.0345052 0.0509654 0.0522859 0.00543274 0.854967
0.00983172 0.0104935 9.9982E-05 9.9982E-05 0.0707046 0.000582939 0.908187
0.00602989 9.9991E-05 0.00634506 0.0727313 0.0457437 0.0234937 0.845556
9.9964E-05 9.9964E-05 0.0156597 9.9964E-05 9.9964E-05 0.0664466 0.917494
9.9973E-05 9.9973E-05 0.034496 0.052581 9.9973E-05 0.0100936 0.902529
0.0318001 9.9973E-05 0.026415 0.0795679 9.9973E-05 9.9973E-05 0.861917
9.9964E-05 9.9964E-05 0.0456743 0.101278 9.9964E-05 9.9964E-05 0.852648
9.9964E-05 9.9964E-05 0.189698 0.0546129 9.9964E-05 9.9964E-05 0.75529
9.9964E-05 9.9964E-05 0.0296175 0.164286 9.9964E-05 9.9964E-05 0.805696
9.9964E-05 9.9964E-05 0.0906794 0.102791 9.9964E-05 9.9964E-05 0.80613
0.0755102 0.270546 0.0509304 0.406692 9.9991E-05 0.0792092 0.117012
9.9973E-05 0.0983425 9.9973E-05 0.734221 9.9973E-05 0.0658465 0.10129
9.9991E-05 0.623028 0.0556727 0.141252 0.0383448 0.107122 0.0344808
0.023826 0.119784 0.0319812 0.566325 9.9991E-05 0.083047 0.174936
9.9991E-05 0.589332 0.0807218 0.0841129 0.0233458 0.0592304 0.163157
9.9991E-05 0.207146 0.0316922 0.586942 0.0522677 0.0468524 0.0749997
0.0853049 0.196042 9.9982E-05 0.498856 9.9982E-05 0.17794 0.0416578
0.0320023 0.169985 9.9982E-05 0.604529 9.9982E-05 0.135206 0.0580765
0.13793 0.206358 0.00865807 0.591914 0.0261694 0.0218338 0.00713655
9.9982E-05 0.219407 0.000554009 0.529364 9.9982E-05 0.153889 0.0965863
9.9991E-05 0.095192 0.00084011 0.653296 0.0125576 0.138726 0.0992882
0.459056 0.244715 0.0523343 9.9982E-05 0.115474 0.12822 9.9982E-05
9.9982E-05 0.675109 0.0310661 9.9982E-05 0.0839087 0.189869 0.0198466
9.9982E-05 0.55946 0.0758635 0.130649 9.9982E-05 0.202734 0.0310935
0.0294253 0.232353 0.0117562 0.551648 9.9991E-05 0.0335777 0.14114
9.9991E-05 0.257632 0.0024111 0.548266 0.00543134 0.0400521 0.146108
0.0734491 0.0991361 0.150331 0.498532 9.9982E-05 9.9982E-05 0.178352
9.9973E-05 0.079133 0.199637 0.529929 9.9973E-05 9.9973E-05 0.191
0.156645 9.9991E-05 0.141228 0.113447 0.127859 0.0311347 0.429586
0.0557481 0.0810659 0.201945 0.38978 9.9991E-05 0.0862517 0.185109
9.9973E-05 0.330372 0.241356 9.9973E-05 0.0765821 9.9973E-05 0.35139
9.9982E-05 0.154308 0.242432 0.234521 0.0819068 9.9982E-05 0.286632
0.132551 0.0432364 0.196765 0.293367 0.0225148 9.9991E-05 0.311466
0.0906269 0.0418304 0.100281 0.385927 9.9991E-05 0.089893 0.291342
0.0516283 9.9973E-05 0.181683 0.588576 9.9973E-05 9.9973E-05 0.177813
0.0637449 0.258609 0.186919 0.346311 0.000196316 9.9991E-05 0.14412
0.136525 0.00343776 0.144235 0.308221 9.9982E-05 9.9982E-05 0.407382
