9.9982E-05 0.0658969 0.0233171 0.883919 9.9982E-05 0.0266669
9.9982E-05 0.0113889 9.9982E-05 0.922796 0.0346448 0.0309706
0.0835642 0.0303573 0.0393765 0.846502 9.9982E-05 9.9982E-05
0.0540476 0.0977123 0.0584065 0.789634 9.9982E-05 9.9982E-05
0.104876 0.00461262 0.0499254 0.840386 9.9982E-05 9.9982E-05
0.017831 0.101547 0.1018 0.584437 0.0943697 0.100015
0.00396922 0.0402513 9.9991E-05 0.858634 0.0716209 0.0254246
9.9982E-05 0.103972 0.0399241 0.704705 0.151199 9.9982E-05
9.9982E-05 0.0768174 9.9982E-05 0.827123 0.0760211 0.0198389
0.180488 0.0261536 9.9982E-05 0.70383 0.0893281 9.9982E-05
0.0306544 0.104352 9.9991E-05 0.725805 0.137103 0.00198617
0.192122 0.511029 0.115133 9.9982E-05 9.9982E-05 0.181515
0.588228 0.287857 0.0624503 0.0157128 0.00600458 0.0397475
0.253508 0.42681 0.123483 0.000575692 0.0603586 0.135265
0.280889 0.341674 0.175995 0.0547763 0.105262 0.0414033
0.387439 0.206252 0.100438 0.126543 0.153346 0.0259835
0.504377 0.146263 0.140767 0.0768795 0.046891 0.0848226
0.44856 0.238081 0.120883 9.9991E-05 0.067148 0.125228
0.384611 0.301446 0.0277699 0.15327 9.9991E-05 0.132803
0.0903138 0.646878 0.0676818 0.0588894 0.0971815 0.0390555
0.356234 0.316317 0.0460595 9.9991E-05 0.072628 0.208661
0.493355 0.215945 0.0639408 9.9982E-05 0.226559 9.9982E-05
0.541718 0.238139 0.0150041 0.0364514 0.0524901 0.116197
0.341568 0.332492 0.0857392 0.0244026 0.127768 0.08803
0.738871 0.111074 0.0556702 0.0584808 9.9991E-05 0.0358042
0.457518 0.274528 0.168654 9.9982E-05 9.9982E-05 0.0991003
0.198135 0.472609 0.0735779 0.015744 0.0225046 0.217429
0.263186 0.385857 0.202792 0.0233964 0.00693205 0.117836
0.340159 0.450554 0.028537 0.00589977 0.13137 0.0434799
0.0902903 9.9973E-05 0.0798524 0.829557 9.9973E-05 9.9973E-05
0.149218 9.9964E-05 9.9964E-05 0.850382 9.9964E-05 9.9964E-05
0.191983 9.9973E-05 0.0102081 0.797509 9.9973E-05 9.9973E-05
0.108837 9.9982E-05 0.0879744 0.762509 9.9982E-05 0.0404794
0.578569 0.152149 0.0353872 0.0373544 9.99912E-05 0.196441
0.472243 0.064757 0.0631442 0.0655756 9.9991E-05 0.33418
0.490043 0.0290964 0.0515344 0.0270278 0.0269737 0.375324
0.165163 0.590129 0.0295301 0.110591 9.9991E-05 0.104487
0.272488 0.0813397 0.0916494 0.000137134 0.0263363 0.528049
0.432696 0.133558 0.0991151 0.0886363 9.9991E-05 0.245895
0.779795 9.9991E-05 0.0214174 0.0397989 0.0615779 0.0973104
0.631415 0.0468914 9.9991E-05 0.133742 0.116373 0.0714779
0.636642 0.124789 9.9982E-05 0.145633 9.9982E-05 0.0927361
0.0745737 0.139622 0.0122784 0.0308173 0.0102861 0.732423
0.574484 0.0309076 0.0755068 0.0759181 0.204575 0.0386078
0.536007 0.0350185 0.109907 0.00523496 0.0590922 0.25474
0.604203 0.0200701 0.0707316 0.152109 0.0204303 0.132456
0.320009 9.9982E-05 9.9982E-05 0.00114415 0.0567444 0.621903
0.598521 0.00304946 0.0737801 0.0261476 9.9991E-05 0.298401
0.561913 0.019763 0.107539 0.123258 0.106535 0.0809921
9.9982E-05 0.0603155 9.9982E-05 0.0940993 0.214909 0.630476
0.188365 0.462076 9.9982E-05 9.9982E-05 0.124862 0.224497
0.118389 0.223354 0.0140117 9.9991E-05 0.437254 0.206891
0.531035 0.168425 0.150712 9.9991E-05 0.0484248 0.101303
0.500593 0.108413 0.117064 0.0760687 0.108008 0.0898531
0.599935 0.0392273 0.0683257 0.13778 0.154631 9.9991E-05
0.189488 0.334706 0.00496624 0.101088 0.125765 0.243986
0.545577 0.210974 9.9991E-05 0.0295292 0.067202 0.146618
0.512496 0.128426 0.0895257 0.0822458 0.173058 0.0142481
0.377037 0.213319 0.0233349 0.160638 0.0776258 0.148045
0.156609 0.339174 0.0203299 0.214403 0.23237 0.0371148
0.502614 0.0306613 0.102674 0.0450736 0.092995 0.225983
0.360379 0.221425 0.0650495 0.122237 0.0924184 0.138491
0.0891693 0.509774 9.9991E-05 0.0381193 0.100217 0.26262
0.529122 0.251694 9.9982E-05 9.9982E-05 0.10466 0.114324
0.65265 0.0426691 9.9982E-05 9.9982E-05 0.230945 0.0735353
0.564615 0.246622 0.0925843 0.0627255 0.0333531 9.9991E-05
0.34305 0.2659 0.076113 0.0427323 0.0805326 0.191672
0.521596 0.210741 0.0773734 9.9991E-05 0.0639782 0.126211
0.569966 0.205793 9.9991E-05 0.112272 0.0227763 0.089093
0.302477 0.449108 9.9982E-05 9.9982E-05 0.124011 0.124204
0.550984 9.9964E-05 9.9964E-05 9.9964E-05 9.9964E-05 0.448616
0.153962 0.116467 0.0476325 9.9982E-05 9.9982E-05 0.681739
0.481711 0.0510884 0.110893 0.0726361 0.0601054 0.223566
9.9973E-05 9.9973E-05 9.9973E-05 0.0255468 0.119356 0.854797
0.0167689 0.0534455 9.9982E-05 9.9982E-05 0.120462 0.809124
0.243543 0.00159662 9.9973E-05 9.9973E-05 9.9973E-05 0.75456
0.485235 0.0943431 9.9982E-05 0.023637 9.9982E-05 0.396585
0.541431 0.100774 0.0748058 0.114626 9.9991E-05 0.168264
0.409811 0.000875147 0.0599477 0.0358645 9.9991E-05 0.493402
0.154369 0.108549 0.0400507 0.0653244 9.9991E-05 0.631606
0.233178 0.214657 9.9982E-05 0.0768563 9.9982E-05 0.475108
0.557563 0.0480548 0.108973 0.105403 0.0135156 0.16649
0.317509 0.111289 0.00320748 0.0346061 9.9991E-05 0.533289
0.455531 0.0568508 9.9982E-05 0.0462507 9.9982E-05 0.441167
0.354336 9.9982E-05 9.9982E-05 0.0346268 0.0702085 0.540629
9.9973E-05 9.9973E-05 0.0132142 9.9973E-05 0.231156 0.755329
0.577544 0.0510416 0.0769879 9.9982E-05 9.9982E-05 0.294226
0.141801 0.0464133 0.00684921 0.804736 9.9982E-05 9.9982E-05
0.125438 9.9964E-05 9.9964E-05 0.874162 9.9964E-05 9.9964E-05
0.0925845 0.0263867 0.0194398 0.861389 9.9982E-05 9.9982E-05
0.0901049 9.9982E-05 0.0132201 0.894418 9.9982E-05 0.00205732
0.117397 9.9964E-05 9.9964E-05 0.882203 9.9964E-05 9.9964E-05
0.0766666 9.9982E-05 0.0135492 0.900122 0.00946217 9.9982E-05
0.0555266 0.00997127 0.0114472 0.922855 9.9982E-05 9.9982E-05
0.508685 0.106535 0.0487812 0.0816555 9.9991E-05 0.254243
0.545598 9.9991E-05 0.109422 0.139462 0.0240858 0.181331
0.066216 0.0203776 9.9982E-05 0.0587627 9.9982E-05 0.854444
0.642389 0.0638157 9.9991E-05 0.0680826 0.0851194 0.140493
0.455391 0.0905828 9.9982E-05 0.0296159 9.9982E-05 0.42421
0.58346 9.9982E-05 0.00152723 0.0350004 9.9982E-05 0.379813
0.460116 0.047728 0.0581162 0.0226306 0.075081 0.336328
0.453486 9.9982E-05 0.0562816 0.0388217 9.9982E-05 0.451211
9.9982E-05 0.182011 9.9982E-05 0.0541749 0.00883796 0.754776
0.472217 0.0258409 0.0704757 0.137047 0.107774 0.186645
0.60691 0.0354178 0.0753093 0.0094075 9.9991E-05 0.272856
0.477788 0.0510979 0.179672 0.0423157 0.0713443 0.177782
0.238718 9.9982E-05 0.0322477 9.9982E-05 0.222864 0.50597
0.465414 9.9973E-05 9.9973E-05 9.9973E-05 0.038232 0.496054
0.347778 0.114034 0.048598 0.0197082 9.9991E-05 0.469783
0.223148 9.9973E-05 0.113956 9.9973E-05 9.9973E-05 0.662596
0.444426 0.086466 9.9982E-05 0.0844431 9.9982E-05 0.384465
0.484395 0.120733 0.0978865 0.0761588 9.9991E-05 0.220727
0.231489 0.315402 0.0868536 0.0261805 0.21484 0.125235
0.520049 0.222 0.0207029 0.145727 0.0844378 0.0070837
0.611091 0.239377 0.0104718 0.0770645 9.9991E-05 0.0618962
0.582293 0.180072 0.0212046 0.0934675 9.9991E-05 0.122863
0.510276 0.338773 9.9982E-05 0.0799724 0.0707785 9.9982E-05
0.585348 0.331696 0.0561665 0.0265895 9.9982E-05 9.9982E-05
0.426752 0.436834 0.0720832 0.0118508 0.0191778 0.0333015
0.469088 0.16337 0.0399244 0.0456226 0.209574 0.0724204
0.678327 0.172392 0.0226351 0.0503572 0.0761893 9.9991E-05
0.61758 0.202851 9.9982E-05 9.9982E-05 0.108256 0.0711132
0.60924 0.390361 9.9964E-05 9.9964E-05 9.9964E-05 9.9964E-05
0.659266 0.152303 0.071873 9.9982E-05 0.116358 9.9982E-05
0.565317 0.0555729 0.0347719 0.0935704 0.218604 0.0321636
0.535422 0.315785 0.0908102 9.9982E-05 9.9982E-05 0.0577834
0.632785 0.0763572 0.0416331 0.0501706 0.198954 9.9991E-05
0.560987 0.246244 0.0864339 9.9982E-05 0.106135 9.9982E-05
0.405948 0.328951 0.00775417 0.0539353 0.203312 9.9991E-05
0.705457 0.167083 0.0950809 0.0228855 9.9991E-05 0.00939417
0.666061 0.123076 0.0453091 0.015396 0.150058 9.9991E-05
0.234513 0.368607 0.0897904 9.9991E-05 0.0314349 0.275555
0.183122 0.334905 0.0472666 0.014194 0.372216 0.0482961
0.542875 0.279494 0.0585886 0.0449188 0.0633784 0.0107454
0.0468036 0.351076 0.0527056 9.9991E-05 0.312344 0.23697
0.287583 0.438593 9.9991E-05 0.0173765 0.0390957 0.217252
0.461258 0.314484 9.9991E-05 0.024771 0.0654959 0.133891
0.382556 0.441375 9.9982E-05 0.0126768 9.9982E-05 0.163192
0.315479 0.440188 0.0372615 9.9991E-05 0.0203286 0.186643
0.72392 0.18719 0.00426916 0.0373884 0.0471323 9.9991E-05
0.472335 0.122588 0.113208 0.0936305 0.0857377 0.1125
0.467512 0.0879875 0.060209 0.0991942 0.0340538 0.251044
0.139032 0.365421 0.0599097 9.9991E-05 0.251102 0.184435
0.548233 0.179744 0.0238892 0.152517 0.0889271 0.00668932
0.532495 0.113866 0.0604543 9.9991E-05 0.187129 0.105955
0.00893147 0.134285 9.9991E-05 0.151555 0.596591 0.108537
0.626472 9.9982E-05 9.9982E-05 0.107782 0.0736144 0.191932
0.35428 0.0725198 9.9991E-05 0.102978 0.190008 0.280114
0.424389 0.0925754 0.111349 0.0169326 0.283512 0.0712429
0.263908 0.158028 0.0088759 0.092042 0.470013 0.00713242
0.241485 0.186346 9.9991E-05 0.0486203 0.497243 0.026205
0.442766 0.111516 9.9991E-05 0.0301016 0.318852 0.0966643
0.542175 0.0144564 0.0136786 0.152637 0.234023 0.0430307
0.497531 0.185836 0.011184 0.100645 0.0888809 0.115923
0.113834 0.117887 0.117415 0.0411477 0.394159 0.215556
0.512407 0.0960549 0.0945815 0.0205007 0.194816 0.0816399
0.362817 0.151272 9.9982E-05 9.9982E-05 0.294823 0.190888
0.479141 0.0659152 9.9982E-05 9.9982E-05 0.199146 0.255598
0.530908 9.9991E-05 0.053844 0.147181 0.108665 0.159302
0.10467 9.9991E-05 0.289758 0.297024 0.30183 0.00661833
9.9973E-05 9.9973E-05 0.110193 0.582168 0.307339 9.9973E-05
9.9973E-05 9.9973E-05 0.119469 0.463848 0.416383 9.9973E-05
0.0613647 9.9982E-05 0.36286 0.401897 0.173678 9.9982E-05
0.651924 9.9991E-05 0.00159706 0.0118092 0.260232 0.0743377
0.569902 9.9991E-05 0.0603275 0.103975 0.146348 0.119347
0.312783 9.9973E-05 0.671811 9.9973E-05 9.9973E-05 0.0151061
0.233035 0.154037 0.528597 0.00250591 9.9991E-05 0.0817254
0.374589 0.0714784 0.336983 0.0997238 0.0382062 0.0790191
0.357412 0.00145439 9.9991E-05 0.00276247 0.51381 0.124461
0.486583 0.102509 0.10246 0.112261 0.0677449 0.128442
0.250399 0.0387407 9.9982E-05 9.9982E-05 0.700667 0.00999362
0.602984 0.0502004 9.9991E-05 0.0356673 0.230126 0.0809228
0.455758 0.0593834 0.0715751 0.0207672 0.224638 0.167878
0.623482 0.00899879 9.9982E-05 0.0449294 0.32239 9.9982E-05
0.224415 0.0213731 9.9982E-05 9.9982E-05 0.63229 0.121722
0.647116 0.0290613 0.0363106 0.0948359 0.0748402 0.117836
0.532835 0.0713844 0.0365494 0.0886706 0.149969 0.120592
9.9964E-05 9.9964E-05 0.960483 9.9964E-05 0.039117 9.9964E-05
0.0312929 9.9982E-05 0.913265 9.9982E-05 0.000437644 0.0548041
0.181758 0.105732 0.604978 0.0918594 9.9991E-05 0.0155722
0.259479 9.9973E-05 0.718095 0.0221262 9.9973E-05 9.9973E-05
0.133892 9.9973E-05 0.821262 0.0445467 9.9973E-05 9.9973E-05
9.996E-05 9.996E-05 0.9995 9.996E-05 9.996E-05 9.996E-05
9.9964E-05 0.0214745 0.978126 9.9964E-05 9.9964E-05 9.9964E-05
0.0943704 9.9964E-05 0.90523 9.9964E-05 9.9964E-05 9.9964E-05
0.00954567 0.0280195 0.962135 9.9973E-05 9.9973E-05 9.9973E-05
9.996E-05 9.996E-05 0.9995 9.996E-05 9.996E-05 9.996E-05
9.996E-05 9.996E-05 0.9995 9.996E-05 9.996E-05 9.996E-05
0.193369 0.0432723 0.727371 0.0357886 9.9982E-05 9.9982E-05
0.0747635 0.0130608 0.850455 0.0615207 9.9982E-05 9.9982E-05
9.9964E-05 9.9964E-05 0.985103 9.9964E-05 9.9964E-05 0.0144967
0.240006 0.0609002 0.465339 0.132791 0.0928387 0.00812474
0.186968 0.0592054 0.706278 0.0473486 9.9982E-05 9.9982E-05
0.178731 9.9982E-05 0.747663 0.0628754 0.0105307 9.9982E-05
0.127021 0.0098751 0.860399 0.00250523 9.9982E-05 9.9982E-05
0.0565832 9.9964E-05 0.943017 9.9964E-05 9.9964E-05 9.9964E-05
0.100141 9.9982E-05 0.88979 0.00805194 0.00181766 9.9982E-05
9.9964E-05 9.9964E-05 0.99418 9.9964E-05 0.00541972 9.9964E-05
0.125856 0.0615991 0.705337 0.0408013 0.0273569 0.0390496
9.9973E-05 9.9973E-05 0.942208 9.9973E-05 0.00451978 0.0529725
9.9973E-05 9.9973E-05 0.0389067 0.301504 0.659289 9.9973E-05
0.472701 0.0645063 0.0637493 0.195347 0.203596 9.9991E-05
0.419358 0.0354594 0.0198652 0.230986 0.217775 0.0765566
0.220049 0.0190558 0.0959951 0.248838 0.415962 9.9991E-05
0.492959 0.0331802 0.090125 0.168604 0.193432 0.0216997
0.234843 9.9991E-05 0.0637965 0.270659 0.349208 0.081393
0.362496 0.0621402 0.138806 0.150944 0.153082 0.132532
0.357578 9.9982E-05 0.120038 0.121937 0.400247 9.9982E-05
0.628971 9.9982E-05 0.0703911 0.184757 0.115681 9.9982E-05
0.336814 9.9982E-05 0.226744 0.191839 0.244402 9.9982E-05
0.467178 0.0497883 0.101654 0.206732 0.174548 9.9991E-05
0.0769506 0.081596 9.9982E-05 0.838383 9.9982E-05 0.00287082
9.9964E-05 9.9964E-05 0.0433369 0.956263 9.9964E-05 9.9964E-05
0.0176028 0.0288137 9.9973E-05 0.953284 9.9973E-05 9.9973E-05
0.028382 0.0423394 9.9973E-05 0.928979 9.9973E-05 9.9973E-05
0.0648975 0.057893 9.9973E-05 0.87691 9.9973E-05 9.9973E-05
9.9982E-05 9.9982E-05 0.0737372 0.877936 0.0124971 0.0356301
0.000341368 0.0277121 0.0810248 0.886614 9.9991E-05 0.00420761
9.9973E-05 9.9973E-05 9.9973E-05 0.893555 0.101868 0.00427638
0.0128473 9.9991E-05 0.0138777 0.920821 0.00183471 0.0505191
0.0156929 9.9982E-05 0.0741981 0.82966 0.0802493 9.9982E-05
9.9982E-05 0.249316 0.011162 0.628109 9.9982E-05 0.111213
9.9982E-05 0.337337 9.9982E-05 0.57462 0.023809 0.0640343
9.9982E-05 0.312008 9.9982E-05 0.534954 0.102079 0.0507596
9.9982E-05 0.3445 9.9982E-05 0.464882 0.0919841 0.0984338
0.451739 0.137834 9.9982E-05 0.108832 9.9982E-05 0.301395
0.433743 0.141986 0.0277042 0.00113345 0.092053 0.303381
0.610823 0.118702 0.0188861 0.0268377 9.9991E-05 0.224651
0.456435 0.16913 9.9991E-05 0.0797128 0.0863316 0.20829
0.205669 0.610774 9.9982E-05 9.9982E-05 0.0438539 0.139502
0.564922 0.0220602 0.108305 0.0527611 9.9991E-05 0.251852
0.498812 0.0483992 0.0425915 9.9991E-05 0.0696628 0.340434
0.437101 0.124129 0.0319648 9.9991E-05 0.0418878 0.364818
0.400029 0.00244129 0.0751848 9.9991E-05 0.0767508 0.445495
0.632016 0.0336261 9.9991E-05 0.133605 0.00569581 0.194957
0.495315 0.100917 9.9991E-05 0.0290127 0.059248 0.315408
9.9973E-05 0.142552 9.9973E-05 9.9973E-05 0.15207 0.705079
0.50769 0.213212 0.00340604 0.0309224 0.0413635 0.203407
0.248965 9.9991E-05 0.00249779 0.00656158 0.211219 0.530657
0.495952 0.0696553 0.0351888 0.00633077 0.0396732 0.3532
0.0906827 0.185448 9.9982E-05 0.0258116 9.9982E-05 0.697858
0.0326977 0.774644 9.9982E-05 0.124365 0.0680929 9.9982E-05
0.0571699 0.707371 9.9982E-05 0.0735568 0.161702 9.9982E-05
9.9973E-05 0.805741 9.9973E-05 0.0195512 0.174408 9.9973E-05
0.00594599 0.78281 9.9982E-05 0.115941 0.0951031 9.9982E-05
0.0615811 0.788598 9.9973E-05 9.9973E-05 0.149521 9.9973E-05
0.119617 0.732929 9.9982E-05 0.0748801 0.0723736 9.9982E-05
0.100384 9.9982E-05 0.0110681 0.855368 9.9982E-05 0.0329795
0.105328 0.0655632 0.0211285 0.80778 9.9982E-05 9.9982E-05
0.190868 9.9973E-05 0.0370168 0.771816 9.9973E-05 9.9973E-05
0.119351 0.00916921 0.0793662 0.791913 9.9982E-05 9.9982E-05
0.0932285 0.0627416 0.0822315 0.761598 9.9982E-05 9.9982E-05
9.9982E-05 0.577968 9.9982E-05 0.375711 0.0459679 0.000153747
9.9982E-05 0.421851 9.9982E-05 0.473689 0.0755137 0.0287467
9.9973E-05 0.475122 9.9973E-05 0.416515 9.9973E-05 0.108064
0.125361 0.0298968 0.0219093 0.822632 9.9982E-05 9.9982E-05
9.9973E-05 0.475527 9.9973E-05 0.367832 9.9973E-05 0.156341
0.203295 9.9982E-05 0.389656 0.211109 0.19574 9.9982E-05
0.521375 0.100684 0.219598 0.0908064 9.9991E-05 0.0674362
0.517833 9.9973E-05 0.259926 0.22194 9.9973E-05 9.9973E-05
0.297139 0.0383017 0.247176 0.234508 0.0987874 0.0840876
0.492863 0.115106 0.166515 0.136889 0.0231966 0.0654309
9.9973E-05 9.9973E-05 0.31382 0.422466 0.263414 9.9973E-05
0.487776 0.346981 9.9982E-05 9.9982E-05 0.0956684 0.0693743
0.382636 0.240343 9.9982E-05 9.9982E-05 0.297246 0.0795756
0.346671 0.503671 9.9982E-05 0.0982754 9.9982E-05 0.0511832
0.471897 0.130997 0.0116742 9.9991E-05 0.221122 0.16421
9.9973E-05 0.173806 9.9973E-05 9.9973E-05 0.578315 0.247579
0.385171 0.183882 0.138699 0.0189684 0.109423 0.163857
0.488284 0.182529 9.9991E-05 0.0364011 0.193404 0.0992828
0.385671 0.419071 9.9991E-05 0.00699163 0.111394 0.0767723
0.513364 0.103791 0.0110143 0.0965894 0.0839921 0.191249
0.11551 0.325395 0.00166462 9.9991E-05 0.337452 0.219879
0.464318 0.142426 0.0709266 9.9991E-05 0.194553 0.127676
0.541789 0.307844 0.0249786 9.9982E-05 9.9982E-05 0.125189
0.402618 0.105329 0.177098 0.157807 0.0517318 0.105417
0.389642 0.292517 0.044132 9.9991E-05 0.172824 0.100784
0.434404 0.251926 0.0166126 0.023737 0.148085 0.125234
0.448582 0.104571 0.1525 0.0078526 0.189646 0.0968487
0.574911 0.181185 9.9991E-05 0.0170834 0.0854682 0.141252
0.634744 0.1331 0.0571706 9.9991E-05 0.0818703 0.0930161
0.51008 0.0589478 0.0863918 0.0809549 9.9991E-05 0.263525
0.551113 0.062937 0.0506221 0.114435 0.177517 0.0433763
0.12135 9.9973E-05 0.0575669 0.820783 9.9973E-05 9.9973E-05
0.0579256 9.9991E-05 0.030345 0.873563 0.0136591 0.0244078
0.030608 0.150708 0.00469477 0.762863 0.0224239 0.0287023
0.000925023 0.0896317 0.0662263 0.762613 0.0196668 0.0609372
0.116141 0.0105304 0.0341654 0.815736 0.023327 9.9991E-05
0.205286 0.585921 0.055155 9.9991E-05 0.0648966 0.0886412
0.493542 0.158826 0.0813066 0.107468 0.10556 0.0532974
0.416187 0.0288834 0.182083 0.190673 0.114282 0.0678912
0.688733 0.171749 0.0395789 9.9991E-05 0.0736204 0.0262189
0.504879 0.255124 9.9982E-05 0.0679825 9.9982E-05 0.171815
0.247455 0.418528 0.0500393 9.9982E-05 0.283778 9.9982E-05
0.00610165 0.654447 9.9991E-05 0.121374 0.0833095 0.134668
0.547569 0.394027 9.9982E-05 0.0357632 9.9982E-05 0.0224405
0.151914 0.531625 0.0494709 0.0787106 0.0838782 0.104401
0.452819 0.266517 0.043102 9.9991E-05 0.0970536 0.140409
0.159097 0.499407 0.0344179 0.106662 0.138021 0.0623951
0.551474 0.176848 0.120981 0.0632813 0.0589467 0.0284687
0.224653 0.612552 0.019776 0.0419319 0.0811659 0.0199214
0.311134 0.292335 0.0314519 0.0168258 0.187514 0.160739
0.503222 0.107738 0.0420983 0.0507581 0.267537 0.0286462
0.335986 0.0962038 9.9982E-05 9.9982E-05 0.556561 0.0110495
0.618196 0.0483401 9.9991E-05 0.119415 0.121911 0.0920378
0.609755 0.109625 9.9991E-05 0.141998 0.132307 0.00621584
0.417382 0.12242 9.9973E-05 9.9973E-05 0.459898 9.9973E-05
0.518995 0.194805 0.0228452 0.0894617 0.0953226 0.0785698
0.565922 9.9982E-05 9.9982E-05 0.0687696 0.247082 0.118027
0.158966 0.0483287 9.9982E-05 9.9982E-05 0.727132 0.0653734
0.310814 0.00649495 9.9982E-05 9.9982E-05 0.633842 0.0486499
0.502734 0.0797232 9.9973E-05 9.9973E-05 0.417243 9.9973E-05
0.219858 0.12944 9.9982E-05 9.9982E-05 0.465738 0.184765
0.482541 0.124791 9.9991E-05 0.0203722 0.239929 0.132267
0.142103 0.574352 0.0317707 0.0227332 0.00483525 0.224206
0.262131 0.329884 0.0263748 9.9991E-05 0.298008 0.0835014
0.256328 0.450001 0.14055 0.0197146 9.9991E-05 0.133306
0.564066 0.196258 0.0397184 0.0700959 9.9991E-05 0.129762
0.283385 0.446499 0.0573622 9.9991E-05 0.0307617 0.181892
0.354134 0.207289 0.114993 0.119671 0.162772 0.0411406
0.54829 0.175864 0.106925 0.00681113 0.106045 0.0560646
0.406719 0.249055 0.128139 9.9991E-05 0.0623309 0.153656
0.473932 0.316262 0.159413 9.9982E-05 9.9982E-05 0.0501931
0.428906 0.333183 0.102241 0.042767 9.9991E-05 0.0928029
0.188096 0.514191 0.135829 9.9982E-05 9.9982E-05 0.161684
0.365186 0.406723 0.0728548 9.9991E-05 0.0925973 0.0625396
0.69955 0.204694 9.9973E-05 9.9973E-05 0.0954555 9.9973E-05
0.648028 0.105855 9.9991E-05 0.100905 0.134917 0.0101955
0.39455 0.291196 9.9991E-05 0.0472109 0.174687 0.0922573
0.436016 0.255556 0.157411 9.9991E-05 0.110855 0.0400615
0.447725 0.416974 9.9991E-05 0.0784964 0.0536563 0.00304907
0.607625 0.282013 9.9991E-05 0.0130649 0.0228558 0.0743404
0.421508 0.276779 0.136464 0.00950649 9.9991E-05 0.155643
0.542122 0.178352 0.0864762 0.0891238 0.0493278 0.0545981
0.432141 0.0123117 0.0875068 0.359485 0.0763184 0.0322371
0.425935 9.9991E-05 0.248924 0.194709 0.038364 0.0919685
0.47886 9.9982E-05 0.12317 0.198789 0.198981 9.9982E-05
0.600431 0.132816 0.14395 0.0772193 9.9991E-05 0.045484
0.471996 9.9982E-05 0.210055 0.224954 9.9982E-05 0.0927953
0.540591 0.200934 9.9982E-05 9.9982E-05 0.257834 0.000441122
0.504528 0.104711 0.116013 0.161041 0.113608 9.9991E-05
9.9982E-05 9.9982E-05 0.181596 0.23508 0.475722 0.107402
0.466449 0.10367 0.229867 0.134926 0.0649886 9.9991E-05
0.613917 0.104524 0.117011 0.107522 0.0516393 0.00538554
0.519837 0.067955 0.2388 0.0866246 0.0604333 0.0263503
0.316393 0.0805553 0.128155 0.223265 0.18413 0.0675023
0.537994 0.00364134 0.138701 0.184389 0.0726821 0.0625913
0.500196 9.9982E-05 0.170325 0.102719 0.22656 9.9982E-05
9.9973E-05 9.9973E-05 0.186997 0.450894 0.361809 9.9973E-05
0.454913 0.0535426 0.238918 0.184206 9.9991E-05 0.0683203
0.548857 9.9982E-05 0.189379 0.184159 0.0774058 9.9982E-05
0.525962 0.0438135 0.152584 0.115054 0.162486 9.9991E-05
0.436961 9.9991E-05 0.22938 0.223938 0.0975607 0.0120603
0.526082 0.0470948 0.161635 0.121668 0.143421 9.9991E-05
0.408377 0.0474297 0.0954961 0.00315302 0.277477 0.168067
0.545202 0.10764 0.0562375 0.0356244 0.200209 0.0550872
0.025418 0.122364 9.9982E-05 9.9982E-05 0.577989 0.274028
0.0355463 0.122481 9.9982E-05 9.9982E-05 0.591702 0.250071
0.352377 0.0742416 0.182647 0.00143263 0.207122 0.18218
0.444172 0.00491139 0.267578 0.0917831 0.185132 0.00642342
0.302622 9.9991E-05 0.309523 0.118252 0.180322 0.0891813
0.144971 0.0726336 0.315 0.190837 0.258171 0.0183873
0.351553 9.9982E-05 0.280827 0.188644 0.178776 9.9982E-05
0.125941 9.9991E-05 0.0993144 0.0281988 0.698655 0.0477905
0.155669 9.9991E-05 0.128392 0.0240087 0.626972 0.0648586
0.530035 9.9982E-05 0.104834 9.9982E-05 0.215681 0.14925
0.436743 9.9991E-05 0.0981549 0.046028 0.264437 0.154538
0.243037 0.00381323 0.128362 9.9991E-05 0.517297 0.107391
0.494002 0.0534088 0.112345 0.0581632 0.201374 0.0807077
0.426906 9.9991E-05 0.132366 0.0596113 0.237681 0.143336
0.337825 0.152534 0.202798 0.112691 0.122946 0.0712058
0.287503 0.128634 9.9991E-05 0.004692 0.358215 0.220857
0.363526 0.0882653 0.0626185 9.9991E-05 0.285629 0.199861
0.568217 0.081452 9.9991E-05 0.0914785 0.197317 0.0614358
0.34347 0.132704 0.076235 0.0154914 0.255569 0.17653
0.459738 0.0688403 0.069452 0.0771326 0.205124 0.119713
0.520336 9.9973E-05 9.9973E-05 9.9973E-05 0.463547 0.0158167
0.260564 0.0959493 9.9982E-05 9.9982E-05 0.524804 0.118483
0.556644 9.9991E-05 0.00675069 0.0359453 0.213508 0.187051
0.395343 0.199367 0.0976641 0.0610424 0.192167 0.0544166
0.236095 0.0276566 0.0240327 9.9991E-05 0.432527 0.279589
0.487924 0.0660597 9.9982E-05 9.9982E-05 0.380187 0.0656298
0.504721 0.00905516 0.0983574 0.0278084 0.256517 0.103541
0.423311 0.0103275 0.0427276 0.0215792 0.332346 0.169708
0.417673 0.0114658 0.209806 0.169844 0.117031 0.0741806
0.428521 0.117873 0.108825 0.136849 0.147286 0.0606473
0.311756 0.136072 0.275573 0.109019 0.147541 0.02004
0.261941 0.163996 0.241969 0.209284 0.122711 9.9991E-05
0.314961 0.0956983 0.230228 0.175583 0.0405244 0.143006
0.493712 0.0693659 0.146013 0.146717 0.0993297 0.0448629
9.9982E-05 9.9982E-05 0.17646 0.152093 0.566284 0.104964
0.51446 0.0514962 0.210051 0.0894446 0.0722258 0.0623227
9.9973E-05 9.9973E-05 0.118008 0.362313 0.519379 9.9973E-05
0.526186 0.029824 0.178296 0.0547699 0.15059 0.0603341
0.0794079 9.9973E-05 9.9973E-05 9.9973E-05 0.584044 0.336248
9.9973E-05 0.0619279 9.9973E-05 9.9973E-05 0.596175 0.341597
0.461982 9.9973E-05 9.9973E-05 9.9973E-05 0.294142 0.243577
0.585287 9.9982E-05 0.0938749 9.9982E-05 0.225487 0.0951513
0.41851 0.00396772 9.9982E-05 9.9982E-05 0.4312 0.146123
0.493316 9.9982E-05 0.0499103 9.9982E-05 0.199821 0.256753
0.509591 9.9982E-05 0.0424994 9.9982E-05 0.288113 0.159597
0.11121 9.9991E-05 0.0264399 0.803428 0.0577204 0.00110115
9.9982E-05 0.143402 0.149048 0.70319 0.00416076 9.9982E-05
9.9973E-05 0.0216485 0.0847301 0.893322 9.9973E-05 9.9973E-05
0.063833 9.9973E-05 9.9973E-05 0.921692 0.0141753 9.9973E-05
0.468307 9.9982E-05 0.00715795 0.0620687 9.9982E-05 0.462267
0.560479 0.0191422 9.9982E-05 0.0828664 9.9982E-05 0.337313
0.432341 0.0123838 9.9982E-05 0.0257888 9.9982E-05 0.529286
0.577803 0.0257006 0.0254395 0.103604 0.0171882 0.250265
0.489467 0.054085 9.9991E-05 0.125748 0.00668972 0.32391
0.28196 0.102405 9.9991E-05 0.0434617 0.0704013 0.501672
0.537151 9.9982E-05 0.0543228 0.0350107 9.9982E-05 0.373316
0.323347 9.9982E-05 9.9982E-05 0.0198864 0.212944 0.443623
0.490653 0.052795 0.171936 0.274508 0.0100075 9.9991E-05
0.408561 0.13691 0.0303935 9.9991E-05 0.059134 0.364902
0.310358 0.103275 9.9991E-05 0.0241057 0.0152632 0.546899
0.595185 9.9973E-05 9.9973E-05 9.9973E-05 0.0301424 0.374372
0.463309 0.0375015 9.9973E-05 9.9973E-05 9.9973E-05 0.49889
0.55102 9.9982E-05 0.0235183 9.9982E-05 0.0083485 0.416913
0.479609 9.9982E-05 0.0141239 0.140273 9.9982E-05 0.365793
0.0606897 9.9973E-05 9.9973E-05 9.9973E-05 0.029972 0.909038
0.195397 9.9991E-05 0.0631164 0.0495832 0.10832 0.583483
0.330544 9.9982E-05 0.0162664 9.9982E-05 0.0325947 0.620395
9.9964E-05 9.9964E-05 9.9964E-05 9.9964E-05 0.172577 0.827023
0.326191 0.200318 0.0745986 0.0238931 9.9991E-05 0.3749
0.126825 9.9982E-05 9.9982E-05 0.0118618 0.288053 0.573061
9.9964E-05 9.9964E-05 9.9964E-05 9.9964E-05 0.223148 0.776452
0.540921 9.9982E-05 0.0471743 0.0132065 9.9982E-05 0.398498
0.180862 0.0939929 9.9982E-05 0.0652095 9.9982E-05 0.659736
0.4227 9.9991E-05 0.0336058 0.0636878 0.0287524 0.451154
0.469031 9.9991E-05 0.0271465 0.0815443 0.114462 0.307717
0.549457 0.100092 0.00950037 9.9982E-05 9.9982E-05 0.340751
0.374651 0.355431 0.00920058 9.9991E-05 0.200231 0.0603863
0.518082 0.0133951 0.0621926 0.0432499 9.9991E-05 0.362981
0.494003 0.120741 9.9982E-05 0.0329053 9.9982E-05 0.35215
0.317697 9.9982E-05 0.0212777 9.9982E-05 0.0256194 0.635206
0.546884 0.0113022 0.0431301 0.0891037 0.0376361 0.271944
9.9991E-05 0.284955 0.015593 0.609422 0.0736033 0.0163269
0.0169808 0.0770214 0.00648446 0.759304 0.0414784 0.0987313
9.9973E-05 0.117063 9.9973E-05 0.825723 0.0569143 9.9973E-05
9.9982E-05 0.116264 9.9982E-05 0.826105 0.00443037 0.0530011
0.0796879 0.205964 9.9973E-05 0.714048 9.9973E-05 9.9973E-05
0.0538686 0.14985 0.044103 0.0521472 9.9991E-05 0.699931
0.173717 0.157771 9.9982E-05 0.0796883 9.9982E-05 0.588624
0.0830593 9.9982E-05 0.0218703 9.9982E-05 0.075967 0.818903
0.521368 9.9991E-05 0.115794 0.101342 0.0323774 0.229018
0.539302 0.0599857 0.0723042 0.151849 0.076709 0.0998498
0.251257 9.9991E-05 0.0324118 0.040212 0.0857155 0.590304
0.55935 9.9982E-05 0.0664588 9.9982E-05 0.0119935 0.361997
0.406391 9.9991E-05 0.022193 0.0814352 0.0270351 0.462846
0.464799 0.0276257 0.0542895 0.0468078 0.0214867 0.384992
0.579742 0.0345186 0.0552541 0.0371959 9.9991E-05 0.29319
0.179131 0.155246 0.0501259 9.9982E-05 9.9982E-05 0.615298
0.343991 0.117812 9.9982E-05 0.0154173 9.9982E-05 0.52258
0.260424 0.16224 9.9973E-05 9.9973E-05 9.9973E-05 0.577036
0.587018 9.9991E-05 0.00285696 0.106861 0.229113 0.0740511
0.42217 0.0302009 9.9973E-05 9.9973E-05 9.9973E-05 0.547329
0.424827 0.0131683 0.0321645 0.0188285 0.045489 0.465523
0.473224 0.0554761 0.375514 0.0597643 0.0359211 9.9991E-05
0.262645 0.0327596 0.481501 0.118805 9.9991E-05 0.10419
0.361014 9.9982E-05 0.439498 0.192056 0.0072313 9.9982E-05
0.308807 9.9982E-05 0.488876 0.103289 0.0988285 9.9982E-05
0.559947 9.9982E-05 0.197551 0.106149 0.136154 9.9982E-05
0.444785 9.9991E-05 0.0289911 0.110196 0.115128 0.300799
0.0513773 9.9982E-05 0.657837 0.235835 0.0547505 9.9982E-05
0.29533 0.0206061 0.495563 0.110177 0.0521828 0.0261413
0.502414 9.9982E-05 0.165223 0.093953 0.23821 9.9982E-05
0.602233 0.0778099 0.027198 0.078138 0.214521 9.9991E-05
0.473053 0.136909 0.0366675 0.109108 0.190126 0.0541367
0.694041 0.0715753 0.0186572 0.116463 0.0991631 9.9991E-05
0.546331 0.0670212 0.043 0.0519952 0.129886 0.161767
0.296249 9.9973E-05 0.447509 0.255942 9.9973E-05 9.9973E-05
0.315725 0.0935724 0.408299 0.0808655 9.9991E-05 0.101438
0.323333 9.9982E-05 0.535756 0.0641172 0.0765935 9.9982E-05
0.49195 0.0892635 0.261298 0.138678 9.9991E-05 0.0187115
0.307334 9.9982E-05 0.515765 0.111599 0.0651029 9.9982E-05
0.444138 0.0476294 0.322414 0.130361 9.9991E-05 0.0553586
0.22983 9.9991E-05 0.559038 0.150718 0.0542737 0.00603968
0.40773 0.0468624 0.399449 0.0858151 0.010727 0.0494159
0.564279 0.0229678 9.9991E-05 0.0676651 0.328844 0.016144
0.377919 0.0578204 0.32436 0.190962 0.0337087 0.0152298
0.176844 9.9982E-05 0.616964 0.19283 0.013162 9.9982E-05
0.349743 0.150556 0.389856 0.077618 9.9991E-05 0.0321273
0.255676 0.185426 9.9991E-05 0.162207 0.307284 0.0893071
0.542572 0.147677 0.0835405 9.9991E-05 0.205816 0.0202943
0.439923 0.000886084 0.268164 0.221824 0.0691033 9.9991E-05
0.63544 0.0663109 0.00267924 0.147537 0.147933 9.9991E-05
0.519142 0.0297046 9.9991E-05 0.179431 0.148378 0.123244
0.40898 0.0490965 0.20446 0.166395 0.135422 0.0356463
0.356123 9.9982E-05 0.250741 0.249758 0.143178 9.9982E-05
0.574984 0.0620823 0.0183019 0.123754 0.142311 0.0785678
0.301119 9.9982E-05 0.450886 0.140743 9.9982E-05 0.107052
0.356818 9.9982E-05 0.500107 0.0808959 9.9982E-05 0.0619788
0.174274 9.9982E-05 0.572951 0.162886 0.0896879 9.9982E-05
0.603974 0.050592 0.00562781 0.123982 0.215724 9.9991E-05
0.445413 0.116916 9.9991E-05 0.129281 0.161479 0.14681
0.235763 9.9982E-05 9.9982E-05 0.150908 0.595286 0.0178432
0.546308 0.0121149 0.0512729 0.14589 0.105247 0.139168
0.358484 0.284819 0.0378813 0.0594106 0.234444 0.0249609
0.399512 9.9991E-05 0.162054 0.223136 0.166445 0.0487533
0.438715 0.107106 0.161149 0.037284 0.174256 0.0814907
9.9973E-05 9.9973E-05 0.192596 0.321828 0.485276 9.9973E-05
9.9973E-05 9.9973E-05 0.119932 0.266379 0.613389 9.9973E-05
0.362306 0.0479147 0.102149 0.128468 0.359063 9.9991E-05
0.0595835 9.9991E-05 0.197163 0.353572 0.38152 0.00806208
9.9973E-05 9.9973E-05 0.266184 0.384985 0.348532 9.9973E-05
0.428793 0.0198635 0.0591025 0.134788 0.289609 0.0678443
0.314477 0.0394178 0.173834 0.180545 0.141513 0.150214
0.167409 0.0561691 0.171018 0.311203 0.288756 0.00544416
0.12093 9.9982E-05 0.148962 0.239434 0.490475 9.9982E-05
0.439257 9.9982E-05 0.12121 0.149299 0.290034 9.9982E-05
0.138983 9.9991E-05 0.147334 0.24827 0.417561 0.0477528
9.9973E-05 9.9973E-05 0.032938 0.408456 0.558306 9.9973E-05
0.535266 0.104371 0.112101 0.117825 0.0893904 0.0410476
0.317152 9.9991E-05 0.231509 0.169205 0.192817 0.0892176
0.52718 0.0316871 0.150482 0.287061 9.9991E-05 0.00349047
0.582642 9.9991E-05 0.209901 0.198071 0.00111481 0.00817155
0.345753 0.0792005 0.201696 0.213886 9.9991E-05 0.159364
0.436955 9.9982E-05 0.232495 0.165809 9.9982E-05 0.164542
0.46965 9.9991E-05 0.286261 0.173323 0.0314564 0.0392088
0.40371 9.9982E-05 0.168074 0.384063 0.0439522 9.9982E-05
0.595504 9.9991E-05 0.120415 0.210442 0.00615915 0.0673793
0.50344 9.9982E-05 0.223402 0.249091 9.9982E-05 0.0238668
0.428259 9.9982E-05 0.132958 0.318178 0.120404 9.9982E-05
0.174011 0.0554302 0.154414 0.199883 0.164817 0.251445
0.558573 0.0957566 0.0709233 0.195507 0.00553666 0.0737038
0.495519 0.1264 0.150544 0.129629 0.0978079 9.9991E-05
0.674724 9.9982E-05 9.9982E-05 0.168334 0.081429 0.0753133
0.411736 9.9982E-05 0.245324 0.287233 0.0555065 9.9982E-05
0.498994 0.0372551 0.157336 0.209726 0.00937768 0.0873114
0.171469 9.9991E-05 0.229202 0.330304 0.207303 0.0616216
0.459343 0.0638957 0.238209 0.162669 0.0257279 0.0501562
0.217136 9.9991E-05 0.283983 0.292599 0.186143 0.0200385
9.9991E-05 0.104067 0.00540324 0.783636 0.0371091 0.0696847
0.158931 0.714916 9.9991E-05 0.0780853 0.0157235 0.0322435
9.9964E-05 0.995246 9.9964E-05 0.00435456 9.9964E-05 9.9964E-05
9.996E-05 0.9995 9.996E-05 9.996E-05 9.996E-05 9.996E-05
0.0505854 0.904936 9.9982E-05 0.0315274 0.0127513 9.9982E-05
0.0541126 0.913855 0.0317326 9.9973E-05 9.9973E-05 9.9973E-05
0.119917 0.874596 9.9973E-05 0.00518694 9.9973E-05 9.9973E-05
9.9973E-05 0.919941 9.9973E-05 0.0640571 9.9973E-05 0.0157021
9.9964E-05 0.792692 9.9964E-05 0.206909 9.9964E-05 9.9964E-05
0.0351498 0.0342626 0.0479377 0.88245 9.9982E-05 9.9982E-05
0.0395752 0.111595 0.0368144 0.811816 9.9982E-05 9.9982E-05
9.9973E-05 9.9973E-05 0.0356279 0.891127 9.9973E-05 0.0729451
0.0548016 0.0663998 9.9982E-05 0.800837 0.0777617 9.9982E-05
0.0351164 0.0438056 0.0439261 0.876952 9.9982E-05 9.9982E-05
9.9982E-05 0.0792658 0.00526595 0.91091 9.9982E-05 0.00435871
0.0714945 0.0613669 0.19485 0.672088 9.9982E-05 9.9982E-05
0.0500449 9.9991E-05 0.0437583 0.875942 0.00822687 0.0219283
0.0687101 0.108977 0.073418 0.712594 0.0359921 0.000309201
9.9973E-05 9.9973E-05 0.0376164 0.919793 9.9973E-05 0.0422906
9.9973E-05 0.0456889 9.9973E-05 0.928196 9.9973E-05 0.025815
9.9991E-05 0.0439348 0.0690939 0.815626 0.0602481 0.0109969
9.9973E-05 0.0589759 9.9973E-05 0.933677 0.00704714 9.9973E-05
0.0579942 9.9973E-05 0.028821 0.912885 9.9973E-05 9.9973E-05
0.0322759 9.9982E-05 0.0527901 0.864137 9.9982E-05 0.050597
0.155266 9.9973E-05 0.00192011 0.842514 9.9973E-05 9.9973E-05
0.115032 9.9973E-05 0.0877807 0.796887 9.9973E-05 9.9973E-05
0.124309 9.9973E-05 0.0785519 0.796839 9.9973E-05 9.9973E-05
0.137239 9.9982E-05 0.0273563 0.831152 9.9982E-05 0.00405296
0.482628 0.029204 9.9991E-05 0.158494 0.250951 0.0786223
0.712396 9.9982E-05 9.9982E-05 0.102177 0.122097 0.0631291
0.58164 0.114988 0.0304607 0.100025 9.9991E-05 0.172786
0.165863 9.9982E-05 9.9982E-05 0.0317288 0.706882 0.0953269
0.573798 0.115199 9.9991E-05 0.118873 0.180707 0.0113224
0.169416 0.0179741 0.0135414 0.113772 0.685196 9.9991E-05
0.60871 9.9982E-05 0.0277287 0.0907924 0.272569 9.9982E-05
0.456607 0.117784 9.9991E-05 0.0711543 0.236445 0.117909
0.620015 0.0191652 9.9991E-05 0.0791135 0.233261 0.0483462
0.541411 0.0261976 9.9982E-05 0.09071 9.9982E-05 0.341481
0.524635 0.137755 9.9991E-05 0.105919 0.230123 0.00146786
0.672014 9.9982E-05 9.9982E-05 0.0217381 0.280478 0.0255708
0.545758 0.142676 9.9991E-05 0.112666 0.182367 0.0164337
9.9982E-05 0.497418 0.0535353 9.9982E-05 0.158577 0.29027
0.0480822 0.0506154 9.9991E-05 0.0274018 0.835932 0.0378687
0.240656 0.0495792 9.9982E-05 0.0645769 0.644988 9.9982E-05
0.702005 0.00658309 9.9982E-05 0.157192 0.13402 9.9982E-05
0.578328 0.0110377 9.9982E-05 0.150939 0.259496 9.9982E-05
0.59444 9.9973E-05 9.9973E-05 0.145588 0.259672 9.9973E-05
0.628737 9.9991E-05 0.0749834 0.0792311 0.0953863 0.121563
0.584164 9.9982E-05 0.140351 0.142768 0.132517 9.9982E-05
0.630722 0.0699605 0.141724 0.157393 9.9982E-05 9.9982E-05
0.166422 0.0947618 0.174986 0.397331 0.148905 0.0175944
0.621342 0.145042 0.0573516 0.126543 0.0496206 9.9991E-05
0.443908 0.0489886 0.103703 0.244347 0.118988 0.0400657
9.9973E-05 9.9973E-05 0.204854 0.346976 0.44787 9.9973E-05
0.336028 9.9982E-05 0.146306 0.287194 0.230273 9.9982E-05
0.316812 0.107003 0.157517 0.3497 9.9991E-05 0.0688674
0.445145 0.131987 0.0582028 0.352208 9.9991E-05 0.0123572
0.491479 0.110605 0.207213 0.0631242 0.0234119 0.104168
0.528924 0.0302242 0.159033 0.192254 0.0347811 0.0547835
0.579152 0.00697536 0.209132 0.124683 0.0799566 9.9991E-05
0.51515 9.9982E-05 0.103339 0.173668 0.207642 9.9982E-05
0.348609 9.9991E-05 0.125138 0.44571 0.0433563 0.0370877
