0.144223 9.9982E-05 0.0507649 9.9982E-05 0.0290662 0.708643 0.027606 0.0126728 0.0268243
0.193699 9.9955E-05 0.0198505 9.9955E-05 9.9955E-05 0.744515 9.9955E-05 0.0414352 9.9955E-05
0.0801446 9.9973E-05 0.11106 0.0478852 0.0580942 0.664155 9.9973E-05 9.9973E-05 0.0383615
0.153197 9.9964E-05 0.0528519 0.0353789 9.9964E-05 0.665762 9.9964E-05 0.0924099 9.9964E-05
0.154634 0.0215553 0.0283411 0.0308142 9.9964E-05 0.764256 9.9964E-05 9.9964E-05 9.9964E-05
0.894432 9.9946E-05 9.9946E-05 0.022301 9.9946E-05 9.9946E-05 0.0826676 9.9946E-05 9.9946E-05
0.999201 9.993E-05 9.993E-05 9.993E-05 9.993E-05 9.993E-05 9.993E-05 9.993E-05 9.993E-05
0.947792 9.9937E-05 9.9937E-05 9.9937E-05 0.0515079 9.9937E-05 9.9937E-05 9.9937E-05 9.9937E-05
0.0950212 9.99639E-05 0.00181071 9.99639E-05 0.114994 0.689733 9.99639E-05 9.99639E-05 0.0980419
0.887396 9.9955E-05 0.0282391 0.0441223 9.9955E-05 0.0397424 9.9955E-05 9.9955E-05 9.9955E-05
0.881772 9.9946E-05 9.9946E-05 9.9946E-05 9.9946E-05 0.0608812 9.9946E-05 0.0567469 9.9946E-05
0.0471772 9.9955E-05 9.9955E-05 0.091465 9.9955E-05 9.9955E-05 0.00839124 0.852467 9.9955E-05
9.9955E-05 9.9955E-05 0.0181237 0.0504302 9.9955E-05 9.9955E-05 9.9955E-05 0.831983 0.0989628
9.9964E-05 9.9964E-05 0.0432031 0.114896 9.9964E-05 0.046256 9.9964E-05 0.702206 0.0930391
0.053717 9.9955E-05 9.9955E-05 9.9955E-05 9.9955E-05 0.00256457 9.9955E-05 0.931639 0.0115797
0.0380664 9.9964E-05 0.03153 0.127871 9.9964E-05 9.9964E-05 0.0174436 0.78469 9.9964E-05
0.0252904 0.00871859 9.9955E-05 0.0471283 9.9955E-05 9.9955E-05 9.9955E-05 0.918363 9.9955E-05
0.0102422 9.9973E-05 0.0102771 0.155061 9.9973E-05 0.00574619 9.9973E-05 0.782297 0.0360764
0.0141662 0.13672 9.9982E-05 0.000979729 9.9982E-05 0.0197934 0.0129421 0.787107 0.0280915
9.993E-05 9.993E-05 0.999201 9.993E-05 9.993E-05 9.993E-05 9.993E-05 9.993E-05 9.993E-05
9.993E-05 9.993E-05 0.999201 9.993E-05 9.993E-05 9.993E-05 9.993E-05 9.993E-05 9.993E-05
9.9973E-05 0.0544168 0.33392 0.0541205 9.9973E-05 0.479688 0.0205137 0.0570405 9.9973E-05
0.123239 9.9982E-05 0.253693 0.0475598 9.9982E-05 0.45954 0.0426002 0.0137252 0.059444
9.9964E-05 9.9964E-05 9.9964E-05 9.9964E-05 0.0471927 0.0914341 0.0602966 0.792751 0.00792532
0.0881147 9.9955E-05 0.0246405 9.9955E-05 9.9955E-05 9.9955E-05 0.650205 0.23654 9.9955E-05
0.0410151 0.0381504 9.9973E-05 0.0847357 0.00806904 9.9973E-05 0.792565 0.0351651 9.9973E-05
0.0312676 0.029893 9.9973E-05 9.9973E-05 0.0101264 9.9973E-05 0.706366 0.0456563 0.17639
0.00685125 0.156857 9.9973E-05 9.9973E-05 0.190384 9.9973E-05 0.202359 0.420323 0.0229258
0.0852858 0.319127 9.9973E-05 9.9973E-05 0.0179944 9.9973E-05 0.25225 0.207265 0.117779
9.9982E-05 0.0731625 9.9982E-05 0.00427281 0.127774 0.0608324 0.23307 0.411653 0.0890355
0.0388027 0.0809935 0.0392968 0.027584 0.0598929 0.128177 0.0757882 0.447249 0.102216
0.0327272 9.9964E-05 0.0810609 9.9964E-05 0.0631416 9.9964E-05 0.127809 0.694861 9.9964E-05
0.0301267 0.140429 0.0433939 0.0797581 9.9991E-05 0.0191475 0.146034 0.535457 0.00555314
9.9964E-05 0.264543 0.0497501 9.9964E-05 9.9964E-05 9.9964E-05 0.00611521 0.626865 0.0523264
9.9964E-05 9.9964E-05 0.0200355 0.0394666 9.9964E-05 0.0176093 0.673923 0.248566 9.9964E-05
9.9946E-05 9.9946E-05 9.9946E-05 9.9946E-05 0.00852301 9.9946E-05 0.893747 9.9946E-05 0.09713
0.0277962 0.0607707 9.9973E-05 9.9973E-05 0.0131461 0.00952326 0.886918 0.00154593 9.9973E-05
9.9946E-05 9.9946E-05 9.9946E-05 0.0631272 9.9946E-05 0.013638 0.922635 9.9946E-05 9.9946E-05
9.9982E-05 0.0502116 0.000950986 0.0656674 0.0635977 0.0825829 0.526832 0.209957 9.9982E-05
0.0403259 9.9964E-05 9.9964E-05 0.0726222 0.126978 9.9964E-05 0.478766 0.280909 9.9964E-05
9.9955E-05 0.073164 9.9955E-05 9.9955E-05 0.0134477 9.9955E-05 0.737176 9.9955E-05 0.175712
0.137294 9.9964E-05 0.0426937 0.0293708 9.9964E-05 0.679952 9.9964E-05 0.11029 9.9964E-05
0.0939882 9.9964E-05 0.0568343 0.0192063 9.9964E-05 0.815407 9.9964E-05 9.9964E-05 0.0141641
9.9973E-05 9.9973E-05 0.0804842 0.0603089 0.0183759 0.811929 0.00624508 9.9973E-05 0.0223572
0.000467629 9.9973E-05 0.0650395 0.0318714 9.9973E-05 0.861707 0.0123414 9.9973E-05 0.028273
0.0563622 9.9964E-05 0.0576912 0.0550189 9.9964E-05 0.759255 9.9964E-05 9.9964E-05 0.0712728
0.0270586 9.9982E-05 0.0832811 0.0571937 0.00976479 0.790256 0.0256688 9.9982E-05 0.00657728
0.10862 9.9955E-05 0.012221 0.0155065 9.9955E-05 0.863153 9.9955E-05 9.9955E-05 9.9955E-05
0.0475779 9.9955E-05 0.0080526 9.9955E-05 9.9955E-05 9.9955E-05 0.776063 0.167806 9.9955E-05
9.9973E-05 9.9973E-05 0.0148887 9.9973E-05 0.0589418 0.0190489 0.706917 0.181642 0.0182614
0.00507423 0.120303 0.0384416 0.179096 9.9973E-05 9.9973E-05 0.615531 0.0412545 9.9973E-05
0.0112954 0.141596 0.0201971 9.9991E-05 0.0153098 0.023813 0.163442 0.44021 0.184037
9.9982E-05 0.180442 0.0104328 0.120141 0.148636 0.0138974 0.109735 0.416514 9.9982E-05
9.9982E-05 0.295252 0.0806357 0.0578665 0.019021 9.9982E-05 0.0914474 0.383332 0.0722456
9.9982E-05 0.265082 0.0105799 0.0234825 0.174419 9.9982E-05 0.24026 0.186768 0.0992096
9.9973E-05 0.224708 0.0131649 0.00200294 9.9973E-05 0.0499148 0.0616933 0.648216 9.9973E-05
9.9973E-05 0.0672087 9.9973E-05 0.088554 0.00958363 0.0141806 0.112585 0.707588 9.9973E-05
0.0256827 0.16545 9.9982E-05 0.0597721 0.107187 9.9982E-05 0.163433 0.387953 0.0903237
0.142978 0.370619 9.9982E-05 9.9982E-05 0.0643808 0.0340014 0.0354382 0.168646 0.183736
0.0126557 0.242013 0.0144287 0.0140095 0.0108271 0.0809035 0.168207 0.167267 0.289688
0.0332133 0.427081 0.0164874 9.9991E-05 0.0605278 0.020072 0.0461781 0.192903 0.203438
9.9973E-05 0.354403 9.9973E-05 0.133051 0.101624 0.0364168 0.165683 0.208522 9.9973E-05
0.0577305 0.171356 0.0645948 0.0939087 9.9982E-05 9.9982E-05 0.323924 0.062944 0.225342
9.9973E-05 0.345372 0.00125604 0.0135762 9.9973E-05 9.9973E-05 0.145045 0.391376 0.103075
0.0337035 0.19227 0.055196 0.26277 0.00834911 0.220631 9.9991E-05 0.0384349 0.188545
0.135268 9.9955E-05 0.0133129 9.9955E-05 9.9955E-05 0.159491 9.9955E-05 9.9955E-05 0.691428
0.058212 9.9955E-05 9.9955E-05 0.0718345 9.9955E-05 0.0998843 9.9955E-05 9.9955E-05 0.769569
0.0488751 9.9982E-05 0.00261812 0.309445 9.9982E-05 0.202303 0.0141229 0.156397 0.266039
0.101922 0.507123 0.0416423 0.0804262 9.9973E-05 9.9973E-05 0.157955 0.110631 9.9973E-05
0.0112933 0.625744 9.9973E-05 0.0471594 9.9973E-05 9.9973E-05 0.0818003 0.045747 0.187956
0.0761961 0.382386 9.9973E-05 0.0076565 9.9973E-05 9.9973E-05 0.173639 0.150878 0.208944
0.0104267 0.0364813 9.9955E-05 0.884714 9.9955E-05 0.0678779 9.9955E-05 9.9955E-05 9.9955E-05
9.9964E-05 9.9964E-05 9.9964E-05 0.863357 0.0459069 0.0224997 0.0607842 0.00705231 9.9964E-05
9.9937E-05 9.9937E-05 0.0131362 0.986164 9.9937E-05 9.9937E-05 9.9937E-05 9.9937E-05 9.9937E-05
9.9946E-05 9.9946E-05 9.9946E-05 0.944659 0.00789472 9.9946E-05 9.9946E-05 9.9946E-05 0.0468465
9.9937E-05 9.9937E-05 9.9937E-05 0.97253 0.0267707 9.9937E-05 9.9937E-05 9.9937E-05 9.9937E-05
9.993E-05 9.993E-05 9.993E-05 0.999201 9.993E-05 9.993E-05 9.993E-05 9.993E-05 9.993E-05
9.9937E-05 9.9937E-05 0.0176307 0.98167 9.9937E-05 9.9937E-05 9.9937E-05 9.9937E-05 9.9937E-05
9.9946E-05 9.9946E-05 0.0183694 0.961705 0.0193255 9.9946E-05 9.9946E-05 9.9946E-05 9.9946E-05
0.0401475 0.0126503 0.0248011 0.907579 9.9964E-05 9.9964E-05 9.9964E-05 9.9964E-05 0.0144226
9.9946E-05 9.9946E-05 9.9946E-05 0.860839 9.9946E-05 0.094888 9.9946E-05 9.9946E-05 0.0436737
0.0101939 9.9946E-05 0.0242576 0.964949 9.9946E-05 9.9946E-05 9.9946E-05 9.9946E-05 9.9946E-05
0.0150193 0.0092842 0.0243535 0.849033 9.9982E-05 0.0671818 0.033351 9.9982E-05 0.00157692
0.0525409 0.260685 9.9973E-05 9.9973E-05 9.9973E-05 0.169237 0.0291986 0.00363463 0.484404
0.105494 0.255919 0.0716655 0.084656 0.071538 0.0303211 0.097545 0.0246543 0.258208
0.0477858 0.162209 0.0316597 0.122172 9.9991E-05 0.119721 0.101661 0.133945 0.280745
0.0369346 0.0210667 9.9973E-05 9.9973E-05 0.0450463 0.803382 0.0413107 9.9973E-05 0.0519602
0.0101485 9.9964E-05 0.0711166 0.0503732 9.9964E-05 0.806223 9.9964E-05 9.9964E-05 0.061739
9.9955E-05 9.9955E-05 0.0253658 9.9955E-05 0.00568302 0.851715 9.9955E-05 9.9955E-05 0.116736
0.0180202 9.9973E-05 0.0421827 0.00349519 0.0373936 0.849299 9.9973E-05 9.9973E-05 0.049309
0.00877127 9.9964E-05 0.078453 9.9964E-05 9.9964E-05 0.779297 9.9964E-05 0.0364992 0.0965796
0.0082293 9.9964E-05 0.0515144 0.047405 9.9964E-05 0.872538 9.9964E-05 9.9964E-05 0.0199138
0.0626701 9.9955E-05 0.0202694 0.0888116 9.9955E-05 0.827749 9.9955E-05 9.9955E-05 9.9955E-05
0.0603029 0.0605668 0.0124925 0.00857554 9.9973E-05 0.81111 9.9973E-05 9.9973E-05 0.0466521
9.9964E-05 0.0163769 0.0239796 0.0383096 9.9964E-05 0.882711 9.9964E-05 9.9964E-05 0.038223
9.9973E-05 9.9973E-05 0.0243689 0.0464551 0.0044895 0.742563 9.9973E-05 0.000987544 0.180837
0.0985803 0.0213241 0.0419083 9.9982E-05 0.144382 0.507383 0.0865063 0.0997158 9.9982E-05
0.0547472 0.0198212 0.0554665 9.9982E-05 0.268646 0.440734 0.0142584 0.146127 9.9982E-05
0.0379976 0.0308484 0.0278468 9.9991E-05 0.146158 0.512995 0.0700044 0.143852 0.0301974
0.147819 0.012968 9.9973E-05 9.9973E-05 0.147884 0.371263 0.0534674 0.266298 9.9973E-05
9.9973E-05 0.101942 0.0101017 0.0189423 0.144432 9.9973E-05 0.034667 0.689615 9.9973E-05
9.9955E-05 0.116168 9.9955E-05 0.193194 9.9955E-05 9.9955E-05 0.634423 0.0557151 9.9955E-05
9.9955E-05 0.187301 9.9955E-05 9.9955E-05 9.9955E-05 9.9955E-05 0.751241 0.0526645 0.0082938
9.9982E-05 0.138617 0.00275868 0.0823524 0.0384999 0.0570621 0.634683 9.9982E-05 0.0458272
9.9955E-05 9.9955E-05 9.9955E-05 9.9955E-05 0.0623266 0.0672509 0.659916 0.210007 9.9955E-05
0.0245097 9.9973E-05 0.0121908 0.00258778 0.854229 9.9973E-05 0.0453095 9.9973E-05 0.0608735
9.9937E-05 9.9937E-05 9.9937E-05 0.0359461 0.963354 9.9937E-05 9.9937E-05 9.9937E-05 9.9937E-05
9.9937E-05 0.0259812 9.9937E-05 9.9937E-05 0.973319 9.9937E-05 9.9937E-05 9.9937E-05 9.9937E-05
9.9946E-05 0.0457136 9.9946E-05 9.9946E-05 0.948294 0.0053931 9.9946E-05 9.9946E-05 9.9946E-05
9.9955E-05 0.0185349 0.00199066 0.0348135 0.944161 9.9955E-05 9.9955E-05 9.9955E-05 9.9955E-05
9.9937E-05 9.9937E-05 9.9937E-05 0.0979796 0.901321 9.9937E-05 9.9937E-05 9.9937E-05 9.9937E-05
9.9982E-05 0.0463981 0.0854804 0.0464407 0.0152778 0.757041 0.0243629 9.9982E-05 0.0247994
0.0680124 9.9973E-05 0.0258124 0.0395635 9.9973E-05 0.700657 9.9973E-05 0.0578977 0.107758
9.9964E-05 0.0910639 0.0564212 0.134257 0.0226816 0.695177 9.9964E-05 9.9964E-05 9.9964E-05
0.0165824 0.00558026 0.11401 0.117204 9.9982E-05 0.589761 9.9982E-05 0.113762 0.0429001
0.0718363 9.9973E-05 0.0254005 0.0804534 9.9973E-05 0.675903 9.9973E-05 0.0771258 0.0689809
0.00117131 9.9964E-05 9.9964E-05 9.9964E-05 0.365286 0.401525 0.0495455 0.182073 9.9964E-05
0.175667 0.0445794 0.00029431 9.9991E-05 0.329816 0.332571 0.0382841 0.0563095 0.0223784
0.0732369 0.0999851 0.0340378 9.9982E-05 0.373761 0.34996 0.0242006 0.0446189 9.9982E-05
9.993E-05 9.993E-05 0.999201 9.993E-05 9.993E-05 9.993E-05 9.993E-05 9.993E-05 9.993E-05
0.000410488 9.9973E-05 0.0432381 9.9973E-05 0.54197 0.305422 0.0851686 9.9973E-05 0.0234902
9.9973E-05 0.134645 9.9973E-05 0.385713 0.0262647 0.119296 0.0396206 9.9973E-05 0.294161
9.9955E-05 9.9955E-05 9.9955E-05 0.224642 0.0157407 0.258389 9.9955E-05 9.9955E-05 0.500728
9.9973E-05 0.256571 9.9973E-05 0.108296 0.0437929 9.9973E-05 0.278082 0.288771 0.0241869
9.9964E-05 9.9964E-05 0.0710448 0.0373852 0.0726111 0.0616302 9.9964E-05 0.756929 9.9964E-05
9.9964E-05 0.285723 9.9964E-05 0.126357 9.9964E-05 0.0467924 0.305979 0.234748 9.9964E-05
9.9964E-05 0.517993 9.9964E-05 9.9964E-05 0.065035 9.9964E-05 0.0922706 0.213705 0.110596
0.0209821 0.166077 0.0796695 9.9982E-05 0.0334867 0.040305 0.126776 0.532504 9.9982E-05
9.9955E-05 0.391139 9.9955E-05 9.9955E-05 9.9955E-05 9.9955E-05 0.0873811 0.411479 0.109502
9.9973E-05 0.25623 9.9973E-05 0.0527121 0.0298962 9.9973E-05 0.0571679 0.556149 0.0475449
9.9982E-05 0.265326 0.00285264 0.132547 0.0227598 0.0196209 0.153279 0.403415 9.9982E-05
9.9946E-05 9.9946E-05 9.9946E-05 0.161739 9.9946E-05 0.811321 0.0263398 9.9946E-05 9.9946E-05
9.9955E-05 0.0646237 9.9955E-05 0.0789159 9.9955E-05 0.853291 0.00266945 9.9955E-05 9.9955E-05
0.0345298 0.0829031 9.9973E-05 0.0119453 9.9973E-05 0.836813 0.0260206 0.00748857 9.9973E-05
9.9964E-05 0.0607632 9.9964E-05 0.0469791 0.0218567 0.811743 0.0582578 9.9964E-05 9.9964E-05
9.9973E-05 0.0699223 0.00311471 0.0766637 0.0240402 0.813213 0.0127465 9.9973E-05 9.9973E-05
9.9973E-05 9.9973E-05 0.00114592 0.0611053 0.0102683 0.0317687 9.9973E-05 0.877355 0.0180574
9.9955E-05 9.9955E-05 9.9955E-05 9.9955E-05 0.0847341 0.0591276 9.9955E-05 0.731987 0.123652
0.0100367 0.186019 0.0560249 0.0211029 0.09852 0.0791876 9.9982E-05 0.548909 9.9982E-05
9.9964E-05 0.171896 0.00945895 9.9964E-05 0.077727 0.138529 9.9964E-05 0.60199 9.9964E-05
0.0247728 0.0905138 9.9964E-05 9.9964E-05 0.0437713 0.0701836 9.9964E-05 0.770359 9.9964E-05
9.9991E-05 0.28923 0.0164849 0.115296 0.0130674 0.0612363 0.0885697 0.395575 0.0204409
9.9982E-05 0.444926 0.0141432 0.0258661 0.0948247 9.9982E-05 0.114362 0.144737 0.160941
0.0411357 0.587933 9.9973E-05 9.9973E-05 0.0297835 9.9973E-05 0.157999 0.0339297 0.148919
9.9964E-05 0.507738 9.9964E-05 9.9964E-05 0.0342261 9.9964E-05 0.169749 0.0784495 0.209437
0.0438538 0.559574 0.0169794 9.9982E-05 0.0975482 9.9982E-05 0.133071 0.0378409 0.110933
9.9955E-05 9.9955E-05 9.9955E-05 9.9955E-05 0.0300948 9.9955E-05 0.0648794 0.830007 0.0745191
9.9973E-05 0.243978 9.9973E-05 0.0688993 0.0358657 9.9973E-05 0.186065 0.451694 0.0131984
0.020016 0.119948 0.0332623 0.0258039 0.136898 9.9982E-05 0.14795 0.515921 9.9982E-05
9.9964E-05 9.9964E-05 0.00980035 0.114716 0.0274681 9.9964E-05 0.12302 0.724596 9.9964E-05
9.9973E-05 0.166505 9.9973E-05 0.0830622 9.9973E-05 0.0800363 0.124105 0.0756502 0.470341
9.9964E-05 0.0122696 0.0415462 0.101779 9.9964E-05 0.244069 9.9964E-05 9.9964E-05 0.599936
0.0139426 0.870189 9.9964E-05 9.9964E-05 0.0207144 9.9964E-05 9.9964E-05 0.0943539 0.000400478
9.9955E-05 0.860026 9.9955E-05 9.9955E-05 9.9955E-05 0.0591004 0.0464454 0.0339288 9.9955E-05
0.041549 0.320412 0.0233719 0.345858 9.9991E-05 0.0520349 0.0435933 0.058777 0.114304
9.9973E-05 0.293339 0.0590438 0.3179 9.9973E-05 0.129993 9.9973E-05 0.136906 0.0625184
0.021987 0.749202 0.00657402 0.0368561 9.9973E-05 0.0567413 9.9973E-05 9.9973E-05 0.12834
0.0394814 0.677056 0.0613954 0.0675873 9.9973E-05 0.0699832 9.9973E-05 9.9973E-05 0.0841963
0.0191985 0.641929 0.00266426 0.258684 9.9973E-05 0.0672224 9.9973E-05 0.0100024 9.9973E-05
9.9955E-05 0.742124 0.0863751 0.145886 9.9955E-05 0.0251151 9.9955E-05 9.9955E-05 9.9955E-05
9.9973E-05 0.843068 9.9973E-05 0.0283174 0.0160117 0.00543895 0.0104692 0.0963948 9.9973E-05
9.9973E-05 0.731147 9.9973E-05 0.103411 0.0537321 0.0502649 0.00914988 0.0519948 9.9973E-05
0.0320467 0.528723 0.000408173 0.0840765 0.0324898 0.18649 9.9982E-05 9.9982E-05 0.135566
0.148246 0.340729 0.0030817 0.0529703 9.9973E-05 0.173297 9.9973E-05 9.9973E-05 0.281375
9.9955E-05 0.947829 0.00335974 9.9955E-05 9.9955E-05 9.9955E-05 0.0383184 9.9955E-05 0.00999292
9.9946E-05 0.973694 0.0189583 9.9946E-05 9.9946E-05 0.00674818 9.9946E-05 9.9946E-05 9.9946E-05
9.9955E-05 0.631457 9.9955E-05 0.117148 9.9955E-05 9.9955E-05 0.0886887 0.162206 9.9955E-05
9.9973E-05 0.786721 0.0117953 0.0886664 9.9973E-05 0.00715492 0.0275772 0.0777849 9.9973E-05
0.0814237 0.0538155 0.0636554 0.0684852 9.9982E-05 0.652735 9.9982E-05 0.058801 0.0208842
0.0429738 9.9982E-05 0.0599513 0.102997 0.0571546 0.645192 9.9982E-05 0.0761026 0.0154291
9.9955E-05 9.9955E-05 0.0272971 0.09807 0.0274181 0.846715 9.9955E-05 9.9955E-05 9.9955E-05
0.0463998 0.0416932 0.102697 9.9955E-05 9.9955E-05 0.80871 9.9955E-05 9.9955E-05 9.9955E-05
0.00905804 0.0213494 0.00492347 9.9955E-05 9.9955E-05 9.9955E-05 0.964169 9.9955E-05 9.9955E-05
9.9964E-05 0.132442 9.9964E-05 0.0599628 9.9964E-05 0.0422283 0.652488 0.11248 9.9964E-05
9.9946E-05 0.0332895 9.9946E-05 9.9946E-05 9.9946E-05 9.9946E-05 0.937319 9.9946E-05 0.0287914
9.9955E-05 0.251663 9.9955E-05 9.9955E-05 0.0151853 9.9955E-05 0.573465 9.9955E-05 0.159187
9.99461E-05 0.0115226 9.99461E-05 9.99461E-05 9.99461E-05 9.99461E-05 0.862573 9.99461E-05 0.125305
0.0768549 9.9973E-05 9.9973E-05 0.0108539 0.0178366 0.0612375 0.548765 0.284153 9.9973E-05
9.9973E-05 0.119716 0.00831364 0.10141 0.0311768 9.9973E-05 0.663158 0.075926 9.9973E-05
0.0106746 9.9973E-05 0.0445985 9.9973E-05 0.0984026 0.631257 0.0123115 0.202456 9.9973E-05
9.9982E-05 9.9982E-05 0.0914806 0.0211612 0.0792683 0.68295 0.00618531 0.110188 0.00856602
9.9964E-05 9.9964E-05 0.119333 9.9964E-05 0.0910869 0.674679 9.9964E-05 0.0582096 0.0562916
9.9964E-05 0.0665564 0.117206 9.9964E-05 0.0968097 0.711248 0.00778076 9.9964E-05 9.9964E-05
0.0830192 9.9964E-05 0.060029 9.9964E-05 0.0952342 0.609545 9.9964E-05 0.151772 9.9964E-05
0.058548 9.9964E-05 9.9964E-05 0.0286294 9.9964E-05 0.00201287 0.662044 0.248366 9.9964E-05
0.0226057 9.9955E-05 9.9955E-05 9.9955E-05 9.9955E-05 0.0593467 0.644971 0.272577 9.9955E-05
9.9955E-05 0.101517 0.0017739 0.0491519 9.9955E-05 9.9955E-05 0.847058 9.9955E-05 9.9955E-05
0.030541 0.0110496 9.9973E-05 0.0640028 0.0545226 9.9973E-05 0.628098 0.211487 9.9973E-05
0.0413537 9.9982E-05 0.0281354 0.072177 0.00481769 0.00119116 0.539071 0.313054 9.9982E-05
0.113389 0.00841537 0.0460976 0.511448 9.9982E-05 0.181711 9.9982E-05 0.04167 0.0970685
0.123071 0.333156 9.9973E-05 9.9973E-05 0.0463932 0.091855 9.9973E-05 0.330449 0.0747763
9.9982E-05 0.406616 0.040776 0.000695987 0.00737653 0.123764 0.128401 9.9982E-05 0.292171
0.00946413 9.9973E-05 9.9973E-05 0.0392187 0.0081033 9.9973E-05 0.0419406 0.0229017 0.878072
9.993E-05 9.993E-05 9.993E-05 9.993E-05 9.993E-05 9.993E-05 9.993E-05 9.993E-05 0.999201
0.0697451 0.0349307 0.0393087 0.0506694 0.00246354 0.0613622 0.0449512 0.0291093 0.66746
9.9946E-05 9.9946E-05 9.9946E-05 0.0922104 9.9946E-05 0.101305 9.9946E-05 9.9946E-05 0.805885
9.9973E-05 0.0936413 9.9973E-05 0.142755 9.9973E-05 0.176534 0.118801 0.0276316 0.440338
0.000787491 9.9964E-05 0.035851 0.0328597 9.9964E-05 9.9964E-05 9.9964E-05 0.127407 0.802695
9.9982E-05 0.0183893 0.0457344 0.0490513 0.0256942 9.9982E-05 0.149998 0.124168 0.586764
9.9946E-05 9.9946E-05 0.0222573 9.9946E-05 9.9946E-05 9.9946E-05 9.9946E-05 0.00670581 0.970437
9.9973E-05 0.100392 9.9973E-05 0.249315 9.9973E-05 0.298514 0.0559406 0.0667764 0.228762
9.9991E-05 0.0214653 0.0053065 0.31595 0.0264574 0.193936 0.0782379 0.0460248 0.312522
9.99459E-05 9.99459E-05 9.99459E-05 9.99459E-05 0.0935205 0.827806 0.0780735 9.99459E-05 9.99459E-05
0.023087 9.9946E-05 9.9946E-05 9.9946E-05 0.588134 9.9946E-05 9.9946E-05 0.38818 9.9946E-05
9.9946E-05 9.9946E-05 0.0245596 9.9946E-05 0.622039 9.9946E-05 9.9946E-05 0.352802 9.9946E-05
9.9946E-05 9.9946E-05 9.9946E-05 9.9946E-05 0.605358 9.9946E-05 9.9946E-05 0.38607 0.00797205
9.9964E-05 9.9964E-05 9.9964E-05 0.0494891 0.550308 0.0332494 9.9964E-05 0.353107 0.0134466
9.9964E-05 9.9964E-05 0.0177146 0.00232411 0.712722 9.9964E-05 0.0297604 0.237079 9.9964E-05
9.9955E-05 9.9955E-05 0.0122187 9.9955E-05 0.61896 0.0302167 9.9955E-05 0.338105 9.9955E-05
9.9955E-05 9.9955E-05 0.0445412 9.9955E-05 0.539394 0.180306 9.9955E-05 0.235259 9.9955E-05
9.9964E-05 9.9964E-05 0.0332904 0.00511902 9.9964E-05 0.840364 0.0514661 9.9964E-05 0.0693608
0.0961755 9.9982E-05 0.0479484 0.0333567 0.064486 0.690381 9.9982E-05 0.0620262 0.00542658
0.0795589 9.9964E-05 0.118599 0.0176251 9.9964E-05 0.771158 0.0126588 9.9964E-05 9.9964E-05
0.0386023 0.0106155 0.0219208 0.0126121 9.9982E-05 0.772412 9.9982E-05 0.139054 0.00458313
0.0719295 9.9982E-05 0.0211134 0.0252401 0.0249483 0.81761 0.0249368 9.9982E-05 0.014022
0.0362025 0.069551 0.0261297 0.0241356 0.0349689 0.808712 9.9973E-05 9.9973E-05 9.9973E-05
0.128654 9.9964E-05 0.0273169 0.0724228 0.00953161 0.761675 9.9964E-05 9.9964E-05 9.9964E-05
9.9964E-05 0.0120897 0.0128801 0.0126208 9.9964E-05 0.901941 0.060069 9.9964E-05 9.9964E-05
9.9946E-05 9.9946E-05 0.048112 9.9946E-05 9.9946E-05 0.938447 9.9946E-05 0.012841 9.9946E-05
0.110992 0.0246128 0.0329901 0.0100863 9.9973E-05 0.774585 9.9973E-05 0.0464344 9.9973E-05
0.141311 9.9955E-05 9.9955E-05 9.9955E-05 0.0249666 0.831825 9.9955E-05 9.9955E-05 0.00139733
0.0598031 9.9964E-05 0.0813444 0.0198576 0.0210998 0.817495 9.9964E-05 9.9964E-05 9.9964E-05
0.0470407 9.9964E-05 0.0982947 0.0648831 9.9964E-05 0.755443 9.9964E-05 9.9964E-05 0.0339383
0.0920046 0.0182005 0.0858545 0.115596 9.9964E-05 0.687945 9.9964E-05 9.9964E-05 9.9964E-05
0.0416497 9.9964E-05 0.0287993 0.173395 9.9964E-05 0.685995 9.9964E-05 9.9964E-05 0.0697604
0.0625541 9.9973E-05 0.0756434 0.1287 9.9973E-05 0.706724 0.0163189 0.00975936 9.9973E-05
0.00894497 9.9973E-05 0.0587284 0.129547 9.9973E-05 0.768144 0.0248412 0.00949468 9.9973E-05
0.0131187 0.24975 9.9991E-05 0.0957489 0.133987 0.131983 0.179138 0.118095 0.0780804
0.0098409 0.332276 9.9973E-05 0.0166135 0.160367 9.9973E-05 0.230744 9.9973E-05 0.249859
0.0658365 0.346007 9.9964E-05 9.9964E-05 0.066625 9.9964E-05 0.118616 9.9964E-05 0.402515
9.9973E-05 0.129701 9.9973E-05 0.0356295 0.0898507 9.9973E-05 0.220366 0.436924 0.0872285
0.0287089 0.622353 9.9964E-05 9.9964E-05 0.114974 9.9964E-05 0.0158074 9.9964E-05 0.217757
0.0609244 0.335996 9.9964E-05 9.9964E-05 0.145073 9.9964E-05 0.147211 9.9964E-05 0.310396
0.15556 0.364543 9.9991E-05 0.160948 0.00548403 0.0154814 0.0927122 0.137848 0.0673232
9.9973E-05 0.0561641 9.9973E-05 0.142116 9.9973E-05 0.448792 0.0860587 0.248897 0.0176726
9.9973E-05 9.9973E-05 0.0246994 0.122775 0.0853527 0.114253 0.0472303 9.9973E-05 0.60539
0.0311358 0.062442 0.0386307 0.219413 9.9991E-05 0.280666 0.159124 0.182221 0.0262677
0.091906 9.9982E-05 0.0849825 0.241255 9.9982E-05 0.272771 0.00219326 0.256023 0.0506691
