0.0195352 9.9964E-05 0.876109 0.0330858 9.9964E-05 0.00917583 0.0161053 9.9964E-05 0.0455894 9.9964E-05
0.0200204 9.9946E-05 0.848559 9.9946E-05 9.9946E-05 9.9946E-05 9.9946E-05 9.9946E-05 0.076379 0.0544416
9.9973E-05 0.00781298 0.702733 0.113597 0.0488478 9.9973E-05 0.0237083 0.0241927 0.0788079 9.9973E-05
9.9964E-05 9.9964E-05 0.771305 0.151038 9.9964E-05 0.0229171 9.9964E-05 0.0250853 0.0210697 0.00818591
9.9946E-05 9.9946E-05 0.866687 0.0677207 9.9946E-05 9.9946E-05 0.0311897 9.9946E-05 9.9946E-05 0.0338033
9.9964E-05 0.202339 0.550882 9.9964E-05 0.102389 9.9964E-05 0.0397687 0.0810737 0.0231487 9.9964E-05
9.9973E-05 0.0584034 0.769365 9.9973E-05 0.0882227 9.9973E-05 0.00748932 0.0256863 0.0194416 0.0310916
0.0304785 0.0409608 0.652836 9.9973E-05 0.107561 9.9973E-05 0.0275134 0.101065 9.9973E-05 0.0392852
0.0825813 9.99549E-05 0.81835 9.99549E-05 9.99549E-05 0.0566585 9.99549E-05 0.0320301 0.0098808 9.99549E-05
9.9973E-05 0.189552 0.644573 9.9973E-05 0.0187277 9.9973E-05 0.0806549 0.0273456 0.0209094 0.0179371
9.9955E-05 0.214905 0.725503 9.9955E-05 0.0130908 9.9955E-05 9.9955E-05 0.0344077 9.9955E-05 0.0115941
9.9946E-05 0.680062 9.9946E-05 9.9946E-05 9.9946E-05 0.308139 0.0051399 9.9946E-05 9.9946E-05 0.00605945
9.9964E-05 0.471643 9.9964E-05 0.236567 9.9964E-05 0.108424 0.0776092 0.0585162 0.0468408 9.9964E-05
9.9964E-05 0.565054 0.0449212 9.9964E-05 0.025782 0.200991 9.9964E-05 9.9964E-05 0.0355464 0.127305
9.997E-05 0.577155 0.0459196 0.00993382 0.0324379 0.165326 0.136464 9.997E-05 9.997E-05 0.0324643
0.0795795 0.575203 0.189383 9.9964E-05 0.00039958 0.0527208 0.102315 9.9964E-05 9.9964E-05 9.9964E-05
0.11552 0.475655 9.9964E-05 9.9964E-05 0.0327352 0.174524 0.182472 9.9964E-05 0.0186937 9.9964E-05
9.9964E-05 0.570751 0.0785505 0.0864906 9.9964E-05 0.173686 9.9964E-05 9.9964E-05 0.0388617 0.05126
9.9964E-05 0.416252 0.0461586 9.9964E-05 0.00949795 0.474727 9.9964E-05 0.0198795 9.9964E-05 0.0330852
0.139986 0.343201 0.0516334 0.203825 9.9973E-05 0.137119 0.117198 9.9973E-05 9.9973E-05 0.00673774
9.9991E-05 0.310106 0.0226826 0.166609 0.0583461 0.219231 0.140571 0.0165587 0.0104668 0.0553294
0.1114 0.264857 0.0665962 0.387371 0.0342593 0.11839 9.9973E-05 9.9973E-05 0.016826 9.9973E-05
9.9964E-05 0.719431 0.0608674 9.9964E-05 9.9964E-05 0.104948 0.0477132 9.9964E-05 0.0172589 0.0493819
0.0133062 0.672406 9.9973E-05 0.0338143 0.0226066 0.105841 0.101524 9.9973E-05 0.0502027 9.9973E-05
9.9946E-05 0.7621 0.0245099 9.9946E-05 9.9946E-05 0.204658 9.9946E-05 9.9946E-05 0.0081325 9.9946E-05
0.0102233 0.506253 0.0143966 9.9973E-05 0.0131248 0.296615 0.152255 9.9973E-05 0.00683216 9.9973E-05
9.9964E-05 0.583459 0.0370738 9.9964E-05 0.00804272 0.28491 0.0137171 9.9964E-05 9.9964E-05 0.0723978
9.99201E-05 9.99201E-05 9.99201E-05 9.99201E-05 9.99201E-05 9.99201E-05 9.99201E-05 9.99201E-05 0.999101 9.99201E-05
9.99201E-05 9.99201E-05 9.99201E-05 9.99201E-05 9.99201E-05 9.99201E-05 9.99201E-05 9.99201E-05 0.999101 9.99201E-05
9.9955E-05 0.172211 0.448584 9.9955E-05 0.00179946 9.9955E-05 0.0100856 9.9955E-05 0.366821 9.9955E-05
0.0532538 0.0289055 0.515235 9.9973E-05 0.042487 0.00970189 0.0762566 9.9973E-05 0.27386 9.9973E-05
0.169768 0.182182 0.0221662 0.432897 0.0480095 0.0708581 0.0158704 0.0279316 0.0302178 9.9991E-05
0.312002 0.178843 0.0625058 0.401981 9.9973E-05 9.9973E-05 0.0133754 0.00859281 0.0224 9.9973E-05
0.00780672 0.169812 0.0384409 0.140187 0.0624676 0.497635 9.9982E-05 0.0388389 0.0446108 9.9982E-05
0.515358 0.0148133 9.9964E-05 0.243061 9.9964E-05 0.070545 0.126229 9.9964E-05 0.0295931 9.9964E-05
0.220266 9.9955E-05 9.9955E-05 0.653854 9.9955E-05 0.060169 9.9955E-05 0.0274043 0.0378071 9.9955E-05
9.996E-05 0.539958 9.996E-05 0.251566 0.0509476 9.996E-05 9.996E-05 0.0596289 0.0457387 0.0517611
0.0559618 0.407557 0.0408358 0.310332 9.9982E-05 9.9982E-05 0.0659825 0.0652167 0.0309258 0.0229877
0.482707 0.393564 9.9973E-05 9.9973E-05 0.00252808 0.0891695 0.0240577 0.00646238 0.00121176 9.9973E-05
9.9964E-05 0.314069 0.0197436 0.419998 0.194404 9.9964E-05 0.0473152 0.00407112 9.9964E-05 9.9964E-05
0.525823 0.187933 9.9955E-05 0.214717 9.9955E-05 0.0449931 9.9955E-05 9.9955E-05 9.9955E-05 0.0260348
0.709611 9.9946E-05 0.0978523 9.9946E-05 0.14325 0.0486867 9.9946E-05 9.9946E-05 9.9946E-05 9.9946E-05
0.105046 0.273643 9.9973E-05 0.0959907 0.0198624 0.37085 9.9973E-05 0.0827619 9.9973E-05 0.0515463
0.189476 0.0868425 9.9973E-05 9.9973E-05 0.286422 0.164249 0.0367402 0.0706439 9.9973E-05 0.165326
0.23671 0.21741 0.0500716 0.0654724 9.99868E-05 0.26281 9.99868E-05 0.111279 0.0192876 0.0367596
0.096616 0.0656162 0.0275712 0.572224 9.9964E-05 0.220536 9.9964E-05 9.9964E-05 0.0170374 9.9964E-05
0.0921476 0.259315 0.000252521 0.104365 0.0840208 0.239559 0.0373836 9.9991E-05 0.0638212 0.119036
0.0379789 0.277506 0.175793 9.9982E-05 0.161275 0.209435 0.0217949 0.0866007 0.0294158 9.9982E-05
0.0745307 0.237516 9.9982E-05 0.275359 0.0327614 0.170852 0.102755 0.0763442 0.0296822 9.9982E-05
0.0761194 0.340908 9.9964E-05 9.9964E-05 0.0992073 0.36434 9.9964E-05 0.080494 0.0385314 9.9964E-05
9.9964E-05 0.399865 9.9964E-05 0.311706 0.03091 0.201844 9.9964E-05 9.9964E-05 0.0163093 0.0389648
0.039575 0.0967675 9.9982E-05 0.64372 0.04191 9.9982E-05 0.00250982 0.0210307 0.00818568 0.146101
0.13363 0.334648 0.00840091 0.0171778 0.139915 0.206541 0.0320236 0.0227632 0.0350761 0.0698238
0.120693 0.311359 0.0180107 0.273167 0.0341678 0.0449179 0.0731651 0.0807668 0.0436532 9.9991E-05
0.0828353 0.37669 9.9973E-05 0.0218332 0.125763 0.293043 9.9973E-05 9.9973E-05 0.0467565 0.0527795
0.351689 0.253168 9.9937E-05 0.394444 9.9937E-05 9.9937E-05 9.9937E-05 9.9937E-05 9.9937E-05 9.9937E-05
0.453264 0.516765 9.9946E-05 9.9946E-05 9.9946E-05 9.9946E-05 0.00376216 9.9946E-05 0.0256093 9.9946E-05
0.911659 9.9955E-05 0.0229895 9.9955E-05 0.00784416 9.9955E-05 0.0199015 0.0371063 9.9955E-05 9.9955E-05
0.737569 9.9955E-05 0.0441929 0.112004 9.9955E-05 9.9955E-05 9.9955E-05 0.0689643 9.9955E-05 0.0367706
0.647851 0.0157424 9.9955E-05 0.315091 9.9955E-05 0.0108614 9.9955E-05 0.00995463 9.9955E-05 9.9955E-05
0.308863 0.300041 9.9955E-05 0.264492 0.0461133 9.9955E-05 9.9955E-05 0.0799907 9.9955E-05 9.9955E-05
0.287057 0.394666 9.9964E-05 0.273755 9.9964E-05 9.9964E-05 0.0197074 0.0147251 0.00968994 9.9964E-05
0.373326 0.459235 9.9964E-05 9.9964E-05 9.9964E-05 0.0409851 0.0296207 0.0852649 0.0111688 9.9964E-05
0.280287 0.545737 9.9946E-05 9.9946E-05 9.9946E-05 9.9946E-05 9.9946E-05 0.14452 0.028857 9.9946E-05
0.373807 0.39867 0.0268838 0.112798 9.9973E-05 9.9973E-05 0.00963867 0.00671224 9.9973E-05 0.07119
0.300449 0.347889 9.9964E-05 0.254915 9.9964E-05 0.0141321 9.9964E-05 0.0539941 0.0282211 9.9964E-05
0.436191 0.228339 0.0200895 0.26096 9.9964E-05 9.9964E-05 9.9964E-05 9.9964E-05 0.000982866 0.0530368
0.653434 0.0335138 0.00984909 9.997E-05 0.127398 0.0313838 0.0230019 9.997E-05 9.997E-05 0.12112
9.9955E-05 9.9955E-05 0.772776 0.123934 9.9955E-05 0.0219855 9.9955E-05 9.9955E-05 0.0712686 0.00953697
9.9937E-05 9.9937E-05 0.785719 0.125709 9.9937E-05 9.9937E-05 9.9937E-05 9.9937E-05 0.0878723 9.9937E-05
9.9955E-05 9.9955E-05 0.758046 0.0177726 9.9955E-05 9.9955E-05 0.0782153 0.0316097 0.113856 9.9955E-05
9.9955E-05 9.9955E-05 0.793767 0.0528587 0.0200888 9.9955E-05 0.0136254 9.9955E-05 0.11916 9.9955E-05
9.995E-05 0.0337052 0.780578 9.995E-05 9.995E-05 9.995E-05 0.0772324 9.995E-05 0.0920269 0.0159574
0.0330229 0.00325874 0.794665 0.0259284 9.9973E-05 9.9973E-05 0.0488151 0.0308891 0.0631211 9.9973E-05
9.9955E-05 0.0579732 0.852906 9.9955E-05 0.00379034 9.9955E-05 0.0207188 9.9955E-05 0.0641117 9.9955E-05
0.668779 0.262303 0.059489 9.9946E-05 9.9946E-05 9.9946E-05 9.9946E-05 9.9946E-05 9.9946E-05 0.00882854
0.22092 0.529365 0.0274352 0.194216 9.9955E-05 9.9955E-05 9.9955E-05 0.0275644 9.9955E-05 9.9955E-05
0.144616 0.371804 0.0104227 0.40987 9.9973E-05 9.9973E-05 0.0180255 9.9973E-05 0.0341432 0.0108188
0.273082 0.06383 0.00693773 0.563678 9.9973E-05 0.0101743 9.9973E-05 9.9973E-05 0.0551417 0.026857
0.434344 0.135137 9.9964E-05 0.344776 0.00555222 9.9964E-05 0.0580837 9.9964E-05 0.021707 9.9964E-05
0.580196 0.191607 0.0587632 9.9964E-05 0.00795526 0.0984259 9.9964E-05 0.0626523 9.9964E-05 9.9964E-05
0.497769 0.124841 0.051292 0.214216 0.0492149 9.9973E-05 0.0421091 9.9973E-05 0.020257 9.9973E-05
0.394895 0.0508784 9.9964E-05 0.440779 9.9964E-05 9.9964E-05 9.9964E-05 0.0120142 0.044423 0.0566108
0.227068 0.359149 0.0533033 0.202542 9.9982E-05 0.0614271 9.9982E-05 0.0109141 0.0403474 0.0450487
0.564568 0.0848374 9.9955E-05 0.223402 9.9955E-05 9.9955E-05 0.0913977 0.0352952 9.9955E-05 9.9955E-05
0.205017 0.456815 0.11616 0.221409 9.9946E-05 9.9946E-05 9.9946E-05 9.9946E-05 9.9946E-05 9.9946E-05
0.123474 9.9973E-05 0.00829337 0.289733 0.10001 0.342098 9.9973E-05 9.9973E-05 0.0269324 0.10916
9.9982E-05 0.103101 0.0447659 0.406224 0.0561525 0.20429 0.0360458 0.134663 0.014558 9.9982E-05
9.9955E-05 0.335819 9.9955E-05 0.352206 9.9955E-05 0.23733 9.9955E-05 9.9955E-05 0.0621714 0.0119738
9.9964E-05 0.211616 0.0363963 0.378459 0.00359188 0.304264 0.0652725 9.9964E-05 9.9964E-05 9.9964E-05
9.996E-05 0.245312 0.0360862 0.398082 9.996E-05 0.217931 9.996E-05 0.0435106 9.996E-05 0.0586787
0.0416882 0.392428 0.0140807 0.287541 0.0833841 0.126213 9.9982E-05 0.00440079 9.9982E-05 0.0500644
0.0819263 0.0150937 0.0186808 0.568807 9.9964E-05 0.251234 9.9964E-05 0.0638586 9.9964E-05 9.9964E-05
0.0358324 0.153787 0.0088144 0.502075 9.9973E-05 0.228521 0.0214615 9.9973E-05 9.9973E-05 0.0492085
9.9982E-05 0.10777 9.9982E-05 0.554994 0.0381653 0.0842262 0.0390144 0.0557136 0.0294347 0.0904813
9.9973E-05 9.9973E-05 0.0517136 0.360854 0.166408 0.256306 9.9973E-05 0.1069 0.016855 0.0406631
0.0650317 9.9955E-05 0.0122922 0.674159 9.9955E-05 0.208714 9.9955E-05 0.0393028 9.9955E-05 9.9955E-05
9.9973E-05 9.9973E-05 9.9973E-05 0.644187 0.0650645 0.146343 0.00978556 0.0269606 0.0278049 0.0795543
0.0444219 0.407925 0.0402658 0.0589919 9.9973E-05 0.332238 0.0195367 9.9973E-05 9.9973E-05 0.0963207
0.159609 0.010525 9.9982E-05 0.142986 0.179173 0.319853 0.0291315 0.00353909 9.9982E-05 0.154983
0.273071 9.9973E-05 9.9973E-05 0.0747786 0.115041 0.237852 0.0335564 0.0704255 9.9973E-05 0.194976
0.017059 0.530238 0.00591935 9.9964E-05 0.0113067 0.353785 9.9964E-05 9.9964E-05 9.9964E-05 0.0812925
0.100681 0.255573 9.9973E-05 0.269809 9.9973E-05 0.274384 0.0285116 0.0445362 9.9973E-05 0.0262058
0.0772759 0.140238 9.997E-05 0.326345 9.997E-05 0.29855 9.997E-05 0.0859241 0.0115834 0.059784
0.0554228 0.287156 0.0262425 0.167696 0.0235738 0.433719 9.9973E-05 0.00589017 9.9973E-05 9.9973E-05
0.0322924 0.304632 0.0554627 0.367939 9.9982E-05 0.116467 0.0492957 9.9982E-05 0.0422711 0.0314403
0.0724766 0.125701 9.9964E-05 0.204255 0.176092 0.389878 9.9964E-05 9.9964E-05 9.9964E-05 0.0311973
0.0996076 0.204955 0.0165901 0.31717 0.0920672 0.041186 0.0708667 0.0236842 0.0342528 0.0996205
0.113894 0.0512331 0.100024 9.9982E-05 0.446788 0.0818154 9.9982E-05 0.0418803 0.0162207 0.147944
0.153574 0.122427 0.0657133 0.230334 0.149674 0.0584325 0.0978252 0.0599216 9.999E-05 0.0619981
0.0488214 0.105009 0.122885 0.460944 0.155019 9.9964E-05 9.9964E-05 9.9964E-05 9.9964E-05 0.106922
0.0540691 0.103563 0.084351 0.168405 0.355199 0.0645717 9.9991E-05 0.0354463 0.0313977 0.102897
0.0196835 0.197243 9.9973E-05 9.9973E-05 0.340736 0.179579 9.9973E-05 0.0160503 0.0669112 0.179498
0.0305882 0.22515 0.0194516 0.304681 0.119394 0.00902775 9.9991E-05 0.0373351 0.0200346 0.234238
0.18669 0.0189633 0.0543158 0.136251 0.295057 0.104579 0.0621967 9.9991E-05 0.00699533 0.134851
0.163458 0.200363 9.9973E-05 0.21768 0.255273 0.0847363 9.9973E-05 0.0555855 9.9973E-05 0.0226046
0.207232 0.174093 9.9982E-05 0.367689 0.108395 0.0574111 9.9982E-05 0.000226882 0.01186 0.0728937
9.9964E-05 0.132403 0.199619 0.105747 0.289462 9.9964E-05 0.216973 9.9964E-05 0.0553956 9.9964E-05
9.9937E-05 9.9937E-05 0.48689 9.9937E-05 0.403038 9.9937E-05 0.109372 9.9937E-05 9.9937E-05 9.9937E-05
9.9937E-05 9.9937E-05 0.356412 9.9937E-05 0.519257 9.9937E-05 0.123631 9.9937E-05 9.9937E-05 9.9937E-05
9.9973E-05 0.0562782 0.278124 0.0117757 0.293098 0.00719419 0.329816 0.0234137 9.9973E-05 9.9973E-05
0.12292 0.120249 9.9964E-05 0.571383 0.126474 0.036171 9.9964E-05 9.9964E-05 9.9964E-05 0.0224027
9.9937E-05 0.0622304 9.9937E-05 0.278345 9.9937E-05 9.9937E-05 0.658725 9.9937E-05 9.9937E-05 9.9937E-05
0.129753 0.260507 9.9964E-05 0.078351 0.348891 9.9964E-05 0.0269983 9.9964E-05 9.9964E-05 0.1551
0.0975207 9.9955E-05 9.9955E-05 0.186671 0.485128 0.0734456 9.9955E-05 9.9955E-05 9.9955E-05 0.156735
0.126873 0.0776867 9.9955E-05 0.585254 0.153204 9.9955E-05 9.9955E-05 0.0564833 9.9955E-05 9.9955E-05
9.9973E-05 0.288558 0.0169003 0.172186 0.166489 0.0310713 0.0342623 9.9973E-05 9.9973E-05 0.290234
9.9982E-05 0.144736 0.00348056 0.516228 0.196658 0.0107034 0.0351602 0.0206965 9.9982E-05 0.0721373
0.0867107 0.0739966 9.9973E-05 0.119857 0.407412 0.12506 9.9973E-05 0.0111866 9.9973E-05 0.175478
9.9928E-05 9.9928E-05 9.9928E-05 0.070653 9.9928E-05 9.9928E-05 0.928548 9.9928E-05 9.9928E-05 9.9928E-05
9.9955E-05 0.0566974 9.9955E-05 0.0588718 9.9955E-05 0.0255622 0.857614 0.000755143 9.9955E-05 9.9955E-05
9.9964E-05 9.9964E-05 0.0121515 0.293524 9.9964E-05 9.9964E-05 0.632683 0.0336269 0.0221192 0.00549549
0.0510087 0.0508964 0.00143007 0.062418 9.9973E-05 9.9973E-05 0.792077 0.0302241 0.0116456 9.9973E-05
9.99201E-05 9.99201E-05 9.99201E-05 9.99201E-05 9.99201E-05 9.99201E-05 0.999101 9.99201E-05 9.99201E-05 9.99201E-05
0.0176652 9.9946E-05 9.9946E-05 9.9946E-05 9.9946E-05 0.023707 0.946784 9.9946E-05 9.9946E-05 0.0112446
0.0219103 0.0147778 9.9946E-05 0.142194 9.9946E-05 9.9946E-05 0.820518 9.9946E-05 9.9946E-05 9.9946E-05
9.9946E-05 9.9946E-05 9.9946E-05 9.9946E-05 9.9946E-05 0.0163609 0.956872 0.00348467 0.0226824 9.9946E-05
0.000200394 9.9937E-05 9.9937E-05 9.9937E-05 9.9937E-05 9.9937E-05 0.99781 9.9937E-05 9.9937E-05 0.00129011
9.99281E-05 9.99281E-05 9.99281E-05 9.99281E-05 9.99281E-05 9.99281E-05 0.993872 9.99281E-05 0.0053281 9.99281E-05
9.9955E-05 0.0594587 9.9955E-05 0.09173 9.9955E-05 0.0372555 0.782875 9.9955E-05 0.0281806 9.9955E-05
9.9973E-05 0.0506952 0.060801 0.106363 9.9973E-05 0.0234075 0.73341 9.9973E-05 0.0200951 0.00492759
9.9946E-05 9.9946E-05 9.9946E-05 0.0423319 9.9946E-05 9.9946E-05 0.926513 0.0179466 0.0126083 9.9946E-05
9.9973E-05 0.0217113 0.00254656 0.226456 0.000675621 9.9973E-05 0.680332 9.9973E-05 0.0564049 0.0115737
9.9946E-05 9.9946E-05 9.9946E-05 0.211953 9.9946E-05 9.9946E-05 0.748604 0.031255 0.00758849 9.9946E-05
9.9928E-05 9.9928E-05 9.9928E-05 0.0499566 9.9928E-05 9.9928E-05 0.949244 9.9928E-05 9.9928E-05 9.9928E-05
0.0129904 0.0171598 0.0357177 0.0896087 9.9982E-05 9.9982E-05 0.828836 0.00303766 0.00975661 0.00269322
9.9928E-05 9.9928E-05 9.9928E-05 9.9928E-05 9.9928E-05 9.9928E-05 0.970917 9.9928E-05 0.0282835 9.9928E-05
0.0309717 0.0561801 0.0731855 0.279566 9.9964E-05 0.00305332 0.556644 9.9964E-05 9.9964E-05 9.9964E-05
0.0595219 0.0613364 9.9946E-05 9.9946E-05 0.00934752 9.9946E-05 0.869195 9.9946E-05 9.9946E-05 9.9946E-05
9.9946E-05 0.104893 0.259362 9.9946E-05 0.553785 9.9946E-05 9.9946E-05 9.9946E-05 9.9946E-05 0.0813602
9.9973E-05 0.0104148 0.160033 0.440791 0.20117 0.0260801 9.9973E-05 0.131501 0.0297096 9.9973E-05
0.0412659 9.9991E-05 0.204856 0.416209 0.169412 0.0223685 0.00715617 0.101233 0.0113685 0.026031
9.9973E-05 9.9973E-05 0.0885753 0.161914 0.499349 9.9973E-05 0.0802331 0.0694155 0.0553821 0.0448307
0.0126291 0.235698 0.127298 0.0171126 0.428419 9.9982E-05 0.137701 9.9982E-05 0.00547365 0.0354682
9.9973E-05 0.196775 0.00929037 0.122171 0.406451 9.9973E-05 0.202993 0.0376402 9.9973E-05 0.0243795
9.9982E-05 0.0833979 0.0837258 0.386114 0.182962 0.0988171 0.106532 9.9982E-05 0.0416997 0.0165518
9.9964E-05 0.155075 0.047384 0.245968 0.332976 9.9964E-05 0.147087 9.9964E-05 0.0711107 9.9964E-05
9.9955E-05 9.9955E-05 0.852537 0.0330784 9.9955E-05 0.066142 9.9955E-05 0.0266784 9.9955E-05 0.0210646
9.9955E-05 9.9955E-05 0.854728 9.9955E-05 0.0534417 9.9955E-05 0.021755 9.9955E-05 0.058925 0.0106504
9.9946E-05 9.9946E-05 0.908507 9.9946E-05 0.022666 0.0343321 9.9946E-05 9.9946E-05 0.0338957 9.9946E-05
9.9955E-05 9.9955E-05 0.889657 0.0398227 9.9955E-05 0.053069 9.9955E-05 0.0104374 0.00651423 9.9955E-05
9.9955E-05 9.9955E-05 0.800192 0.0847828 0.0201336 0.0335983 9.9955E-05 9.9955E-05 0.0607933 9.9955E-05
0.0122786 9.9955E-05 0.829456 0.063056 9.9955E-05 9.9955E-05 0.0443181 9.9955E-05 0.0503919 9.9955E-05
9.9955E-05 0.0184636 0.833558 9.9955E-05 9.9955E-05 9.9955E-05 0.0787943 0.0310597 0.0376244 9.9955E-05
9.9964E-05 0.0378285 0.834338 9.9964E-05 0.0412165 0.00263471 9.9964E-05 9.9964E-05 0.0376367 0.0459456
0.0297312 9.9955E-05 0.900749 0.0374322 9.9955E-05 9.9955E-05 9.9955E-05 9.9955E-05 0.0108239 0.020764
9.9964E-05 9.9964E-05 0.812884 0.0748671 0.00295662 0.0376484 0.0665794 9.9964E-05 0.00466418 9.9964E-05
0.105602 9.9964E-05 0.551184 9.9964E-05 9.9964E-05 0.114961 9.9964E-05 0.155602 0.0342306 0.0380205
0.0831734 0.0187492 0.614585 9.9955E-05 9.9955E-05 0.128115 9.9955E-05 0.154878 9.9955E-05 9.9955E-05
0.0769399 0.015617 0.540946 9.9973E-05 0.062301 0.216891 9.9973E-05 0.0669789 0.0200263 9.9973E-05
0.11836 0.0642597 0.468903 9.9964E-05 0.00749595 0.185211 9.9964E-05 0.155369 9.9964E-05 9.9964E-05
0.105675 0.472436 9.9964E-05 0.159562 9.9964E-05 9.9964E-05 0.0555361 0.120257 9.9964E-05 0.0861337
0.0244698 0.428904 0.00682465 0.291393 0.00183709 0.0692847 0.0808391 0.0741326 9.9991E-05 0.0222146
0.177075 0.336904 0.0332647 0.17012 9.9973E-05 0.188105 9.9973E-05 9.9973E-05 0.0296582 0.0645722
9.9964E-05 0.339446 9.9964E-05 0.0145131 0.0620881 0.552348 9.9964E-05 0.0261042 0.00509991 9.9964E-05
0.169831 0.32661 0.119915 0.366695 9.9964E-05 9.9964E-05 9.9964E-05 0.0013859 9.9964E-05 0.0151618
0.248269 0.188331 9.9955E-05 0.482884 9.9955E-05 0.0347939 0.0452226 9.9955E-05 9.9955E-05 9.9955E-05
0.218595 0.121671 9.9982E-05 0.437733 0.0469803 0.0252099 0.00796178 0.109778 9.9982E-05 0.0318714
0.497553 9.9955E-05 9.9955E-05 0.399336 0.0226781 0.045823 0.0341104 9.9955E-05 9.9955E-05 9.9955E-05
0.319676 0.215745 9.9964E-05 0.242716 9.9964E-05 0.0628322 9.9964E-05 0.0619764 9.9964E-05 0.0966549
0.773378 9.9946E-05 9.9946E-05 9.9946E-05 9.9946E-05 0.103774 9.9946E-05 9.9946E-05 0.0223791 0.0998686
0.483273 0.142009 0.0187988 0.145742 0.0435101 9.9982E-05 0.0375736 0.00496709 9.9982E-05 0.123927
0.347489 0.157614 9.9955E-05 0.439747 9.9955E-05 9.9955E-05 9.9955E-05 0.0128655 0.0417844 9.9955E-05
0.488048 0.372206 0.0693913 9.9964E-05 9.9964E-05 0.0400807 9.9964E-05 0.0201718 9.9964E-05 0.00970297
9.9955E-05 9.9955E-05 0.0246035 0.0441884 0.0145579 9.9955E-05 9.9955E-05 0.897256 0.0188946 9.9955E-05
9.99201E-05 9.99201E-05 9.99201E-05 9.99201E-05 9.99201E-05 9.99201E-05 9.99201E-05 0.999101 9.99201E-05 9.99201E-05
9.99201E-05 9.99201E-05 9.99201E-05 9.99201E-05 9.99201E-05 9.99201E-05 9.99201E-05 0.999101 9.99201E-05 9.99201E-05
9.9928E-05 9.9928E-05 9.9928E-05 9.9928E-05 9.9928E-05 0.0881622 9.9928E-05 0.911038 9.9928E-05 9.9928E-05
9.9946E-05 9.9946E-05 9.9946E-05 0.00668423 9.9946E-05 0.0742998 0.0467217 0.871695 9.9946E-05 9.9946E-05
9.9937E-05 9.9937E-05 9.9937E-05 0.0642934 9.9937E-05 9.9937E-05 0.0493287 0.885678 9.9937E-05 9.9937E-05
9.9946E-05 9.9946E-05 0.763911 0.137463 9.9946E-05 9.9946E-05 9.9946E-05 0.0464131 0.0516137 9.9946E-05
9.99371E-05 9.99371E-05 0.797107 0.161583 9.99371E-05 0.0406109 9.99371E-05 9.99371E-05 9.99371E-05 9.99371E-05
9.9946E-05 9.9946E-05 0.743058 0.209469 9.9946E-05 9.9946E-05 9.9946E-05 0.00618777 0.0406862 9.9946E-05
9.9973E-05 0.0394128 0.713988 0.0847273 9.9973E-05 0.0346635 0.0791244 0.0165319 0.0312522 9.9973E-05
9.9982E-05 0.00572685 0.707684 0.0596916 0.0424984 0.0501371 0.0995067 0.0245974 0.00995759 9.9982E-05
9.9955E-05 9.9955E-05 0.389859 9.9955E-05 0.047934 0.332508 9.9955E-05 0.215092 0.0141066 9.9955E-05
0.10819 9.9955E-05 0.477518 9.9955E-05 9.9955E-05 0.148209 9.9955E-05 0.230807 9.9955E-05 0.0347765
9.9955E-05 9.9955E-05 0.402851 9.9955E-05 9.9955E-05 0.193166 9.9955E-05 0.283819 0.0394215 0.0802428
9.99201E-05 9.99201E-05 9.99201E-05 9.99201E-05 9.99201E-05 9.99201E-05 9.99201E-05 9.99201E-05 0.999101 9.99201E-05
0.129041 9.9955E-05 0.331926 9.9955E-05 9.9955E-05 0.173629 9.9955E-05 0.337267 0.0276374 9.9955E-05
9.9946E-05 9.9946E-05 0.217704 0.240702 0.239747 9.9946E-05 0.301248 9.9946E-05 9.9946E-05 9.9946E-05
9.9955E-05 0.0828147 0.173015 0.480057 9.9955E-05 9.9955E-05 0.219476 9.9955E-05 0.0441376 9.9955E-05
0.001104 9.9973E-05 0.190166 0.423317 0.100183 9.9973E-05 0.147001 0.122493 0.0154363 9.9973E-05
9.9946E-05 9.9946E-05 0.427973 0.0682839 0.275269 9.9946E-05 0.227875 9.9946E-05 9.9946E-05 9.9946E-05
0.112218 0.219706 9.9964E-05 0.364888 9.9964E-05 0.213987 9.9964E-05 0.0812009 9.9964E-05 0.00760012
0.170642 9.9964E-05 9.9964E-05 0.444482 0.117421 0.249523 9.9964E-05 9.9964E-05 0.00375557 0.0137769
9.9964E-05 0.444702 0.01241 0.103468 9.9964E-05 0.341295 9.9964E-05 0.0805021 0.0172233 9.9964E-05
0.145249 9.9973E-05 9.9973E-05 0.407167 0.087272 0.103553 9.9973E-05 0.0598421 0.0101033 0.186515
0.318798 9.9955E-05 9.9955E-05 9.9955E-05 0.265455 0.190924 9.9955E-05 0.0236984 9.9955E-05 0.200625
0.0172189 9.9964E-05 9.9964E-05 0.467851 0.0182101 0.278876 9.9964E-05 9.9964E-05 0.000879625 0.216564
0.00547659 0.416842 9.9973E-05 0.118954 0.10939 0.286785 9.9973E-05 9.9973E-05 0.0459958 0.0162576
0.186809 0.136562 9.9964E-05 0.133982 0.223694 0.230765 9.9964E-05 9.9964E-05 9.9964E-05 0.0877884
0.114639 9.9964E-05 9.9964E-05 0.409929 0.121155 0.136491 9.9964E-05 9.9964E-05 0.0358064 0.181579
0.07665 0.142118 9.9982E-05 0.383441 0.0479244 0.260328 0.0399477 9.9982E-05 0.00141276 0.0479778
0.135403 9.9973E-05 0.108028 0.381526 0.0239324 0.0333413 0.18978 0.127689 9.9973E-05 9.9973E-05
0.0786845 0.0192904 9.9973E-05 0.429893 0.0712003 0.300072 9.9973E-05 0.00993615 9.9973E-05 0.0906234
0.136019 0.0531051 9.9982E-05 0.481734 0.00189505 0.196311 9.9982E-05 0.0762662 0.000423554 0.0540463
0.0904398 9.9982E-05 0.0295241 0.510035 0.0907875 0.0705148 0.0461562 0.082302 9.9982E-05 0.080041
0.0962022 0.119032 0.00813408 0.477599 0.0680053 0.164276 9.998E-05 0.0302795 9.998E-05 0.0362719
0.0713809 0.00962734 0.00987645 0.756472 9.9973E-05 0.0288414 9.9973E-05 0.077276 9.9973E-05 0.0462257
9.9955E-05 9.9955E-05 0.706886 0.157779 9.9955E-05 9.9955E-05 0.0882113 9.9955E-05 0.0286046 0.0180191
0.0185428 0.0342177 0.812276 0.0407683 9.9964E-05 9.9964E-05 0.064536 9.9964E-05 0.0292595 9.9964E-05
0.0307144 9.9955E-05 0.812775 0.0692832 9.9955E-05 0.0202278 9.9955E-05 9.9955E-05 9.9955E-05 0.0664993
0.0301312 0.0392283 0.744494 9.9964E-05 9.9964E-05 9.9964E-05 0.0680947 0.0875043 0.0301473 9.9964E-05
9.9955E-05 0.0367197 0.734615 0.151025 9.9955E-05 9.9955E-05 9.9955E-05 0.0375376 0.0396029 9.9955E-05
9.9973E-05 0.289422 0.00735232 0.117401 0.0503829 0.50027 0.0256591 9.9973E-05 0.00921202 9.9973E-05
0.0500577 0.172125 9.9991E-05 0.544518 0.0133316 0.119716 0.0371619 0.00286842 0.0492881 0.0108337
0.0306903 0.357091 0.078453 0.342126 9.9964E-05 0.164354 9.9964E-05 0.0268864 9.9964E-05 9.9964E-05
0.0300181 9.9982E-05 9.9982E-05 0.221293 0.115601 0.345825 0.0560722 0.0800338 0.0191343 0.131823
0.103073 0.0520483 0.0501242 0.061712 0.126727 0.495962 9.9982E-05 0.0592605 0.0508931 9.9982E-05
0.028878 0.0298564 0.00884547 0.511484 0.0362642 0.278415 0.0304015 0.0249834 0.0301614 0.0207111
9.9973E-05 0.216668 0.0918896 0.0897798 9.9973E-05 0.349146 0.0281765 0.0619553 9.9973E-05 0.162085
0.107239 9.9955E-05 9.9955E-05 0.44334 0.178342 0.233146 9.9955E-05 0.0374326 9.9955E-05 9.9955E-05
0.0188728 0.0918602 0.125579 0.209342 0.0785981 0.410123 9.9982E-05 0.012664 9.9982E-05 0.0527614
9.9973E-05 0.338707 0.0448222 9.9973E-05 0.00904176 0.487125 0.0507112 9.9973E-05 0.0336913 0.0356017
0.0898247 9.9964E-05 9.9964E-05 0.418341 0.100658 0.340368 0.00604236 9.9964E-05 0.0443661 9.9964E-05
9.9964E-05 0.273338 9.9964E-05 0.129313 0.380727 0.0395597 9.9964E-05 0.0863536 9.9964E-05 0.0903084
0.0250804 0.341429 9.9964E-05 0.25026 0.256484 9.9964E-05 0.0235324 0.102814 9.9964E-05 9.9964E-05
0.0491263 0.15896 9.9973E-05 0.168621 0.390705 0.0277345 9.9973E-05 0.0744021 9.9973E-05 0.13015
0.0521189 0.141569 0.00996881 0.412467 0.23932 9.9982E-05 9.9982E-05 0.0316999 0.0288932 0.0837639
0.227772 0.122241 9.9964E-05 0.028931 0.465327 0.098895 9.9964E-05 9.9964E-05 9.9964E-05 0.0564346
0.0814544 0.139967 9.9964E-05 0.141699 0.491536 9.9964E-05 9.9964E-05 0.0776716 9.9964E-05 0.0672716
9.9964E-05 0.13123 9.9964E-05 0.447511 0.202886 9.9964E-05 9.9964E-05 0.11103 0.0295076 0.0774348
0.143519 0.212962 9.9973E-05 0.000141495 0.335676 0.0748366 9.9973E-05 0.0290869 9.9973E-05 0.203477
0.0263781 0.238978 9.9955E-05 0.336774 0.302384 0.0949855 9.9955E-05 9.9955E-05 9.9955E-05 9.9955E-05
0.0988133 0.0394169 9.9955E-05 0.199934 0.091988 0.569348 9.9955E-05 9.9955E-05 9.9955E-05 9.9955E-05
0.112179 9.9955E-05 9.9955E-05 0.288293 0.0323564 0.365985 9.9955E-05 9.9955E-05 9.9955E-05 0.200687
9.9973E-05 0.193219 9.9973E-05 0.249853 9.9973E-05 0.372943 0.0920421 0.0022904 0.000287458 0.0890648
9.9973E-05 0.282575 9.9973E-05 0.369788 0.0990218 0.146787 0.0900262 0.00553775 0.00596431 9.9973E-05
0.132877 0.359446 9.9973E-05 0.0981036 9.9973E-05 0.335588 9.9973E-05 0.0332663 0.00696977 0.0334494
0.0438576 0.115573 9.9982E-05 0.462047 9.9982E-05 0.204526 0.0555284 0.0482828 0.0275804 0.0424052
0.158816 0.0773616 0.0343843 0.391101 9.9973E-05 0.265913 9.9973E-05 0.0572875 0.014836 9.9973E-05
0.129742 0.293298 9.9964E-05 0.0723161 9.9964E-05 0.412302 0.0906223 9.9964E-05 0.00132027 9.9964E-05
0.0190866 0.228959 9.9964E-05 0.10988 9.9964E-05 0.389203 0.150694 9.9964E-05 9.9964E-05 0.101777
0.0526692 0.0319038 9.9955E-05 0.63421 9.9955E-05 0.270579 0.0101381 9.9955E-05 9.9955E-05 9.9955E-05
9.9964E-05 9.9964E-05 0.0317852 0.514497 0.133024 0.275134 9.9964E-05 9.9964E-05 0.0287078 0.0164521
9.9955E-05 9.9955E-05 9.9955E-05 0.616799 0.02485 0.285976 0.0204339 9.9955E-05 9.9955E-05 0.0514416
9.9973E-05 0.102026 9.9973E-05 0.402794 0.0802098 0.324616 0.0234801 0.0148632 0.051711 9.9973E-05
9.9973E-05 0.106038 0.0300063 0.474366 9.9973E-05 0.222605 0.0597274 0.0806677 9.9973E-05 0.0262896
9.9973E-05 0.296704 0.226433 0.191178 0.0628336 9.9973E-05 0.130423 0.00971534 0.0824135 9.9973E-05
0.149561 0.0386213 0.135056 0.386012 0.00387978 0.0474635 0.208827 9.9982E-05 0.0303802 9.9982E-05
0.050372 0.0780379 0.10924 0.493903 0.00875983 9.9982E-05 0.105706 0.10477 9.9982E-05 0.049011
9.996E-05 0.129729 0.159393 0.404781 9.996E-05 9.996E-05 0.20852 9.996E-05 0.0469654 0.0502113
0.0142836 0.00576362 9.9973E-05 0.524653 0.138588 0.156035 9.9973E-05 0.0548882 9.9973E-05 0.105489
0.129324 9.9973E-05 0.179929 0.113667 0.471965 0.0463517 0.05577 9.9973E-05 9.9973E-05 0.00269389
9.9982E-05 0.12967 0.0935016 0.483504 0.0847696 0.0941908 0.0760358 0.0365904 0.00153752 9.9982E-05
0.0217057 0.0300818 0.0850003 0.556794 0.0461804 0.0218912 0.159398 0.0507509 0.0280974 9.9991E-05
0.129164 0.00822138 0.158388 0.244221 0.139256 0.0516677 0.150656 9.9991E-05 0.050887 0.0674386
9.9964E-05 9.9964E-05 0.181467 0.632683 9.9964E-05 0.0704851 0.0606451 0.0129571 0.0413625 9.9964E-05
0.0108177 9.9955E-05 0.364503 9.9955E-05 0.386681 9.9955E-05 0.201543 9.9955E-05 0.0359553 9.9955E-05
9.9955E-05 9.9955E-05 0.224442 0.672563 0.042373 9.9955E-05 0.0366911 9.9955E-05 0.0234312 9.9955E-05
9.999E-05 0.190076 0.0855074 0.313202 0.0701549 0.0870783 0.133357 0.0402714 0.0528682 0.027385
0.0755372 9.9973E-05 0.0446847 0.338253 9.9973E-05 0.0290813 0.0535415 9.9973E-05 0.00618039 0.452421
0.0132021 0.067874 9.9955E-05 9.9955E-05 9.9955E-05 0.0931856 9.9955E-05 0.030069 9.9955E-05 0.79517
0.0764797 9.9937E-05 9.9937E-05 9.9937E-05 9.9937E-05 0.0986035 9.9937E-05 9.9937E-05 9.9937E-05 0.824217
9.9973E-05 0.104385 0.134159 0.359705 0.0160548 0.0488165 0.207666 9.9973E-05 9.9973E-05 0.128914
9.9964E-05 0.0318588 0.0701138 0.25325 0.0745215 9.9964E-05 0.34179 9.9964E-05 9.9964E-05 0.228066
9.9973E-05 0.0844359 0.167556 0.164558 0.261555 9.9973E-05 0.24146 9.9973E-05 0.0183404 0.0617942
9.9973E-05 0.164246 0.161854 0.199633 0.0618442 9.9973E-05 0.225923 9.9973E-05 0.0328526 0.153348
9.9955E-05 9.9955E-05 0.0408024 9.9955E-05 0.153155 9.9955E-05 0.116117 0.028305 9.9955E-05 0.661121
9.9964E-05 9.9964E-05 0.0498425 0.132072 0.0683783 9.9964E-05 0.0995394 9.9964E-05 0.0490866 0.600681
9.9964E-05 0.0911391 0.00122752 0.324525 9.9964E-05 9.9964E-05 0.133386 9.9964E-05 0.0159775 0.433345
9.995E-05 0.0671668 0.0519367 0.361152 9.995E-05 9.995E-05 0.111792 9.995E-05 9.995E-05 0.407453
9.9955E-05 9.9955E-05 0.0220981 0.147713 9.9955E-05 9.9955E-05 0.106294 9.9955E-05 0.0380323 0.685362
9.9973E-05 0.108023 0.0779612 0.388473 0.0113296 0.0150811 0.0502612 9.9973E-05 9.9973E-05 0.348571
9.9955E-05 9.9955E-05 0.0350624 0.351279 9.9955E-05 9.9955E-05 0.096405 0.0298591 9.9955E-05 0.486895
9.9946E-05 9.9946E-05 9.9946E-05 0.327332 9.9946E-05 0.078623 9.9946E-05 0.0626063 9.9946E-05 0.53084
0.0519259 9.9955E-05 9.9955E-05 0.234087 9.9955E-05 0.119737 9.9955E-05 9.9955E-05 0.057218 0.536532
9.9982E-05 0.146532 0.0663905 0.238618 0.00061189 0.085207 0.0811131 0.0409534 9.9982E-05 0.340374
9.9964E-05 0.128408 0.00454233 0.357378 0.0209384 9.9964E-05 9.9964E-05 0.0447246 9.9964E-05 0.443609
9.9946E-05 9.9946E-05 9.9946E-05 0.171296 0.0278744 9.9946E-05 9.9946E-05 0.0601438 9.9946E-05 0.740086
0.047579 0.216114 0.0135103 0.41318 9.9964E-05 9.9964E-05 0.0212061 9.9964E-05 9.9964E-05 0.28801
0.0378725 0.0575162 0.0253519 0.0776638 9.9982E-05 0.0393424 0.0134155 0.0226725 9.9982E-05 0.725965
9.9964E-05 0.204982 9.9964E-05 0.227097 9.9964E-05 9.9964E-05 0.0192311 0.013726 0.00492123 0.529643
0.000763678 0.181316 0.177035 0.281532 0.0984971 0.00827498 0.189567 0.0312836 0.00527656 0.0264542
9.9991E-05 0.0408583 0.148524 0.340392 0.0832604 0.0916162 0.150112 0.0456022 0.0630323 0.0365035
9.9973E-05 9.9973E-05 0.204501 9.9973E-05 0.0826179 0.0448166 0.10375 0.00400608 0.00862335 0.551386
9.9982E-05 0.188606 0.0505586 0.494751 0.000381492 9.9982E-05 0.128454 0.0318054 0.050231 0.055013
9.9955E-05 9.9955E-05 0.291896 9.9955E-05 0.209198 9.9955E-05 0.128618 9.9955E-05 0.0295565 0.340232
9.9964E-05 0.0066145 0.0506133 0.540175 9.9964E-05 9.9964E-05 0.12522 0.00562354 9.9964E-05 0.271353
0.083007 9.9937E-05 9.9937E-05 9.9937E-05 0.0255138 9.9937E-05 9.9937E-05 9.9937E-05 9.9937E-05 0.89078
9.9928E-05 9.9928E-05 9.9928E-05 9.9928E-05 9.9928E-05 0.0409223 9.9928E-05 9.9928E-05 9.9928E-05 0.958278
9.9946E-05 0.269763 9.9946E-05 0.258468 9.9946E-05 9.9946E-05 9.9946E-05 9.9946E-05 0.02829 0.442879
9.9946E-05 0.0348618 9.9946E-05 0.498493 9.9946E-05 9.9946E-05 9.9946E-05 9.9946E-05 0.0602425 0.405803
9.9937E-05 0.201858 9.9937E-05 0.160343 9.9937E-05 9.9937E-05 9.9937E-05 9.9937E-05 9.9937E-05 0.6371
0.135446 0.265096 9.9964E-05 0.137172 9.9964E-05 9.9964E-05 0.0432434 0.0122081 9.9964E-05 0.406435
0.00729923 0.0451093 9.9955E-05 0.447918 9.9955E-05 0.005025 9.9955E-05 9.9955E-05 9.9955E-05 0.494149
9.9964E-05 9.9964E-05 0.708934 0.131775 9.9964E-05 9.9964E-05 0.00100261 0.0123322 0.0684686 0.0770878
9.9973E-05 0.00530443 0.702717 9.9973E-05 9.9973E-05 0.0299597 0.111252 0.0614367 0.0285158 0.0605144
9.9964E-05 0.04058 0.842731 9.9964E-05 9.9964E-05 0.000379197 0.0717217 0.03668 0.00750796 9.9964E-05
9.9955E-05 9.9955E-05 0.791265 0.0291278 0.000749285 9.9955E-05 9.9955E-05 9.9955E-05 0.134978 0.0433803
0.322125 0.133171 0.0341877 0.386534 9.9973E-05 0.0480247 9.9973E-05 0.0532297 9.9973E-05 0.0224287
0.221572 0.511362 0.0410437 0.163325 9.9973E-05 0.00301743 9.9973E-05 9.9973E-05 0.000916374 0.0584638
0.22834 0.458248 9.9964E-05 0.067872 0.0423399 9.9964E-05 9.9964E-05 0.119149 9.9964E-05 0.0836503
0.184336 0.386625 9.9955E-05 0.339665 9.9955E-05 9.9955E-05 0.0715463 9.9955E-05 0.0173274 9.9955E-05
0.343124 0.118511 9.9973E-05 0.272354 0.128278 9.9973E-05 9.9973E-05 0.0230067 0.0436013 0.0708244
0.0368608 0.110676 0.225547 0.47579 9.9973E-05 9.9973E-05 0.135735 0.00905789 0.00603339 9.9973E-05
0.33732 0.123082 9.9973E-05 0.295438 0.0474074 0.065302 0.0476412 9.9973E-05 9.9973E-05 0.0835095
0.396614 0.560602 9.9955E-05 0.0203356 9.9955E-05 9.9955E-05 0.0168111 9.9955E-05 0.00513732 9.9955E-05
0.213278 0.138214 9.9973E-05 0.510958 9.9973E-05 0.0201942 0.0172342 0.00987243 9.9973E-05 0.0899494
0.257133 0.501674 0.0188547 0.186194 9.9964E-05 0.0297028 9.9964E-05 9.9964E-05 9.9964E-05 0.0060412
0.283251 0.235255 9.9964E-05 0.394085 0.00319116 9.9964E-05 9.9964E-05 9.9964E-05 0.0212707 0.0625474
0.857476 0.0225759 9.9937E-05 0.119248 9.9937E-05 9.9937E-05 9.9937E-05 9.9937E-05 9.9937E-05 9.9937E-05
0.560172 0.0740047 9.9964E-05 0.216454 0.113794 9.9964E-05 9.9964E-05 9.9964E-05 0.0111514 0.0240243
0.469741 0.0780353 9.9973E-05 0.272424 9.9973E-05 0.0537727 9.9973E-05 0.0580594 0.0260117 0.0416558
0.878005 9.9928E-05 9.9928E-05 9.9928E-05 0.121196 9.9928E-05 9.9928E-05 9.9928E-05 9.9928E-05 9.9928E-05
0.334085 0.359498 0.00601619 0.213316 9.9973E-05 9.9973E-05 9.9973E-05 0.0401323 0.0171989 0.0294532
0.505176 0.164821 9.9964E-05 9.9964E-05 0.236902 0.00523409 9.9964E-05 0.01308 9.9964E-05 0.0743867
0.826872 9.9937E-05 0.00844305 9.9937E-05 0.163985 9.9937E-05 9.9937E-05 9.9937E-05 9.9937E-05 9.9937E-05
0.21109 0.225427 0.022875 0.409238 9.9964E-05 9.9964E-05 9.9964E-05 0.0516563 0.0793136 9.9964E-05
0.422659 0.426766 0.0408567 0.0284303 9.9973E-05 9.9973E-05 0.0245892 0.0146502 9.9973E-05 0.041749
0.209306 0.519011 9.9982E-05 0.0272443 0.0257044 0.00642585 0.163881 0.0458709 0.00235774 9.9982E-05
0.224842 0.476936 9.9964E-05 0.160592 9.9964E-05 0.0190249 0.0967792 0.0214268 9.9964E-05 9.9964E-05
0.0585966 9.9955E-05 9.9955E-05 0.42423 0.0913665 0.393404 9.9955E-05 9.9955E-05 9.9955E-05 0.0319037
0.284433 0.361034 9.997E-05 0.15758 9.997E-05 0.0122087 0.0437931 0.00927004 9.997E-05 0.131382
0.186182 0.405997 0.0303355 0.301093 9.9964E-05 0.0544373 9.9964E-05 9.9964E-05 0.0215552 9.9964E-05
0.645657 0.0194967 9.9955E-05 0.29993 9.9955E-05 9.9955E-05 9.9955E-05 0.0225942 0.0118228 9.9955E-05
0.0240008 0.025568 0.589021 9.9973E-05 9.9973E-05 0.20653 9.9973E-05 0.082058 0.061606 0.0109166
9.9964E-05 0.108578 0.666272 9.9964E-05 9.9964E-05 0.032502 9.9964E-05 0.0429298 0.0819513 0.0673671
9.9955E-05 9.9955E-05 0.677511 9.9955E-05 0.026019 0.108631 9.9955E-05 0.0549029 0.132437 9.9955E-05
0.00521491 9.9964E-05 0.750085 9.9964E-05 9.9964E-05 0.102646 9.9964E-05 0.0469057 0.081733 0.0130163
9.9964E-05 0.0964366 0.614753 9.9964E-05 0.0341302 0.0870624 9.9964E-05 0.0775869 0.0896312 9.9964E-05
0.512893 0.338918 0.0352317 9.99459E-05 9.99459E-05 0.112357 9.99459E-05 9.99459E-05 9.99459E-05 9.99459E-05
0.417763 0.349999 0.0165495 9.9982E-05 0.0241241 0.0769778 9.9982E-05 0.013917 0.0420318 0.0584377
0.754206 9.9937E-05 9.9937E-05 0.225315 0.0197795 9.9937E-05 9.9937E-05 9.9937E-05 9.9937E-05 9.9937E-05
0.447388 0.159805 0.0734141 0.203497 0.0514605 9.9973E-05 0.0348434 9.9973E-05 9.9973E-05 0.0292928
0.171689 0.223046 9.9964E-05 0.483038 9.9964E-05 0.026139 0.0849591 0.0107277 9.9964E-05 9.9964E-05
0.405496 0.0297768 0.104269 0.407647 9.9973E-05 0.00129059 0.0078113 0.0434093 9.9973E-05 9.9973E-05
0.0757623 0.615446 9.9964E-05 0.0890255 0.0168687 9.9964E-05 9.9964E-05 9.9964E-05 0.0603454 0.142152
0.376553 0.45546 0.0242726 9.9964E-05 9.9964E-05 0.0719777 9.9964E-05 0.0420879 9.9964E-05 0.0292484
0.34069 0.434155 0.0136847 0.147983 9.9955E-05 9.9955E-05 9.9955E-05 0.0629871 9.9955E-05 9.9955E-05
0.279348 0.600338 9.9946E-05 9.9946E-05 9.9946E-05 0.103515 0.0161987 9.9946E-05 9.9946E-05 9.9946E-05
9.9964E-05 0.376646 0.0782453 0.340676 0.0900744 9.9964E-05 9.9964E-05 0.0457391 9.9964E-05 0.0682188
0.324418 0.42151 9.9955E-05 0.23782 9.9955E-05 9.9955E-05 9.9955E-05 0.013035 0.00271679 9.9955E-05
0.263763 0.368017 0.0148951 0.212699 0.0170927 0.0190862 0.0581054 0.00636141 9.9991E-05 0.0398806
9.9955E-05 9.9955E-05 0.0788203 0.450516 0.087794 9.9955E-05 0.354053 9.9955E-05 0.0283176 9.9955E-05
9.996E-05 9.996E-05 0.130903 0.329507 0.0529339 9.996E-05 0.441537 9.996E-05 0.0432067 0.00151273
0.251333 0.187909 0.0412188 0.416482 0.102558 9.9955E-05 9.9955E-05 9.9955E-05 9.9955E-05 9.9955E-05
9.9973E-05 9.9973E-05 0.215564 0.0706242 0.0872618 0.0190162 0.542922 9.9973E-05 0.0356768 0.0286344
9.9955E-05 9.9955E-05 0.195821 0.360107 9.9955E-05 9.9955E-05 0.399073 9.9955E-05 0.0173911 0.027108
0.0588894 0.0762691 0.0509896 0.353275 0.197343 9.9991E-05 0.0865716 0.01381 0.0747148 0.0880383
9.9964E-05 0.53519 0.100732 0.265237 0.0934329 9.9964E-05 9.9964E-05 9.9964E-05 0.0045915 0.00041631
9.9973E-05 0.644825 0.0341041 9.9973E-05 0.208166 9.9973E-05 0.0678041 0.0102558 0.00378165 0.0307632
9.9973E-05 0.0432565 0.119152 0.336173 0.0272765 9.9973E-05 0.423461 0.0189841 0.0313972 9.9973E-05
9.9955E-05 9.9955E-05 0.0891692 0.500165 0.0183555 9.9955E-05 0.385027 9.9955E-05 0.00678304 9.9955E-05
9.9973E-05 9.9973E-05 0.0130643 0.363759 0.0660861 0.0455018 0.439333 0.0448213 0.0271346 9.9973E-05
9.9964E-05 0.0349662 0.179757 0.354058 0.0261481 0.0504114 0.354259 9.9964E-05 9.9964E-05 9.9964E-05
0.071079 0.245364 0.0631438 0.308289 0.261638 9.9973E-05 9.9973E-05 0.00947477 0.0407118 9.9973E-05
9.9964E-05 0.0715013 0.163729 0.0952923 9.9964E-05 9.9964E-05 0.633195 9.9964E-05 0.0130783 0.0228034
9.9946E-05 0.547827 0.0215337 9.9946E-05 0.30145 9.9946E-05 9.9946E-05 0.12859 9.9946E-05 9.9946E-05
9.9964E-05 0.33693 9.9964E-05 0.401727 0.117647 0.0509443 0.0784202 9.9964E-05 0.0139307 9.9964E-05
9.9982E-05 0.389782 0.144445 0.234391 0.094152 9.9982E-05 0.0230913 0.0903189 0.0218832 0.00173692
9.9973E-05 0.465344 0.110113 0.182492 0.155926 0.016406 0.0423871 9.9973E-05 9.9973E-05 0.0270315
0.143411 0.042504 0.106917 0.238809 0.0902251 0.0101981 0.227956 0.0481092 0.0625977 0.0292724
9.9964E-05 9.9964E-05 0.167673 0.398247 9.9964E-05 9.9964E-05 0.217072 0.0792124 0.0438092 0.0935872
9.9946E-05 9.9946E-05 0.235775 0.301081 0.0205322 9.9946E-05 0.442012 9.9946E-05 9.9946E-05 9.9946E-05
9.9973E-05 0.506615 0.0141098 0.163239 0.257871 0.0113144 9.9973E-05 0.00958007 0.0369716 9.9973E-05
9.9955E-05 0.0429683 9.9955E-05 0.231062 0.611326 9.9955E-05 9.9955E-05 0.0820903 0.0320539 9.9955E-05
9.9964E-05 0.181328 0.0415369 0.357225 0.228044 0.179476 9.9964E-05 9.9964E-05 0.0119893 9.9964E-05
9.9973E-05 0.264391 0.0942959 0.257512 0.153213 9.9973E-05 0.180064 9.9973E-05 0.031289 0.0189364
0.0222002 9.9964E-05 0.260336 9.9964E-05 0.520494 9.9964E-05 0.176952 0.0166397 0.00297832 9.9964E-05
9.994E-05 9.994E-05 0.173359 9.994E-05 0.726119 9.994E-05 0.0637401 9.994E-05 0.0361819 9.994E-05
0.0817502 9.9964E-05 0.171105 0.392147 0.25143 0.0653351 0.0378328 9.9964E-05 9.9964E-05 9.9964E-05
0.017999 9.9973E-05 0.238889 0.0729346 0.453016 0.0089681 0.157181 9.9973E-05 0.0507132 9.9973E-05
9.9955E-05 9.9955E-05 0.340317 0.0644242 0.426976 9.9955E-05 0.166573 9.9955E-05 0.00121026 9.9955E-05
0.067147 0.0431025 0.0901361 0.389762 0.19164 0.00786075 0.0809004 9.9991E-05 0.0503867 0.0789648
0.0150299 0.0905364 0.22013 0.417336 0.12853 0.0607647 0.0509777 9.9982E-05 0.0164956 9.9982E-05
9.9973E-05 9.9973E-05 0.265068 0.231459 0.360618 0.0470935 0.0845065 0.00367903 0.00727621 9.9973E-05
9.9964E-05 9.9964E-05 0.185376 0.122932 0.513716 0.00368139 0.10318 9.9964E-05 0.0707139 9.9964E-05
9.9964E-05 0.0257278 0.108567 0.472462 0.288396 9.9964E-05 0.0954431 0.00900338 9.9964E-05 9.9964E-05
0.14613 0.0974631 0.0584873 0.041393 0.425258 9.9973E-05 0.124717 9.9973E-05 0.106252 9.9973E-05
9.9946E-05 9.9946E-05 0.296579 9.9946E-05 0.648899 9.9946E-05 0.0361428 9.9946E-05 0.0177798 9.9946E-05
9.9964E-05 9.9964E-05 0.19264 0.41986 0.189911 0.0062049 0.162707 9.9964E-05 0.0282776 9.9964E-05
0.0713629 0.00108232 0.234687 0.445268 9.9973E-05 9.9973E-05 0.128814 0.0459512 0.0725356 9.9973E-05
9.9955E-05 0.0256584 0.135552 0.575524 9.9955E-05 9.9955E-05 0.245855 9.9955E-05 0.0169104 9.9955E-05
