9.9991E-05 0.908202 0.0916983
0.0203748 0.961906 0.0177188
0.00324459 0.848726 0.14803
0.00398148 0.819701 0.176317
9.9991E-05 0.801132 0.198768
0.190677 0.677539 0.131783
0.0661392 0.88497 0.048891
0.0904103 0.812691 0.0968983
0.0732806 0.926619 9.9991E-05
0.0765643 0.728337 0.195099
0.161646 0.798932 0.0394218
0.774389 0.0856089 0.140002
0.614033 0.00602596 0.379941
0.73639 0.08168 0.18193
0.614451 0.118587 0.266963
0.489779 0.165221 0.345
0.490311 0.110031 0.399659
0.658808 0.0397121 0.30148
0.581402 0.17366 0.244937
0.750054 0.249846 9.9991E-05
0.697165 0.0638814 0.238953
0.662417 0.0980049 0.239579
0.650195 0.00822471 0.34158
0.649867 0.138254 0.211879
0.500813 0.0493873 0.4498
0.5326 0.0823338 0.385066
0.663441 0.206391 0.130168
0.660157 0.0997449 0.240098
0.749706 0.140924 0.10937
9.9991E-05 0.801305 0.198595
9.9991E-05 0.801496 0.198404
9.9991E-05 0.780567 0.219333
0.0118741 0.761515 0.226611
0.682825 9.9991E-05 0.317075
0.626455 0.0281986 0.345346
0.650531 9.9991E-05 0.349369
0.759419 0.240481 9.9991E-05
0.809196 0.0268398 0.163964
0.656092 0.0273732 0.316534
0.615608 9.9991E-05 0.384292
0.626858 0.0329184 0.340224
0.529858 0.0955364 0.374605
0.893501 0.0575613 0.0489379
0.520429 0.0311867 0.448385
0.586107 9.9991E-05 0.413793
0.427772 0.137435 0.434793
0.859457 9.9991E-05 0.140443
0.591794 9.9991E-05 0.408106
0.587837 0.0920727 0.320091
0.801606 0.198294 9.9991E-05
0.872913 0.0715135 0.0555739
0.830497 0.144331 0.0251713
0.551506 0.0663534 0.382141
0.548842 0.0394794 0.411679
0.63536 0.0167258 0.347914
0.696724 0.259417 0.0438584
0.70557 0.0158781 0.278552
0.493408 0.0350119 0.471581
0.607193 0.168083 0.224724
0.562927 0.337814 0.0992586
0.594938 0.0642888 0.340773
0.622091 0.125276 0.252632
0.789651 0.210249 9.9991E-05
0.710559 9.9991E-05 0.289341
0.555332 9.9991E-05 0.444568
0.578935 0.0015439 0.419521
0.718448 0.0998589 0.181693
0.68808 0.0146647 0.297256
0.611359 0.00861736 0.380024
0.828887 0.134066 0.0370465
0.722618 9.9991E-05 0.277282
0.929426 9.9991E-05 0.070474
0.550749 0.064222 0.385029
0.954541 0.0453588 9.9991E-05
0.971033 0.0288669 9.9991E-05
0.903052 9.9991E-05 0.0968479
0.816142 9.9991E-05 0.183758
0.549282 0.0412765 0.409442
0.749412 9.9991E-05 0.250488
0.799027 0.097087 0.103886
0.864648 0.0751799 0.0601719
0.555085 0.0979952 0.346919
0.816804 9.9991E-05 0.183096
0.786613 9.9991E-05 0.213287
0.850577 9.9991E-05 0.149323
0.950621 0.049279 9.9991E-05
0.634017 9.9991E-05 0.365883
0.0111079 0.815551 0.173341
9.9991E-05 0.843822 0.156078
9.9991E-05 0.839374 0.160526
9.9991E-05 0.871715 0.128185
9.9991E-05 0.839183 0.160717
9.9991E-05 0.897085 0.102815
9.9991E-05 0.880056 0.119844
0.5294 0.0818719 0.388728
0.510048 0.0863705 0.403581
0.98158 0.0183201 9.9991E-05
0.57037 0.0615864 0.368044
0.78977 9.9991E-05 0.21013
0.619154 9.9991E-05 0.380746
0.678276 9.9991E-05 0.321624
0.639406 9.9991E-05 0.360494
0.886285 0.113615 9.9991E-05
0.616801 0.0196653 0.363533
0.536469 9.9991E-05 0.463431
0.52094 0.00422189 0.474839
0.811903 0.0363624 0.151735
0.704179 9.9991E-05 0.295721
0.75659 9.9991E-05 0.24331
0.7645 9.9991E-05 0.2354
0.738625 0.0516387 0.209736
0.635621 0.0674157 0.296963
0.742059 0.149732 0.108209
0.623301 0.130058 0.246642
0.543412 0.0691863 0.387401
0.54479 0.156409 0.2988
0.672545 0.0782215 0.249233
0.594241 9.9991E-05 0.405659
0.638923 0.096872 0.264205
0.584562 0.0345213 0.380917
0.559699 0.0364609 0.40384
0.627044 0.0526304 0.320326
0.714303 0.019455 0.266242
0.59176 0.0538989 0.354341
0.602764 0.0321805 0.365056
0.653784 0.0225055 0.323711
0.590978 0.0394743 0.369547
0.604465 0.00539837 0.390137
0.688009 0.155111 0.15688
0.547979 9.9991E-05 0.451921
0.532158 0.0266033 0.441239
0.7403 0.0932859 0.166415
0.790361 0.185836 0.0238034
0.632835 9.9991E-05 0.367065
0.882568 0.0855639 0.0318683
0.748647 0.148099 0.103253
0.787635 0.0237256 0.188639
0.779226 0.0991323 0.121642
0.780718 0.0721888 0.147093
0.629563 9.9991E-05 0.370337
0.555022 0.0517837 0.393194
0.6279 0.0315271 0.340572
0.812272 0.123148 0.0645803
0.456407 0.127974 0.415619
0.59916 0.0555299 0.34531
0.673137 0.326763 9.9991E-05
0.546269 0.0520562 0.401675
0.593608 0.110107 0.296286
0.569106 0.0517507 0.379143
0.680226 0.189586 0.130188
0.79422 0.20568 9.9991E-05
0.732645 0.0519656 0.21539
0.50951 0.0620701 0.42842
0.570567 0.153867 0.275566
0.588708 0.219186 0.192105
0.642393 0.0651102 0.292497
0.827482 9.9991E-05 0.172418
0.732747 0.0149697 0.252283
0.574681 0.106308 0.319012
0.193312 0.398527 0.408162
0.0664183 0.748427 0.185155
0.199943 0.674033 0.126024
0.0744835 0.464528 0.460988
0.598771 9.9991E-05 0.401129
0.577054 0.0477809 0.375165
0.109504 9.9991E-05 0.890396
0.311073 0.0298353 0.659092
0.372266 0.012355 0.615379
0.798366 0.0130303 0.188604
0.57466 0.0651167 0.360223
0.778752 0.0884601 0.132788
0.636969 9.9991E-05 0.362931
0.710345 0.0154913 0.274163
0.5916 0.0119297 0.39647
0.872032 0.077591 0.050377
0.602587 9.9991E-05 0.397313
0.559735 0.0525185 0.387746
9.9991E-05 0.0508215 0.949079
0.027164 9.9991E-05 0.972736
0.205354 0.0679915 0.726655
0.0906391 0.0151729 0.894188
9.9991E-05 0.0803772 0.919523
9.9991E-05 0.0428534 0.957047
9.9991E-05 0.0542125 0.945688
9.999E-05 9.999E-05 0.9998
9.9991E-05 0.0171947 0.982705
9.9991E-05 0.0378324 0.962068
9.9991E-05 0.0127578 0.987142
0.0320879 0.0806452 0.887267
9.9991E-05 0.124063 0.875838
9.9991E-05 0.0538219 0.946078
0.348147 0.0630132 0.58884
0.0262617 0.134997 0.838741
9.9991E-05 0.102349 0.897551
9.9991E-05 0.0701665 0.929734
9.9991E-05 0.0368354 0.963065
9.9991E-05 0.0615694 0.938331
9.9991E-05 0.0332113 0.966689
0.181891 0.0956018 0.722507
9.9991E-05 0.0683164 0.931584
0.478572 0.498181 0.0232473
0.538425 0.172689 0.288886
0.484352 0.216891 0.298756
0.473995 0.299475 0.226529
0.441884 0.15835 0.399766
0.398953 0.337055 0.263992
0.500978 0.183316 0.315706
0.459935 0.153148 0.386917
0.393735 0.169832 0.436433
0.372429 0.221468 0.406102
0.418203 0.203112 0.378685
0.055387 0.885094 0.0595192
9.9991E-05 0.938846 0.0610541
9.9991E-05 0.973147 0.0267527
9.9991E-05 0.925532 0.0743684
9.9991E-05 0.917403 0.0824972
9.9991E-05 0.871844 0.128056
9.9991E-05 0.867376 0.132524
0.0444026 0.880729 0.0748684
9.9991E-05 0.907571 0.0923292
9.9991E-05 0.844082 0.155818
0.278858 0.721042 9.9991E-05
0.313946 0.685954 9.9991E-05
0.31616 0.68374 9.9991E-05
0.40108 0.59882 9.9991E-05
0.764563 9.9991E-05 0.235337
0.738274 0.00855643 0.25317
0.672988 9.9991E-05 0.326912
0.669549 0.0832715 0.247179
0.88179 0.11811 9.9991E-05
0.619855 0.00678689 0.373358
0.699096 9.9991E-05 0.300804
0.729253 9.9991E-05 0.270647
0.778212 9.9991E-05 0.221688
0.632237 9.9991E-05 0.367663
0.795389 9.9991E-05 0.204511
0.908547 0.0913528 9.9991E-05
0.620588 0.0990478 0.280364
0.874618 9.9991E-05 0.125282
0.707654 9.9991E-05 0.292246
0.93532 0.0645804 9.9991E-05
0.637902 0.361998 9.9991E-05
0.694666 0.305234 9.9991E-05
0.724227 0.275673 9.9991E-05
0.655102 0.344798 9.9991E-05
0.767463 0.232437 9.9991E-05
0.706315 0.293585 9.9991E-05
9.9991E-05 0.841709 0.158191
0.0116332 0.849373 0.138993
9.9991E-05 0.72063 0.27927
0.0138924 0.750788 0.23532
0.00552557 0.784861 0.209614
0.429113 0.570787 9.9991E-05
0.372745 0.627155 9.9991E-05
0.408416 0.591484 9.9991E-05
9.9991E-05 0.798829 0.201071
0.474103 0.525797 9.9991E-05
0.201427 0.241569 0.557004
0.303981 0.0811586 0.61486
0.177202 0.123112 0.699686
0.296205 0.294527 0.409267
0.409587 0.119108 0.471305
0.0545955 0.591727 0.353678
0.760582 0.0497797 0.189638
0.752166 0.0538744 0.19396
0.717742 0.204409 0.0778491
0.717473 9.9991E-05 0.282427
0.921256 0.0786441 9.9991E-05
0.585066 0.0230712 0.391863
0.631351 0.0677861 0.300863
0.754524 0.122924 0.122551
0.574228 0.078721 0.347051
0.888901 0.110999 9.9991E-05
0.663602 0.0263464 0.310052
0.718141 9.9991E-05 0.281759
0.507488 0.133884 0.358628
0.826171 9.9991E-05 0.173729
0.734668 0.0593091 0.206023
0.603837 9.9991E-05 0.396063
0.718616 9.9991E-05 0.281284
0.62623 0.00930667 0.364464
0.582288 0.0849964 0.332715
0.564063 0.0704466 0.365491
9.9991E-05 0.771397 0.228503
0.01569 0.837614 0.146696
0.109828 0.795372 0.0947994
0.0861944 0.783659 0.130147
0.0145669 0.789866 0.195567
0.781839 0.158183 0.0599787
0.611261 0.00933332 0.379406
0.360957 0.220327 0.418716
0.565736 9.9991E-05 0.434164
0.741447 0.0192172 0.239335
0.739304 0.111899 0.148797
0.705577 0.294323 9.9991E-05
0.619129 0.0773233 0.303547
0.737535 0.215111 0.0473536
0.6591 0.0411844 0.299716
0.685632 0.266312 0.0480555
0.538716 0.0893408 0.371944
0.72939 0.206389 0.0642213
0.660761 0.143158 0.19608
0.629044 0.0304827 0.340474
0.750497 0.128478 0.121025
0.586917 0.051955 0.361128
0.517833 0.0841991 0.397968
0.808988 0.0584163 0.132596
0.562674 0.0604489 0.376877
0.658951 0.0315817 0.309467
0.925945 0.073955 9.9991E-05
0.847755 0.0698072 0.0824381
0.637475 0.0583523 0.304173
0.864347 0.135553 9.9991E-05
0.740943 0.0414183 0.217638
0.765461 0.202278 0.0322614
0.882473 9.9991E-05 0.117427
0.690918 0.103209 0.205873
0.57252 9.9991E-05 0.42738
0.840042 0.0695157 0.0904425
0.525847 0.0663156 0.407837
0.58185 0.0309583 0.387191
0.644683 0.00866694 0.34665
0.575366 0.0521438 0.37249
0.637361 0.0724449 0.290194
0.788334 0.0522416 0.159424
0.707421 0.098247 0.194332
0.665537 9.9991E-05 0.334363
0.652266 0.0213248 0.326409
0.71572 0.0637223 0.220558
0.643979 0.0191251 0.336896
0.624991 0.139399 0.23561
0.656237 0.0131342 0.330629
0.587603 0.054602 0.357795
0.525347 0.142372 0.332281
0.281229 0.322929 0.395842
0.374288 0.113761 0.511952
0.416602 0.123939 0.45946
0.475073 0.0595527 0.465374
0.282433 0.184415 0.533151
0.759957 9.9991E-05 0.239943
0.432381 0.09449 0.473129
0.447213 0.410716 0.142071
0.396078 0.102992 0.50093
0.442272 0.0856926 0.472036
0.401055 0.0485994 0.550345
0.448512 0.22256 0.328928
0.306876 0.160148 0.532976
0.380163 0.105346 0.514491
0.144052 0.628154 0.227794
0.379183 0.133283 0.487535
0.230168 0.126391 0.643441
0.442193 0.0601993 0.497608
0.308389 0.150993 0.540618
0.382232 0.16205 0.455718
0.713627 9.9991E-05 0.286273
0.602053 9.9991E-05 0.397847
0.934919 0.0584368 0.00664416
0.910378 0.0895223 9.9991E-05
0.635499 0.00443484 0.360067
0.331626 0.079594 0.58878
0.312001 0.0862398 0.601759
0.320921 0.279489 0.39959
0.275414 0.228843 0.495744
0.650721 0.225196 0.124082
0.578778 0.205659 0.215563
0.572599 9.9991E-05 0.427301
0.597775 9.9991E-05 0.402125
0.633598 0.0985649 0.267837
0.599267 0.0148821 0.385851
0.562999 9.9991E-05 0.436901
0.454774 0.102341 0.442885
0.870816 0.0224814 0.106703
0.777244 0.00415021 0.218606
0.656311 0.0474478 0.296242
0.66404 0.126951 0.209008
0.604595 0.0618061 0.333598
0.721715 9.9991E-05 0.278185
0.853904 0.0510945 0.0950013
0.658966 9.9991E-05 0.340934
0.600413 0.0628903 0.336696
0.898897 9.9991E-05 0.101003
0.756651 9.9991E-05 0.243249
0.552232 0.0406461 0.407122
0.671688 0.034435 0.293877
0.352971 0.145041 0.501989
0.389203 0.127951 0.482846
0.297288 0.193935 0.508776
0.417968 0.140532 0.4415
0.355033 0.209544 0.435423
0.454726 0.137032 0.408242
0.525803 0.314653 0.159544
0.406161 0.0623456 0.531493
0.337655 0.55727 0.105075
0.479776 0.0236371 0.496586
0.933049 0.0314506 0.0355001
0.895374 0.104526 9.9991E-05
0.740538 9.9991E-05 0.259362
0.577511 9.9991E-05 0.422389
0.839882 9.9991E-05 0.160018
0.728327 9.9991E-05 0.271573
0.695851 9.9991E-05 0.304049
9.9991E-05 0.796344 0.203556
0.0434654 0.795014 0.161521
9.9991E-05 0.918123 0.0817766
9.9991E-05 0.918835 0.0810653
0.653703 0.0262987 0.319998
0.637291 0.0715388 0.29117
0.761447 9.9991E-05 0.238453
0.626778 0.0627564 0.310466
0.62765 0.0119773 0.360373
0.83087 0.0655783 0.103552
0.596544 9.9991E-05 0.403356
0.806266 0.0446482 0.149086
0.298271 0.207035 0.494695
0.730068 9.9991E-05 0.269832
0.808653 0.0232682 0.168079
0.690811 9.9991E-05 0.309089
0.815707 9.9991E-05 0.184193
0.634787 9.9991E-05 0.365113
0.542916 0.030839 0.426245
0.977825 9.9991E-05 0.0220752
0.841618 0.0384719 0.11991
0.836535 9.9991E-05 0.163365
0.9998 9.999E-05 9.999E-05
0.742175 0.0545776 0.203247
0.895328 0.0536263 0.0510458
0.916725 0.0831749 9.9991E-05
0.64679 9.9991E-05 0.35311
0.863824 0.0768516 0.0593249
0.703058 0.025289 0.271653
0.532041 0.00905556 0.458903
0.691251 9.9991E-05 0.308649
0.708694 0.0348417 0.256464
0.666793 9.9991E-05 0.333107
0.721753 0.008844 0.269403
0.869666 9.9991E-05 0.130234
0.642603 9.9991E-05 0.357297
0.254528 0.736282 0.00919042
0.151127 0.783044 0.065829
0.074393 0.925507 9.9991E-05
0.0992888 0.900611 9.9991E-05
0.175256 0.789231 0.0355132
0.846979 0.0493481 0.103673
0.904189 0.095711 9.9991E-05
0.90079 9.9991E-05 0.09911
0.516085 0.0459205 0.437995
0.546573 0.0801201 0.373307
0.782234 0.0487894 0.168977
0.53058 9.9991E-05 0.46932
0.695528 0.00568892 0.298783
0.686267 9.9991E-05 0.313633
0.617983 0.0199276 0.36209
0.869391 0.0101849 0.120424
0.805239 9.9991E-05 0.194661
0.860438 0.0218119 0.11775
0.586349 0.0726799 0.340971
0.82476 0.0120548 0.163185
0.730822 9.9991E-05 0.269078
0.222779 0.042888 0.734333
0.196406 0.148575 0.655019
0.216912 0.0731969 0.709892
0.123979 0.156799 0.719222
0.252995 0.126607 0.620397
0.636158 9.9991E-05 0.363742
9.9991E-05 0.289119 0.710781
0.150415 0.147031 0.702553
0.411612 0.115243 0.473146
0.534613 0.123821 0.341565
0.59107 0.126219 0.282711
0.466119 0.098826 0.435055
0.53031 0.0473588 0.422331
0.0617412 0.205326 0.732932
0.205981 0.149411 0.644608
0.13265 0.0928649 0.774485
0.352107 0.0422224 0.605671
0.158096 0.0972136 0.74469
0.260302 0.115901 0.623797
0.119255 0.112452 0.768294
0.315229 0.0555368 0.629234
0.605874 0.0437795 0.350347
0.265989 0.0996224 0.634388
9.9991E-05 0.188362 0.811538
0.320695 0.115783 0.563522
0.638272 0.279174 0.082554
0.579521 9.9991E-05 0.420379
0.304548 0.180742 0.51471
0.532067 0.0446576 0.423275
0.534019 0.114187 0.351794
0.3584 0.169531 0.47207
0.243419 0.231868 0.524713
0.485824 0.02248 0.491696
0.222573 0.10213 0.675297
0.180218 0.0822964 0.737486
9.9991E-05 0.2452 0.7547
0.505607 0.0407871 0.453606
0.6541 0.145574 0.200326
0.636707 0.282432 0.0808608
0.557999 0.12069 0.321311
0.526262 0.163525 0.310213
0.303036 0.202917 0.494047
0.517565 0.146501 0.335934
0.311751 0.508795 0.179454
0.344573 0.493346 0.162081
0.490285 0.235838 0.273877
0.33277 0.456467 0.210763
0.149957 0.556814 0.29323
0.504109 0.149616 0.346275
0.375301 0.221181 0.403518
0.365096 0.365941 0.268963
0.333536 0.410312 0.256152
0.540599 0.0683138 0.391087
0.449176 0.334284 0.21654
0.294436 0.611661 0.093903
0.408334 0.112628 0.479039
0.340476 0.199551 0.459973
0.278037 0.25687 0.465093
0.236717 0.141151 0.622132
0.400319 0.173709 0.425972
0.316859 0.141338 0.541803
0.298998 0.14469 0.556312
0.189458 0.387087 0.423455
0.251247 0.171788 0.576965
0.298368 0.176393 0.525239
0.291097 0.237793 0.471109
0.528457 0.186857 0.284686
0.420773 0.119377 0.45985
0.405764 0.124705 0.469531
0.494647 0.0697211 0.435631
0.132063 0.278641 0.589296
0.364056 0.127979 0.507965
0.245207 0.382607 0.372186
0.374286 0.146175 0.479539
0.17816 0.277643 0.544196
0.105663 0.827255 0.067082
0.69351 0.30639 9.9991E-05
0.731758 0.268142 9.9991E-05
0.725964 0.273936 9.9991E-05
0.741465 0.258435 9.9991E-05
0.731641 0.268259 9.9991E-05
0.770075 0.229825 9.9991E-05
0.682631 0.317269 9.9991E-05
0.585889 0.414011 9.9991E-05
9.9991E-05 0.898752 0.101148
0.0233181 0.863152 0.11353
9.9991E-05 0.885382 0.114518
0.0922687 0.835957 0.0717742
9.9991E-05 0.872708 0.127192
0.0064415 0.9496 0.0439584
0.0170767 0.73555 0.247373
9.9991E-05 0.878798 0.121102
0.0964347 0.776916 0.126649
9.9991E-05 0.863293 0.136607
9.9991E-05 0.995366 0.00453435
0.0113875 0.85299 0.135623
9.9991E-05 0.921765 0.0781349
9.9991E-05 0.880588 0.119312
9.9991E-05 0.871441 0.128459
9.9991E-05 0.795399 0.204501
9.9991E-05 0.74062 0.25928
9.9991E-05 0.73971 0.26019
9.9991E-05 0.782051 0.217849
0.587906 0.16968 0.242414
0.612797 9.9991E-05 0.387103
0.542544 0.0828912 0.374565
0.782879 0.162686 0.0544352
0.590905 0.118112 0.290983
0.63376 0.291448 0.0747919
0.512268 0.0712226 0.41651
0.702023 0.141227 0.15675
0.602034 0.0852431 0.312723
0.735827 9.9991E-05 0.264073
0.621582 0.153327 0.225092
0.613757 9.9991E-05 0.386143
0.604596 0.106434 0.28897
0.859406 0.140494 9.9991E-05
0.786833 0.213067 9.9991E-05
0.7 0.213546 0.0864543
0.57891 9.9991E-05 0.42099
0.604476 0.111931 0.283594
0.522005 0.092247 0.385748
0.605538 0.00932348 0.385138
0.346368 0.152776 0.500857
0.302059 0.143045 0.554896
0.291047 0.428136 0.280817
0.536787 0.0866243 0.376589
0.376554 0.189254 0.434192
0.260783 0.526193 0.213024
0.324424 0.293435 0.38214
0.294819 0.339699 0.365482
0.382886 0.309954 0.30716
0.388351 0.11061 0.501039
0.359365 0.161128 0.479507
0.383533 0.124916 0.49155
0.380499 0.18628 0.433222
0.20108 0.400467 0.398453
