9.9982E-05 0.0126915 0.0121434 9.9982E-05 0.061368 0.057858 0.855739
0.0568149 0.0186592 9.9973E-05 9.9973E-05 0.067842 9.9973E-05 0.856384
9.9982E-05 9.9982E-05 0.0457987 0.0997544 0.0875292 0.0250696 0.741648
9.9982E-05 9.9982E-05 0.0717854 0.0489027 0.030586 0.0675186 0.781007
9.9964E-05 9.9964E-05 0.0404376 0.0508689 9.9964E-05 9.9964E-05 0.908294
0.129232 0.0333011 0.0201199 0.125045 0.0166251 0.0610776 0.614599
0.0918189 0.00172665 0.0153674 9.9991E-05 0.0638883 0.0263963 0.800702
0.151175 9.9991E-05 0.0101572 0.0392456 0.0224231 0.061891 0.715008
0.045699 0.0103981 9.9982E-05 9.9982E-05 0.00883625 0.114732 0.820134
0.141513 9.9982E-05 0.0224886 0.0986652 0.0568872 9.9982E-05 0.680246
0.078725 9.9982E-05 9.9982E-05 0.0851672 0.00898165 0.110838 0.716088
9.9973E-05 0.175795 0.0824786 0.266526 9.9973E-05 0.474901 9.9973E-05
0.0571984 0.0419404 0.0958628 0.461933 0.0581457 0.28482 9.9991E-05
0.0278132 0.181118 0.0867589 0.248032 0.0595356 0.391877 0.00486548
9.999E-05 0.114159 0.199837 0.28639 0.0184729 0.339016 0.0420262
9.9991E-05 0.230359 0.0916088 0.358335 0.0316838 0.148265 0.139648
0.114578 0.150782 0.160449 0.374537 0.0401402 0.159414 9.9991E-05
9.999E-05 0.122514 0.110224 0.291875 0.0523406 0.360281 0.0626646
0.094936 0.0854131 0.0458697 0.0572385 0.080886 0.635557 9.9991E-05
0.0788359 0.0893934 0.00925137 0.539893 0.0387266 0.240546 0.00335365
0.198328 0.0967642 0.0665933 0.39225 0.0681029 0.144019 0.0339433
0.0683347 0.0835496 0.0700054 0.539211 0.00900395 0.131943 0.0979529
0.0526174 0.158572 0.106425 0.280589 0.0369059 0.349151 0.0157395
0.000437067 0.0642989 0.142623 0.538888 0.0794245 0.174228 9.9991E-05
9.9982E-05 0.257112 0.0843902 0.16844 0.0440528 0.445805 9.9982E-05
9.999E-05 0.155977 0.169515 0.209198 0.0569747 0.395329 0.0129061
0.127105 0.126387 0.0388093 0.293404 9.9991E-05 0.410155 0.00404068
9.995E-05 9.995E-05 9.995E-05 9.995E-05 0.9994 9.995E-05 9.995E-05
9.995E-05 9.995E-05 9.995E-05 9.995E-05 0.9994 9.995E-05 9.995E-05
9.9982E-05 0.0170177 0.0241835 0.142981 0.371384 9.9982E-05 0.444234
9.9982E-05 0.0867315 0.0771932 0.0670682 0.215772 9.9982E-05 0.553035
0.031559 0.224479 9.9991E-05 0.547254 0.0110651 0.117576 0.0679673
0.0246998 0.371961 0.0211998 0.558944 0.000449967 9.9991E-05 0.0226449
0.0463338 0.0798572 0.0549764 0.176245 0.0430106 0.599477 9.9991E-05
0.118556 0.455012 0.0703655 0.27127 0.00271096 0.073931 0.00815439
0.0196942 0.198674 9.9982E-05 0.704478 0.0238609 9.9982E-05 0.0530929
0.0666288 0.0768104 9.9991E-05 0.606774 0.064472 0.0967002 0.0885149
0.0163167 0.132043 0.0272115 0.598436 0.064902 0.0666535 0.0944376
9.9982E-05 0.61942 0.0164668 0.149596 0.0234209 0.190896 9.9982E-05
0.136117 0.0913686 0.029815 0.575743 9.9991E-05 0.0398172 0.127039
0.0645518 0.643247 9.9964E-05 0.291801 9.9964E-05 9.9964E-05 9.9964E-05
0.263686 0.657552 9.9973E-05 9.9973E-05 9.9973E-05 0.0379921 0.0404702
0.124864 0.228991 9.9973E-05 0.191976 9.9973E-05 0.453869 9.9973E-05
0.423966 0.180928 0.000909584 0.195755 9.9991E-05 0.183265 0.0150774
0.155838 0.224849 9.9991E-05 0.146884 0.0409596 0.403636 0.0277326
0.0845687 0.0850229 0.0323324 0.600922 0.00786716 0.189187 9.9991E-05
0.0866752 0.215889 0.00440139 0.331306 0.0760323 0.264623 0.0210729
0.171559 0.103186 0.0460698 0.104939 0.0657918 0.325504 0.182951
0.0997671 0.0685291 0.0713631 0.407069 0.00785056 0.274488 0.0709326
0.170363 0.188174 9.9991E-05 0.100809 0.0471754 0.477499 0.0158801
9.9982E-05 0.153518 0.0301585 0.493249 0.0396094 0.283265 9.9982E-05
0.0706346 0.0888406 0.0247941 0.691134 9.9991E-05 0.0790741 0.0454221
0.138595 0.243486 0.0568373 0.271988 0.0389895 0.250005 9.9991E-05
0.217345 0.0261571 0.0331086 0.515308 0.0286691 0.179312 9.9991E-05
0.234537 0.177346 9.9982E-05 0.226268 0.0597584 0.301891 9.9982E-05
9.9973E-05 0.382416 9.9973E-05 0.562984 0.0123845 0.0419161 9.9973E-05
9.9982E-05 0.804003 0.00552268 0.0966759 0.0432043 0.0503941 9.9982E-05
0.125768 0.873733 9.9955E-05 9.9955E-05 9.9955E-05 9.9955E-05 9.9955E-05
0.156848 0.810575 9.9973E-05 0.0285094 9.9973E-05 0.00376838 9.9973E-05
9.9964E-05 0.679112 9.9964E-05 0.3058 9.9964E-05 0.0146884 9.9964E-05
9.9982E-05 0.506101 0.0459218 0.365704 0.0259533 0.0561196 9.9982E-05
0.0217512 0.435579 0.133559 0.365239 0.0424668 9.9991E-05 0.00130516
9.9982E-05 0.655753 0.0602133 0.0496818 9.9982E-05 0.170695 0.0634577
9.9982E-05 0.465294 9.9982E-05 0.218069 0.0333932 0.253658 0.0293859
0.0624441 0.595274 0.0199717 0.216996 0.00673766 0.0395195 0.0590569
9.9982E-05 0.417829 0.0148138 0.451553 0.064261 0.0513423 9.9982E-05
0.0637916 0.55509 9.9973E-05 0.372124 9.9973E-05 9.9973E-05 0.00869499
0.344869 0.65349 0.00124137 9.9964E-05 9.9964E-05 9.9964E-05 9.9964E-05
9.9982E-05 9.9982E-05 0.0483851 0.073307 0.0401618 0.0824446 0.755502
9.9964E-05 9.9964E-05 9.9964E-05 0.079577 0.102961 9.9964E-05 0.817062
9.9973E-05 9.9973E-05 0.0181732 0.0385843 0.13261 9.9973E-05 0.810333
9.9973E-05 0.0297664 0.0464551 9.9973E-05 0.081679 9.9973E-05 0.8418
9.9982E-05 0.0376563 0.0555101 0.00348764 0.122868 9.9982E-05 0.780278
9.9973E-05 9.9973E-05 0.0539675 0.0397417 0.0750713 9.9973E-05 0.83092
9.9964E-05 9.9964E-05 9.9964E-05 0.0451309 0.0780722 9.9964E-05 0.876397
0.0614905 0.77803 9.9982E-05 0.043027 9.9982E-05 0.0844976 0.0327552
9.9982E-05 0.450434 0.0106577 0.468496 9.9982E-05 0.00945363 0.0607581
9.9982E-05 0.327983 0.0601319 0.482963 0.00389327 9.9982E-05 0.124828
0.0532554 0.30463 9.9982E-05 0.54903 9.9982E-05 0.00407826 0.0888057
9.9973E-05 0.45759 0.122532 0.419314 9.9973E-05 9.9973E-05 0.000264016
9.9964E-05 0.750075 9.9964E-05 9.9964E-05 9.9964E-05 0.177156 0.0723688
0.153169 0.513762 0.0568375 0.240033 0.0359975 9.9982E-05 9.9982E-05
0.0467576 0.462775 0.0267383 0.415299 0.0472588 9.9991E-05 0.00107131
9.9982E-05 0.459346 0.0604809 0.282581 0.0607484 0.136644 9.9982E-05
0.0681277 0.635587 0.124226 0.163781 0.00807805 9.9982E-05 9.9982E-05
9.9982E-05 0.405206 9.9982E-05 0.462237 0.0684047 0.00839948 0.0555536
0.18275 0.149297 0.0710784 0.21325 0.0210534 0.362471 9.9991E-05
0.0225369 9.9982E-05 0.0610342 0.45213 9.9982E-05 0.34337 0.120729
0.0328243 9.9973E-05 9.9973E-05 0.539574 0.08383 0.343472 9.9973E-05
0.058106 0.0032632 0.0514407 0.574686 0.0181922 0.268045 0.0262672
9.9982E-05 0.0274599 0.0427763 0.476653 9.9982E-05 0.413684 0.0392272
0.0502468 0.0444098 9.9991E-05 0.647638 0.0310407 0.210019 0.0165453
0.00879844 0.00508183 9.9982E-05 0.585705 0.0151834 0.385031 9.9982E-05
9.9982E-05 0.0981384 0.0551931 0.507465 0.021571 0.317432 9.9982E-05
0.0413691 0.112207 0.129145 0.483961 0.031983 0.171113 0.0302224
0.264815 9.9991E-05 0.0203935 0.401889 0.0237754 0.21284 0.0761875
0.0596636 0.0178918 0.129513 0.616582 0.0344207 0.141829 9.9991E-05
0.0708536 9.9991E-05 0.0499875 0.748215 0.0064488 0.117309 0.00708588
0.0507054 0.157816 0.0158991 0.354842 0.0171199 0.403519 9.9991E-05
0.437168 9.9973E-05 9.9973E-05 0.270048 0.012298 0.280186 9.9973E-05
0.372175 0.18931 0.0464694 0.146262 9.9982E-05 0.245584 9.9982E-05
9.9973E-05 0.160977 9.9973E-05 0.327322 9.9973E-05 0.448431 0.0629703
0.0218277 0.163707 0.0212665 0.459214 9.9991E-05 0.313961 0.0199233
9.9973E-05 0.192292 9.9973E-05 0.315573 0.0161797 0.475655 9.9973E-05
0.00430071 0.23773 0.0564129 0.229708 9.9982E-05 0.471649 9.9982E-05
0.0161846 9.9991E-05 0.0319476 0.714279 0.0521672 0.150341 0.0349804
0.262268 0.0914767 0.0697872 0.253914 9.9982E-05 0.322354 9.9982E-05
0.287153 0.0870337 0.0901694 0.439324 9.9991E-05 0.0941272 0.00209288
0.502514 0.160048 9.9991E-05 0.0488162 0.0113134 0.10479 0.172419
0.222693 0.209382 0.0450451 0.315866 9.9991E-05 0.0851771 0.121737
0.187629 0.00395617 0.0867422 0.48517 0.0145724 0.089782 0.132148
0.413623 0.0591418 0.0200266 0.315421 0.0308785 0.0945466 0.066362
0.461788 0.044976 9.9991E-05 0.282569 0.0467186 0.151973 0.0118744
0.233519 0.147409 9.9982E-05 0.491653 0.0207505 0.106469 9.9982E-05
0.366181 0.264177 0.154571 0.0259377 0.0327374 0.0927686 0.0636277
0.277247 0.16559 9.9973E-05 0.466601 9.9973E-05 0.0902623 9.9973E-05
0.219731 0.146709 0.0366655 0.511329 0.028179 0.0572863 9.9991E-05
0.229397 0.0363922 0.310022 0.129172 0.0384102 9.9991E-05 0.256507
0.363737 9.9973E-05 0.13743 9.9973E-05 0.00940496 9.9973E-05 0.489128
0.416992 9.9973E-05 0.159244 9.9973E-05 0.0237037 9.9973E-05 0.399761
0.23569 9.9991E-05 0.31682 0.0724779 0.00900075 0.0458074 0.320104
0.287961 0.00679204 9.9964E-05 0.704847 9.9964E-05 9.9964E-05 9.9964E-05
9.9973E-05 9.9973E-05 0.697907 0.279536 0.00394234 0.0183146 9.9973E-05
0.472798 0.0769685 9.9973E-05 0.413854 0.0360792 9.9973E-05 9.9973E-05
0.660777 0.0084132 9.9973E-05 0.3144 0.0161093 9.9973E-05 9.9973E-05
0.246712 0.0791501 0.0461346 0.627613 9.9982E-05 9.9982E-05 0.000189999
0.247894 0.0998699 0.0139727 0.526791 0.0270205 0.0763623 0.00808891
0.26571 9.9982E-05 0.060689 0.632656 9.9982E-05 0.0263016 0.0144431
0.533409 0.0963034 9.9973E-05 0.302519 9.9973E-05 0.0674693 9.9973E-05
0.00675687 0.0143981 0.962127 0.0164176 9.9973E-05 9.9973E-05 9.9973E-05
9.9973E-05 0.0156698 0.834903 0.12937 9.9973E-05 0.0197575 9.9973E-05
9.9964E-05 9.9964E-05 0.738757 0.236704 0.0241392 9.9964E-05 9.9964E-05
9.9982E-05 9.9982E-05 0.773805 0.130024 0.0165381 0.0755937 0.0038391
9.9955E-05 9.9955E-05 0.994502 9.9955E-05 9.9955E-05 0.00499841 9.9955E-05
0.000951312 9.9964E-05 0.932064 9.9964E-05 9.9964E-05 0.066585 9.9964E-05
9.9964E-05 0.0251959 0.847339 0.127065 9.9964E-05 9.9964E-05 9.9964E-05
9.9964E-05 9.9964E-05 0.948898 9.9964E-05 0.0348835 0.0158184 9.9964E-05
9.995E-05 9.995E-05 0.9994 9.995E-05 9.995E-05 9.995E-05 9.995E-05
9.9955E-05 9.9955E-05 0.999189 9.9955E-05 0.000311255 9.9955E-05 9.9955E-05
9.9982E-05 0.0290223 0.721552 0.160396 0.0387644 0.0500652 9.9982E-05
0.0189434 0.0560664 0.823209 0.0103055 0.0255118 0.0464779 0.0194859
9.9973E-05 0.04582 0.950522 9.9973E-05 0.00155025 9.9973E-05 0.00180736
0.0175664 0.00495221 0.740678 0.184633 0.0121861 9.9991E-05 0.0398842
9.9982E-05 9.9982E-05 0.831408 0.112655 0.00890432 0.02585 0.020983
0.00312389 9.9973E-05 0.958681 0.0233711 0.0145239 9.9973E-05 9.9973E-05
9.9964E-05 9.9964E-05 0.894395 0.0688269 9.9964E-05 9.9964E-05 0.0363785
9.995E-05 9.995E-05 0.9994 9.995E-05 9.995E-05 9.995E-05 9.995E-05
9.9991E-05 0.00629217 0.592385 0.21934 0.00510205 0.0809381 0.0958427
9.9955E-05 0.144113 0.855387 9.9955E-05 9.9955E-05 9.9955E-05 9.9955E-05
0.630527 9.9973E-05 0.123345 9.9973E-05 0.0143155 9.9973E-05 0.231513
0.204391 0.00665426 0.0535158 0.452995 0.00421465 0.0663649 0.211864
0.167605 0.0439667 0.07178 0.386189 9.9991E-05 0.0830839 0.247276
0.443789 9.9991E-05 0.134374 0.171931 0.0551664 0.0119085 0.182732
0.352735 0.0283116 0.124558 0.243698 0.0444441 9.9991E-05 0.206153
0.296453 0.0495642 0.193337 0.340256 9.9982E-05 9.9982E-05 0.120189
0.187916 9.9991E-05 0.122039 0.48381 0.0698649 0.0170305 0.119239
0.298309 9.9982E-05 0.16121 0.374936 0.070546 9.9982E-05 0.0947982
0.0395909 0.0109039 9.9973E-05 9.9973E-05 9.9973E-05 0.0795957 0.86961
0.00902861 9.9982E-05 0.0320761 9.9982E-05 0.0821792 0.00169439 0.874822
9.9973E-05 0.00995052 9.9973E-05 9.9973E-05 0.0630177 0.001795 0.924937
0.00210495 9.9973E-05 9.9973E-05 9.9973E-05 0.0487831 0.0532278 0.895584
9.9973E-05 9.9973E-05 9.9973E-05 0.00986956 0.0934057 0.0738135 0.822611
9.9973E-05 0.0470814 0.0307214 9.9973E-05 0.100418 9.9973E-05 0.821479
9.9982E-05 0.00882746 0.106422 0.0139005 0.0529287 9.9982E-05 0.817721
0.0868483 0.00534193 0.015764 9.9991E-05 0.0576832 0.0476443 0.786618
9.9973E-05 0.0434237 0.0270314 9.9973E-05 0.0382071 9.9973E-05 0.891038
0.0227489 9.9973E-05 0.089307 9.9973E-05 9.9973E-05 0.0216327 0.866011
0.0352249 0.0854636 9.9982E-05 9.9982E-05 0.0635783 0.245007 0.570526
0.0212025 0.0458433 0.0173722 9.9991E-05 0.0185236 0.332877 0.564082
0.177807 9.9973E-05 9.9973E-05 9.9973E-05 0.0664411 0.254676 0.500776
0.0796329 0.0994674 9.9973E-05 9.9973E-05 9.9973E-05 0.319369 0.501231
9.9982E-05 0.442186 0.117442 0.350472 9.9982E-05 0.0234799 0.0662198
9.9982E-05 0.234799 0.0978775 0.467055 9.9982E-05 0.189516 0.0105523
0.0327048 0.223327 9.9991E-05 0.418263 0.0583626 0.204768 0.0624739
9.9973E-05 0.17532 0.0438309 0.14052 9.9973E-05 0.640029 9.9973E-05
9.9991E-05 0.233447 0.0409498 0.568618 0.0353982 0.0417774 0.0797101
9.9973E-05 0.365841 0.0217455 0.511492 9.9973E-05 0.100622 9.9973E-05
0.0219416 0.275571 9.9991E-05 0.519212 0.0354697 0.124372 0.0233338
0.0911928 0.497012 0.0386371 0.372858 9.9973E-05 9.9973E-05 9.9973E-05
9.9982E-05 0.450286 9.9982E-05 0.360123 0.0351541 0.131878 0.0223589
0.211039 0.724317 9.9964E-05 9.9964E-05 9.9964E-05 0.0642444 9.9964E-05
0.124402 0.594218 0.032018 0.211264 0.0109317 9.9991E-05 0.0270664
0.0551983 0.375421 0.0557562 0.493166 0.0202585 9.9982E-05 9.9982E-05
9.9973E-05 0.691411 9.9973E-05 0.0739784 9.9973E-05 0.158956 0.0753547
0.0452802 0.0248017 9.9982E-05 9.9982E-05 0.0184165 0.795659 0.115643
0.0904642 9.9982E-05 0.000774797 0.0887483 9.9982E-05 0.738073 0.0817394
0.0796964 9.9964E-05 9.9964E-05 9.9964E-05 0.00243654 0.917467 9.9964E-05
9.9964E-05 0.0335549 9.9964E-05 9.9964E-05 9.9964E-05 0.856991 0.109054
0.086068 9.9982E-05 0.0171971 0.0294206 9.9982E-05 0.863136 0.00397852
9.9973E-05 9.9973E-05 0.0263655 0.0980555 9.9973E-05 0.758673 0.116606
9.9964E-05 9.9964E-05 9.9964E-05 0.147616 0.0502126 9.9964E-05 0.801772
9.9973E-05 9.9973E-05 0.0413506 0.0522898 9.9973E-05 0.092731 0.813329
9.9973E-05 9.9973E-05 0.0700413 0.128728 0.0585315 9.9973E-05 0.7424
9.9982E-05 9.9982E-05 0.104642 0.0861494 0.044873 0.0737185 0.690418
9.9991E-05 0.0390243 0.0666481 0.071878 0.0476626 0.0418547 0.732832
0.0145377 0.0498189 9.9973E-05 9.9973E-05 9.9973E-05 0.528101 0.407242
0.065816 0.0386504 9.9973E-05 9.9973E-05 9.9973E-05 0.430537 0.464697
0.021086 0.0335142 9.9982E-05 9.9982E-05 0.0207877 0.468275 0.456137
9.995E-05 9.995E-05 9.995E-05 9.995E-05 0.9994 9.995E-05 9.995E-05
9.9964E-05 0.0731456 9.9964E-05 9.9964E-05 9.9964E-05 0.545903 0.380551
0.176738 9.9982E-05 0.384794 0.24398 0.0135098 9.9982E-05 0.180777
9.9973E-05 9.9973E-05 0.287299 0.52191 0.0422002 9.9973E-05 0.148291
0.111756 0.0620025 0.286648 0.345842 9.9982E-05 9.9982E-05 0.19355
0.233092 9.9964E-05 0.351208 9.9964E-05 9.9964E-05 9.9964E-05 0.415301
9.9982E-05 0.190825 0.0352996 0.432282 9.9982E-05 0.33813 0.00326359
0.302468 0.0148158 0.008033 0.466662 9.9982E-05 0.207821 9.9982E-05
9.9982E-05 0.0647967 9.9982E-05 0.352925 0.0257465 0.518208 0.0381246
0.249201 0.121647 0.0568218 0.476309 9.9982E-05 0.0958216 9.9982E-05
0.597027 0.268971 9.9964E-05 9.9964E-05 9.9964E-05 0.133601 9.9964E-05
0.141447 0.111479 0.03763 0.468594 0.00754123 0.233208 9.9991E-05
0.169313 0.0832906 9.9991E-05 0.377317 0.0485999 0.298496 0.0228842
0.387995 0.209791 9.9973E-05 0.224589 9.9973E-05 0.177325 9.9973E-05
0.20139 0.102169 0.0625804 0.449783 9.9982E-05 0.183878 9.9982E-05
0.0221563 0.101931 0.105466 0.471395 0.0249229 0.274029 9.9991E-05
0.191329 0.0579494 0.0982692 0.390394 9.9991E-05 0.0603555 0.201603
0.201074 0.0133023 9.9973E-05 0.504799 9.9973E-05 0.280525 9.9973E-05
0.0866837 0.0885243 0.0169549 0.492069 0.0205187 0.29515 9.9991E-05
0.172655 0.15473 0.118799 0.454468 9.9982E-05 0.0991469 9.9982E-05
0.0534024 0.110478 9.9982E-05 0.614083 9.9982E-05 0.211045 0.0107919
0.0803979 0.0422383 0.0477431 0.625625 0.00321947 0.15527 0.0455069
9.9964E-05 9.9964E-05 0.0777062 0.118959 9.9964E-05 9.9964E-05 0.802935
9.9973E-05 0.0117204 0.0227669 0.108026 9.9973E-05 9.9973E-05 0.857187
0.010713 9.9973E-05 9.9973E-05 0.106493 9.9973E-05 0.0438463 0.838647
9.9982E-05 0.0330119 0.0382534 0.0827613 0.00254838 9.9982E-05 0.843225
9.9964E-05 9.9964E-05 9.9964E-05 0.155806 0.0299663 9.9964E-05 0.813828
0.0089326 0.0747273 0.0813108 0.20182 0.00369474 0.621505 0.0080091
9.9973E-05 9.9973E-05 0.00739163 0.746404 0.101536 0.144369 9.9973E-05
0.00423672 0.128207 0.0157202 0.497465 9.9991E-05 0.318602 0.0356697
0.366613 9.9982E-05 0.0551432 0.323681 0.0471709 0.207192 9.9982E-05
0.0981197 0.162148 9.9991E-05 0.0433489 0.0393681 0.577998 0.0789169
9.9991E-05 0.0927851 0.0227681 0.556695 0.0604704 0.241282 0.0258997
0.0734306 0.0631745 0.0459033 0.239749 0.0319419 0.466425 0.079376
0.153164 0.108123 0.0695709 0.4464 0.0228517 0.187693 0.0121968
0.189948 0.0667151 0.00334448 0.14677 0.0406817 0.480168 0.0723729
0.0900186 0.0606682 0.00788797 0.268953 0.0426494 0.483495 0.0463276
0.174978 0.119399 0.0602681 0.392784 0.00226243 0.216476 0.0338323
0.501362 9.9973E-05 9.9973E-05 0.422725 9.9973E-05 0.0658241 0.00978821
0.305683 9.9982E-05 0.0149325 0.650508 0.0136946 9.9982E-05 0.014982
0.480244 9.9964E-05 9.9964E-05 0.430457 9.9964E-05 0.0888994 9.9964E-05
0.244497 0.0352824 9.9991E-05 0.592922 0.0594626 0.0137953 0.0539402
0.676214 0.14465 9.9964E-05 0.178736 9.9964E-05 9.9964E-05 9.9964E-05
0.576439 0.0897348 9.9982E-05 0.288349 0.0239373 0.0213399 9.9982E-05
0.291546 0.0287961 9.9991E-05 0.519454 0.0452594 0.111818 0.00302598
0.535274 0.151553 9.9973E-05 0.224387 9.9973E-05 0.0884854 9.9973E-05
0.18079 0.0938371 9.9973E-05 0.57647 9.9973E-05 0.148603 9.9973E-05
0.103936 0.165906 0.0318437 0.131257 0.0435257 0.523432 9.9991E-05
0.207548 0.128061 0.080928 0.196471 9.9982E-05 0.386792 9.9982E-05
9.9991E-05 0.17816 0.0659013 0.321956 0.00449253 0.346111 0.0832806
0.0809568 9.9991E-05 0.0813002 0.582713 0.0118865 0.236184 0.00685871
0.0594151 0.133205 0.0156414 0.314185 0.0112611 0.466193 9.9991E-05
0.00233878 0.123631 0.195674 0.397871 0.0316965 0.248689 9.9991E-05
9.9982E-05 0.190105 0.0627633 0.361649 0.0327394 0.352543 9.9982E-05
9.9973E-05 0.235251 0.142798 0.139214 9.9973E-05 0.482437 9.9973E-05
0.00661329 0.183959 0.139952 0.293572 9.9982E-05 0.375705 9.9982E-05
0.109795 0.0378393 0.0408409 0.68287 9.9982E-05 0.128455 9.9982E-05
0.178681 0.0442144 0.0115058 0.465278 0.0361768 0.264044 9.9991E-05
0.0688195 0.162037 0.0633263 0.456335 9.9982E-05 0.249283 9.9982E-05
0.0728965 9.9982E-05 0.0455859 0.433895 0.0446187 0.402804 9.9982E-05
0.0214434 9.9991E-05 0.0879731 0.568882 0.0161867 0.28125 0.0241645
9.9991E-05 0.0115739 0.100438 0.47389 0.0690497 0.0100395 0.334908
0.0408639 0.160343 0.236632 0.401589 0.0525116 9.9991E-05 0.10796
0.113967 9.9991E-05 0.137374 0.57052 0.0853298 0.0650899 0.0276191
0.0298715 9.9991E-05 0.241805 0.465193 0.0962266 0.0139435 0.152861
0.218508 0.0218394 0.0508044 0.459157 9.9982E-05 0.249491 9.9982E-05
0.45234 0.178822 0.189772 0.00218217 9.9982E-05 9.9982E-05 0.176684
0.114113 0.0107725 0.246493 0.470531 0.0201916 0.0646084 0.0732906
0.0703074 9.9991E-05 0.271122 0.440838 0.0530479 0.113609 0.0509759
0.217928 0.0804222 0.140404 0.27019 0.0137799 0.0756351 0.201641
0.0617295 9.9982E-05 0.153509 0.596432 0.0464639 9.9982E-05 0.141665
0.330999 9.9973E-05 0.20087 9.9973E-05 0.0283979 9.9973E-05 0.439433
0.0535467 9.9982E-05 0.18532 0.522614 0.0173037 9.9982E-05 0.221016
0.0881892 9.9991E-05 0.127721 0.4088 0.0331801 0.161792 0.180218
0.218645 0.0324711 0.0597007 0.519538 0.0419307 0.064736 0.0629788
0.59272 0.157324 9.9973E-05 0.153052 9.9973E-05 0.0966043 9.9973E-05
0.545027 0.182461 9.9973E-05 0.171008 9.9973E-05 0.101205 9.9973E-05
0.114709 9.9973E-05 0.233474 0.518083 9.9973E-05 9.9973E-05 0.133434
0.190384 0.0311855 0.35063 0.318857 0.000734663 9.9991E-05 0.108109
0.236778 0.0112154 0.26436 0.203271 0.0839757 9.9991E-05 0.2003
0.18026 9.9973E-05 0.226987 0.364707 9.9973E-05 9.9973E-05 0.227746
0.661429 0.0165593 0.0557771 0.22903 0.00998768 9.9991E-05 0.0271174
0.514495 0.0425858 0.0834127 0.295336 0.035024 9.9991E-05 0.029046
0.137408 0.0840844 0.100337 0.632167 0.0458036 9.9982E-05 9.9982E-05
0.203108 0.0458491 0.0752944 0.549071 9.9982E-05 9.9982E-05 0.126478
0.43784 0.0742739 0.0483073 0.381146 0.0491819 9.9991E-05 0.00915155
0.0903724 0.0866473 0.109147 0.59538 0.0450238 0.0733292 9.9991E-05
0.186358 0.0174933 0.120766 0.607692 9.9991E-05 0.0496993 0.0178911
0.316333 0.126903 9.9982E-05 0.423293 0.0297354 0.103536 9.9982E-05
0.207598 0.268548 0.0569451 0.368784 0.0486012 0.0494225 9.9991E-05
0.236766 0.031078 0.000584287 0.472862 9.9991E-05 0.113468 0.145142
0.332714 0.0320272 9.9982E-05 0.612861 0.00996281 9.9982E-05 0.0122351
0.482412 9.9964E-05 9.9964E-05 0.421745 9.9964E-05 0.095443 9.9964E-05
0.182238 0.122314 0.0461426 0.604709 9.9982E-05 9.9982E-05 0.0443964
0.491917 0.11303 0.000751902 0.328784 9.9982E-05 0.0653172 9.9982E-05
0.367465 0.0773142 9.9982E-05 0.493765 0.0243021 0.0369541 9.9982E-05
0.103043 0.0508558 0.253134 0.347522 0.0273408 0.0371154 0.180989
0.178097 9.9991E-05 0.219535 0.323327 0.0731559 0.115874 0.0899111
0.604252 0.0251779 0.200503 0.00840558 0.0404234 0.0222644 0.0989735
0.0922387 9.9991E-05 0.172587 0.62678 0.0100664 0.000209673 0.0980181
0.558754 9.9973E-05 0.12795 9.9973E-05 0.0386939 9.9973E-05 0.274302
0.21079 9.9973E-05 0.196599 0.560382 9.9973E-05 9.9973E-05 0.031929
0.58899 0.224354 9.9964E-05 0.186256 9.9964E-05 9.9964E-05 9.9964E-05
0.642451 0.245053 9.9964E-05 0.112097 9.9964E-05 9.9964E-05 9.9964E-05
0.179039 0.163919 9.9982E-05 0.543743 0.0255156 0.0875828 9.9982E-05
0.240299 9.9982E-05 0.0038442 0.741234 9.9982E-05 0.0111448 0.0032784
0.390822 0.140415 9.9973E-05 0.413649 9.9973E-05 0.0548136 9.9973E-05
0.191335 0.153146 0.0112465 0.593383 0.0506888 9.9982E-05 9.9982E-05
0.271046 0.045319 9.9964E-05 0.683235 9.9964E-05 9.9964E-05 9.9964E-05
0.0535846 9.9982E-05 0.0229511 0.140637 0.0594486 9.9982E-05 0.723178
9.9982E-05 9.9982E-05 0.0772688 0.0727845 0.0208616 0.107418 0.721467
9.9982E-05 9.9982E-05 0.0920568 0.00610995 0.0398994 0.0256196 0.836114
9.9964E-05 9.9964E-05 9.9964E-05 0.0468653 0.106636 9.9964E-05 0.846099
9.9982E-05 0.362094 9.9982E-05 0.499893 0.0571087 0.0698805 0.0108235
9.9973E-05 0.466877 9.9973E-05 0.444942 0.0796203 0.00826042 9.9973E-05
0.0325835 0.494322 0.0105629 0.284921 9.9991E-05 0.15857 0.018941
9.9973E-05 0.458261 0.0180789 0.500829 9.9973E-05 9.9973E-05 0.0225306
0.194525 0.4318 9.9973E-05 0.333756 0.0396184 9.9973E-05 9.9973E-05
0.0416616 0.0137255 0.223199 0.448319 0.000922244 0.0330948 0.239077
0.182914 0.332033 0.0823064 0.332305 9.9982E-05 0.0702417 9.9982E-05
9.9991E-05 0.632606 0.0207688 0.266549 0.047008 0.0312131 0.00175468
0.0119153 0.349291 0.0090219 0.506693 0.0577192 0.06526 9.9991E-05
9.9982E-05 0.473234 0.0544615 0.399755 9.9982E-05 0.0180334 0.0543161
0.035478 0.319227 0.00307203 0.639059 9.9982E-05 9.9982E-05 0.00296323
0.0719702 0.863358 9.9964E-05 0.0642718 9.9964E-05 9.9964E-05 9.9964E-05
0.152154 0.576899 0.0329658 0.203283 0.00417101 0.0244119 0.00611545
0.0781371 0.576344 0.0134267 0.256437 0.0282536 0.0473019 9.9991E-05
0.271799 0.727701 9.9955E-05 9.9955E-05 9.9955E-05 9.9955E-05 9.9955E-05
9.9991E-05 0.457248 0.0629783 0.340455 0.0173876 0.0836417 0.0381899
0.379006 0.544059 9.9964E-05 0.0765346 9.9964E-05 9.9964E-05 9.9964E-05
0.412677 0.586824 9.9955E-05 9.9955E-05 9.9955E-05 9.9955E-05 9.9955E-05
0.0137146 0.349355 0.0370906 0.53302 0.0425084 9.9991E-05 0.0242114
9.9991E-05 0.638839 0.0381559 0.130676 0.00250696 0.119646 0.0700771
9.9982E-05 0.375058 0.0325968 0.403591 9.9982E-05 0.104785 0.0837698
9.9973E-05 0.421915 0.00281841 0.509489 9.9973E-05 0.0654782 9.9973E-05
0.237445 0.0437273 0.0578867 0.382111 0.00102043 0.277709 9.9991E-05
9.9982E-05 0.437549 0.00465021 0.456581 9.9982E-05 0.066807 0.0342133
9.9991E-05 0.394639 0.0178068 0.441909 0.0215035 0.0973897 0.0266518
0.0544514 0.651126 0.0227765 0.271346 9.9973E-05 9.9973E-05 9.9973E-05
0.0431392 0.0191212 9.9982E-05 9.9982E-05 0.0394992 0.25877 0.639271
0.00221819 0.0499226 0.00519245 0.0727485 0.0732633 0.0904005 0.706254
0.0778776 9.9973E-05 9.9973E-05 9.9973E-05 0.121752 0.103607 0.696463
0.0071564 0.0122263 9.9982E-05 9.9982E-05 0.116113 0.137169 0.727135
9.9973E-05 9.9973E-05 9.9973E-05 0.0170306 0.109804 0.249983 0.622882
9.9982E-05 0.749706 0.0565708 0.00759997 9.9982E-05 0.168973 0.0169496
0.00473643 0.636707 9.9991E-05 0.156051 0.0193869 0.0839363 0.0990824
0.12555 0.698941 9.9964E-05 0.175109 9.9964E-05 9.9964E-05 9.9964E-05
0.155896 0.54089 0.0215287 0.230087 0.00740401 9.9991E-05 0.0440953
0.0527442 0.293769 0.081028 0.477909 0.0174978 9.9991E-05 0.0769522
0.0990892 0.486727 0.0680637 0.312359 0.0220436 9.9991E-05 0.0116179
0.010697 0.327107 0.0848357 0.464866 0.012311 0.0319053 0.0682783
0.0291591 0.583154 0.0524057 0.19568 0.0145289 0.124972 9.9991E-05
9.9973E-05 0.563785 9.9973E-05 0.373502 0.00182518 0.0605877 9.9973E-05
9.9982E-05 0.59073 0.0230559 0.207129 0.00189174 0.176993 9.9982E-05
0.166457 9.9973E-05 9.9973E-05 0.653396 9.9973E-05 0.0251697 0.154678
9.9964E-05 0.607884 9.9964E-05 0.371853 0.0198629 9.9964E-05 9.9964E-05
0.0131422 0.317959 9.9991E-05 0.528056 0.0101909 0.0638732 0.0666785
0.0183304 0.0032093 0.373288 0.46163 0.00438007 9.9991E-05 0.139062
0.0520802 9.9991E-05 0.491159 0.325484 0.0465556 0.0223093 0.0623119
0.15794 0.279344 0.077901 0.464099 9.9982E-05 9.9982E-05 0.0205161
0.0324581 9.9982E-05 0.639124 0.0217546 0.071113 9.9982E-05 0.235351
0.0256152 0.0262568 0.411035 0.286438 0.0831371 9.9991E-05 0.167418
0.244877 0.0386238 0.123977 0.45489 0.0190855 9.9991E-05 0.118446
0.087128 9.9973E-05 9.9973E-05 0.737424 9.9973E-05 0.0738145 0.101333
0.130962 0.0974646 0.0158435 0.504428 0.0486899 0.100909 0.101703
9.9973E-05 9.9973E-05 0.425655 0.347595 0.0401503 9.9973E-05 0.1863
0.0225691 9.9982E-05 0.434696 0.406359 0.032215 9.9982E-05 0.103961
9.9991E-05 0.00434664 0.529279 0.324985 0.0360244 0.0166924 0.0885716
9.9991E-05 0.0320096 0.497794 0.268368 0.0681955 0.0560467 0.0774863
0.264786 0.00782325 0.0342935 0.568914 0.00709357 9.9991E-05 0.116989
9.9973E-05 9.9973E-05 0.587672 0.255416 0.0111431 9.9973E-05 0.145469
0.355824 9.9982E-05 0.00470873 0.311308 9.9982E-05 0.217676 0.110284
0.180235 9.9991E-05 0.0557711 0.72433 0.0044278 0.00337894 0.0317572
0.10652 9.9991E-05 0.0522916 0.627322 0.0212353 0.0930355 0.0994956
0.107547 0.0418224 9.9982E-05 0.547897 9.9982E-05 0.0968928 0.205641
0.0168996 0.151051 0.268435 0.280591 0.0588599 0.0223365 0.201826
0.101779 9.9991E-05 0.342693 0.304018 0.0413685 0.0451549 0.164887
9.9973E-05 9.9973E-05 0.509988 0.224984 0.0343943 9.9973E-05 0.230334
0.110971 9.9982E-05 9.9982E-05 0.596472 0.0410802 0.132143 0.119133
0.607468 9.9982E-05 0.0372538 0.224183 0.0674192 9.9982E-05 0.0634766
0.197079 0.0131323 0.0262699 0.437051 9.9991E-05 0.172525 0.153842
0.0780283 9.9982E-05 0.134146 0.481572 0.117114 9.9982E-05 0.18894
0.478973 9.9973E-05 0.214697 9.9973E-05 0.00289115 9.9973E-05 0.303139
0.576677 9.9973E-05 0.0926995 9.9973E-05 0.075589 9.9973E-05 0.254734
0.304082 9.9991E-05 0.146861 0.345638 0.03186 0.0632299 0.108229
0.448093 9.9982E-05 0.22669 0.00854568 0.0600697 9.9982E-05 0.256402
0.326106 9.9973E-05 0.278692 9.9973E-05 0.0182116 9.9973E-05 0.37669
0.246623 9.9991E-05 0.156438 0.361913 0.0426997 0.0658153 0.126411
0.156683 9.9991E-05 0.121352 0.443609 0.0353381 0.0499571 0.19296
0.243589 9.9982E-05 0.200192 0.241177 0.0196164 9.9982E-05 0.295226
0.425164 9.9982E-05 0.1255 0.0973 0.0646547 9.9982E-05 0.287181
0.224148 0.00392653 0.148467 0.479324 0.0440431 0.0191972 0.0808946
0.394074 0.043409 0.142427 0.18579 0.0917297 9.9991E-05 0.14247
0.466246 9.9973E-05 0.0916912 9.9973E-05 0.0837057 9.9973E-05 0.358057
0.224336 0.0418969 0.244379 0.309258 0.0372881 0.0177867 0.125054
9.9982E-05 0.0697149 0.228756 0.37963 0.0144644 9.9982E-05 0.307235
9.9973E-05 9.9973E-05 0.286811 0.536722 0.018496 9.9973E-05 0.157671
0.0867853 0.0983978 0.199824 0.414613 9.9991E-05 0.0171728 0.183107
9.9982E-05 9.9982E-05 0.212335 0.377409 0.0010714 0.0315124 0.377472
0.024067 0.102953 0.16299 0.483861 0.0192344 9.9991E-05 0.206794
9.9982E-05 0.0455968 0.24806 0.384344 0.0673091 9.9982E-05 0.25449
0.0539421 9.9991E-05 0.224138 0.316219 0.0677943 0.0558822 0.281925
0.101428 0.218991 0.118239 0.280314 9.9991E-05 0.166124 0.114804
0.044271 9.9982E-05 0.279403 0.355458 9.9982E-05 0.0108563 0.309812
0.19394 0.0193726 0.224191 0.16642 9.9982E-05 9.9982E-05 0.395877
0.144367 0.0345215 0.34425 0.192381 9.9982E-05 9.9982E-05 0.28428
9.9973E-05 0.0422344 9.9973E-05 9.9973E-05 0.0261157 0.147364 0.783986
9.9982E-05 0.0734886 0.0178648 0.058967 9.9982E-05 0.799036 0.0504436
9.9955E-05 9.9955E-05 9.9955E-05 9.9955E-05 9.9955E-05 0.990363 0.00913743
9.9955E-05 9.9955E-05 9.9955E-05 9.9955E-05 0.0385558 0.960944 9.9955E-05
9.9955E-05 9.9955E-05 0.00502549 9.9955E-05 9.9955E-05 0.994475 9.9955E-05
9.9973E-05 9.9973E-05 0.038927 0.0144696 0.0401196 0.906184 9.9973E-05
9.9964E-05 9.9964E-05 9.9964E-05 0.0400548 0.00510529 0.95444 9.9964E-05
0.00335021 9.9964E-05 9.9964E-05 9.9964E-05 9.9964E-05 0.909007 0.0872434
9.9964E-05 9.9964E-05 9.9964E-05 9.9964E-05 0.0398468 0.790247 0.169506
9.9982E-05 0.0114616 0.0328086 0.0521124 0.0214216 9.9982E-05 0.881996
9.9991E-05 0.00509166 0.0249733 0.0286054 0.0851008 0.118234 0.737895
0.0225547 0.0179603 0.0445017 0.00770493 0.0580109 0.0125874 0.83668
0.00688832 9.9982E-05 9.9982E-05 0.0775441 0.0334239 0.0995021 0.782442
9.9973E-05 0.0278105 0.0713693 0.00574598 9.9973E-05 9.9973E-05 0.894774
0.00901775 0.017023 0.0111268 9.9991E-05 0.0327296 0.0626978 0.867305
0.0827564 9.9991E-05 0.140319 0.00604306 0.0899973 0.0199629 0.660821
9.9973E-05 0.0238171 0.0455164 9.9973E-05 0.0710945 9.9973E-05 0.859272
9.9982E-05 9.9982E-05 0.0671445 0.0631546 0.0472646 0.172961 0.649276
9.9982E-05 0.0273606 0.0588641 0.0299676 0.0410296 9.9982E-05 0.842578
9.9973E-05 0.0416685 9.9973E-05 9.9973E-05 0.0871527 0.00789432 0.862985
0.019231 9.9982E-05 0.0521148 0.0145296 0.0393592 9.9982E-05 0.874566
9.9964E-05 9.9964E-05 9.9964E-05 9.9964E-05 0.0355422 0.00752621 0.956532
9.9982E-05 9.9982E-05 0.038317 0.0195446 0.0931039 0.0233141 0.82552
9.9991E-05 0.0198706 0.0340914 0.0225687 0.0959778 0.0239783 0.803413
9.9973E-05 9.9973E-05 0.0744016 0.103891 0.0620714 9.9973E-05 0.759336
9.9964E-05 9.9964E-05 0.113051 0.10408 9.9964E-05 9.9964E-05 0.782469
9.9973E-05 9.9973E-05 0.0583805 0.132424 0.024638 9.9973E-05 0.784257
9.9973E-05 9.9973E-05 0.0779066 0.113759 0.056413 9.9973E-05 0.751621
0.238513 0.0722705 9.9982E-05 0.464016 9.9982E-05 0.0278062 0.197195
0.0508867 0.0222747 9.9982E-05 0.800856 9.9982E-05 0.01608 0.109703
0.551027 0.154842 9.9973E-05 0.247967 9.9973E-05 9.9973E-05 0.045864
0.0739874 9.9982E-05 9.9982E-05 0.609023 0.0465314 0.158112 0.112147
0.604396 9.9964E-05 9.9964E-05 0.277357 9.9964E-05 9.9964E-05 0.117847
0.253526 9.9973E-05 0.070671 0.601463 9.9973E-05 9.9973E-05 0.0740395
0.219172 0.0117604 9.9991E-05 0.579656 0.00926436 0.118981 0.0610661
0.166953 0.0352718 9.9991E-05 0.574298 0.0606611 0.0638439 0.0988721
9.9982E-05 0.319929 0.0768152 0.445799 9.9982E-05 0.126365 0.030891
0.182142 0.0635061 9.9991E-05 0.542092 0.00639499 0.148176 0.057589
0.0829735 9.9982E-05 9.9982E-05 0.687129 0.0401395 0.132661 0.0568977
0.271062 0.262354 0.0564422 9.9973E-05 9.9973E-05 0.409842 9.9973E-05
0.78734 0.0188644 9.9982E-05 0.11247 9.9982E-05 0.0541945 0.0269312
0.56085 9.9973E-05 9.9973E-05 0.305807 9.9973E-05 0.0657467 0.0672968
0.219851 9.9964E-05 9.9964E-05 0.593026 9.9964E-05 9.9964E-05 0.186723
0.108396 0.103051 9.9973E-05 0.587484 9.9973E-05 9.9973E-05 0.200769
0.133932 0.0888477 0.207757 0.350077 0.0337545 0.0136154 0.172017
9.9991E-05 0.0752654 0.216962 0.5005 0.0038068 0.0711926 0.132173
0.0550425 0.102245 0.128155 0.155358 0.00466778 0.105752 0.44878
0.112112 0.0594602 0.162488 0.409418 9.9991E-05 0.0576449 0.198777
0.472362 9.9973E-05 0.224749 9.9973E-05 0.0112286 9.9973E-05 0.291361
0.171081 0.0324173 0.164229 0.335426 0.032307 9.9991E-05 0.26444
0.0120162 0.0916028 0.14005 0.291572 0.0625431 0.116169 0.286046
9.9991E-05 0.0888568 0.121511 0.35445 0.0545595 0.0701012 0.310421
9.9982E-05 0.0471395 0.174888 0.496648 0.0628157 9.9982E-05 0.218309
0.210148 9.9982E-05 0.220487 0.440976 0.0384642 9.9982E-05 0.0897255
9.9982E-05 0.114882 0.17074 0.258668 0.0571418 9.9982E-05 0.398369
