0.925691 0.0265526 0.0476563 9.9991E-05
0.969819 0.0299806 9.9982E-05 9.9982E-05
0.855059 0.00202173 0.0336451 0.109274
0.824478 0.080585 0.0677772 0.0271595
0.885776 9.9991E-05 0.0547497 0.0593747
0.623845 0.203946 0.0875768 0.0846321
0.886511 0.10212 0.0112695 9.9991E-05
0.781954 0.203239 0.0147074 9.9991E-05
0.827409 0.172391 9.9982E-05 9.9982E-05
0.730141 0.0815761 0.0991801 0.0891032
0.757321 0.17496 0.011462 0.0562569
0.0149128 0.508677 0.0926123 0.383798
0.0868874 0.201095 0.0286637 0.683354
0.164671 0.441595 0.0540155 0.339718
0.123051 0.33098 0.1317 0.414269
0.196801 0.185247 0.091051 0.526901
0.106458 0.124566 0.0813904 0.687585
0.0302815 0.337062 0.159921 0.472736
0.190227 0.309242 0.0674148 0.433116
0.128055 0.670522 0.0379936 0.163429
0.0690063 0.254358 0.0591646 0.617471
0.124157 0.290891 0.0295363 0.555415
0.0963957 0.139849 9.9991E-05 0.763655
0.0582306 0.42283 0.0906845 0.428255
0.126646 0.0592114 0.115437 0.698706
0.00371048 0.198566 0.0983766 0.699347
0.0997313 0.539733 0.0783892 0.282146
0.0879754 0.439819 0.184462 0.287743
0.0772743 0.525026 0.0222998 0.3754
0.857919 9.9991E-05 0.0708635 0.0711178
0.855076 9.9982E-05 9.9982E-05 0.144724
0.827433 9.9991E-05 0.0351339 0.137333
0.782896 9.9991E-05 0.0192857 0.197718
0.0365214 0.188136 9.9991E-05 0.775243
0.0434983 0.179882 0.157296 0.619324
0.0509628 0.111883 0.0468855 0.790269
0.191135 0.544812 9.9991E-05 0.263953
0.00105237 0.42516 0.0221201 0.551667
0.105138 0.28743 0.0637512 0.54368
0.0244042 0.0373997 0.094831 0.843365
0.153606 0.127358 0.039181 0.679855
0.167309 9.9991E-05 0.0262987 0.806292
0.00928846 0.554184 9.9991E-05 0.436428
0.0663765 0.0943003 0.11515 0.724173
0.0874931 0.0432196 0.140434 0.728854
0.130241 0.0911427 0.134072 0.644544
9.9982E-05 0.3958 9.9982E-05 0.604
0.0374768 0.207538 0.0752474 0.679738
0.13149 0.0570332 0.076823 0.734653
0.0786492 0.811604 9.9991E-05 0.109647
0.0315163 0.626113 9.9991E-05 0.342271
0.0617116 0.659928 0.0742321 0.204129
0.0324631 0.189377 0.113482 0.664678
0.151488 0.0966932 0.0860635 0.665755
0.0751748 0.13671 0.121254 0.666861
0.154947 0.558525 9.9991E-05 0.286428
0.0809007 0.225323 9.9991E-05 0.693676
0.0953276 0.177834 0.160393 0.566445
0.145767 0.343227 0.0125832 0.498423
0.249915 0.538781 0.0894015 0.121903
0.0973906 0.126357 0.0802428 0.69601
0.10336 0.310396 0.0978608 0.488383
0.096244 0.741399 9.9991E-05 0.162257
0.0392244 0.307899 0.0574471 0.59543
0.107477 0.138011 0.114984 0.639528
0.121976 0.19063 0.128373 0.559021
0.0472734 0.50026 0.134014 0.318453
0.0835279 0.260628 0.0488505 0.606993
0.0538472 0.256034 0.0959769 0.594142
0.0866104 0.616604 9.9991E-05 0.296685
0.0109875 0.185613 9.9991E-05 0.8033
9.9982E-05 0.493642 9.9982E-05 0.506158
0.069607 0.171622 0.0876438 0.671127
9.9982E-05 0.710875 9.9982E-05 0.288925
9.9982E-05 0.72371 9.9982E-05 0.27609
9.9982E-05 0.454056 9.9982E-05 0.545744
0.0283376 0.315097 9.9991E-05 0.656466
0.162521 0.0527853 0.0427809 0.741913
0.00300629 0.282503 0.0284576 0.686033
0.0814509 0.508879 9.9991E-05 0.40957
0.0651347 0.479076 9.9991E-05 0.455689
0.105463 0.103329 0.0676335 0.723575
0.0436725 0.364705 9.9991E-05 0.591523
0.0542767 0.341017 9.9991E-05 0.604606
0.00168421 0.306594 9.9991E-05 0.691622
9.9991E-05 0.768289 0.0347872 0.196824
0.00570024 0.125095 0.104727 0.764477
0.874141 9.9991E-05 0.0177206 0.108038
0.917001 9.9982E-05 9.9982E-05 0.082799
0.877231 9.9991E-05 0.0776891 0.0449798
0.94118 9.9991E-05 0.00226068 0.0564597
0.912362 9.9991E-05 0.00179888 0.085739
0.920338 9.9991E-05 0.0349989 0.0445636
0.920123 9.9991E-05 0.0315525 0.0482244
0.0978381 0.210586 0.146577 0.544999
0.0457564 0.151697 0.109783 0.692764
9.9982E-05 0.660032 9.9982E-05 0.339768
0.119937 0.140912 0.0462509 0.6929
0.0779738 0.269497 0.0379031 0.614626
0.0540105 0.108398 0.0108756 0.826715
0.0783557 0.119221 9.9991E-05 0.802323
9.9991E-05 0.208845 0.100545 0.69051
0.0622059 0.740988 9.9991E-05 0.196706
0.21366 0.154717 0.0290245 0.602598
0.0498611 0.0939098 0.0787071 0.777522
0.159324 0.123933 0.0347365 0.682006
0.0222564 0.396601 9.9991E-05 0.581042
0.0191912 0.25102 0.0235157 0.706273
0.0290739 0.264256 9.9991E-05 0.70657
9.9991E-05 0.303369 0.0702588 0.626272
0.126661 0.266172 9.9991E-05 0.607067
0.117244 0.159703 0.0515261 0.671527
0.071544 0.531382 0.0830739 0.314
0.186306 0.183629 0.0584978 0.571567
0.173781 0.109017 0.00778631 0.709416
0.0793107 0.176348 0.193097 0.551244
0.101947 0.319093 9.9991E-05 0.578861
0.0457666 0.206492 0.0970664 0.650675
0.0668095 0.299681 0.0108306 0.622679
0.149212 0.154921 0.0323857 0.663481
0.135567 0.124403 0.0723877 0.667643
0.0783759 0.175012 0.0145438 0.732069
0.0674656 0.262153 9.9991E-05 0.670281
0.0506314 0.179547 0.0984588 0.671362
0.101812 0.104327 0.129583 0.664277
9.9991E-05 0.183754 0.110204 0.705942
0.0764233 0.254701 0.137974 0.530901
9.9991E-05 0.248387 0.0707629 0.680751
0.128194 0.335975 0.020815 0.515015
0.0615012 0.167318 0.0798148 0.691366
0.0607101 0.133195 0.0659457 0.74015
0.0148537 0.496928 0.123826 0.364392
0.0244098 0.60734 0.108398 0.259851
0.0466339 0.19848 0.14657 0.608317
9.9991E-05 0.762035 0.148723 0.0891416
0.119877 0.449529 9.9991E-05 0.430494
0.0344678 0.376995 0.0119101 0.576627
0.1417 0.438752 9.9991E-05 0.419448
0.0224349 0.542752 0.0342129 0.4006
0.113687 0.0728768 0.0290301 0.784406
0.063718 0.145195 0.183299 0.607787
0.153142 0.217597 0.00934591 0.619916
0.0163086 0.612667 0.117857 0.253168
0.162373 0.168666 0.0265748 0.642386
0.0920788 0.212007 0.11051 0.585403
0.182271 0.694411 9.9991E-05 0.123219
0.118889 0.0974968 0.066311 0.717304
0.161168 0.369897 0.0798861 0.389049
0.114361 0.202516 0.104024 0.579099
0.149884 0.454403 0.0204408 0.375272
0.137618 0.516326 9.9991E-05 0.345956
0.0989923 0.335848 0.0313365 0.533823
0.175355 0.189562 0.0918382 0.543244
0.190485 0.225347 0.0312752 0.552893
0.0701328 0.65969 0.236583 0.0335946
0.0734006 0.0949133 0.135842 0.695844
9.9982E-05 0.477021 9.9982E-05 0.522779
0.058152 0.304903 0.0391257 0.597819
0.101954 0.119911 0.073817 0.704318
0.354086 0.188225 0.296638 0.161051
0.614486 0.164522 0.220893 9.9991E-05
0.50751 0.253328 0.239062 9.9991E-05
0.412645 0.16636 0.374105 0.0468894
0.0335546 0.151057 0.0338575 0.781531
0.0282991 0.152538 0.152333 0.666829
9.9982E-05 9.9982E-05 0.691712 0.308088
9.9991E-05 0.114152 0.474983 0.410765
0.0681259 0.138484 0.413209 0.380181
0.00440724 0.478765 0.0493593 0.467469
9.9991E-05 0.193404 0.0620787 0.744418
0.0337684 0.567336 0.0727657 0.32613
0.0318977 0.176375 0.0530178 0.73871
0.0251139 0.311473 0.0305722 0.632841
0.053137 0.215503 0.0692295 0.66213
9.9991E-05 0.591609 0.0655367 0.342754
0.065767 0.0986356 0.114616 0.720981
0.0905569 0.191511 0.0727908 0.645142
0.00469949 9.9991E-05 0.966496 0.0287041
9.9991E-05 0.00501032 0.949439 0.0454505
0.00514627 0.0263638 0.57352 0.39497
0.0240062 9.9991E-05 0.711878 0.264016
0.0197052 9.9991E-05 0.832852 0.147343
9.998E-05 9.998E-05 0.9997 9.998E-05
9.9982E-05 0.0254365 0.974364 9.9982E-05
9.9982E-05 9.9982E-05 0.869262 0.130538
9.9982E-05 9.9982E-05 0.962801 0.036999
9.998E-05 9.998E-05 0.9997 9.998E-05
9.998E-05 9.998E-05 0.9997 9.998E-05
0.00250966 9.9991E-05 0.842299 0.155092
0.0284666 0.00661889 0.81206 0.152855
9.9991E-05 0.00711868 0.988926 0.00385548
0.129933 0.0883669 0.354565 0.427135
9.9991E-05 0.0691518 0.749812 0.180936
9.9991E-05 0.0264522 0.807034 0.166414
0.025837 9.9991E-05 0.888708 0.0853548
9.998E-05 9.998E-05 0.9997 9.998E-05
0.0167965 9.9991E-05 0.875078 0.108026
9.998E-05 9.998E-05 0.9997 9.998E-05
0.0818013 0.0168332 0.638482 0.262884
0.0566528 0.00883441 0.891447 0.0430657
0.381926 0.474964 0.143011 9.9991E-05
0.258177 0.205346 0.120831 0.415646
0.244887 0.158811 0.082231 0.51407
0.27269 0.301339 0.214994 0.210977
0.113184 0.17454 0.251335 0.460941
0.267134 0.306055 0.218813 0.207998
0.159067 0.201517 0.0989918 0.540424
0.164705 0.247513 0.222595 0.365186
0.122982 0.168719 0.261079 0.447219
0.244713 0.135104 0.279742 0.340441
0.169523 0.141394 0.210219 0.478865
0.873403 0.0551099 9.9991E-05 0.0713869
0.887202 0.0304254 0.0822721 9.9991E-05
0.9997 9.998E-05 9.998E-05 9.998E-05
0.972394 0.0274058 9.9982E-05 9.9982E-05
0.923604 9.9991E-05 0.0463354 0.0299606
0.907758 9.9982E-05 0.0920419 9.9982E-05
0.89667 9.9991E-05 0.0729027 0.0303274
0.929821 0.0353163 0.0051144 0.0297481
0.932965 9.9991E-05 0.0290771 0.0378576
0.864459 0.00692727 0.128514 9.9991E-05
0.649141 0.316312 0.0344466 9.9991E-05
0.650066 0.322669 0.0257639 0.00150028
0.621491 0.378309 9.9982E-05 9.9982E-05
0.547988 0.451812 9.9982E-05 9.9982E-05
0.0900846 0.193377 9.9991E-05 0.716439
0.0931515 0.22207 9.9991E-05 0.684679
0.0534601 0.205111 0.0729007 0.668529
0.0841879 0.273379 9.9991E-05 0.642333
0.0541578 0.661254 0.0293625 0.255226
0.00944036 0.0992147 0.116965 0.77438
9.9982E-05 0.209233 9.9982E-05 0.790567
9.9991E-05 0.297953 0.0752817 0.626666
9.9991E-05 0.37095 0.0383333 0.590616
0.0611006 0.140357 0.0526931 0.745849
9.9982E-05 0.313975 9.9982E-05 0.685825
9.9991E-05 0.818764 0.00809095 0.173045
0.0531517 0.20292 0.0768545 0.667073
0.0219068 0.476922 0.0312278 0.469944
9.9991E-05 0.240658 0.0685026 0.69074
0.0101217 0.602036 9.9991E-05 0.387743
0.272358 0.672725 9.9991E-05 0.0548167
0.21948 0.636266 9.9991E-05 0.144153
0.216669 0.72445 9.9991E-05 0.0587803
0.248555 0.67678 9.9991E-05 0.0745647
0.139746 0.679852 0.021884 0.158518
0.205026 0.626053 0.0477558 0.121165
0.882324 9.9991E-05 0.029249 0.088327
0.890917 0.00837336 0.0219674 0.0787423
0.809935 9.9991E-05 0.119659 0.0703058
0.823619 9.9991E-05 0.0669428 0.109338
0.841746 9.9991E-05 0.0629556 0.0951986
0.497922 0.501878 9.9982E-05 9.9982E-05
0.521566 0.478234 9.9982E-05 9.9982E-05
0.506578 0.477973 0.00613091 0.00931725
0.835325 9.9991E-05 0.0393488 0.125226
0.4742 0.5256 9.9982E-05 9.9982E-05
0.259808 0.0216129 0.421482 0.297097
0.081835 0.065585 0.256676 0.595904
0.173974 9.9991E-05 0.27834 0.547585
0.29493 0.114076 0.256559 0.334435
0.117723 0.13997 0.18042 0.561887
0.520255 0.144086 0.335559 9.9991E-05
0.0622383 0.326708 9.9991E-05 0.610954
0.0333343 0.394396 0.0496432 0.522627
0.190063 0.386157 9.9991E-05 0.42368
9.9991E-05 0.36948 0.0917634 0.538657
9.9982E-05 0.989042 0.0107583 9.9982E-05
0.123222 0.13265 0.129378 0.61475
0.106524 0.219181 0.011236 0.663059
0.120313 0.413188 9.9991E-05 0.466399
0.156473 0.169065 0.0796045 0.594857
0.0269598 0.685811 9.9991E-05 0.287129
9.9991E-05 0.349241 0.118912 0.531747
0.0278877 0.295492 0.0229835 0.653637
0.148239 0.197383 0.242861 0.411517
9.9991E-05 0.428744 0.0625017 0.508654
0.0361306 0.295342 0.0652898 0.603238
0.0169747 0.26037 0.0948541 0.627801
0.0749871 0.216642 0.023303 0.685068
0.0718142 0.137844 0.0921404 0.698201
0.131898 0.106937 0.117685 0.64348
0.062741 0.120595 0.163216 0.653448
0.791656 9.9991E-05 0.0825036 0.125741
0.843374 9.9991E-05 0.0775173 0.0790088
0.817037 0.132782 0.0409737 0.00920728
0.893399 0.0125209 0.0190892 0.0749904
0.886437 9.9991E-05 0.0125465 0.100917
0.0652561 0.543838 0.0350737 0.355832
0.0983137 0.209029 0.113561 0.579096
0.153081 0.155965 0.28483 0.406124
0.0742588 0.071631 0.0872002 0.76691
0.052795 0.297279 0.070456 0.57947
0.0382499 0.54072 0.13739 0.28364
0.197216 0.709242 9.9991E-05 0.0934422
0.0560908 0.210352 0.0364749 0.697082
0.109517 0.574697 0.042771 0.273014
0.0737405 0.27666 0.139676 0.509924
0.23015 0.557211 9.9991E-05 0.212539
0.192929 0.0458084 0.0663955 0.694867
0.130207 0.555861 0.0500256 0.263907
0.0402829 0.417087 0.124342 0.418288
0.132707 0.241065 0.0370206 0.589207
0.0945426 0.438361 0.0110029 0.456094
0.102171 0.129023 0.153374 0.615432
0.131333 0.145152 0.0374416 0.686074
0.0326963 0.443909 9.9991E-05 0.523295
0.13911 0.224786 0.0322585 0.603845
0.105514 0.209326 0.00123785 0.683921
9.9982E-05 0.744593 9.9982E-05 0.255207
0.00820555 0.560995 9.9991E-05 0.4307
0.0263739 0.356031 0.113791 0.503804
0.0164986 0.668035 9.9991E-05 0.315366
0.0423275 0.339417 9.9991E-05 0.618155
0.0447824 0.701748 0.0629104 0.19056
9.9991E-05 0.583678 0.0511459 0.365076
0.0728849 0.429488 0.0738383 0.423789
9.9991E-05 0.133465 0.193069 0.673367
0.0227648 0.526143 0.00558006 0.445512
0.0604016 0.231391 0.15026 0.557948
0.0992222 0.11133 0.149269 0.640179
9.9991E-05 0.291766 0.180954 0.52718
0.00573071 0.281035 0.151608 0.561626
0.107787 0.256644 9.9991E-05 0.635469
0.00971448 0.522433 0.155023 0.31283
0.0702738 0.372973 0.083779 0.472974
0.0197952 0.201781 0.0995301 0.678893
0.0459009 0.1352 0.120916 0.697982
0.101438 0.353452 9.9991E-05 0.545011
9.9991E-05 0.305995 0.122098 0.571807
0.15167 0.313278 0.0659785 0.469073
0.0421927 0.196744 0.0755796 0.685484
0.0624023 0.250073 0.12079 0.566734
0.107167 0.099099 0.180717 0.613017
0.375871 9.9991E-05 0.131807 0.492221
0.107562 0.0912802 0.245673 0.555485
0.132717 0.174871 0.270846 0.421565
0.124181 0.0719502 0.101701 0.702168
0.202823 0.00709326 0.270109 0.519975
9.9991E-05 0.312403 0.0874541 0.600043
0.187056 9.9991E-05 0.14787 0.664975
0.243745 0.484763 0.256434 0.015058
0.0970283 0.144626 0.248183 0.510163
0.159621 0.0563808 0.151037 0.632961
0.0896375 0.141629 0.272018 0.496715
0.205248 0.256778 0.17477 0.363204
0.220145 0.0565711 0.165124 0.55816
0.152116 9.9991E-05 0.209858 0.637926
0.494849 0.259042 0.246009 9.9991E-05
0.185601 9.9991E-05 0.20975 0.604549
0.152205 9.9991E-05 0.230132 0.617562
0.132082 0.0710795 0.171978 0.624861
0.225308 9.9991E-05 0.266486 0.508106
0.113068 0.0815408 0.214283 0.591109
0.0291656 0.299939 0.0885244 0.582371
0.122614 0.203761 0.0486536 0.624971
9.9991E-05 0.758681 0.0288151 0.212404
9.9982E-05 0.804546 9.9982E-05 0.195254
0.0277889 0.32015 0.146017 0.506045
0.169594 0.0799133 0.361515 0.388978
0.101754 0.120383 0.452554 0.325309
0.211515 0.216492 0.366001 0.205992
0.207219 0.0981972 0.301081 0.393503
0.0964304 0.532214 0.159187 0.212169
0.117129 0.440864 0.193062 0.248945
0.00313208 0.129153 0.182316 0.685399
0.0934444 0.191621 0.0953317 0.619603
0.0655213 0.437298 0.194957 0.302224
0.0965929 0.116005 0.138397 0.649005
0.00476275 0.170128 0.186318 0.638791
0.0961959 0.197607 0.160985 0.545212
0.00732251 0.487259 9.9991E-05 0.505318
9.9991E-05 0.416861 0.0969081 0.486131
0.0779044 0.140798 0.0364685 0.744829
0.0642974 0.350181 0.0842678 0.501254
0.061077 0.286932 0.175815 0.476176
0.0348068 0.288261 0.0526083 0.624324
9.9991E-05 0.572123 0.00272216 0.425055
0.00920095 0.150479 0.099742 0.740578
9.9991E-05 0.571696 0.0210232 0.407181
0.0309399 0.311369 0.0781501 0.579541
0.106687 0.179344 0.00367647 0.710292
0.0529391 0.28248 0.0557663 0.608814
0.107545 0.0905244 0.289101 0.512829
0.112404 0.174379 0.240461 0.472756
0.197994 0.133369 0.275241 0.393396
0.122298 0.202274 0.293835 0.381593
0.136876 0.207487 0.217604 0.438034
0.172677 0.150259 0.310226 0.366839
0.210862 0.551945 0.237093 9.9991E-05
0.0833106 0.0188829 0.262716 0.635091
0.419432 0.358726 0.221742 9.9991E-05
0.0409731 0.0817335 0.208524 0.66877
9.9982E-05 0.639805 9.9982E-05 0.359995
9.9991E-05 0.826995 0.00962064 0.163285
9.9991E-05 0.35222 0.00570621 0.641974
0.130856 0.0349379 9.9991E-05 0.834107
9.9991E-05 0.369158 0.0104672 0.620275
9.9991E-05 0.281701 0.0283027 0.689897
9.9991E-05 0.197045 0.0933672 0.709488
0.839624 9.9991E-05 0.00194364 0.158333
0.732619 0.127383 0.139898 9.9991E-05
0.93183 9.9982E-05 0.0679696 9.9982E-05
0.927729 9.9982E-05 9.9982E-05 0.0720713
0.0629149 0.209101 0.0474317 0.680553
0.0678733 0.226683 0.0445786 0.660865
0.0488418 0.223978 9.9991E-05 0.72708
0.105858 0.116482 0.0150292 0.762631
0.113031 0.195925 9.9991E-05 0.690945
0.0302453 0.477607 9.9991E-05 0.492048
0.00566203 0.0791736 9.9991E-05 0.915064
0.00169238 0.400404 9.9991E-05 0.597804
0.273313 9.9991E-05 0.227729 0.498858
9.9991E-05 0.341398 0.0592872 0.599215
9.9982E-05 0.374878 9.9982E-05 0.624922
0.00292652 0.195574 0.00611449 0.795385
0.0344608 0.342015 9.9991E-05 0.623424
9.9991E-05 0.140093 0.0325323 0.827275
0.062211 0.163917 0.047389 0.726483
9.9982E-05 0.5683 9.9982E-05 0.4315
9.9991E-05 0.448771 0.0579539 0.493175
9.9991E-05 0.395194 0.0243577 0.580349
9.9982E-05 0.778988 9.9982E-05 0.220812
0.0986288 0.252922 9.9991E-05 0.648349
9.9991E-05 0.634546 0.0163213 0.349033
9.9991E-05 0.829583 0.0255468 0.144771
0.0273618 0.136283 0.0863069 0.750049
0.0205314 0.509128 9.9991E-05 0.47024
0.0152447 0.30137 0.078486 0.6049
0.111075 0.111126 0.126784 0.651015
0.0335761 0.176945 9.9991E-05 0.789379
9.9991E-05 0.466319 0.0850701 0.448511
0.037298 0.241244 0.0139095 0.707548
0.0412089 0.282405 0.0428387 0.633547
9.9982E-05 0.408123 9.9982E-05 0.591677
0.139663 0.224047 0.0209246 0.615365
0.694818 0.304982 9.9982E-05 9.9982E-05
0.81213 0.120932 0.039149 0.0277895
0.865569 0.134231 9.9982E-05 9.9982E-05
0.836483 0.163317 9.9982E-05 9.9982E-05
0.763563 0.197439 9.9991E-05 0.0388984
0.0312167 0.567731 9.9991E-05 0.400952
0.0399674 0.548828 9.9991E-05 0.411105
9.9982E-05 0.528693 9.9982E-05 0.471107
0.0582728 0.149019 0.0808919 0.711816
0.141578 0.100228 0.0930365 0.665157
0.0767898 0.41135 0.0388436 0.473017
9.9991E-05 0.162637 0.0470175 0.790246
0.109966 0.232591 0.00834999 0.649094
0.00448282 0.22714 0.019054 0.749323
9.9991E-05 0.205472 0.110377 0.68405
9.9982E-05 0.469696 9.9982E-05 0.530104
9.9982E-05 0.35994 9.9982E-05 0.63986
9.9982E-05 0.447206 9.9982E-05 0.552594
0.208986 0.0502729 9.9991E-05 0.740642
9.9982E-05 0.372867 9.9982E-05 0.626933
0.0529467 0.241922 0.0378534 0.667278
0.129794 0.0551044 0.376453 0.438649
0.0936319 0.0688841 0.517066 0.320418
0.125372 9.9991E-05 0.435327 0.439202
0.17377 9.9991E-05 0.557633 0.268497
0.178795 0.000420676 0.306082 0.514702
0.0837521 0.229617 0.0355905 0.65104
0.251543 0.0574516 0.690905 9.9991E-05
0.153735 0.0136033 0.536136 0.296526
0.21687 0.166283 0.220808 0.396039
0.208548 0.0739567 9.9991E-05 0.717395
0.190272 0.256753 0.0437741 0.5092
0.0883621 0.121127 0.119667 0.670844
0.0847592 0.133614 0.098263 0.683364
0.212652 9.9991E-05 0.517644 0.269604
0.133043 0.0419403 0.392942 0.432074
0.0664688 9.9991E-05 0.562311 0.37112
0.162533 0.0208064 0.265103 0.551558
0.0813384 0.0531641 0.60762 0.257877
0.164502 0.107281 0.378013 0.350204
0.12321 0.0108295 0.600663 0.265298
0.0405291 0.020821 0.490934 0.447716
0.0945451 0.161675 0.0542895 0.689491
0.154984 0.118644 0.426271 0.300101
0.18563 9.9991E-05 0.640789 0.173481
0.123522 0.078464 0.39655 0.401464
0.258604 0.421071 9.9991E-05 0.320225
9.9991E-05 0.204115 0.163765 0.63202
0.193697 0.0313227 0.360423 0.414557
0.189185 0.116293 0.014184 0.680337
0.199433 0.160845 9.9991E-05 0.639622
0.233273 0.122718 0.244953 0.399057
0.238938 0.0215326 0.327403 0.412127
0.103792 0.142866 0.153115 0.600227
0.125138 0.0242462 0.382275 0.46834
0.096727 0.0218354 0.544091 0.337347
0.215753 9.9991E-05 0.679458 0.104689
0.177934 0.00717676 0.109872 0.705018
0.153233 0.20957 9.9991E-05 0.637097
0.136997 0.52022 0.1226 0.220183
0.144633 0.115278 0.122344 0.617745
0.119443 0.311701 0.0866489 0.482207
0.279097 0.0137516 0.187858 0.519294
0.160538 0.247561 0.0888994 0.503001
0.358994 0.374393 0.266514 9.9991E-05
0.376032 0.415191 0.208677 9.9991E-05
0.209917 0.305715 0.161607 0.322762
0.346626 0.337675 0.315599 9.9991E-05
0.437544 0.24969 0.312666 9.9991E-05
0.135457 0.304171 0.215459 0.344913
0.205166 0.231033 0.332035 0.231765
0.301207 0.25034 0.228415 0.220038
0.359955 0.311196 0.224286 0.104563
0.166554 0.123532 0.141684 0.56823
0.222192 0.421396 0.226232 0.13018
0.522174 0.325662 0.152064 9.9991E-05
0.163993 0.081583 0.0873453 0.667079
0.257273 0.109746 0.261423 0.371557
0.316611 0.0454431 0.182872 0.455074
0.116702 9.9991E-05 0.372823 0.510375
0.200889 0.0163622 0.258256 0.524492
0.165951 0.00060545 0.177355 0.656088
0.394751 9.9991E-05 0.253241 0.351908
0.206913 9.9991E-05 0.258318 0.534669
0.221631 9.9991E-05 0.295626 0.482643
0.27308 0.0729479 0.280224 0.373749
0.195226 0.271577 0.170707 0.362491
0.203489 0.11802 0.145603 0.532888
0.205824 0.0486734 0.0805203 0.664982
0.156603 9.9991E-05 0.059373 0.783924
0.314186 9.9991E-05 0.287496 0.398218
0.203762 0.063015 0.215566 0.517657
0.411285 0.0788743 0.253393 0.256448
0.223535 0.0121088 0.249379 0.514978
0.316144 0.0758099 0.377325 0.23072
0.823961 0.175839 9.9982E-05 9.9982E-05
0.162544 0.662389 9.9991E-05 0.174967
0.150603 0.849197 9.9982E-05 9.9982E-05
0.173784 0.757877 9.9991E-05 0.0682384
0.12164 0.76599 9.9991E-05 0.11227
0.159109 0.697729 9.9991E-05 0.143061
0.153732 0.704846 9.9991E-05 0.141322
0.192666 0.792522 9.9991E-05 0.0147121
0.349839 0.539169 9.9991E-05 0.110892
0.928853 0.0365802 0.0313784 0.00318867
0.868751 0.065401 9.9991E-05 0.0657478
0.928197 9.9991E-05 0.0344548 0.0372481
0.876759 0.0711428 9.9991E-05 0.051998
0.899522 9.9991E-05 0.0654625 0.0349158
0.940318 0.0594823 9.9982E-05 9.9982E-05
0.763643 0.0253526 0.144668 0.0663363
0.894453 0.0197101 0.0581547 0.027682
0.71551 0.152724 0.0102979 0.121468
0.931208 9.9982E-05 0.0685917 9.9982E-05
0.965242 0.0345582 9.9982E-05 9.9982E-05
0.850219 0.0590048 0.0906762 9.9991E-05
0.98088 9.9982E-05 0.0189202 9.9982E-05
0.943905 9.9991E-05 0.0312587 0.0247368
0.8916 9.9991E-05 0.0642816 0.0440188
0.870241 9.9991E-05 0.0578389 0.0718198
0.801347 9.9991E-05 0.134843 0.0637103
0.799929 9.9991E-05 0.141645 0.0583259
0.81046 9.9991E-05 0.0931983 0.0962416
0.152256 0.245749 0.077603 0.524392
0.134442 0.0357816 9.9991E-05 0.829677
0.143274 0.115193 0.148838 0.592695
0.0952967 0.572556 0.0585072 0.27364
0.162153 0.117427 9.9991E-05 0.72032
0.229307 0.467255 0.0737209 0.229717
0.10255 0.0717639 0.0656786 0.760007
0.162293 0.283156 9.9991E-05 0.554451
0.156653 0.189903 9.9991E-05 0.653344
0.0393131 0.265217 0.0562758 0.639194
0.185412 0.22031 9.9991E-05 0.594178
0.132373 0.0998617 0.0207505 0.747015
0.154837 0.134487 9.9991E-05 0.710576
0.0146206 0.75538 0.0920681 0.137931
0.119987 0.819304 9.9991E-05 0.0606086
0.142051 0.505391 0.0530778 0.29948
0.142331 0.0782782 0.0694946 0.709896
0.150022 0.148886 0.0087888 0.692304
0.16703 0.093027 9.9991E-05 0.739842
0.0927578 0.0763273 0.0496391 0.781276
0.210091 9.9991E-05 0.118251 0.671558
0.206375 9.9991E-05 0.154071 0.639454
0.405257 0.223435 0.123654 0.247654
0.168724 0.115396 0.0313784 0.684501
0.248088 0.0708933 0.237998 0.44302
0.471447 0.330016 0.198437 9.9991E-05
0.298083 0.158478 0.266283 0.277155
0.367793 0.0751121 0.187711 0.369384
0.376918 0.0370329 0.11511 0.470939
0.185045 0.114848 0.183214 0.516893
0.204614 0.000873164 0.181041 0.613471
0.165171 0.0237377 0.134256 0.676835
0.169031 0.0956819 0.199788 0.535498
0.514409 9.9991E-05 0.1041 0.381391
