9.99461E-05 0.0154314 9.99461E-05 0.850659 9.99461E-05 9.99461E-05 9.99461E-05 0.0574267 9.99461E-05 0.0758831
9.9937E-05 9.9937E-05 0.0344055 0.893937 9.9937E-05 0.0709583 9.9937E-05 9.9937E-05 9.9937E-05 9.9937E-05
0.0239699 0.0998919 9.9964E-05 0.729547 9.9964E-05 9.9964E-05 0.00543406 0.097429 9.9964E-05 0.0433288
0.0537993 0.000778289 9.9955E-05 0.77813 9.9955E-05 9.9955E-05 0.115888 9.9955E-05 9.9955E-05 0.0509048
0.0557641 0.0301667 9.9955E-05 0.823899 9.9955E-05 0.003525 9.9955E-05 9.9955E-05 9.9955E-05 0.0861456
0.0831265 9.9955E-05 0.0378012 0.574813 0.225552 9.9955E-05 9.9955E-05 9.9955E-05 9.9955E-05 0.0782075
9.99371E-05 9.99371E-05 0.0841779 0.799155 0.115968 9.99371E-05 9.99371E-05 9.99371E-05 9.99371E-05 9.99371E-05
0.0130889 9.9964E-05 9.9964E-05 0.706292 0.24015 0.00505688 0.00856601 9.9964E-05 9.9964E-05 0.0264462
9.99549E-05 9.99549E-05 9.99549E-05 0.799047 9.99549E-05 0.034821 9.99549E-05 0.04791 0.0875548 0.030167
0.113052 0.00478153 0.0236394 0.656949 0.129796 0.00332548 9.9973E-05 9.9973E-05 9.9973E-05 0.0681559
9.9946E-05 9.9946E-05 0.0289538 0.689995 0.215666 9.9946E-05 9.9946E-05 9.9946E-05 9.9946E-05 0.0647855
9.9937E-05 0.0691814 0.888776 9.9937E-05 9.9937E-05 9.9937E-05 9.9937E-05 9.9937E-05 0.0413426 9.9937E-05
9.9973E-05 0.416225 0.368713 0.0414722 9.9973E-05 0.0121079 0.126297 0.0212689 9.9973E-05 0.0136166
9.9964E-05 0.109914 0.762614 9.9964E-05 9.9964E-05 0.00827684 0.0281043 0.0833754 9.9964E-05 0.00731622
0.0134856 0.150165 0.785531 9.9946E-05 9.9946E-05 9.9946E-05 9.9946E-05 0.0502185 9.9946E-05 9.9946E-05
0.115943 0.211188 0.613576 0.0485192 0.00572499 0.00464874 9.9964E-05 9.9964E-05 9.9964E-05 9.9964E-05
0.0497797 0.42213 0.380159 0.00425236 0.0433908 0.0268791 0.0731093 9.9973E-05 9.9973E-05 9.9973E-05
0.0994534 0.275672 0.315222 9.9973E-05 0.120472 9.9973E-05 9.9973E-05 0.0350219 0.110502 0.0433562
0.0433208 0.16869 0.737122 0.0445068 9.9955E-05 9.9955E-05 9.9955E-05 0.00586049 9.9955E-05 9.9955E-05
9.9937E-05 9.9937E-05 0.880926 9.9937E-05 0.0739069 9.9937E-05 9.9937E-05 9.9937E-05 9.9937E-05 0.044467
0.0213537 0.360341 0.30246 9.9982E-05 0.0341382 0.0998507 0.081112 0.0540989 9.9982E-05 0.046445
9.9982E-05 0.336752 0.277317 9.9982E-05 0.0812274 0.0452471 0.0870571 0.0858631 0.0674287 0.0189076
9.9982E-05 0.491748 0.276691 0.0228295 0.053202 0.0605457 0.0319973 9.9982E-05 0.0259702 0.0368163
0.0556662 0.101651 0.801644 9.9955E-05 0.0219841 9.9955E-05 9.9955E-05 9.9955E-05 0.0185554 9.9955E-05
0.0878791 0.47335 0.144307 0.0772872 0.0896115 9.9991E-05 0.0135525 0.0291783 0.0505454 0.0341882
0.0832095 0.457879 0.396164 9.9973E-05 0.0101615 9.9973E-05 9.9973E-05 0.00474161 0.0438659 0.00367836
0.0233646 9.9955E-05 0.935833 9.9955E-05 9.9955E-05 0.0273383 0.00851547 9.9955E-05 9.9955E-05 0.00444861
0.110485 9.9937E-05 0.854638 9.9937E-05 9.9937E-05 9.9937E-05 9.9937E-05 0.0341775 9.9937E-05 9.9937E-05
9.9964E-05 0.0559055 0.795419 9.9964E-05 9.9964E-05 0.0652081 0.0665834 0.00144171 9.9964E-05 0.015042
0.037009 0.136731 9.9946E-05 0.822398 9.9946E-05 9.9946E-05 9.9946E-05 9.9946E-05 9.9946E-05 0.00326215
0.040519 0.093851 0.0167305 0.827636 9.9955E-05 9.9955E-05 0.0207635 9.9955E-05 9.9955E-05 9.9955E-05
0.121808 0.0868519 9.9955E-05 0.733303 0.0361288 9.9955E-05 9.9955E-05 9.9955E-05 0.0214084 9.9955E-05
0.0624269 0.17373 9.9955E-05 0.685416 9.9955E-05 9.9955E-05 9.9955E-05 0.0451452 0.0327826 9.9955E-05
9.9982E-05 0.514036 0.0767327 0.0379692 0.0568458 0.0181277 0.150106 9.9982E-05 0.115907 0.0300747
0.115514 0.426378 0.0545935 0.0649978 9.9973E-05 9.9973E-05 0.0716739 9.9973E-05 0.242082 0.0244612
9.9946E-05 0.602177 0.0177095 9.9946E-05 9.9946E-05 9.9946E-05 9.9946E-05 9.9946E-05 0.305214 0.0742997
0.0263288 9.9973E-05 0.197677 0.0715653 0.0312525 9.9973E-05 0.566412 9.9973E-05 0.0405387 0.065926
0.00447293 0.285922 9.9973E-05 0.0210116 9.9973E-05 9.9973E-05 0.000306186 0.0306983 0.64523 0.0120591
9.9964E-05 0.490049 0.0906924 0.0637322 9.9964E-05 0.0332757 0.145841 9.9964E-05 0.176009 9.9964E-05
9.9955E-05 0.655638 9.9955E-05 9.9955E-05 0.108607 9.9955E-05 0.019328 0.0397208 0.176207 9.9955E-05
0.0519464 0.481691 9.9964E-05 0.0585394 0.303273 9.9964E-05 0.0668714 9.9964E-05 0.037279 9.9964E-05
9.9973E-05 0.596759 0.128993 0.05991 0.0644212 0.0784267 9.9973E-05 9.9973E-05 0.0296915 0.0414991
9.9964E-05 0.112085 0.0491639 0.0329019 9.9964E-05 9.9964E-05 0.161815 0.00792325 0.635712 9.9964E-05
0.0283663 0.492698 0.124715 0.00849664 0.257197 0.00580671 9.9982E-05 0.0624782 9.9982E-05 0.0200426
0.14594 0.489798 9.9964E-05 0.00935107 0.0369702 0.101783 9.9964E-05 9.9964E-05 0.215758 9.9964E-05
0.0292414 0.548091 9.9973E-05 0.0991936 9.9973E-05 0.0693132 9.9973E-05 0.076701 0.0979516 0.0792081
9.9955E-05 0.331545 9.9955E-05 9.9955E-05 9.9955E-05 0.0264084 9.9955E-05 0.0121332 0.621668 0.00774628
0.0158334 0.531748 9.9964E-05 0.000753831 9.9964E-05 9.9964E-05 9.9964E-05 0.0992693 0.337788 0.0142072
0.00966791 0.576772 0.0388028 0.1394 0.0384454 0.0154991 9.9991E-05 0.0125649 0.120543 0.048205
9.9955E-05 9.9955E-05 9.9955E-05 0.0132665 0.0200887 9.9955E-05 9.9955E-05 0.206144 0.740725 0.0192766
9.9973E-05 0.0404761 0.170489 9.9973E-05 0.164491 9.9973E-05 0.342075 0.0149496 0.134165 0.133054
9.9973E-05 0.00818036 0.133267 9.9973E-05 0.204443 0.07095 0.215653 0.165901 0.201306 9.9973E-05
0.0574841 0.472991 0.0687326 9.9991E-05 0.00871419 0.0129375 0.128363 0.0564591 0.0678285 0.12639
0.0683843 0.530562 9.9964E-05 0.0566061 0.0966698 0.0379862 0.209392 9.9964E-05 9.9964E-05 9.9964E-05
9.9973E-05 0.585703 9.9973E-05 0.0624832 0.0167354 0.0710871 0.121717 0.0318263 0.110148 9.9973E-05
9.9991E-05 0.156604 0.0244202 0.103417 0.0185036 0.0341663 0.34897 0.0402353 0.160652 0.112931
9.9973E-05 0.546539 0.087704 9.9973E-05 0.0325783 0.084637 0.171099 9.9973E-05 0.0144918 0.0626515
0.195435 0.344315 0.134843 9.9982E-05 0.166316 9.9982E-05 0.0641171 0.0468757 0.00787833 0.0400205
0.0612783 0.189466 0.235461 0.0689096 0.120169 0.0161236 0.132098 9.9991E-05 0.09639 0.0800033
9.9982E-05 0.0625531 0.284547 0.139918 0.0819254 9.9982E-05 0.209675 0.128653 0.036397 0.056132
9.9973E-05 0.458833 0.172183 0.00433226 9.9973E-05 0.112559 0.0790465 0.0352959 0.13745 9.9973E-05
0.0171884 0.378 0.146504 0.0114747 9.9991E-05 0.0141607 0.273946 0.0578356 0.0281948 0.0725956
9.9973E-05 9.9973E-05 0.351274 0.0543668 0.0620912 9.9973E-05 0.280054 0.0428041 0.11111 0.0979998
9.9964E-05 0.444642 0.27705 9.9964E-05 9.9964E-05 0.00639376 0.107287 0.0616549 0.102573 9.9964E-05
9.9964E-05 0.611767 9.9964E-05 9.9964E-05 9.9964E-05 0.046214 0.0959814 0.124254 0.053227 0.0681569
0.0157202 0.537464 0.0711983 0.0709204 0.00511363 0.0148923 0.257583 0.000552858 0.0264548 9.9991E-05
0.0498471 0.108482 0.302573 9.9982E-05 0.0373534 0.00612799 0.288055 0.089654 0.117708 9.9982E-05
9.9964E-05 0.415962 0.239788 9.9964E-05 9.9964E-05 0.0321913 0.126568 0.0967133 0.0883766 9.9964E-05
9.9964E-05 0.539911 0.0115463 9.9964E-05 9.9964E-05 9.9964E-05 0.164862 0.123602 0.0735748 0.0861039
9.999E-05 0.0747611 0.275758 0.0108596 0.0998352 0.0903848 0.323855 0.0265382 0.0484867 0.0494214
9.9946E-05 0.536701 0.0557842 9.9946E-05 9.9946E-05 9.9946E-05 9.9946E-05 9.9946E-05 0.392629 0.0142865
9.9946E-05 0.15371 0.154962 9.9946E-05 9.9946E-05 9.9946E-05 0.0401965 9.9946E-05 0.650532 9.9946E-05
0.0504504 0.463217 0.104694 9.9973E-05 9.9973E-05 0.0104499 0.157358 9.9973E-05 0.127275 0.0862547
9.9955E-05 9.9955E-05 0.0307217 0.0248105 0.0510396 9.9955E-05 9.9955E-05 0.00759898 0.885329 9.9955E-05
9.9937E-05 9.9937E-05 0.113387 9.9937E-05 0.0144989 9.9937E-05 9.9937E-05 9.9937E-05 0.871415 9.9937E-05
9.9937E-05 0.283604 9.9937E-05 9.9937E-05 9.9937E-05 9.9937E-05 0.0306961 9.9937E-05 0.685 9.9937E-05
9.9955E-05 0.387517 9.9955E-05 9.9955E-05 0.027005 9.9955E-05 0.0603146 9.9955E-05 0.444464 0.0801995
9.9964E-05 0.537195 0.0627445 0.0825553 9.9964E-05 9.9964E-05 0.215234 0.00400707 0.0978643 9.9964E-05
0.0302656 0.368035 0.0455485 0.0550957 9.9973E-05 9.9973E-05 0.0676113 0.000491584 0.432652 9.9973E-05
9.9955E-05 0.176782 0.160341 0.00624442 9.9955E-05 9.9955E-05 9.9955E-05 9.9955E-05 0.545441 0.110691
0.0102278 0.20155 9.9964E-05 0.0431734 9.9964E-05 9.9964E-05 0.122286 9.9964E-05 0.465633 0.15673
0.0892845 0.53989 9.9964E-05 0.00432483 9.9964E-05 9.9964E-05 0.0351979 9.9964E-05 0.284216 0.046687
0.0299192 0.157599 0.107497 0.0287907 9.9964E-05 9.9964E-05 0.062527 9.9964E-05 0.613267 9.9964E-05
9.9964E-05 0.417377 9.9964E-05 0.0330383 0.0660753 9.9964E-05 0.163647 9.9964E-05 0.318698 0.000764983
9.9946E-05 0.390433 9.9946E-05 9.9946E-05 9.9946E-05 0.0601652 9.9946E-05 0.0120083 0.536794 9.9946E-05
9.9955E-05 9.9955E-05 0.0290559 9.9955E-05 0.115396 0.111863 9.9955E-05 0.0802658 0.662919 9.9955E-05
0.0441765 0.563994 9.9964E-05 9.9964E-05 9.9964E-05 0.00152744 0.136258 9.9964E-05 0.240184 0.0134594
9.9946E-05 0.0783227 0.145301 0.775084 9.9946E-05 9.9946E-05 9.9946E-05 9.9946E-05 9.9946E-05 0.00069227
9.99281E-05 0.134054 9.99281E-05 0.865146 9.99281E-05 9.99281E-05 9.99281E-05 9.99281E-05 9.99281E-05 9.99281E-05
0.0195611 0.1086 9.9946E-05 0.815737 9.9946E-05 9.9946E-05 9.9946E-05 0.0555025 9.9946E-05 9.9946E-05
9.9946E-05 0.0538173 9.9946E-05 0.847022 9.9946E-05 9.9946E-05 9.9946E-05 0.088289 0.0102725 9.9946E-05
0.0105299 0.0870677 0.0199369 0.819338 9.9955E-05 9.9955E-05 9.9955E-05 0.0626279 9.9955E-05 9.9955E-05
0.00515704 0.102792 0.0107401 0.814139 9.9973E-05 0.00321826 9.9973E-05 0.0617462 9.9973E-05 0.00190725
0.0136125 0.0719323 9.99551E-05 0.887648 0.0187341 9.99551E-05 0.00757333 9.99551E-05 9.99551E-05 9.99551E-05
0.0427929 0.497306 0.129315 0.110686 9.9973E-05 0.0265866 0.0406834 9.9973E-05 0.152329 9.9973E-05
0.0190726 0.532035 0.188603 9.9973E-05 0.0836982 0.0234103 9.9973E-05 0.0686155 0.084266 9.9973E-05
9.9964E-05 0.0147708 0.0305998 0.0362766 9.9964E-05 0.0936595 0.182534 9.9964E-05 0.64176 9.9964E-05
9.9973E-05 0.553733 0.0617758 0.0819183 0.0044202 0.0406795 9.9973E-05 9.9973E-05 0.113025 0.144149
0.0177193 0.364008 0.0677999 0.0380657 0.0118985 9.9973E-05 0.200713 9.9973E-05 0.299495 9.9973E-05
9.9973E-05 0.540427 9.9973E-05 0.0790708 0.0153678 0.051052 0.031561 9.9973E-05 0.264611 0.0176101
0.0166064 0.495435 0.137424 0.0562216 0.0993027 9.9964E-05 9.9964E-05 9.9964E-05 0.19461 9.9964E-05
0.0514048 0.540075 9.9964E-05 9.9964E-05 0.0104025 0.0213584 9.9964E-05 9.9964E-05 0.370385 0.00597455
9.9955E-05 9.9955E-05 0.207141 0.0761186 9.9955E-05 0.0116662 9.9955E-05 9.9955E-05 0.64265 0.0619243
9.9973E-05 0.432388 0.0607067 0.120547 9.9973E-05 0.125416 0.120281 9.9973E-05 0.108249 0.0321123
0.0478477 0.644523 0.0874869 0.0247569 0.02282 0.00140198 0.0056736 0.0119474 0.113694 0.0398484
0.111469 0.388894 0.151864 0.00583374 9.9991E-05 0.0276389 0.0691158 0.0235568 0.138075 0.0834527
9.9964E-05 0.20995 0.0597775 9.9964E-05 0.0328703 0.0578246 9.9964E-05 0.0831309 0.556047 9.9964E-05
9.9955E-05 0.530789 9.9955E-05 0.0068622 0.0448995 9.9955E-05 9.9955E-05 9.9955E-05 0.379202 0.0377476
9.9964E-05 0.443397 0.191317 0.00403258 9.9964E-05 0.0153406 9.9964E-05 9.9964E-05 0.287045 0.0584691
0.0917625 0.273791 9.9946E-05 9.9946E-05 9.9946E-05 9.9946E-05 9.9946E-05 9.9946E-05 0.630043 0.00380348
9.9955E-05 0.381436 0.0888406 0.0746818 9.9955E-05 9.9955E-05 9.9955E-05 9.9955E-05 0.392115 0.0624265
0.0101608 0.496325 0.168081 0.00168374 9.9982E-05 9.9982E-05 0.000457934 0.0214975 0.177771 0.123824
9.9973E-05 0.152423 0.0993774 0.0390587 9.9973E-05 0.134974 0.455486 0.109702 9.9973E-05 0.0086786
0.025461 0.398678 0.0104452 0.0765308 0.0192032 9.9973E-05 0.384782 9.9973E-05 9.9973E-05 0.0846003
0.0918185 0.416986 0.0465602 0.0976432 0.0466162 9.9973E-05 0.276218 9.9973E-05 0.0238577 9.9973E-05
0.0937997 0.468113 0.00131053 0.0321662 0.0370746 9.9991E-05 0.11166 0.0341047 0.199228 0.0224422
9.9982E-05 0.37992 0.0177783 0.0108972 0.0052044 0.0549586 0.51015 0.0142962 9.9982E-05 0.00659542
9.9973E-05 0.533703 0.052281 0.0506369 0.0133907 0.0012412 0.278454 9.9973E-05 9.9973E-05 0.0699927
9.9964E-05 0.372692 0.0357964 0.0489775 0.0365095 9.9964E-05 0.410074 9.9964E-05 9.9964E-05 0.095551
9.9982E-05 0.44863 0.0362121 0.0777239 0.0242301 0.0407925 0.193641 9.9982E-05 0.161082 0.0174882
0.150335 0.338152 9.9973E-05 0.0421668 0.0858335 9.9973E-05 0.239155 9.9973E-05 0.0726781 0.0713796
9.9955E-05 0.483294 0.112769 9.9955E-05 9.9955E-05 9.9955E-05 0.279908 9.9955E-05 0.104481 0.019048
9.9955E-05 0.393313 9.9955E-05 0.00429797 0.0357608 9.9955E-05 0.538642 9.9955E-05 9.9955E-05 0.027486
0.00247082 0.578297 9.9973E-05 0.0731875 0.144569 9.9973E-05 0.161123 0.0397084 9.9973E-05 0.000344916
9.9964E-05 0.551157 9.9964E-05 0.1186 0.0883649 0.0187537 0.178072 9.9964E-05 0.0446534 9.9964E-05
0.0339221 0.531676 0.0831631 9.9973E-05 9.9973E-05 0.066549 0.100446 9.9973E-05 0.101411 0.0825323
0.0675564 0.520592 9.9973E-05 9.9973E-05 0.100127 0.0400219 0.0483675 0.0877038 9.9973E-05 0.135331
0.0708773 0.51723 9.9973E-05 9.9973E-05 0.00877109 0.0169916 0.258791 9.9973E-05 0.0102994 0.11674
9.9982E-05 0.243666 0.117457 0.0877526 0.0508633 0.116925 0.307449 0.0509861 9.9982E-05 0.0247005
9.9991E-05 0.630934 0.0380846 0.0025793 0.0147367 0.00586557 0.190065 0.0598107 0.0336469 0.0241767
0.00761999 0.607196 9.9955E-05 9.9955E-05 0.0219269 9.9955E-05 0.329613 0.0331445 9.9955E-05 9.9955E-05
0.0453124 0.117947 0.182669 0.0283971 9.9991E-05 0.0696318 0.392567 0.0107219 0.0679101 0.084743
9.9964E-05 0.1013 9.9964E-05 0.0318195 0.0615872 0.20061 0.435759 0.168524 9.9964E-05 9.9964E-05
0.0726042 0.450776 0.037519 9.9991E-05 0.091851 0.0141537 0.152694 0.0301599 0.0333323 0.116809
0.0199358 9.9973E-05 9.9973E-05 9.9973E-05 0.0555549 0.218174 0.418806 0.0659403 0.112016 0.109273
9.9982E-05 0.175054 0.250252 0.0506332 0.0165645 0.0444918 0.355334 9.9982E-05 0.0308855 0.0765849
9.9955E-05 0.369663 0.128095 9.9955E-05 9.9955E-05 9.9955E-05 0.374123 9.9955E-05 0.0765836 0.0510355
9.9964E-05 0.175695 0.0283697 0.0342903 9.9964E-05 9.9964E-05 0.57387 9.9964E-05 0.133032 0.0543436
0.0369073 0.161577 0.125373 0.0208325 0.0157833 9.9982E-05 0.517852 9.9982E-05 0.0872014 0.0342734
0.0256987 0.540333 0.0164415 0.0531752 0.193145 9.9982E-05 0.0924532 9.9982E-05 0.0358731 0.0426805
0.035402 0.469495 0.148431 0.0492387 0.0813273 0.0283765 0.0801412 0.081311 9.9991E-05 0.0261775
0.0182483 0.487496 0.0313927 0.0954234 0.0151572 0.0183539 0.127692 9.9991E-05 0.157636 0.0485002
0.0119575 9.9964E-05 9.9964E-05 9.9964E-05 0.105213 0.0108198 0.647627 0.137783 0.0861999 9.9964E-05
9.9955E-05 0.561222 0.0483524 0.194567 0.0846589 9.9955E-05 9.9955E-05 9.9955E-05 0.1107 9.9955E-05
0.14582 0.302913 9.9964E-05 0.0102931 0.306139 9.9964E-05 0.13599 9.9964E-05 0.0984459 9.9964E-05
9.9973E-05 9.9973E-05 9.9973E-05 0.0833235 0.378866 0.131892 0.142904 0.154991 0.0636647 0.0440588
0.0711306 0.62528 0.00319007 0.0540928 0.138967 9.9982E-05 9.9982E-05 0.0105352 0.0758833 0.0207205
9.9982E-05 0.337659 9.9982E-05 0.0204329 0.179609 0.041502 0.144769 0.1766 0.0966291 0.00259835
0.00575072 0.479176 0.0986296 0.0179112 9.9991E-05 0.123986 0.0432745 0.208521 0.0214824 0.00116805
9.9991E-05 0.227345 0.0167853 0.0443814 0.247557 0.0287261 0.0371147 0.162342 0.131576 0.104073
9.9982E-05 0.12224 0.167076 0.0294424 0.339493 0.138047 9.9982E-05 0.0512233 0.0679079 0.0843709
9.9964E-05 0.404155 0.0639679 9.9964E-05 0.102987 0.185409 9.9964E-05 0.0966897 9.9964E-05 0.146391
9.9964E-05 0.52361 9.9964E-05 0.174152 0.0288177 0.130111 0.109756 9.9964E-05 9.9964E-05 0.0331539
9.9982E-05 0.453399 0.0737109 0.148011 0.0813947 0.0345549 0.178448 9.9982E-05 0.0274224 0.00285932
0.163473 9.9973E-05 0.0928382 9.9973E-05 0.255784 0.142929 9.9973E-05 0.111282 0.198957 0.0344366
0.00627431 0.536269 0.0474349 0.0419427 0.199817 0.0789772 9.9982E-05 9.9982E-05 0.0693533 0.0197319
9.9982E-05 0.330505 0.0723566 9.9982E-05 0.315462 0.0187835 0.122335 0.00219247 0.0885363 0.0496295
9.9973E-05 0.35805 0.131182 9.9973E-05 0.220909 0.027814 0.141662 0.0112724 0.10881 9.9973E-05
0.0677956 0.487768 0.129437 0.0848309 0.0899582 0.0463451 9.9973E-05 9.9973E-05 0.0935658 9.9973E-05
0.197449 0.135601 9.9973E-05 0.19166 0.211642 9.9973E-05 0.0542617 0.188594 9.9973E-05 0.0204919
0.0655503 9.9946E-05 9.9946E-05 0.35971 0.123375 9.9946E-05 9.9946E-05 0.450765 9.9946E-05 9.9946E-05
0.0537873 9.9964E-05 0.01811 0.272472 0.122555 0.0278901 9.9964E-05 0.504786 9.9964E-05 9.9964E-05
0.261765 0.0740971 9.9964E-05 0.278488 0.0924357 9.9964E-05 0.0629148 0.229899 9.9964E-05 9.9964E-05
9.9937E-05 0.543822 9.9937E-05 9.9937E-05 0.44557 9.9937E-05 9.9937E-05 0.00990789 9.9937E-05 9.9937E-05
9.9973E-05 0.50392 0.0581846 0.0996178 0.151529 0.0182446 0.0777639 9.9973E-05 0.0904402 9.9973E-05
0.647622 0.244806 0.104385 9.9946E-05 9.9946E-05 0.00258693 9.9946E-05 9.9946E-05 9.9946E-05 9.9946E-05
0.45501 0.271208 0.0917799 9.9964E-05 9.9964E-05 9.9964E-05 0.0834021 9.9964E-05 0.0615606 0.0366396
0.347089 0.314634 0.0134901 0.0642951 9.9982E-05 0.1041 0.0575454 0.0917424 0.00690382 9.9982E-05
0.0235252 0.229109 9.9964E-05 9.9964E-05 0.510332 0.107436 0.110729 9.9964E-05 0.0184693 9.9964E-05
0.0356611 0.476978 9.9973E-05 0.0637191 0.170193 0.0592827 9.9973E-05 9.9973E-05 0.0684116 0.125455
0.0615418 0.0284845 9.9973E-05 9.9973E-05 0.588411 0.1736 0.123143 0.0102271 0.0142925 9.9973E-05
9.9955E-05 0.517333 9.9955E-05 9.9955E-05 0.322452 0.00720338 0.0784484 0.0740635 9.9955E-05 9.9955E-05
9.9973E-05 0.371453 9.9973E-05 0.00192226 0.223741 0.194405 0.103342 0.0278175 0.0770193 9.9973E-05
0.014454 0.542639 0.0643148 0.0279835 0.207122 0.0513613 0.0255242 0.0239007 0.0426 9.9991E-05
9.9973E-05 0.0848761 0.0339173 9.9973E-05 0.43024 0.103195 0.148361 0.060394 0.138717 9.9973E-05
0.0431169 0.563899 9.9973E-05 0.0129282 0.160083 9.9973E-05 9.9973E-05 0.0552459 0.123381 0.0410462
0.0286705 0.45677 0.0137337 0.0078059 0.220487 0.127785 0.0025152 0.0289876 0.113144 9.9991E-05
0.943763 9.9937E-05 9.9937E-05 9.9937E-05 9.9937E-05 0.0368614 9.9937E-05 9.9937E-05 0.0186765 9.9937E-05
0.900815 0.0374344 0.04898 9.9946E-05 9.9946E-05 0.0121713 9.9946E-05 9.9946E-05 9.9946E-05 9.9946E-05
0.614345 0.17455 0.0510529 0.0119243 0.042439 9.9973E-05 0.0854325 9.9973E-05 0.0199561 9.9973E-05
0.610609 0.359715 9.9937E-05 9.9937E-05 9.9937E-05 9.9937E-05 9.9937E-05 9.9937E-05 9.9937E-05 0.028977
0.78447 0.0820238 0.0103714 9.9964E-05 0.0844882 9.9964E-05 0.00255242 9.9964E-05 0.0356946 9.9964E-05
0.973195 9.9928E-05 9.9928E-05 9.9928E-05 9.9928E-05 9.9928E-05 9.9928E-05 0.0260057 9.9928E-05 9.9928E-05
0.93597 9.9937E-05 0.0250448 9.9937E-05 9.9937E-05 9.9937E-05 9.9937E-05 9.9937E-05 9.9937E-05 0.0382861
0.797134 0.156173 0.0459936 9.9937E-05 9.9937E-05 9.9937E-05 9.9937E-05 9.9937E-05 9.9937E-05 9.9937E-05
0.959303 0.0237444 9.9937E-05 9.9937E-05 9.9937E-05 9.9937E-05 9.9937E-05 9.9937E-05 9.9937E-05 0.016253
0.999101 9.99201E-05 9.99201E-05 9.99201E-05 9.99201E-05 9.99201E-05 9.99201E-05 9.99201E-05 9.99201E-05 9.99201E-05
0.999101 9.99201E-05 9.99201E-05 9.99201E-05 9.99201E-05 9.99201E-05 9.99201E-05 9.99201E-05 9.99201E-05 9.99201E-05
0.670032 0.240288 9.9946E-05 0.0835094 9.9946E-05 9.9946E-05 0.00556994 9.9946E-05 9.9946E-05 9.9946E-05
0.697959 0.19592 9.9946E-05 0.0894525 9.9946E-05 9.9946E-05 9.9946E-05 0.0160682 9.9946E-05 9.9946E-05
0.985128 9.9937E-05 9.9937E-05 9.9937E-05 9.9937E-05 9.9937E-05 9.9937E-05 9.9937E-05 0.00103975 0.0131328
0.360631 0.386281 0.0711088 0.0236099 0.0525281 0.0443375 9.9982E-05 9.9982E-05 0.00884973 0.052454
0.604157 0.248629 9.9973E-05 0.0388754 0.00575891 9.9973E-05 0.0129762 0.00852664 9.9973E-05 0.0807771
0.726166 0.0874948 9.9964E-05 9.9964E-05 0.0168157 9.9964E-05 0.0169365 0.0959571 0.0562299 9.9964E-05
0.842004 0.0591371 0.0163528 0.0501274 9.9955E-05 9.9955E-05 0.0318789 9.9955E-05 9.9955E-05 9.9955E-05
0.978224 0.00869551 9.9937E-05 0.012381 9.9937E-05 9.9937E-05 9.9937E-05 9.9937E-05 9.9937E-05 9.9937E-05
0.869026 0.0456094 9.9955E-05 0.00317643 9.9955E-05 9.9955E-05 9.9955E-05 0.0640865 9.9955E-05 0.0176021
0.968672 9.9937E-05 9.9937E-05 0.00769579 0.0229329 9.9937E-05 9.9937E-05 9.9937E-05 9.9937E-05 9.9937E-05
0.591162 0.248817 0.0199599 0.0325295 0.0218505 9.9973E-05 9.9973E-05 0.00964134 9.9973E-05 0.0757399
0.861251 0.0444805 0.0860814 0.00758786 9.9946E-05 9.9946E-05 9.9946E-05 9.9946E-05 9.9946E-05 9.9946E-05
9.9946E-05 9.9946E-05 9.9946E-05 0.268818 0.526263 0.0239664 9.9946E-05 0.180353 9.9946E-05 9.9946E-05
0.0635325 0.393514 0.022816 0.128086 0.18719 9.9982E-05 0.0373329 0.0397517 9.9982E-05 0.127577
0.054321 0.332297 9.9955E-05 0.258693 0.31102 9.9955E-05 9.9955E-05 9.9955E-05 9.9955E-05 0.0431688
0.118051 0.0863952 9.9973E-05 0.139075 0.37766 9.9973E-05 9.9973E-05 0.156794 0.0754541 0.0462718
0.10196 0.400104 0.118312 0.0894058 0.133137 0.00302874 0.0570012 0.0504433 9.9991E-05 0.0465083
0.0768599 0.120422 0.0802951 0.206354 0.312736 0.0331285 0.0074068 0.137291 0.0254064 9.9991E-05
0.0813678 0.360988 0.15237 0.203944 0.030767 0.060869 0.0022288 9.9991E-05 0.0825683 0.0247973
0.147527 0.214743 9.9964E-05 0.0569703 0.39806 9.9964E-05 0.0603285 0.121971 9.9964E-05 9.9964E-05
0.131822 0.424929 0.0168582 0.0466831 0.281103 9.9964E-05 9.9964E-05 0.0982049 9.9964E-05 9.9964E-05
0.106659 0.341649 9.9955E-05 0.106609 0.333717 9.9955E-05 9.9955E-05 0.110866 9.9955E-05 9.9955E-05
0.113689 0.296283 9.9955E-05 0.132373 0.239048 9.9955E-05 0.218107 9.9955E-05 9.9955E-05 9.9955E-05
9.9955E-05 0.0642323 9.9955E-05 0.747773 0.0441715 9.9955E-05 9.9955E-05 0.0758352 9.9955E-05 0.0674883
0.0663831 9.9937E-05 9.9937E-05 0.784428 9.9937E-05 9.9937E-05 9.9937E-05 0.14849 9.9937E-05 9.9937E-05
9.9955E-05 0.00852277 9.9955E-05 0.875178 9.9955E-05 9.9955E-05 0.000849448 0.113637 9.9955E-05 0.00131283
9.9946E-05 0.01889 9.9946E-05 0.866691 9.9946E-05 9.9946E-05 9.9946E-05 0.0858461 9.9946E-05 0.0279729
9.9955E-05 0.0239745 0.0283428 0.787882 9.9955E-05 9.9955E-05 0.0520987 0.107202 9.9955E-05 9.9955E-05
0.108092 9.9937E-05 9.9937E-05 0.807905 9.9937E-05 9.9937E-05 9.9937E-05 0.0833027 9.9937E-05 9.9937E-05
0.0637836 0.0523183 9.9955E-05 0.864777 9.9955E-05 9.9955E-05 9.9955E-05 0.0145432 0.00407792 9.9955E-05
9.9955E-05 0.0252379 9.9955E-05 0.783219 9.9955E-05 0.0381093 9.9955E-05 0.131349 9.9955E-05 0.0215856
9.9946E-05 0.0707473 9.9946E-05 0.78248 9.9946E-05 9.9946E-05 0.00707104 0.139102 9.9946E-05 9.9946E-05
0.0533318 0.0270059 0.0348155 0.758093 9.9955E-05 9.9955E-05 9.9955E-05 0.126254 9.9955E-05 9.9955E-05
9.9964E-05 9.9964E-05 0.152722 0.603721 9.9964E-05 0.0152975 0.0251964 9.9964E-05 0.100001 0.102663
9.9946E-05 9.9946E-05 0.200764 0.529758 9.9946E-05 9.9946E-05 9.9946E-05 0.0613188 9.9946E-05 0.20756
9.9964E-05 9.9964E-05 0.206912 0.483748 9.9964E-05 0.0782393 9.9964E-05 0.0410189 0.0528828 0.136799
9.9964E-05 9.9964E-05 0.118144 0.497484 0.0376587 9.9964E-05 0.243169 9.9964E-05 0.0705825 0.0325614
9.9964E-05 0.428041 0.0542275 0.0244648 9.9964E-05 9.9964E-05 0.231951 0.00955515 0.25136 9.9964E-05
0.0217488 0.439966 0.251484 9.9964E-05 9.9964E-05 0.133863 9.9964E-05 9.9964E-05 0.140077 0.0124604
9.9982E-05 0.461978 0.103562 0.0144563 0.0464221 0.0583209 0.175868 9.9982E-05 0.127224 0.011968
9.9955E-05 0.306901 0.0173789 9.9955E-05 9.9955E-05 9.9955E-05 0.447669 0.0624691 0.165083 9.9955E-05
0.0170074 0.0325969 0.172851 9.9964E-05 9.9964E-05 9.9964E-05 0.493141 9.9964E-05 0.052146 0.231858
9.9973E-05 0.633271 0.0295426 0.0313307 0.105895 9.9973E-05 0.0438218 9.9973E-05 0.153197 0.00264322
0.0334604 0.525003 9.9964E-05 9.9964E-05 0.0213629 9.9964E-05 0.121233 9.9964E-05 0.246278 0.0522624
0.0198004 0.450084 0.00827859 9.9982E-05 0.0315555 0.068948 0.129717 9.9982E-05 0.230604 0.0608123
0.0490242 0.285979 9.9964E-05 9.9964E-05 0.0711576 9.9964E-05 0.0686668 9.9964E-05 0.515035 0.00973823
9.9973E-05 0.571395 9.9973E-05 9.9973E-05 0.00756011 0.0214434 0.0394777 0.063313 0.120782 0.175728
9.9973E-05 0.418931 0.0119247 9.9973E-05 0.0446196 0.0344225 0.0405578 9.9973E-05 0.356002 0.0932424
9.99371E-05 9.99371E-05 9.99371E-05 9.99371E-05 9.99371E-05 0.166455 0.0725418 9.99371E-05 0.760303 9.99371E-05
9.9973E-05 0.49725 0.0772803 0.0566932 9.9973E-05 0.0704227 0.102773 9.9973E-05 0.0824353 0.112845
0.0227096 0.199262 0.0605078 9.9973E-05 0.109101 0.070782 9.9973E-05 0.0713831 0.465955 9.9973E-05
9.9937E-05 0.507904 9.9937E-05 9.9937E-05 9.9937E-05 9.9937E-05 0.143013 9.9937E-05 0.348383 9.9937E-05
9.9964E-05 0.0144447 0.0654467 0.0839546 9.9964E-05 9.9964E-05 0.127579 9.9964E-05 0.647174 0.0610014
9.9946E-05 9.9946E-05 9.9946E-05 0.0258506 0.118764 9.9946E-05 9.9946E-05 0.0237125 9.9946E-05 0.831073
9.9946E-05 0.0539546 9.9946E-05 0.0431282 0.145262 9.9946E-05 9.9946E-05 9.9946E-05 9.9946E-05 0.757055
9.9937E-05 9.9937E-05 9.9937E-05 9.9937E-05 0.0778377 0.00671835 9.9937E-05 9.9937E-05 9.9937E-05 0.914744
9.9955E-05 9.9955E-05 9.9955E-05 0.0288751 0.0455307 0.0324264 9.9955E-05 9.9955E-05 0.0567344 0.835933
0.018401 9.9955E-05 9.9955E-05 9.9955E-05 0.124076 0.023271 9.9955E-05 0.00406587 9.9955E-05 0.829686
0.0218342 0.0908746 9.9955E-05 9.9955E-05 0.0331664 0.00425449 9.9955E-05 9.9955E-05 9.9955E-05 0.849371
0.0567377 0.0756322 0.00752206 0.833793 9.9964E-05 0.00425227 9.9964E-05 0.0216626 9.9964E-05 9.9964E-05
0.0537882 0.0293354 0.050782 0.790985 9.9964E-05 9.9964E-05 0.0477157 9.9964E-05 9.9964E-05 0.0269941
0.0910694 0.12497 0.0273949 0.755966 9.9946E-05 9.9946E-05 9.9946E-05 9.9946E-05 9.9946E-05 9.9946E-05
0.136091 0.0311476 0.0911543 0.738217 9.9955E-05 9.9955E-05 9.9955E-05 9.9955E-05 9.9955E-05 0.00289016
0.0824622 0.110278 9.9964E-05 0.767294 9.9964E-05 9.9964E-05 0.0138364 0.0235299 0.00220038 9.9964E-05
9.9964E-05 9.9964E-05 0.0528882 0.376996 0.0498189 9.9964E-05 0.152993 9.9964E-05 0.0130062 0.353897
9.9973E-05 9.9973E-05 9.9973E-05 0.402092 0.00534251 0.0504312 0.0544866 0.0126018 0.0574632 0.417283
9.9964E-05 9.9964E-05 0.0425035 0.409514 9.9964E-05 0.0413229 0.0305886 9.9964E-05 0.0559472 0.419724
0.059264 0.113534 9.9946E-05 0.786639 9.9946E-05 9.9946E-05 0.0399633 9.9946E-05 9.9946E-05 9.9946E-05
9.9955E-05 9.9955E-05 9.9955E-05 0.373267 9.9955E-05 0.0118008 0.0362129 9.9955E-05 0.0716541 0.506565
0.224799 0.361244 9.9955E-05 0.0841964 9.9955E-05 9.9955E-05 9.9955E-05 0.322579 9.9955E-05 0.00668235
0.207163 0.541428 0.0104706 0.0775606 0.0508653 9.9982E-05 0.0110481 0.0811191 9.9982E-05 0.0201455
0.189477 0.59449 9.9946E-05 0.175559 9.9946E-05 9.9946E-05 9.9946E-05 0.0398738 9.9946E-05 9.9946E-05
0.0849001 0.458159 9.9964E-05 0.226592 9.9964E-05 9.9964E-05 9.9964E-05 0.16387 0.0178027 0.048277
0.178565 0.426049 0.0984529 0.107951 9.9982E-05 9.9982E-05 0.0712191 0.0641234 0.028034 0.0254059
0.191014 9.9955E-05 0.00305156 0.244323 0.0949094 9.9955E-05 9.9955E-05 0.466201 9.9955E-05 9.9955E-05
9.9973E-05 0.340758 0.05072 9.9973E-05 0.127457 0.0780614 0.341624 9.9973E-05 0.0278975 0.0331819
9.9982E-05 0.261351 0.0177235 9.9982E-05 0.120047 0.114289 0.237103 0.07678 0.0746102 0.0978959
9.9955E-05 0.120055 0.417333 0.0624669 9.9955E-05 9.9955E-05 0.384692 9.9955E-05 9.9955E-05 0.0149525
9.9964E-05 0.385607 9.9964E-05 9.9964E-05 0.0629059 0.275634 0.155126 9.9964E-05 0.0519416 0.0683852
9.9964E-05 9.9964E-05 9.9964E-05 9.9964E-05 0.0244941 0.440621 0.207493 0.130166 0.19014 0.00668675
0.0274517 0.465054 0.214951 9.9973E-05 9.9973E-05 0.0933993 9.9973E-05 0.0650242 0.0357816 0.0980384
9.9973E-05 0.375428 0.212902 0.0272355 9.9973E-05 0.171892 0.165657 0.0192803 9.9973E-05 0.027304
9.9964E-05 0.186722 0.34363 0.0429891 9.9964E-05 0.055403 0.311052 9.9964E-05 9.9964E-05 0.0598039
0.0292596 0.404056 0.0859588 0.0522 0.0414748 0.0140242 0.19371 0.0240697 0.0840129 0.0712343
9.9964E-05 9.9964E-05 0.194911 9.9964E-05 0.127704 0.0957474 0.341055 0.112338 0.127844 9.9964E-05
0.00131905 0.391251 0.0648399 9.9991E-05 0.0760324 0.149837 0.121555 0.0296349 0.0653745 0.100057
0.015338 0.438177 0.121976 9.9991E-05 0.0203095 0.00957571 0.284816 0.0126799 0.0264581 0.0705692
0.155041 0.438097 0.0581922 0.0924672 9.9973E-05 9.9973E-05 9.9973E-05 0.0859164 0.0842768 0.0857102
0.0220241 0.257058 0.12111 9.9991E-05 0.0588858 0.0912333 0.23055 0.0430039 0.112467 0.0635673
9.9982E-05 0.428344 0.0491988 9.9982E-05 0.0285097 0.141258 0.101978 0.0100362 0.0952171 0.145258
0.108005 0.315562 0.0731475 9.9982E-05 0.144488 0.132925 0.141555 0.00804338 0.0760744 9.9982E-05
9.9982E-05 0.510147 0.074701 0.0526303 0.0369184 0.0665463 0.13948 9.9982E-05 0.0837347 0.035642
0.11311 0.45927 0.195242 9.9964E-05 9.9964E-05 9.9964E-05 0.0949759 9.9964E-05 0.105218 0.0317844
0.109875 0.450191 0.0425564 0.0724774 9.9991E-05 0.00906671 0.0915175 0.0565801 0.0327477 0.134888
0.115345 0.417783 0.12823 0.0870972 0.0511021 0.0911263 0.0610821 0.0148261 9.9991E-05 0.0333092
0.115513 0.0694479 9.9946E-05 0.764845 0.049595 9.9946E-05 9.9946E-05 9.9946E-05 9.9946E-05 9.9946E-05
0.0368518 0.0999433 9.9955E-05 0.796788 0.0402837 0.0256339 9.9955E-05 9.9955E-05 9.9955E-05 9.9955E-05
0.0388441 0.0248752 9.9982E-05 0.717538 0.0852984 9.9982E-05 0.0391276 0.0277307 0.0283887 0.0379972
0.0577277 9.9955E-05 9.9955E-05 0.787685 9.9955E-05 0.0583459 9.9955E-05 9.9955E-05 0.0506457 0.0450958
0.000862894 0.119679 9.9955E-05 0.827084 0.0505785 9.9955E-05 0.00129553 9.9955E-05 9.9955E-05 9.9955E-05
9.9955E-05 0.0678637 0.236634 9.9955E-05 9.9955E-05 9.9955E-05 0.542017 0.0926772 9.9955E-05 0.0603081
0.0983825 0.388943 0.050214 0.0209797 9.9973E-05 0.0919404 0.294943 0.0542976 9.9973E-05 9.9973E-05
0.128395 0.510771 9.9982E-05 0.113368 0.0236662 9.9982E-05 0.0331392 0.136727 0.0417958 0.0119376
0.0402933 0.563639 0.0150589 9.9955E-05 9.9955E-05 9.9955E-05 0.29877 0.0817383 9.9955E-05 9.9955E-05
9.9964E-05 0.469629 9.9964E-05 0.0926424 9.9964E-05 0.0191562 0.382484 9.9964E-05 0.0207987 0.0148894
9.9955E-05 0.131769 9.9955E-05 9.9955E-05 9.9955E-05 0.0832106 0.579971 0.188235 9.9955E-05 0.0163144
9.9937E-05 9.9937E-05 9.9937E-05 0.138121 0.0483285 9.9937E-05 0.812851 9.9937E-05 9.9937E-05 9.9937E-05
0.0262356 0.478004 9.9982E-05 0.0250728 9.9982E-05 0.0406833 0.216387 0.00190911 0.0510439 0.160464
0.0539255 0.0598138 0.204568 0.05733 9.9973E-05 0.137387 0.319441 9.9973E-05 9.9973E-05 0.167235
0.0164993 0.377931 0.0598549 0.0522724 0.0949432 0.0908707 0.120418 0.0627343 0.0948921 0.0295843
9.9955E-05 9.9955E-05 9.9955E-05 0.197686 9.9955E-05 0.0460324 0.673681 9.9955E-05 0.0482349 0.0338663
0.0831981 0.51328 9.9982E-05 0.0464251 0.0207491 9.9982E-05 0.296128 0.00284598 0.0273441 0.00983012
9.9964E-05 0.11067 0.207079 0.0315988 9.9964E-05 9.9964E-05 0.510438 0.0472231 9.9964E-05 0.0925908
0.0628632 0.18661 9.9982E-05 0.0430812 0.115039 0.00368998 0.518938 0.0549017 0.0146767 9.9982E-05
0.0767066 0.392738 0.119196 9.9991E-05 0.148623 0.0309886 0.037641 0.0314116 0.107898 0.0546977
0.0267352 0.101731 0.0980532 9.9964E-05 0.651721 0.0352531 0.0861061 9.9964E-05 9.9964E-05 9.9964E-05
9.9946E-05 0.463064 9.9946E-05 0.0555327 0.318999 9.9946E-05 0.161804 9.9946E-05 9.9946E-05 9.9946E-05
9.9973E-05 0.572229 9.9973E-05 0.0682579 0.0898469 0.000396069 0.197125 0.042868 0.0289773 9.9973E-05
9.9964E-05 0.239918 0.046508 9.9964E-05 0.511513 0.109317 0.0860521 9.9964E-05 9.9964E-05 0.00629251
0.151126 0.36543 0.00410307 0.0832374 0.111365 0.112964 0.103704 0.0114695 0.0123693 0.0442316
9.9964E-05 0.520692 9.9964E-05 0.0231676 0.208072 9.9964E-05 9.9964E-05 0.0959482 0.0404407 0.11128
9.9964E-05 9.9964E-05 0.0135295 9.9964E-05 0.719091 0.10148 0.0855708 9.9964E-05 0.0470259 0.0329024
9.9964E-05 0.188744 9.9964E-05 9.9964E-05 0.585213 0.0405283 9.9964E-05 0.111475 0.0604549 0.013185
0.0105043 0.39411 9.9973E-05 9.9973E-05 0.381241 0.0858368 0.0912292 9.9973E-05 0.00758673 0.0291928
9.9973E-05 9.9973E-05 0.00657905 9.9973E-05 0.57928 0.0564726 0.212938 0.0358579 0.0884832 0.0200892
9.9964E-05 0.394712 0.133872 9.9964E-05 0.305111 9.9964E-05 0.133622 9.9964E-05 0.0120655 0.0202173
9.9946E-05 9.9946E-05 0.058414 0.0688555 9.9946E-05 9.9946E-05 0.862644 9.9946E-05 9.9946E-05 0.00948722
0.0340069 0.114982 0.0133794 9.9964E-05 9.9964E-05 0.233352 0.579404 9.9964E-05 0.0244763 9.9964E-05
0.10423 0.174493 0.0141398 0.0376841 9.9973E-05 9.9973E-05 0.623108 9.9973E-05 0.0145478 0.0314962
0.0589869 0.532092 0.0134132 9.9973E-05 9.9973E-05 0.00123909 0.285462 0.0608261 9.9973E-05 0.0476815
0.0590359 0.0420663 0.0916951 9.9973E-05 9.9973E-05 0.00595033 0.630925 9.9973E-05 0.122701 0.0473265
0.055613 0.400165 9.9964E-05 9.9964E-05 9.9964E-05 0.151086 0.276947 0.0998443 9.9964E-05 0.0159445
0.0676497 0.489087 0.109062 0.0528658 0.0101682 9.9973E-05 0.267807 9.9973E-05 9.9973E-05 0.00306149
0.0289076 0.504039 0.0725129 0.00421741 9.9973E-05 0.0507133 0.261001 9.9973E-05 9.9973E-05 0.0783087
0.133961 0.322961 0.0114846 0.0192904 9.9973E-05 9.9973E-05 0.327732 9.9973E-05 0.130592 0.0536785
0.105307 0.310187 0.00963703 9.9973E-05 0.0147635 9.9973E-05 0.305102 9.9973E-05 0.170518 0.0841848
0.0923012 0.0969816 0.0885979 9.9964E-05 9.9964E-05 9.9964E-05 0.52832 9.9964E-05 0.131444 0.0619552
0.0622083 0.219209 9.9973E-05 0.0209494 0.0291534 0.0483659 0.493295 9.9973E-05 9.9973E-05 0.126519
0.0153817 0.529814 0.0548701 9.9973E-05 9.9973E-05 0.0734055 0.233669 0.0660066 9.9973E-05 0.0265535
0.0977518 0.396449 9.9973E-05 9.9973E-05 9.9973E-05 0.00381608 0.368258 0.0264491 0.0987471 0.00822901
9.9973E-05 0.363874 9.9973E-05 0.00937109 9.9973E-05 0.124256 0.370863 0.0742788 0.0113305 0.0457265
0.0518175 0.340954 9.9955E-05 9.9955E-05 9.9955E-05 0.109888 0.449101 0.0477389 9.9955E-05 9.9955E-05
0.0812768 0.20673 0.0118387 0.0324513 0.0487695 9.9982E-05 0.474883 0.0560027 9.9982E-05 0.0878478
9.9982E-05 0.471426 0.0595632 0.056673 9.9982E-05 0.0238071 0.307224 0.014157 0.0529581 0.0139918
0.0144324 0.413883 0.0619825 0.0886395 0.0159773 0.0326275 0.372158 9.9973E-05 9.9973E-05 9.9973E-05
0.0673564 0.373903 0.0544338 0.0675094 0.0876746 0.0478577 0.217681 0.0453549 0.0158531 0.0223759
0.0426293 0.414831 0.106192 0.308392 0.022327 9.9973E-05 9.9973E-05 0.0781381 0.0271906 9.9973E-05
0.0934774 0.535089 9.9964E-05 0.0746839 9.9964E-05 9.9964E-05 0.0608583 0.151276 0.0842157 9.9964E-05
0.219131 0.461965 0.0358491 0.108021 9.9964E-05 0.0679829 0.106651 9.9964E-05 9.9964E-05 9.9964E-05
0.128156 0.521566 0.160557 9.9973E-05 0.0326818 0.0574264 9.9973E-05 0.0610297 9.9973E-05 0.038282
0.241724 0.382423 0.0777524 0.105584 9.9973E-05 0.0327918 0.0302296 0.129195 9.9973E-05 9.9973E-05
0.00331916 0.368832 0.057684 9.9964E-05 0.0735046 0.150241 0.346019 9.9964E-05 9.9964E-05 9.9964E-05
0.0494317 0.489187 0.0683037 0.219034 0.0168351 0.0270232 0.0731576 0.013165 0.0299606 0.0139021
0.0628323 9.9964E-05 0.139017 0.0973783 0.237018 9.9964E-05 9.9964E-05 0.334688 0.128667 9.9964E-05
0.148786 0.396353 0.123648 0.101998 9.9982E-05 9.9982E-05 0.0108931 0.0779543 0.019296 0.120872
0.133926 0.516955 0.0851198 0.0762646 9.9973E-05 0.040735 9.9973E-05 0.114957 0.0317428 9.9973E-05
0.126166 0.480726 0.0652348 0.101385 9.9973E-05 0.0123022 0.166455 9.9973E-05 0.0474319 9.9973E-05
0.0151303 0.338729 0.159253 0.162033 0.0777903 9.9982E-05 0.0303788 0.138348 0.0781372 9.9982E-05
0.0953394 0.508056 9.9973E-05 0.0808581 0.0800402 9.9973E-05 0.123506 0.103137 0.00876291 9.9973E-05
0.0984382 0.56593 0.0374024 0.0746897 0.0794887 9.9973E-05 0.0499693 0.0937822 9.9973E-05 9.9973E-05
0.144049 9.9955E-05 9.9955E-05 0.322692 9.9955E-05 0.0469223 9.9955E-05 0.439457 0.0463797 9.9955E-05
0.141947 0.504069 0.0587837 0.182462 9.9982E-05 0.0257665 0.0213583 0.0592636 0.00615031 9.9982E-05
0.20079 0.565079 0.00486129 0.0738942 9.9964E-05 0.0283922 9.9964E-05 0.126583 9.9964E-05 9.9964E-05
0.0849408 0.451619 9.9982E-05 0.167779 0.0382883 0.0620359 0.0852666 9.9982E-05 0.0964664 0.0134044
0.0905027 0.599467 9.9955E-05 0.0711965 9.9955E-05 9.9955E-05 0.00587292 0.232461 9.9955E-05 9.9955E-05
0.0891082 0.48638 0.110562 0.128278 0.096945 9.9964E-05 9.9964E-05 9.9964E-05 9.9964E-05 0.0883268
0.132389 0.328656 9.9973E-05 0.0628066 9.9973E-05 0.369689 0.0287945 9.9973E-05 0.0223337 0.0550316
0.0666136 0.502701 9.9982E-05 0.0494047 0.00304468 0.215892 0.120238 0.0324071 9.9982E-05 0.00949921
9.9946E-05 9.9946E-05 0.0551286 9.9946E-05 9.9946E-05 0.804925 0.0979306 9.9946E-05 0.0414159 9.9946E-05
9.99369E-05 9.99369E-05 9.99369E-05 9.99369E-05 0.033685 0.889847 0.0757681 9.99369E-05 9.99369E-05 9.99369E-05
9.9964E-05 0.472378 0.0866994 0.0607674 9.9964E-05 0.331749 0.0335415 9.9964E-05 0.0144649 9.9964E-05
0.199643 0.397611 0.069277 0.00430793 9.9964E-05 0.124894 9.9964E-05 0.203867 9.9964E-05 9.9964E-05
0.283274 0.323039 9.9955E-05 0.0628853 9.9955E-05 0.20249 9.9955E-05 0.127812 9.9955E-05 9.9955E-05
0.175839 0.182072 0.149991 0.0918235 9.9964E-05 0.114661 9.9964E-05 0.285214 9.9964E-05 9.9964E-05
0.18177 0.359377 0.0223526 0.102697 9.9973E-05 0.198612 0.00239745 0.132494 9.9973E-05 9.9973E-05
0.0334297 0.103182 0.0198859 0.00941817 0.0224926 0.623139 9.9973E-05 0.188154 9.9973E-05 9.9973E-05
9.9937E-05 0.207972 9.9937E-05 9.9937E-05 9.9937E-05 0.552912 9.9937E-05 0.238416 9.9937E-05 9.9937E-05
0.0829356 0.524902 9.9946E-05 0.0157018 9.9946E-05 0.375861 9.9946E-05 9.9946E-05 9.9946E-05 9.9946E-05
0.0560436 0.45457 9.9946E-05 0.0675187 9.9946E-05 0.421268 9.9946E-05 9.9946E-05 9.9946E-05 9.9946E-05
0.0911809 0.151505 9.9955E-05 0.082944 9.9955E-05 0.632522 9.9955E-05 0.0413473 9.9955E-05 9.9955E-05
0.0254617 0.507175 0.174916 0.000409381 9.9973E-05 0.269347 9.9973E-05 9.9973E-05 0.00834862 0.0140425
0.0565012 0.520888 9.9955E-05 9.9955E-05 9.9955E-05 0.312679 9.9955E-05 0.0793286 9.9955E-05 0.0301034
0.0718673 0.445584 0.0676909 0.0541609 9.9991E-05 0.140469 0.00195336 0.0976728 0.046161 0.0743403
9.9964E-05 0.289131 0.100405 0.0319245 9.9964E-05 0.488274 9.9964E-05 9.9964E-05 0.077167 0.012699
0.024667 0.212213 0.0358438 9.99639E-05 9.99639E-05 0.495799 0.205745 9.99639E-05 0.0253331 9.99639E-05
9.9964E-05 0.505937 0.0066758 9.9964E-05 9.9964E-05 0.2536 9.9964E-05 0.000883481 0.05934 0.173164
9.9973E-05 0.410346 9.9973E-05 0.0440801 0.00472245 0.344531 9.9973E-05 0.000374899 0.0781393 0.117506
0.0390061 0.549046 9.9973E-05 0.0111205 9.9973E-05 0.14583 0.0440947 0.120129 9.9973E-05 0.0904736
9.9946E-05 0.377902 9.9946E-05 9.9946E-05 0.234405 0.369604 9.9946E-05 0.0174898 9.9946E-05 9.9946E-05
9.9946E-05 0.21474 9.9946E-05 9.9946E-05 0.0271567 0.679944 9.9946E-05 9.9946E-05 9.9946E-05 0.0775595
9.9946E-05 0.55878 9.9946E-05 9.9946E-05 9.9946E-05 0.315336 9.9946E-05 0.0807898 0.0444945 9.9946E-05
9.9964E-05 0.182676 0.0178861 9.9964E-05 9.9964E-05 0.690867 0.066739 9.9964E-05 0.0339551 0.00747641
9.9955E-05 0.368396 0.0170665 0.0356077 0.0247429 0.553687 9.9955E-05 9.9955E-05 9.9955E-05 9.9955E-05
9.9955E-05 0.586793 9.9955E-05 0.0972349 9.9955E-05 0.201819 9.9955E-05 9.9955E-05 0.0869442 0.0267093
0.0331759 0.420157 9.9964E-05 0.0678077 0.0838591 0.332403 0.0621979 9.9964E-05 9.9964E-05 9.9964E-05
0.113728 0.52549 0.0357166 0.0877973 0.0706156 0.0776981 0.000181072 0.0523423 9.9991E-05 0.0363305
0.165786 0.371478 0.0513575 0.00239356 0.0772147 0.121367 0.0314038 0.146776 0.0153972 0.0168255
0.225096 0.295871 0.0727512 0.0674448 0.0291235 0.099625 9.9982E-05 0.144912 9.9982E-05 0.0649761
0.140183 0.312004 0.0857414 0.0971782 0.0894244 0.0125786 9.9982E-05 0.0979795 9.9982E-05 0.164712
0.169319 0.457982 9.9982E-05 0.0793289 0.030315 0.0166129 9.9982E-05 0.077243 0.0155312 0.153468
0.118022 0.327149 9.9982E-05 0.120311 0.0425041 0.158439 0.0643466 0.15085 9.9982E-05 0.0181785
0.092359 9.9964E-05 9.9964E-05 0.186454 0.0493696 0.631715 9.9964E-05 0.0185624 9.9964E-05 0.02114
0.222217 0.522922 9.9964E-05 0.0117704 9.9964E-05 0.126957 9.9964E-05 0.0362559 9.9964E-05 0.0794777
0.0298182 9.9946E-05 9.9946E-05 0.291715 9.9946E-05 0.416199 9.9946E-05 0.261669 9.9946E-05 9.9946E-05
0.166321 0.515703 9.9964E-05 0.0138915 9.9964E-05 0.255846 0.0182138 0.0296245 9.9964E-05 9.9964E-05
9.9937E-05 0.0871096 9.9937E-05 9.9937E-05 9.9937E-05 0.820569 9.9937E-05 9.9937E-05 0.0916221 9.9937E-05
9.9937E-05 9.9937E-05 0.0122171 9.9937E-05 9.9937E-05 0.875367 9.9937E-05 9.9937E-05 0.111717 9.9937E-05
