9.9973E-05 0.909459 9.9973E-05 9.9973E-05 0.0365448 0.0536961
9.9964E-05 0.954748 9.9964E-05 0.0448521 9.9964E-05 9.9964E-05
9.999E-05 0.829446 0.128025 0.00379325 0.0112644 0.027372
9.9982E-05 0.790003 0.0247166 9.9982E-05 0.05131 0.133771
9.9982E-05 0.854274 0.0844233 9.9982E-05 0.0489671 0.0121354
0.170501 0.588219 0.0257311 0.0812962 0.0652337 0.0690193
0.0721265 0.857329 9.9982E-05 9.9982E-05 0.00200451 0.0683396
0.140872 0.721616 9.9982E-05 9.9982E-05 0.0198464 0.117465
0.0408881 0.849983 9.9982E-05 0.0175217 9.9982E-05 0.0914077
0.0846341 0.658705 0.140881 9.9991E-05 0.0580156 0.0576641
0.101973 0.695661 0.0495868 9.9982E-05 9.9982E-05 0.152579
0.0376467 9.9991E-05 0.234061 0.17882 0.0745739 0.474798
0.0667573 9.9991E-05 0.484628 0.0736906 0.117057 0.257766
0.186019 0.0476084 0.323873 0.0369137 0.0298811 0.375705
9.9991E-05 0.0586791 0.348657 0.067809 0.164538 0.360217
0.11155 0.146358 0.434914 0.0297649 0.0955121 0.181901
0.115853 0.0402984 0.566284 9.9991E-05 0.132941 0.144524
9.999E-05 0.0113206 0.401923 0.141527 0.103341 0.34179
9.999E-05 0.139874 0.322501 0.153614 0.0895102 0.294401
0.12471 0.010187 0.0243677 0.0516601 0.102115 0.68696
0.0746975 9.9991E-05 0.357718 0.110208 0.180439 0.276837
0.235602 0.0130707 0.467459 0.0172425 0.0402888 0.226337
0.0226756 0.0625496 0.607741 0.127016 9.9991E-05 0.179918
0.0571699 0.0415995 0.279481 0.173756 0.103887 0.344107
0.0387391 0.139166 0.715557 9.9982E-05 9.9982E-05 0.106339
0.0351181 0.047939 0.506862 0.0648761 0.0872046 0.258
9.999E-05 0.0318598 0.138473 0.198506 0.125729 0.505332
0.0573546 0.0259408 0.190657 0.115591 0.180871 0.429584
0.216614 0.0227996 0.284697 0.05195 9.9991E-05 0.42384
9.9973E-05 0.831526 0.0970732 9.9973E-05 0.0711006 9.9973E-05
9.9964E-05 0.846251 0.15335 9.9964E-05 9.9964E-05 9.9964E-05
9.999E-05 0.801126 0.133339 0.0160234 0.0240245 0.0253868
9.9982E-05 0.7654 0.0776 0.0679806 0.0888195 9.9982E-05
0.0368688 0.0709792 0.584178 0.231998 9.9991E-05 0.0758755
0.0264619 0.11545 0.394113 0.373775 0.0901006 9.9991E-05
0.0219288 0.0702005 0.467303 0.430099 0.0103685 9.9991E-05
0.091332 0.0412942 0.139274 0.100765 0.0381846 0.589151
0.0632936 9.9982E-05 0.26214 0.609702 0.0646643 9.9982E-05
0.046034 0.0179104 0.407165 0.301207 0.0812157 0.146468
0.0177283 0.0243369 0.631575 0.233909 0.0923511 9.9991E-05
0.0365043 0.105504 0.592573 0.155362 0.00303049 0.107026
9.9991E-05 0.0395087 0.58547 0.135808 0.0794479 0.159665
9.9982E-05 0.0358773 0.0665282 0.716744 9.9982E-05 0.180651
0.12946 0.0299402 0.498728 0.150926 0.10476 0.0861869
0.0620972 0.0865837 0.528308 0.289461 0.0185565 0.0149932
0.125554 0.0450875 0.569601 0.164049 0.0199793 0.0757287
0.0214261 0.0162393 0.244762 0.717373 9.9982E-05 9.9982E-05
9.9982E-05 0.0457762 0.573859 0.314327 0.0658381 9.9982E-05
0.0372567 0.145374 0.587471 0.1786 0.036076 0.0152223
0.381739 0.0486088 9.9973E-05 0.569353 9.9973E-05 9.9973E-05
0.138807 9.9982E-05 0.177455 0.208272 9.9982E-05 0.475266
0.427067 0.0291446 0.0804843 0.192085 0.0181587 0.25306
0.118621 0.0916952 0.651812 9.9991E-05 0.00225591 0.135516
0.138315 0.0691391 0.546904 0.0495938 0.106848 0.0892008
0.162177 0.0959226 0.552917 0.124926 0.0300462 0.0340104
0.163037 0.0969403 0.195013 0.226586 9.9991E-05 0.318324
0.0985714 0.00397891 0.601297 0.0851242 0.0101547 0.200874
0.182412 0.078147 0.496222 9.9991E-05 0.152422 0.0906962
0.0908079 0.162435 0.31567 0.200702 9.9991E-05 0.230286
0.201617 0.197795 0.0641271 0.123863 0.0729879 0.33961
0.0600527 0.0651497 0.48462 0.179192 0.0912181 0.119768
0.0728518 0.0487075 0.521139 0.027287 0.0544424 0.275573
0.22086 0.029759 0.0500205 0.190944 9.9991E-05 0.508317
0.0371831 0.00269861 0.568737 0.121133 9.9991E-05 0.270148
0.0872933 9.9991E-05 0.633458 0.12663 0.085437 0.0670821
0.0877618 0.135991 0.581053 0.0379523 0.0448192 0.112423
0.118365 0.0391186 0.271485 0.242549 0.0644201 0.264063
0.150972 0.068208 0.484031 0.139157 0.0423958 0.115235
0.0837823 0.0708477 0.628407 9.9982E-05 9.9982E-05 0.216763
0.22813 0.0034475 0.233608 0.151795 9.9991E-05 0.38292
9.9973E-05 9.9973E-05 0.508396 0.408421 9.9973E-05 0.0828835
9.9973E-05 9.9973E-05 0.170018 0.72804 9.9973E-05 0.101641
0.129471 0.0172906 0.528916 0.190977 0.132238 0.00110638
0.253583 9.9964E-05 9.9964E-05 0.746017 9.9964E-05 9.9964E-05
0.173192 9.9964E-05 9.9964E-05 0.826408 9.9964E-05 9.9964E-05
0.00913658 9.9973E-05 0.217956 0.772608 9.9973E-05 9.9973E-05
9.9982E-05 0.0120031 0.452469 0.447209 9.9982E-05 0.0881188
9.9982E-05 0.227317 0.436034 0.243651 0.0927978 9.9982E-05
0.0221751 0.00401049 0.316699 0.470132 0.105597 0.0813864
9.9991E-05 0.0426934 0.0360593 0.690868 0.0285901 0.201689
9.9973E-05 9.9973E-05 0.181661 0.50052 9.9973E-05 0.317519
9.9982E-05 0.0690217 0.457284 0.322198 0.151296 9.9982E-05
0.0465525 0.00421466 0.173389 0.626517 0.0268194 0.122508
9.9982E-05 0.0717115 0.348227 0.523151 9.9982E-05 0.0567108
0.043945 9.9973E-05 0.330418 0.625338 9.9973E-05 9.9973E-05
0.36422 9.9964E-05 9.9964E-05 0.635381 9.9964E-05 9.9964E-05
9.9991E-05 0.0575592 0.542375 0.228414 0.0601058 0.111446
9.9982E-05 0.821274 0.0656776 9.9982E-05 0.0316882 0.0811604
9.9973E-05 0.901932 0.0788886 0.0188794 9.9973E-05 9.9973E-05
9.9991E-05 0.859517 0.0693394 0.000858942 0.0645081 0.00567629
9.9973E-05 0.924497 0.0710517 0.00415172 9.9973E-05 9.9973E-05
9.9982E-05 0.883274 0.0736641 0.020524 0.0223383 9.9982E-05
0.00770758 0.921676 0.0181646 0.0434694 0.0088822 9.9991E-05
9.9964E-05 0.915532 0.084068 9.9964E-05 9.9964E-05 9.9964E-05
9.9991E-05 0.121868 0.490424 0.259479 0.073834 0.0542945
9.9991E-05 0.146594 0.565154 0.104526 0.10828 0.0753453
0.0583079 0.00853303 9.9982E-05 0.853445 9.9982E-05 0.0795139
0.0690998 0.102555 0.46937 0.258617 0.0833372 0.0170214
9.9991E-05 0.0432991 0.305564 0.53982 0.0433708 0.0678462
9.9973E-05 0.0577466 0.585594 0.356359 9.9973E-05 9.9973E-05
0.0272631 0.0557761 0.5181 0.377085 0.0216763 9.9991E-05
9.9982E-05 0.00917757 0.403428 0.49345 0.0937436 9.9982E-05
9.9973E-05 0.0788393 9.9973E-05 0.755834 9.9973E-05 0.165026
0.0102104 0.0584996 0.551392 0.210635 0.0451769 0.124087
9.9991E-05 0.11722 0.598489 0.218985 0.0551214 0.0100845
9.9991E-05 0.14129 0.509688 0.231484 0.00352623 0.113911
0.115632 0.0279366 0.296085 0.560146 9.9982E-05 9.9982E-05
0.0490921 0.0230839 0.430089 0.451571 0.00652014 0.0396441
0.0236711 0.0197721 0.456655 0.454723 9.9991E-05 0.0450789
9.9973E-05 9.9973E-05 0.266671 0.666361 0.0666681 9.9973E-05
9.9991E-05 0.0463971 0.301773 0.486239 0.0395809 0.12591
9.9991E-05 0.217979 0.417375 0.217403 0.0238441 0.123299
0.198524 0.0102994 0.249821 0.124047 0.0549099 0.362399
0.0823518 0.104439 0.394703 9.9991E-05 0.0893108 0.329095
0.105371 0.098345 0.449081 0.0718686 0.0866339 0.188701
9.9991E-05 0.0576189 0.489582 0.253391 0.0994573 0.0998508
0.0460556 0.0393792 0.539705 0.0597869 9.9991E-05 0.314973
0.0378071 9.9982E-05 0.556211 9.9982E-05 0.0460029 0.359779
0.0514251 0.0202574 0.52011 0.081076 9.9991E-05 0.327032
0.0555873 0.0303603 0.506098 0.229695 9.9991E-05 0.17816
0.110291 9.9991E-05 0.531408 0.138632 0.0575418 0.162027
0.0895332 0.0290543 0.585335 0.13321 9.9991E-05 0.162767
9.9973E-05 9.9973E-05 0.562379 0.031053 9.9973E-05 0.406268
0.090123 0.0962411 0.661201 0.0090076 0.0103921 0.133035
0.127044 0.0995681 0.548742 0.0891577 0.0595859 0.0759028
9.9982E-05 9.9982E-05 0.555175 0.0821449 0.0331331 0.329348
0.213047 0.0080379 0.477444 0.000956306 0.155483 0.145032
0.0886099 9.9991E-05 0.523438 0.066029 0.0658578 0.255965
0.190815 0.0963838 0.463198 0.0114052 9.9991E-05 0.238098
9.9982E-05 9.9982E-05 0.746438 0.0298596 0.00954922 0.213953
0.132469 9.9982E-05 0.696019 9.9982E-05 0.0235357 0.147776
0.0953177 0.00759765 0.148464 0.229875 0.124415 0.394331
0.467265 9.9973E-05 0.267456 9.9973E-05 9.9973E-05 0.264979
0.159718 0.00586829 0.497569 0.129144 0.0231405 0.184561
0.416073 9.9991E-05 0.139044 0.124224 0.0208414 0.299717
0.0689755 0.0412864 0.215516 0.190308 0.0167217 0.467193
0.0158899 9.9991E-05 0.375834 0.226769 0.00476077 0.376646
9.9982E-05 0.0210728 0.33763 0.153676 9.9982E-05 0.487421
9.9982E-05 9.9982E-05 0.236312 0.200697 0.0434269 0.519363
0.0614021 0.0755048 0.61335 0.163667 0.00435171 0.0817243
0.0550286 0.0687209 0.502277 0.161994 0.0868443 0.125135
0.0761239 0.087888 0.437174 0.137324 0.0425721 0.218918
0.285501 9.9991E-05 0.144902 0.114933 0.0620785 0.392486
0.0181452 0.202155 0.601065 0.178435 9.9982E-05 9.9982E-05
0.215882 0.0718423 0.498303 0.164295 0.0495775 9.9991E-05
0.622979 0.147717 0.00532321 0.0879212 9.9991E-05 0.13596
0.209552 0.134919 0.521081 0.0691581 0.0651898 9.9991E-05
0.320825 0.0634513 0.371195 0.0855452 0.0546374 0.104346
0.201313 0.0797159 0.547487 0.0149216 0.0500658 0.106497
0.393403 0.158978 0.286452 0.110003 9.9991E-05 0.0510635
0.519217 0.0505343 0.246409 0.00895941 9.9991E-05 0.174781
0.239978 0.0368113 0.475985 0.10747 9.9991E-05 0.139656
0.216002 0.1399 0.469441 0.0543722 9.9991E-05 0.120185
0.169051 0.150693 0.424286 0.0591197 0.106176 0.0906742
0.432449 0.0519411 9.9991E-05 0.214473 0.153391 0.147647
0.172261 0.0557822 0.529654 0.103357 0.0597967 0.0791493
0.371552 9.9982E-05 0.38447 0.149638 9.9982E-05 0.0941402
0.243624 9.9982E-05 0.521025 0.177583 9.9982E-05 0.0575684
0.154694 0.0794789 0.671409 0.060591 0.0337277 9.9991E-05
0.153603 0.329963 0.220116 0.046749 0.217263 0.0323057
0.324316 0.536894 9.9973E-05 9.9973E-05 0.138489 9.9973E-05
0.408166 0.475696 9.9973E-05 9.9973E-05 0.115838 9.9973E-05
0.198654 0.418145 0.0778235 9.9991E-05 0.270307 0.0349701
0.249233 9.9973E-05 0.664498 0.0859696 9.9973E-05 9.9973E-05
0.155882 0.158412 0.521803 0.119235 0.0445678 9.9991E-05
9.9982E-05 9.9982E-05 0.245447 0.0266668 0.683722 0.0439637
9.9991E-05 0.0875414 0.287882 0.0445618 0.450335 0.12958
0.0152289 0.100464 0.324339 0.10438 0.373744 0.0818433
0.48545 9.9982E-05 0.371279 0.0989185 9.9982E-05 0.0441523
0.256095 0.0327021 0.623258 0.0669789 9.9991E-05 0.0208662
0.649297 9.9991E-05 0.237573 0.0322698 0.0173964 0.0633642
0.326635 0.0119136 0.612338 0.0413494 0.00766399 9.9991E-05
0.352782 0.00588786 0.556114 0.0850157 9.9982E-05 9.9982E-05
0.285301 0.0118249 0.619207 0.0167268 0.00687582 0.0600644
0.564945 9.9982E-05 0.294738 0.0683201 9.9982E-05 0.0717972
0.179624 0.0431437 0.60718 0.0170903 0.0593762 0.0935857
0.172941 0.118713 0.509581 0.0811073 0.0906908 0.0269675
0.010509 9.9982E-05 0.0132848 0.0206949 0.955311 9.9982E-05
9.9964E-05 9.9964E-05 9.9964E-05 9.9964E-05 0.964902 0.0346977
9.9982E-05 9.9982E-05 0.311736 0.126555 0.540953 0.020556
9.9982E-05 0.0208723 0.265063 9.9982E-05 0.706253 0.00761089
9.9973E-05 9.9973E-05 0.000586125 0.111928 0.887186 9.9973E-05
9.996E-05 9.996E-05 9.996E-05 9.996E-05 0.9995 9.996E-05
9.9964E-05 9.9964E-05 9.9964E-05 9.9964E-05 0.973958 0.0256426
9.9964E-05 9.9964E-05 0.195176 9.9964E-05 0.804424 9.9964E-05
9.9973E-05 9.9973E-05 0.051713 9.9973E-05 0.938303 0.00968404
9.996E-05 9.996E-05 9.996E-05 9.996E-05 0.9995 9.996E-05
9.996E-05 9.996E-05 9.996E-05 9.996E-05 0.9995 9.996E-05
9.9991E-05 0.015459 0.158838 0.0253939 0.757605 0.0426048
9.9991E-05 0.0419835 0.113089 0.0455445 0.794723 0.00456026
9.9964E-05 9.9964E-05 9.9964E-05 0.0401638 0.959436 9.9964E-05
0.0112736 0.0307672 0.210051 0.0911134 0.482636 0.174159
9.9982E-05 0.0280553 0.192311 9.9982E-05 0.699527 0.0799065
0.0469842 0.0118151 0.216628 9.9991E-05 0.716201 0.00827085
9.9982E-05 0.0231222 0.126686 9.9982E-05 0.83992 0.0100725
9.996E-05 9.996E-05 9.996E-05 9.996E-05 0.9995 9.996E-05
9.9973E-05 0.0308291 0.103603 9.9973E-05 0.865268 9.9973E-05
9.996E-05 9.996E-05 9.996E-05 9.996E-05 0.9995 9.996E-05
0.0307325 0.0199007 0.180348 0.0670803 0.67598 0.0259587
9.9973E-05 9.9973E-05 9.9973E-05 0.0301231 0.905259 0.0643181
0.606961 0.329045 9.9973E-05 9.9973E-05 0.0636936 9.9973E-05
0.226938 0.175363 0.419219 9.9991E-05 0.0652218 0.113158
0.191609 0.221811 0.450895 0.00566089 0.0681489 0.0618755
0.463465 0.262622 0.19503 0.00333357 0.0754494 9.9991E-05
0.279813 0.104514 0.342059 0.108407 0.165108 9.9991E-05
0.428206 0.244202 0.154228 0.0445448 0.128718 9.9991E-05
0.27861 0.18407 0.36788 0.00913137 0.117726 0.042582
0.34119 0.151636 0.301052 9.9982E-05 0.205923 9.9982E-05
0.200727 0.19061 0.534735 9.9982E-05 0.0737279 9.9982E-05
0.311546 0.151194 0.341168 9.9982E-05 0.195892 9.9982E-05
0.163025 0.213052 0.446333 0.0834737 0.0940169 9.9991E-05
0.0513447 0.813124 0.0577991 9.9982E-05 9.9982E-05 0.0775325
0.00359114 0.909646 9.9991E-05 0.00719372 0.0621989 0.0172706
9.9973E-05 0.969006 9.9973E-05 0.0105308 9.9973E-05 0.020163
0.0237686 0.958443 0.0143001 9.9982E-05 9.9982E-05 0.00328834
9.9973E-05 0.887094 0.0520794 9.9973E-05 9.9973E-05 0.0605268
9.9973E-05 0.917772 9.9973E-05 0.00376896 0.0781593 9.9973E-05
9.9973E-05 0.894465 0.0479591 9.9973E-05 0.0572762 9.9973E-05
0.0879606 0.898327 0.0134127 9.9973E-05 9.9973E-05 9.9973E-05
9.9973E-05 0.931432 0.066993 0.00127523 9.9973E-05 9.9973E-05
0.052285 0.844613 0.00785861 9.9982E-05 0.0950434 9.9982E-05
0.0432995 0.600466 9.9991E-05 0.101314 0.00265328 0.252167
9.9982E-05 0.602708 9.9982E-05 0.0496882 0.00376704 0.343637
0.156891 0.540108 9.9982E-05 0.0311823 9.9982E-05 0.271619
0.0928688 0.498408 9.9982E-05 0.0772201 9.9982E-05 0.331303
0.0105865 0.0848539 0.495176 0.327495 9.9991E-05 0.0817879
0.0303642 0.0189012 0.401471 0.373336 0.0454371 0.13049
0.023769 0.0815671 0.471946 0.22849 0.0139237 0.180305
0.0448154 0.034022 0.39944 0.243562 9.9991E-05 0.27806
9.9982E-05 9.9982E-05 0.141257 0.16371 0.037736 0.657097
0.0815844 9.9991E-05 0.564077 0.162023 0.120624 0.0715921
0.0716972 9.9991E-05 0.526334 0.285181 0.0248029 0.0918845
0.126057 9.9991E-05 0.507451 0.264655 0.0411618 0.0605751
0.0626127 9.9991E-05 0.244435 0.560708 0.108244 0.0239008
9.9982E-05 0.122368 0.568807 0.165263 9.9982E-05 0.143362
0.0107223 9.9982E-05 0.40295 0.389446 9.9982E-05 0.196682
0.236137 9.9973E-05 9.9973E-05 0.682123 9.9973E-05 0.0814398
0.12033 0.0659306 0.595437 0.141132 9.9991E-05 0.0770705
0.275988 9.9982E-05 0.245687 0.456556 9.9982E-05 0.0215688
0.124271 0.000692787 0.576727 0.227672 0.0269437 0.0436932
0.0118436 0.00949448 0.067737 0.723008 9.9991E-05 0.187817
0.199665 0.0927449 9.9973E-05 9.9973E-05 9.9973E-05 0.70729
0.0966787 0.0961088 0.053499 9.9982E-05 9.9982E-05 0.753514
0.102446 0.0412567 0.0168762 9.9982E-05 9.9982E-05 0.839221
0.0619408 0.0926865 9.9973E-05 9.9973E-05 9.9973E-05 0.845073
0.147437 0.00760463 0.0962732 9.9991E-05 0.00748787 0.741097
0.107821 0.0722287 0.0278655 9.9991E-05 0.0584114 0.733573
9.9964E-05 0.876308 0.123292 9.9964E-05 9.9964E-05 9.9964E-05
9.9982E-05 0.825467 0.0353398 9.9982E-05 0.0633434 0.07565
9.9973E-05 0.763489 0.138845 9.9973E-05 0.0973667 9.9973E-05
9.9982E-05 0.737437 0.0466278 9.9982E-05 0.116061 0.0996741
0.0152 0.766256 0.0407502 9.9991E-05 0.119928 0.0577657
0.0784228 0.392768 9.9973E-05 9.9973E-05 9.9973E-05 0.528509
0.121526 0.446992 9.9982E-05 0.00975863 9.9982E-05 0.421524
0.0285022 0.472971 9.9982E-05 0.106053 9.9982E-05 0.392274
9.9973E-05 0.813691 0.169039 9.9973E-05 0.0169701 9.9973E-05
0.050051 0.416821 9.9982E-05 0.0488193 9.9982E-05 0.484109
0.146788 0.215772 0.306241 9.9982E-05 0.330999 9.9982E-05
9.9991E-05 0.136633 0.618705 0.0141978 0.151823 0.0785412
9.9973E-05 0.194056 0.551613 9.9973E-05 0.25403 9.9973E-05
0.106096 0.243864 0.436233 0.0442399 0.169467 9.9991E-05
9.9991E-05 0.180289 0.417513 0.218662 0.14476 0.0386769
0.241111 0.486429 9.9973E-05 9.9973E-05 0.27216 9.9973E-05
0.128282 9.9991E-05 0.433677 0.0795218 0.0186446 0.339775
0.374135 9.9991E-05 0.388438 0.031458 0.00586052 0.200008
0.0906224 0.0663263 0.337532 0.0214787 9.9991E-05 0.483941
0.226116 9.9982E-05 0.503291 0.12804 9.9982E-05 0.142353
0.663154 9.9973E-05 9.9973E-05 0.128165 9.9973E-05 0.208382
0.173932 9.9991E-05 0.484004 0.0426839 0.119658 0.179621
0.140265 9.9991E-05 0.466333 0.14016 0.00675553 0.246386
9.9982E-05 0.0999659 0.348769 0.129665 9.9982E-05 0.421399
0.0131519 0.067932 0.590598 0.102221 9.9991E-05 0.225997
0.439651 9.9982E-05 0.129093 0.14802 9.9982E-05 0.283037
0.279098 9.9991E-05 0.499093 0.0697283 0.0509906 0.10099
0.0799927 9.9991E-05 0.519439 0.148377 0.0251055 0.226987
0.124584 0.118381 0.384305 0.0637866 0.166092 0.14285
0.191392 9.9982E-05 0.364881 0.194255 9.9982E-05 0.249272
0.0855172 9.9982E-05 0.453924 0.15021 9.9982E-05 0.310149
0.224071 9.9982E-05 0.551628 0.157106 9.9982E-05 0.0669944
0.149296 0.00896385 0.591638 0.0995315 9.9991E-05 0.150471
0.0312363 9.9991E-05 0.552031 0.0528505 0.137011 0.226772
0.0462798 0.0211841 0.524659 0.158638 0.136921 0.112318
9.9991E-05 0.0732927 0.581578 0.105975 0.0799048 0.159149
9.9973E-05 0.767751 0.157923 9.9973E-05 0.0740263 9.9973E-05
9.9982E-05 0.832327 0.0370155 0.0503218 0.0801353 9.9982E-05
0.11162 0.789278 0.0432578 0.0379537 9.9991E-05 0.0177911
9.9982E-05 0.851009 9.9982E-05 0.078298 0.035156 0.0353369
9.9982E-05 0.841267 0.107607 0.0101601 0.0407662 9.9982E-05
0.069955 9.9991E-05 0.227281 0.125317 0.00479149 0.572555
0.16681 0.0373624 0.54925 0.125958 9.9991E-05 0.120519
0.21182 0.133151 0.463266 9.9991E-05 0.181098 0.010565
0.0905427 0.0123735 0.67282 0.0446343 0.0244268 0.155203
9.9982E-05 0.0674591 0.509081 0.14771 9.9982E-05 0.27555
0.294482 9.9991E-05 0.28928 0.0274689 0.0706295 0.318039
0.103509 0.106447 0.00653848 0.130796 9.9991E-05 0.65261
0.0218732 0.00266314 0.462622 0.168617 0.0152146 0.32901
0.218107 0.0234964 0.101039 0.0206868 0.107136 0.529535
0.204251 0.040508 0.442644 0.110474 0.04063 0.161493
0.108084 0.134919 0.142525 0.0676825 9.9991E-05 0.54669
9.9991E-05 0.0700292 0.605986 0.0156965 0.0666887 0.241499
0.0896698 0.0835783 0.150771 0.121292 0.0246972 0.529993
0.202957 9.9982E-05 0.347056 9.9982E-05 0.0700694 0.379718
0.239445 0.0140272 0.478662 0.0554468 0.0566057 0.155813
0.525013 0.00984035 0.35051 9.9982E-05 9.9982E-05 0.114437
0.257008 0.0516434 0.578991 0.0639997 9.9991E-05 0.0482573
0.211791 0.0735833 0.597887 0.011779 9.9991E-05 0.104859
0.507908 9.9982E-05 0.347487 0.0639041 9.9982E-05 0.0805013
0.189438 0.0539323 0.573341 0.0141279 0.00568369 0.163477
0.247319 0.0630029 0.571597 0.117882 9.9982E-05 9.9982E-05
0.686114 9.9982E-05 0.125964 0.0943275 9.9982E-05 0.0933941
0.628829 9.9982E-05 0.311079 0.0546554 9.9982E-05 0.00523736
0.343519 0.0314106 0.546557 0.0299736 9.9991E-05 0.0484399
0.573438 9.9982E-05 0.176601 0.152914 9.9982E-05 0.0968462
0.278236 9.9982E-05 0.482273 0.0924127 9.9982E-05 0.146878
0.0605424 9.9982E-05 9.9982E-05 0.20683 0.115984 0.616444
0.312184 9.9982E-05 0.26943 0.186232 9.9982E-05 0.231954
9.9982E-05 9.9982E-05 0.275268 0.154673 0.144141 0.425718
9.9991E-05 0.0163298 0.612284 0.0894211 0.128352 0.153513
0.0469279 9.9991E-05 0.22715 0.209573 0.000558504 0.51569
0.135218 0.0642905 0.405539 0.145846 0.116429 0.132678
9.9991E-05 0.0123846 0.547216 0.179606 0.149492 0.111201
0.0573287 0.0231798 0.544277 0.11143 0.0128501 0.250935
9.9982E-05 9.9982E-05 0.409827 0.130685 0.119207 0.340082
9.9991E-05 0.039406 0.424977 0.184187 0.0725039 0.278826
9.9982E-05 9.9982E-05 0.121127 0.229141 0.127463 0.522068
0.00387686 9.9991E-05 0.250313 0.1329 0.109956 0.502854
0.0265505 9.9991E-05 0.565101 0.151946 0.0832884 0.173014
0.101218 9.9991E-05 0.610358 0.00756005 0.0595537 0.22121
0.194454 0.0146093 0.354012 0.0188696 0.117183 0.300873
0.172989 9.9982E-05 0.557566 9.9982E-05 0.0596845 0.20956
0.0763499 0.0557667 0.361023 0.0156062 0.0713663 0.419887
9.9982E-05 9.9982E-05 0.637937 0.078741 0.0609208 0.222201
0.00122326 9.9991E-05 0.438058 0.229646 0.152233 0.17874
0.0555054 0.0569776 0.506463 0.104191 0.116063 0.1608
0.00455754 0.360837 0.436733 0.0985307 0.0992409 9.9991E-05
0.0380914 0.151613 0.397742 0.0885268 0.323927 9.9991E-05
0.0859617 0.143756 0.570605 0.0515446 0.131005 0.017128
0.134898 0.045264 0.617231 0.041996 0.0966396 0.0639717
0.0374965 0.223013 0.490537 0.039779 0.209074 9.9991E-05
0.332994 9.9973E-05 0.497632 9.9973E-05 9.9973E-05 0.169074
0.0815871 0.148482 0.527087 0.00038921 0.116969 0.125485
0.437521 0.232755 0.0248598 0.144823 0.159941 9.9991E-05
0.142106 0.0707241 0.48822 9.9991E-05 0.185721 0.113129
0.0253603 0.102859 0.588373 0.00245074 0.189634 0.091323
0.00129947 0.0616767 0.500017 0.134119 0.205322 0.0975658
0.157013 0.239176 0.295508 0.15598 0.0903029 0.06202
0.0376573 0.224031 0.599575 0.0719455 0.0475981 0.0191929
0.170131 0.15325 0.580571 9.9982E-05 0.0958492 9.9982E-05
0.334937 0.492582 9.9973E-05 9.9973E-05 0.172181 9.9973E-05
0.109411 0.145144 0.422475 0.0534492 0.20169 0.0678302
0.136271 0.0870742 0.586741 9.9982E-05 0.189714 9.9982E-05
0.0813484 0.12496 0.586537 0.0243762 0.123887 0.0588915
0.0032168 0.154734 0.648336 9.9982E-05 0.193514 9.9982E-05
0.0511783 0.17413 0.55268 0.0560551 0.124499 0.0414574
0.192427 0.0982486 0.524183 0.159305 9.9991E-05 0.0257358
0.152577 0.0688429 0.5842 0.0540139 0.0252199 0.115146
0.670632 9.9982E-05 0.0242739 0.259986 9.9982E-05 0.0449085
0.708121 9.9982E-05 0.037688 0.196846 9.9982E-05 0.057145
0.24136 0.0158735 0.407945 0.139536 0.129518 0.0657664
0.171677 0.0855054 0.490911 9.9982E-05 0.251707 9.9982E-05
0.248628 0.0889221 0.302188 0.0136767 0.346485 9.9991E-05
0.278479 0.210151 0.202932 9.9982E-05 0.308237 9.9982E-05
0.162276 0.179723 0.435787 9.9982E-05 0.222013 9.9982E-05
0.783001 0.00350897 0.0959014 0.0161486 0.10134 9.9991E-05
0.509749 0.0562957 0.184504 0.0768102 0.172541 9.9991E-05
0.245571 9.9991E-05 0.485778 0.110209 0.157864 0.000478441
0.280397 0.0520178 0.48059 0.0744826 0.112412 9.9991E-05
0.47717 0.0314558 0.205773 0.104138 0.181363 9.9991E-05
0.189364 0.0611948 0.575179 0.0265212 0.0933301 0.0544109
0.271002 9.9991E-05 0.52978 0.0706346 0.0915666 0.0369167
0.175617 0.127201 0.363755 0.0710033 0.169669 0.0927541
0.388413 0.00774643 0.29128 0.235248 9.9991E-05 0.0772121
0.433504 9.9991E-05 0.366381 0.139201 0.0153835 0.0454299
0.193814 9.9991E-05 0.538504 0.141866 0.0374767 0.0882395
0.272861 0.0268661 0.429255 0.0460425 0.0836863 0.141288
0.300618 0.0668432 0.37456 0.0502236 0.131449 0.0763059
0.353601 9.9973E-05 0.493146 0.152953 9.9973E-05 9.9973E-05
0.611566 9.9982E-05 0.266629 0.0666766 9.9982E-05 0.0549282
0.169243 0.049795 0.470413 0.298605 0.0118437 9.9991E-05
0.58868 9.9973E-05 0.258273 0.152747 9.9973E-05 9.9973E-05
0.404581 9.9991E-05 0.385242 0.137443 0.0429959 0.0296379
0.15463 0.0273526 0.566886 0.0925607 0.110573 0.0479969
0.310891 9.9991E-05 0.521031 0.140748 0.0147497 0.0124803
0.106309 0.167039 0.511261 0.0961295 0.11916 9.9991E-05
0.189835 0.134437 0.438614 9.9991E-05 0.131792 0.105222
0.156187 0.181236 0.305997 9.9991E-05 0.274141 0.0823388
0.128609 0.207115 0.32914 9.9991E-05 0.206677 0.12836
0.0838123 0.185455 0.461852 0.0925448 0.147099 0.0292367
0.114707 0.0629137 0.359999 0.138043 0.219632 0.104705
0.649009 0.193873 9.9973E-05 9.9973E-05 0.156818 9.9973E-05
0.0921854 0.104339 0.612768 9.9982E-05 0.190507 9.9982E-05
0.521653 0.339788 9.9973E-05 9.9973E-05 0.138259 9.9973E-05
0.218587 9.9991E-05 0.473239 0.0270107 0.244266 0.0367975
0.578402 9.9973E-05 0.15175 0.269548 9.9973E-05 9.9973E-05
0.721472 9.9964E-05 9.9964E-05 0.278128 9.9964E-05 9.9964E-05
0.273613 9.9973E-05 0.456469 0.269618 9.9973E-05 9.9973E-05
0.159405 0.0501948 0.734002 0.0561982 9.9982E-05 9.9982E-05
0.391288 9.9982E-05 0.410993 0.146685 9.9982E-05 0.0508345
0.213403 9.9973E-05 0.503816 0.282481 9.9973E-05 9.9973E-05
0.300299 9.9973E-05 0.573655 0.125746 9.9973E-05 9.9973E-05
0.00476461 0.796361 0.158802 0.0114906 9.9991E-05 0.0284811
9.9973E-05 0.734341 9.9973E-05 9.9973E-05 0.100123 0.165237
9.9973E-05 0.904851 9.9973E-05 9.9973E-05 0.0759094 0.01894
9.9964E-05 0.937355 0.062245 9.9964E-05 9.9964E-05 9.9964E-05
9.9991E-05 0.0220157 0.469533 0.415854 0.0890907 0.00340629
9.9991E-05 0.0756532 0.415977 0.422024 0.0541744 0.0320719
9.9973E-05 9.9973E-05 0.519844 0.457564 9.9973E-05 0.0222916
9.9982E-05 0.116559 0.592784 0.286894 0.00356297 9.9982E-05
0.119204 0.0883566 0.468519 0.233154 0.0269701 0.0637964
0.0879284 0.016527 0.234161 0.547428 0.00769738 0.106258
9.9973E-05 9.9973E-05 0.630193 0.353791 0.0157154 9.9973E-05
0.139655 0.0662658 0.32866 0.46522 9.9982E-05 9.9982E-05
0.0432077 0.316944 0.406417 0.0157682 0.182486 0.0351771
0.123922 9.9991E-05 0.363002 0.313937 0.0754821 0.123557
9.9982E-05 0.0304704 0.300188 0.489376 9.9982E-05 0.179766
9.9982E-05 9.9982E-05 0.509253 0.44197 0.0170557 0.0315213
9.9991E-05 0.0274083 0.35671 0.573887 0.0065627 0.0353327
0.108769 0.00850642 0.517127 0.345163 0.0203346 9.9991E-05
0.0197682 0.00354917 0.620513 0.355969 9.9982E-05 9.9982E-05
0.0891382 9.9973E-05 0.0295518 0.88101 9.9973E-05 9.9973E-05
0.1129 9.9991E-05 0.151936 0.59674 0.104732 0.0335909
0.0287471 0.0188183 0.287412 0.613278 9.9991E-05 0.0516447
0.233145 9.9964E-05 9.9964E-05 0.766455 9.9964E-05 9.9964E-05
9.9991E-05 0.0150008 0.363485 0.416737 0.0788868 0.12579
0.241398 9.9991E-05 0.0453698 0.686106 0.00771187 0.0193147
0.340336 9.9964E-05 9.9964E-05 0.659264 9.9964E-05 9.9964E-05
0.077575 0.0409566 0.546759 0.276456 0.0581529 9.9991E-05
0.0425789 0.0420852 0.150131 0.647993 9.9991E-05 0.117112
9.9991E-05 0.0301995 0.396822 0.443665 0.0126535 0.116559
9.9991E-05 0.114467 0.506906 0.283256 0.0729463 0.0223243
9.9982E-05 0.0354343 0.485776 0.389149 9.9982E-05 0.0894414
0.270072 9.9991E-05 0.396552 0.0165385 0.0144353 0.302303
9.9982E-05 0.00662593 0.584948 0.391316 0.0169103 9.9982E-05
0.0166855 0.0304919 0.435008 0.364912 0.070567 0.0823354
0.0215415 9.9991E-05 0.280941 0.684199 0.00995705 0.00326098
0.0497793 0.0820147 0.450134 0.31647 0.0798813 0.0217205
0.093375 0.619841 9.9982E-05 9.9982E-05 0.00357651 0.283007
0.048232 0.770742 0.0465144 0.0349064 0.00387211 0.0957329
0.0457119 0.824343 9.9973E-05 9.9973E-05 9.9973E-05 0.129645
0.0198601 0.809879 9.9982E-05 0.000474403 9.9982E-05 0.169587
0.0394159 0.714423 0.0340369 9.9982E-05 9.9982E-05 0.211925
9.9991E-05 0.0704911 0.0338717 0.729261 0.0348738 0.131402
0.0455837 0.0454705 0.0870967 0.73394 9.9991E-05 0.0878086
0.129697 9.9982E-05 0.055225 0.793689 0.0211888 9.9982E-05
0.0723588 0.147894 0.560501 0.153692 0.062492 0.00306284
0.0525993 0.0722164 0.644369 0.137556 9.9991E-05 0.0931594
0.143468 9.9982E-05 0.179257 0.576935 0.10014 9.9982E-05
0.065223 9.9991E-05 0.515244 0.271 0.100241 0.0481928
0.105145 0.0101584 0.324608 0.463576 0.0964121 9.9991E-05
9.9982E-05 0.0615427 0.545933 0.387391 9.9982E-05 0.00493259
9.9991E-05 0.0413087 0.553651 0.365906 0.00726953 0.0317654
0.0451608 0.0121131 0.202356 0.608672 0.00715196 0.124546
9.9973E-05 9.9973E-05 0.332771 0.554718 9.9973E-05 0.112211
9.9973E-05 9.9973E-05 0.238956 0.582948 9.9973E-05 0.177796
0.169226 0.0988126 0.582603 0.0603476 9.9991E-05 0.0889113
9.9982E-05 0.00347639 0.334758 0.614209 9.9982E-05 0.0473567
9.9991E-05 0.0477628 0.415627 0.493127 0.0254182 0.0179645
0.0831688 0.0610337 0.44349 0.0605115 0.351696 9.9991E-05
0.178263 0.036839 0.265847 9.9991E-05 0.494689 0.0242619
0.0174047 0.0823142 0.530038 9.9982E-05 0.370043 9.9982E-05
0.0570391 0.153382 0.341277 9.9982E-05 0.448102 9.9982E-05
0.116646 0.107071 0.473423 9.9991E-05 0.282726 0.0200341
0.0866467 0.0606189 0.37338 0.431022 0.0482323 9.9991E-05
0.0657921 0.233221 0.0960218 9.9991E-05 0.598925 0.00593992
0.0679506 0.153709 0.366461 9.9982E-05 0.411679 9.9982E-05
0.200539 0.153023 0.401683 0.0789841 0.144104 0.0216666
0.268743 0.120403 0.610554 9.9973E-05 9.9973E-05 9.9973E-05
0.27338 0.124151 0.488509 0.0187774 9.9991E-05 0.0950826
0.0908405 0.0946693 0.597459 0.089435 0.0385923 0.0890042
0.176705 0.0827718 0.656891 0.0601505 9.9991E-05 0.0233815
0.00543991 0.240547 0.27278 9.9982E-05 0.481034 9.9982E-05
9.9991E-05 0.213244 0.407496 0.0240488 0.330106 0.025005
0.0424008 0.0371055 0.500364 9.9982E-05 0.41993 9.9982E-05
9.9991E-05 0.11654 0.468863 0.134137 0.261257 0.0191034
0.117437 0.0783444 0.322788 9.9982E-05 0.481231 9.9982E-05
0.0110165 0.196347 0.503357 0.0831757 0.163083 0.0430215
0.069964 0.141458 0.249529 9.9982E-05 0.53885 9.9982E-05
0.00606631 0.0530823 0.481909 9.9991E-05 0.378928 0.0799138
0.278989 0.0597704 0.447084 0.127498 0.0191456 0.0675133
9.9991E-05 0.166975 0.356706 0.0853985 0.342176 0.0486439
0.0355839 0.173429 0.224402 9.9982E-05 0.566386 9.9982E-05
0.0218695 0.136333 0.269515 0.146531 0.359194 0.0665563
0.266634 0.17691 0.208743 0.0765435 9.9991E-05 0.27107
0.206527 0.0371766 0.462352 0.0978985 0.144922 0.0511237
0.0258675 0.16699 0.394378 0.0329604 0.325471 0.0543338
0.141219 0.0782454 0.612795 9.9991E-05 0.0222981 0.145343
0.195182 0.205338 0.456615 0.080618 0.00392795 0.0583191
0.0591999 0.192781 0.407001 0.172198 0.16872 9.9991E-05
0.143237 0.237855 0.343794 0.0284401 0.246574 9.9991E-05
0.117358 0.0586985 0.589693 0.0267833 0.125395 0.082072
0.0158122 0.141843 0.397243 0.0922211 0.347522 0.00535839
0.00446426 0.115581 0.434156 0.0276883 0.392173 0.0259382
0.0303312 0.251785 0.132558 9.9982E-05 0.585125 9.9982E-05
0.0595735 0.131736 0.634399 0.00904207 0.0840354 0.0812147
0.232815 0.0986191 0.465909 0.0960824 9.9991E-05 0.106475
0.654211 0.0870936 0.19417 9.9982E-05 0.0643254 9.9982E-05
0.0323712 0.14599 0.559498 0.0700446 0.102687 0.0894092
0.203929 0.106202 0.372125 0.0999892 0.0118537 0.205902
0.0694753 0.187207 0.419412 0.158787 0.165018 9.9991E-05
0.147605 0.100366 0.553595 0.0101553 0.0810599 0.107219
0.475244 0.331139 9.9973E-05 9.9973E-05 0.193316 9.9973E-05
0.583368 0.322836 9.9973E-05 9.9973E-05 0.0934955 9.9973E-05
0.427622 0.155548 0.306472 9.9991E-05 0.0793363 0.0309223
0.419393 0.349011 0.0183555 0.0405273 0.172613 9.9991E-05
0.354892 0.440065 9.9973E-05 9.9973E-05 0.204743 9.9973E-05
0.285903 0.1785 0.333602 0.0238947 0.178 9.9991E-05
0.202122 0.217495 0.396644 0.040467 0.123396 0.0198752
0.284277 0.249082 0.163724 0.0984228 0.204394 9.9991E-05
0.448232 0.298692 0.159074 9.9982E-05 0.093801 9.9982E-05
0.169102 0.131188 0.563536 9.9991E-05 0.0850052 0.0510688
0.464608 0.205853 0.219137 0.0185397 0.0917614 9.9991E-05
0.504401 0.447577 9.9973E-05 9.9973E-05 0.0477217 9.9973E-05
0.139937 0.148984 0.440103 0.037944 0.21546 0.0175718
0.240506 0.217657 0.30976 9.9991E-05 0.193881 0.0380967
9.9991E-05 0.350147 0.387364 0.0784632 0.151642 0.0322827
9.9973E-05 0.153946 0.580875 9.9973E-05 0.264879 9.9973E-05
9.9982E-05 0.230224 0.54406 0.0842111 0.141305 9.9982E-05
0.028644 0.11497 0.441619 0.0819272 0.327357 0.00548232
0.0135399 0.356719 0.340922 9.9991E-05 0.224187 0.0645329
0.0383774 0.21059 0.632154 9.9991E-05 0.109399 0.00937959
0.00899907 0.252235 0.481574 0.021375 0.22512 0.0106979
0.183878 0.228907 0.297084 0.047832 0.242199 9.9991E-05
0.000224055 0.224273 0.265364 0.295528 0.103649 0.110962
0.055479 0.196571 0.607887 0.0679757 0.0719874 9.9991E-05
0.17907 0.142261 0.5757 9.9991E-05 0.0501702 0.0526984
0.0973887 0.0509662 0.548842 0.0662343 0.173659 0.0629094
0.0570999 0.288011 0.406989 9.9982E-05 0.2477 9.9982E-05
0.0643077 0.145064 0.485349 9.9991E-05 0.225152 0.0800282
0.225102 0.395593 0.149675 9.9982E-05 0.229431 9.9982E-05
0.0238515 0.198425 0.472721 0.112513 0.192389 9.9991E-05
0.200259 0.283188 0.158766 0.0226313 0.335056 9.9991E-05
0.00845421 0.792372 9.9982E-05 0.0682295 9.9982E-05 0.130744
0.0508611 0.0430055 0.0389952 0.0439023 0.0244352 0.798801
0.00793223 0.0152069 9.9973E-05 9.9973E-05 9.9973E-05 0.976561
9.9964E-05 0.0053405 9.9964E-05 9.9964E-05 9.9964E-05 0.99426
9.9964E-05 9.9964E-05 9.9964E-05 9.9964E-05 0.0323314 0.967269
9.9964E-05 9.9964E-05 9.9964E-05 9.9964E-05 0.0486015 0.950999
9.9964E-05 9.9964E-05 0.0779231 9.9964E-05 9.9964E-05 0.921677
9.9973E-05 0.0524632 9.9973E-05 0.00312502 9.9973E-05 0.944112
9.9982E-05 0.192053 0.00868032 9.9982E-05 0.0147125 0.784354
9.9982E-05 0.892254 0.00837468 0.0614588 0.0377126 9.9982E-05
9.9982E-05 0.789938 0.00858023 9.9982E-05 0.0165742 0.184707
0.0299243 0.886932 0.0635453 9.9982E-05 0.0193986 9.9982E-05
0.0689933 0.78069 0.0604206 9.9982E-05 9.9982E-05 0.0896957
9.9973E-05 0.870587 9.9973E-05 9.9973E-05 0.0769579 0.0521555
9.9973E-05 0.904633 9.9973E-05 0.022556 9.9973E-05 0.0725112
0.0576738 0.747197 9.9982E-05 9.9982E-05 0.154671 0.0402583
0.0333677 0.887895 0.0494849 0.0136423 0.0155102 9.9991E-05
9.9991E-05 0.708045 0.101725 0.0379819 0.0431711 0.108978
9.9973E-05 0.910599 9.9973E-05 0.0157983 0.073303 9.9973E-05
0.0177121 0.952169 0.021567 9.9982E-05 9.9982E-05 0.00835174
0.0128167 0.794962 0.00793563 0.023265 0.102564 0.0584575
9.9973E-05 0.963081 0.0118813 9.9973E-05 9.9973E-05 0.0247376
0.016524 0.895702 0.0444995 9.9982E-05 0.0430744 9.9982E-05
9.9982E-05 0.858754 0.0232212 0.0586496 0.0591758 9.9982E-05
9.9973E-05 0.852767 0.118985 9.9973E-05 0.0279486 9.9973E-05
9.9973E-05 0.790381 0.0721801 9.9973E-05 0.137139 9.9973E-05
9.9982E-05 0.770579 0.07841 0.0224625 0.128349 9.9982E-05
9.9973E-05 0.798421 0.111029 9.9973E-05 0.0902494 9.9973E-05
0.2574 0.143485 0.424301 0.0792198 9.9991E-05 0.0954938
0.112276 0.0956345 0.710104 0.0817859 9.9982E-05 9.9982E-05
0.110906 0.135474 0.575767 0.128561 0.019373 0.0299196
0.678714 0.0428022 0.142727 0.134032 0.00162507 9.9991E-05
0.104652 0.152987 0.576568 0.0649502 9.9991E-05 0.100743
0.702348 0.132958 0.164394 9.9973E-05 9.9973E-05 9.9973E-05
0.214911 0.0816805 0.675004 0.028205 9.9982E-05 9.9982E-05
0.17522 0.0724427 0.421084 0.146619 9.9991E-05 0.184535
0.220939 0.0795647 0.553613 0.0745935 9.9991E-05 0.0711908
0.0705064 0.0399234 0.514697 0.374673 9.9982E-05 9.9982E-05
0.208472 0.0550821 0.502193 0.0442003 9.9991E-05 0.189952
0.211664 0.117477 0.661409 0.00925 9.9982E-05 9.9982E-05
0.101739 0.10601 0.552085 0.078042 9.9991E-05 0.162024
0.268214 9.9982E-05 9.9982E-05 0.126835 0.0708381 0.533912
0.810418 0.0162066 9.9982E-05 0.0327029 9.9982E-05 0.140473
0.667122 0.0739979 0.224634 9.9982E-05 9.9982E-05 0.034046
0.215292 0.0464774 0.622916 9.9991E-05 0.0636126 0.0516015
0.361725 0.0544231 0.566165 9.9982E-05 0.0174875 9.9982E-05
0.246409 0.133016 0.619985 0.000390517 9.9982E-05 9.9982E-05
0.140137 0.0250382 0.636491 0.109558 0.0886753 9.9991E-05
0.0479234 0.195637 0.609654 0.00281783 0.102341 0.0416267
0.0184024 0.151027 0.569785 0.0304559 0.175435 0.0548934
0.153775 0.398905 0.201358 9.9991E-05 0.0877021 0.158159
0.0367525 0.195397 0.622393 0.0256419 0.0692 0.0506157
0.175523 0.2197 0.360416 0.0327633 0.134779 0.0768181
0.442578 0.419674 9.9973E-05 9.9973E-05 0.137448 9.9973E-05
0.104042 0.326703 0.337596 0.0760721 0.155488 9.9991E-05
0.0818086 0.325078 0.311096 0.0584832 0.184653 0.0388812
9.9982E-05 0.246681 0.407494 9.9982E-05 0.168017 0.177609
0.0798239 0.157769 0.4333 0.0378799 0.206143 0.085084
9.9991E-05 0.208266 0.579015 0.0255842 0.125778 0.0612571
9.9982E-05 0.176975 0.674332 9.9982E-05 0.0841506 0.0643423
0.142013 0.195986 0.454265 0.0506218 0.157013 9.9991E-05
9.9982E-05 0.513607 0.302006 0.0818331 0.102353 9.9982E-05
