9.9955E-05 0.0443664 0.067782 9.9955E-05 9.9955E-05 0.848128 0.0392239 9.9955E-05 9.9955E-05
0.0389785 0.0161466 9.9955E-05 9.9955E-05 9.9955E-05 0.927398 0.0169776 9.9955E-05 9.9955E-05
9.9955E-05 9.9955E-05 0.0372165 9.9955E-05 0.0622263 0.793862 9.9955E-05 0.106196 9.9955E-05
9.9973E-05 0.0652411 0.0847694 9.9973E-05 0.0389956 0.763381 9.9973E-05 0.0231242 0.0241885
9.9955E-05 0.0151154 0.0353607 9.9955E-05 9.9955E-05 0.86809 9.9955E-05 0.0809342 9.9955E-05
9.9973E-05 0.116967 0.0876984 0.222956 9.9973E-05 0.479588 0.0722961 0.0201942 9.9973E-05
9.9955E-05 9.9955E-05 0.0167732 0.166343 9.9955E-05 0.747462 0.0689222 9.9955E-05 9.9955E-05
9.9964E-05 0.104662 0.0168638 0.169166 9.9964E-05 0.702846 9.9964E-05 9.9964E-05 0.00606244
0.0637446 0.0560957 9.99639E-05 0.0441356 9.99639E-05 0.827674 9.99639E-05 9.99639E-05 0.00795014
9.9973E-05 0.02836 0.120704 0.122513 9.9973E-05 0.624388 0.0659043 0.0378296 9.9973E-05
9.9955E-05 0.0763893 9.9955E-05 0.196535 9.9955E-05 0.669305 0.0572709 9.9955E-05 9.9955E-05
0.0391872 0.0317532 0.0122757 9.9964E-05 9.9964E-05 9.9964E-05 0.869318 0.0470656 9.9964E-05
9.9973E-05 0.0211769 0.0314172 9.9973E-05 0.116739 9.9973E-05 0.42814 0.398874 0.003353
9.9973E-05 9.9973E-05 0.0182249 9.9973E-05 0.112538 0.0333951 0.707187 0.0336993 0.0946565
9.9955E-05 9.9955E-05 0.110926 9.9955E-05 9.9955E-05 0.0410112 0.792634 0.0549288 9.9955E-05
9.9955E-05 9.9955E-05 0.151968 9.9955E-05 9.9955E-05 0.0958146 0.551574 0.200144 9.9955E-05
0.0646616 9.9982E-05 0.110125 0.0267147 9.9982E-05 0.0630529 0.327261 0.39807 0.00991485
0.0601442 0.00920955 0.0523669 0.0489564 9.9991E-05 0.000789373 0.485651 0.324988 0.0177949
9.9964E-05 0.0115959 0.0753337 9.9964E-05 9.9964E-05 0.0796316 0.733408 0.0996309 9.9964E-05
9.9964E-05 0.109016 9.9964E-05 0.036831 0.0280003 0.0379952 0.787757 9.9964E-05 9.9964E-05
0.0375141 0.0744648 9.9964E-05 9.9964E-05 0.162177 9.9964E-05 0.346244 0.3792 9.9964E-05
0.0928889 0.0372823 9.9982E-05 0.060556 0.0898915 0.0217977 0.346277 0.351107 9.9982E-05
9.9973E-05 0.0437958 9.9973E-05 9.9973E-05 0.132537 0.0354205 0.243223 0.490441 0.0542835
9.9955E-05 9.9955E-05 0.0355667 9.9955E-05 9.9955E-05 0.0120186 0.885631 0.0662837 9.9955E-05
9.9973E-05 9.9973E-05 0.0369308 0.0447805 9.9973E-05 0.0862692 0.250798 0.571092 0.00982895
9.9982E-05 0.0350528 0.0656431 0.0195485 0.0462132 9.9982E-05 0.440131 0.379773 0.0134388
0.014357 9.9964E-05 0.0599478 9.9964E-05 0.00789043 0.0259313 0.891474 9.9964E-05 9.9964E-05
9.9946E-05 9.9946E-05 0.143002 9.9946E-05 0.0016532 9.9946E-05 0.854746 9.9946E-05 9.9946E-05
9.9946E-05 9.9946E-05 9.9946E-05 0.0648251 9.9946E-05 9.9946E-05 0.856188 9.9946E-05 0.0783871
9.9946E-05 9.9946E-05 0.0556513 9.9946E-05 9.9946E-05 0.837341 9.9946E-05 0.106408 9.9946E-05
9.9946E-05 9.9946E-05 9.9946E-05 9.9946E-05 9.9946E-05 0.820527 0.0403974 0.138476 9.9946E-05
9.9946E-05 9.9946E-05 9.9946E-05 9.9946E-05 0.00741341 0.77379 9.9946E-05 0.218197 9.9946E-05
0.00408963 9.9955E-05 0.0914357 9.9955E-05 9.9955E-05 0.724493 9.9955E-05 0.179482 9.9955E-05
0.143005 0.0629774 0.0571684 0.023471 0.0604322 9.9991E-05 0.108765 0.506598 0.0374826
0.331624 0.0590393 0.0811974 9.9964E-05 9.9964E-05 9.9964E-05 0.149275 0.378464 9.9964E-05
0.437472 0.00276777 0.0167274 9.9964E-05 9.9964E-05 9.9964E-05 9.9964E-05 0.516901 0.0257324
9.9955E-05 0.137213 9.9955E-05 9.9955E-05 0.46684 0.118116 0.277331 9.9955E-05 9.9955E-05
0.601612 9.9946E-05 9.9946E-05 9.9946E-05 0.112892 9.9946E-05 9.9946E-05 0.284896 9.9946E-05
0.204793 9.9973E-05 0.0585876 9.9973E-05 0.170002 0.0383561 0.0752948 0.452667 9.9973E-05
0.238507 0.00914095 0.00580982 9.9982E-05 9.9982E-05 0.0921874 0.0153276 0.616442 0.0223849
0.0308114 0.0846705 9.9982E-05 0.192961 0.04773 0.0771178 0.000539842 0.56597 9.9982E-05
0.0845296 0.0765756 9.9982E-05 0.0944326 0.0300612 0.0957624 0.0309452 0.587494 9.9982E-05
0.738231 9.9973E-05 0.0320097 9.9973E-05 0.0627806 0.0354025 0.0922645 0.0390116 9.9973E-05
0.0201063 0.0138038 0.0326644 0.212331 9.9982E-05 9.9982E-05 0.0866425 0.602654 0.0315972
0.162456 0.0431823 0.00524691 0.0479901 9.9991E-05 0.0307628 0.0601244 0.64514 0.00499809
0.0591217 9.9991E-05 0.0801191 0.0709576 0.172242 0.0934142 0.00549002 0.467095 0.051461
0.619211 9.9946E-05 9.9946E-05 9.9946E-05 9.9946E-05 9.9946E-05 9.9946E-05 0.316666 0.0635234
0.285423 0.00275717 0.03543 9.9973E-05 9.9973E-05 0.0569518 0.0340391 0.585099 9.9973E-05
0.145644 9.9991E-05 0.09995 0.00905966 0.0258093 0.104182 0.0540742 0.492789 0.0683918
0.7353 9.9955E-05 9.9955E-05 0.110469 0.0940149 0.0597163 9.9955E-05 9.9955E-05 9.9955E-05
0.185959 0.167389 9.9982E-05 0.015914 0.356319 9.9982E-05 0.15742 0.108962 0.00783659
0.161929 0.0542188 9.9982E-05 0.35829 0.0428118 9.9982E-05 0.224415 0.0517314 0.106404
0.0648726 0.130211 0.0784981 0.0611885 0.0525563 0.0755348 0.0243678 0.491555 0.0212165
9.9973E-05 9.9973E-05 0.0517491 0.13104 0.118733 0.0740189 0.0802335 0.543925 9.9973E-05
0.113475 0.0209583 0.0417806 0.0481401 0.195104 0.0353282 0.0183859 0.501584 0.025244
0.256747 0.14705 9.9991E-05 0.0675599 0.210229 0.0839471 0.138445 0.0630627 0.0328583
0.0221153 0.107681 0.0308457 0.00651957 0.188545 9.9982E-05 0.0507758 0.593318 9.9982E-05
0.0428717 0.0565323 0.151809 0.0505987 0.0256303 0.0391316 0.174673 0.458653 9.9991E-05
0.162966 0.0936881 0.0256419 0.126264 0.0340706 0.103123 0.211068 0.243078 9.9991E-05
0.0426067 0.0461703 0.0232441 0.0703714 0.184737 0.185758 0.351401 0.012504 0.0832075
0.172552 0.0674153 0.128239 0.0482105 0.0792543 0.055676 0.0185882 0.383672 0.046393
0.0564947 0.0548573 0.0820436 0.0294773 0.186545 0.0768226 0.257169 0.228385 0.0282057
0.161396 0.14815 9.9982E-05 0.0251572 0.110706 0.0540614 0.475277 9.9982E-05 0.0250514
9.9973E-05 9.9973E-05 0.0145195 0.0231321 0.38861 9.9973E-05 0.257679 0.30756 0.0082001
0.0118938 9.9982E-05 0.00760936 0.0870154 9.9982E-05 0.000203406 0.123844 0.610613 0.158621
0.00581614 9.9973E-05 9.9973E-05 0.10378 0.164814 9.9973E-05 0.20638 0.517055 0.00185611
0.204719 0.0506605 0.0827346 0.0432075 0.22819 0.00411482 0.268531 0.117743 9.9991E-05
0.0263488 9.9982E-05 0.00560348 0.104924 0.137623 0.0538714 0.272315 0.399114 9.9982E-05
0.118142 0.156552 0.0837303 9.9973E-05 9.9973E-05 0.0341033 9.9973E-05 0.539943 0.0672292
0.120451 0.0824087 9.9991E-05 0.0288949 0.205823 0.0191375 0.437617 0.0413594 0.0642085
0.409153 0.0163065 9.9955E-05 9.9955E-05 0.0928661 9.9955E-05 9.9955E-05 0.481174 9.9955E-05
0.636367 9.9955E-05 9.9955E-05 9.9955E-05 0.0184381 9.9955E-05 0.204682 0.140012 9.9955E-05
0.173986 0.0616592 0.0420164 9.9991E-05 0.110438 0.0336981 0.0306952 0.473979 0.0734278
0.877911 9.9955E-05 9.9955E-05 0.0824679 9.9955E-05 0.003814 0.035307 9.9955E-05 9.9955E-05
0.723573 9.9982E-05 0.00510509 0.0575653 0.0693122 9.9982E-05 0.0285881 0.041312 0.0743444
0.654307 9.9946E-05 9.9946E-05 9.9946E-05 0.0384838 9.9946E-05 9.9946E-05 0.30661 9.9946E-05
0.487301 0.0477634 9.9964E-05 0.0291026 9.9964E-05 0.0239684 9.9964E-05 0.411465 9.9964E-05
0.203939 9.9982E-05 0.0628677 0.0317249 0.0921758 0.112952 9.9982E-05 0.448237 0.0479036
0.370781 9.9982E-05 0.0241458 9.9982E-05 0.0422281 0.0193205 0.159192 0.378338 0.00579487
0.562949 0.115563 0.0222296 9.9982E-05 0.0127922 0.0275796 0.0412159 0.21747 9.9982E-05
0.505367 0.209695 0.00413713 9.9982E-05 0.00600678 0.028377 0.00817205 0.238045 9.9982E-05
0.230804 0.019833 0.0915523 9.9991E-05 0.0186838 0.0953044 0.00409322 0.536866 0.00276372
0.522924 9.9973E-05 0.0201011 9.9973E-05 0.0975824 0.0100036 0.136938 0.212152 9.9973E-05
0.354653 9.9955E-05 9.9955E-05 9.9955E-05 9.9955E-05 0.0183582 0.215595 0.410894 9.9955E-05
0.545322 9.9955E-05 9.9955E-05 9.9955E-05 9.9955E-05 9.9955E-05 0.00767482 0.349047 0.0974563
0.749489 9.9964E-05 0.0052815 0.101572 9.9964E-05 9.9964E-05 0.0346714 9.9964E-05 0.108586
0.241052 9.9955E-05 9.9955E-05 9.9955E-05 0.107235 9.9955E-05 0.00577968 0.645434 9.9955E-05
9.9964E-05 9.9964E-05 0.031638 9.9964E-05 0.00664506 0.799163 0.0492344 0.11292 9.9964E-05
9.9937E-05 9.9937E-05 9.9937E-05 9.9937E-05 9.9937E-05 0.856973 9.9937E-05 0.142328 9.9937E-05
9.9946E-05 9.9946E-05 0.0459053 9.9946E-05 9.9946E-05 0.848904 9.9946E-05 0.104591 9.9946E-05
0.0116742 9.9964E-05 0.0345064 9.9964E-05 0.0224109 0.912301 9.9964E-05 0.0187077 9.9964E-05
9.9946E-05 9.9946E-05 0.0197057 9.9946E-05 9.9946E-05 0.848791 9.9946E-05 0.130904 9.9946E-05
9.9973E-05 0.000993178 0.0352644 0.0398205 9.9973E-05 0.856035 9.9973E-05 0.0526346 0.0149528
0.00805129 9.99641E-05 0.00638554 9.99641E-05 9.99641E-05 0.92308 9.99641E-05 0.0504141 0.0116689
0.19727 9.9982E-05 0.0275996 0.0186114 0.0725047 0.123145 0.101014 0.459656 9.9982E-05
0.0566659 0.0202193 9.9982E-05 9.9982E-05 0.137283 0.123229 0.0307018 0.550293 0.0814088
0.722952 0.0159461 9.9973E-05 9.9973E-05 9.9973E-05 0.0255465 0.147239 0.0811132 0.0069037
0.243473 9.9973E-05 0.044553 0.0799767 9.9973E-05 0.0499679 9.9973E-05 0.543679 0.0380504
0.345404 0.0251224 9.9964E-05 9.9964E-05 0.00459557 9.9964E-05 0.120264 0.504214 9.9964E-05
0.270728 0.0240214 9.9964E-05 9.9964E-05 9.9964E-05 0.0497756 9.9964E-05 0.618327 0.0367489
0.124616 9.9991E-05 0.0180479 0.0283125 0.112939 0.00406026 0.0768684 0.476931 0.158124
0.308824 0.0415827 0.0771511 9.9964E-05 9.9964E-05 9.9964E-05 9.9964E-05 0.515889 0.0561528
0.669545 0.103501 9.9964E-05 9.9964E-05 9.9964E-05 0.0152579 0.169475 9.9964E-05 0.041821
0.0982181 0.0804687 0.163651 0.0605572 0.0430549 0.0115031 0.0995314 0.432444 0.0105723
0.172751 0.0474294 0.00826137 9.9973E-05 9.9973E-05 0.0432845 0.145008 0.582966 9.9973E-05
0.120001 0.116402 0.0394105 9.9982E-05 0.0227949 0.0212329 0.148951 0.531008 9.9982E-05
0.507632 9.9991E-05 0.0231574 0.122913 0.0145683 0.00733328 0.0746624 0.19427 0.055363
0.418674 9.9955E-05 9.9955E-05 9.9955E-05 9.9955E-05 0.0158452 9.9955E-05 0.460141 0.10484
0.362693 0.0560786 9.9964E-05 9.9964E-05 9.9964E-05 0.0153929 0.205233 0.360202 9.9964E-05
0.596679 9.9964E-05 0.125285 9.9964E-05 9.9964E-05 9.9964E-05 0.0324869 0.196612 0.0485368
0.3452 0.0240805 9.9964E-05 9.9964E-05 9.9964E-05 0.104057 0.0698557 0.456407 9.9964E-05
0.115218 0.00733312 0.00319426 0.05696 9.9982E-05 0.0908092 0.146068 0.580217 9.9982E-05
0.111389 9.9991E-05 0.0176493 0.0257064 0.489365 0.0186161 0.123663 0.0997654 0.113745
9.9982E-05 0.0732001 0.108682 0.0622457 0.350312 0.10263 0.0317496 0.270981 9.9982E-05
0.00971432 0.0166187 9.9973E-05 9.9973E-05 0.324268 0.100006 9.9973E-05 0.513243 0.0358493
0.0344904 0.0559124 0.058486 9.9982E-05 0.297017 0.0206514 0.0108433 0.5224 9.9982E-05
9.9964E-05 0.0299804 9.9964E-05 9.9964E-05 0.413574 0.00111223 0.202388 0.352546 9.9964E-05
0.0523393 0.106823 0.0605038 9.9973E-05 0.268989 9.9973E-05 0.0176786 0.493366 9.9973E-05
9.9973E-05 0.126812 0.0641838 9.9973E-05 0.354913 9.9973E-05 0.0693561 0.376871 0.00756341
0.0575288 0.0430855 9.9973E-05 9.9973E-05 0.32418 0.0744956 9.9973E-05 0.484998 0.0154125
0.0795683 0.00634531 0.0502769 0.116767 0.189393 0.0548108 9.9982E-05 0.502639 9.9982E-05
0.0139871 0.0508536 9.9973E-05 0.0853362 0.257862 9.9973E-05 0.0443212 0.54734 9.9973E-05
0.0273643 0.115925 9.9955E-05 9.9955E-05 0.4099 9.9955E-05 9.9955E-05 0.446312 9.9955E-05
0.0128166 0.106823 0.0877684 0.124538 0.0940713 9.9982E-05 9.9982E-05 0.546679 0.0271037
9.9982E-05 0.0570215 0.00891255 0.0734638 0.166182 0.104148 9.9982E-05 0.558224 0.0318484
0.0848523 0.0889981 0.00950747 9.9973E-05 0.225107 9.9973E-05 0.0414082 0.549827 9.9973E-05
9.9982E-05 0.0248585 0.0481429 0.0420402 0.249138 0.0335678 9.9982E-05 0.527189 0.0748637
0.0211217 0.133031 0.0378105 0.0324296 0.171196 9.9991E-05 0.0716116 0.507602 0.0250972
9.9964E-05 9.9964E-05 9.9964E-05 0.0289474 0.490608 0.124845 9.9964E-05 0.297492 0.0577082
0.0128509 0.0337859 0.0888616 0.00255123 0.348977 9.9973E-05 9.9973E-05 0.512673 9.9973E-05
9.9955E-05 9.9955E-05 0.0305777 0.0144877 0.345986 9.9955E-05 9.9955E-05 0.608449 9.9955E-05
0.107665 0.129557 0.0629535 0.0439242 0.331354 9.9982E-05 0.183418 0.14093 9.9982E-05
9.9964E-05 9.9964E-05 9.9964E-05 0.160938 0.592654 0.0616237 9.9964E-05 0.106679 0.0777049
9.9982E-05 0.163924 0.0254152 0.0276156 0.164845 9.9982E-05 0.1111 0.439389 0.0675115
0.213102 0.0659419 0.0136287 0.0658762 0.468877 9.9973E-05 9.9973E-05 9.9973E-05 0.172275
0.0481414 0.0660133 9.9973E-05 9.9973E-05 0.34929 0.0584099 0.327037 0.150808 9.9973E-05
0.148866 0.00788045 9.9973E-05 9.9973E-05 0.26912 9.9973E-05 0.137366 0.327812 0.108655
0.135805 0.132752 9.9982E-05 9.9982E-05 0.334909 0.00344285 0.139357 0.220567 0.0329675
9.9973E-05 0.130211 0.00198631 9.9973E-05 0.412778 9.9973E-05 0.232744 0.197027 0.024954
0.103404 9.9973E-05 0.0750182 9.9973E-05 0.195225 0.0280809 0.0865619 0.511411 9.9973E-05
0.019971 0.0112875 0.0640826 0.105209 0.00162985 0.123997 0.123562 0.53655 0.0137113
0.0267356 0.0212312 0.0974788 9.9982E-05 0.247859 0.109072 9.9982E-05 0.446436 0.0509874
0.0142152 9.9955E-05 9.9955E-05 0.149315 0.793819 9.9955E-05 9.9955E-05 9.9955E-05 0.0421503
9.9973E-05 0.129486 0.0513306 0.0666976 9.9973E-05 0.149989 9.9973E-05 0.464275 0.137922
0.0914297 0.0637195 0.0437547 0.180157 0.0840794 0.00171648 0.0763186 0.445869 0.0129553
0.145561 0.0621802 9.9982E-05 0.414012 0.0851724 0.107531 9.9982E-05 0.034871 0.150472
0.0635781 9.9973E-05 9.9973E-05 0.0154103 0.00955888 0.142459 9.9973E-05 0.624019 0.144674
0.207078 0.00821158 0.0184966 0.177719 0.110137 0.0964555 9.9991E-05 0.317707 0.0640953
0.0751852 0.00847983 0.00236789 0.0380123 0.0516776 0.127256 0.0318958 0.491931 0.173194
0.103161 0.119386 0.00781665 0.331586 0.0180975 0.0820723 0.0700745 0.212619 0.0551875
0.150468 0.107296 9.9982E-05 0.378439 9.9982E-05 0.0228374 0.113934 0.174522 0.0523044
0.0879657 0.111717 9.9991E-05 0.198252 0.00292379 0.0364882 0.105503 0.404163 0.0528859
0.0565261 9.9991E-05 0.0905419 0.113754 0.118784 0.098308 0.0341881 0.395763 0.0920345
0.0641051 0.0361852 0.0957749 0.0541983 0.065499 0.142878 0.0924951 0.348624 0.10024
0.259905 9.9982E-05 0.142689 0.226783 0.096516 0.0728705 0.141004 9.9982E-05 0.0600324
0.077583 0.00744775 0.0369229 0.0967168 9.9991E-05 0.107135 0.126905 0.483557 0.0636328
0.143035 0.00936979 9.9982E-05 0.267306 0.0308513 9.9982E-05 0.187833 0.29821 0.0631949
0.0941554 9.9973E-05 0.00184363 0.190871 0.0414094 9.9973E-05 0.302073 0.369348 9.9973E-05
0.0978559 9.9982E-05 0.0219995 0.0647866 9.9982E-05 0.18547 0.0804773 0.514187 0.0350241
9.9964E-05 9.9964E-05 0.237565 0.27794 9.9964E-05 0.285035 0.0399702 0.159089 9.9964E-05
9.9946E-05 9.9946E-05 0.133694 0.378841 9.9946E-05 0.486866 9.9946E-05 9.9946E-05 9.9946E-05
9.9946E-05 9.9946E-05 0.126627 0.442255 9.9946E-05 0.430519 9.9946E-05 9.9946E-05 9.9946E-05
9.9955E-05 9.9955E-05 0.349387 0.211207 0.124167 0.314739 9.9955E-05 9.9955E-05 9.9955E-05
0.0795107 9.9955E-05 9.9955E-05 0.283686 0.062919 9.9955E-05 9.9955E-05 0.573385 9.9955E-05
0.107013 9.9973E-05 0.0100904 0.0990127 9.9973E-05 0.127538 9.9973E-05 0.472653 0.183394
9.9955E-05 9.9955E-05 0.668362 9.9955E-05 0.0582706 9.9955E-05 0.015101 0.257767 9.9955E-05
0.0344325 9.9964E-05 0.450414 9.9964E-05 0.14214 9.9964E-05 0.146371 0.226243 9.9964E-05
9.9973E-05 0.0585316 0.365794 9.9973E-05 0.0965048 0.082836 0.0426043 0.353429 9.9973E-05
0.100156 9.9973E-05 0.00541118 0.463961 0.0554858 9.9973E-05 9.9973E-05 0.256068 0.118618
0.218194 0.0615216 0.0975539 0.00825466 0.0387461 0.0951235 9.9991E-05 0.389224 0.0912813
0.000826498 9.9973E-05 9.9973E-05 0.544003 0.116972 9.9973E-05 0.0873507 0.15191 0.0986375
0.16258 0.0230059 9.9982E-05 0.225703 0.0131829 0.00548296 9.9982E-05 0.517483 0.0523626
9.9982E-05 0.00738619 0.00556641 0.174477 9.9982E-05 0.0295259 0.0261505 0.510883 0.245811
0.0195226 0.0779369 9.9982E-05 0.22355 0.0157103 0.0259929 0.018826 0.618261 9.9982E-05
0.0932788 9.9964E-05 9.9964E-05 0.480992 9.9964E-05 9.9964E-05 0.154232 0.136162 0.134935
0.0832072 9.9973E-05 0.0823918 0.0720613 9.9973E-05 0.0383348 9.9973E-05 0.584338 0.139367
0.0958683 0.00125302 9.9982E-05 0.157697 9.9982E-05 0.0798727 0.0135269 0.603258 0.0483238
9.9946E-05 9.9946E-05 0.957213 9.9946E-05 9.9946E-05 9.9946E-05 9.9946E-05 0.0351142 0.00707293
9.9964E-05 9.9964E-05 0.911035 9.9964E-05 0.0151067 9.9964E-05 0.0254171 0.0310239 0.0170175
9.9964E-05 9.9964E-05 0.58912 9.9964E-05 9.9964E-05 0.0885066 0.0503783 0.248212 0.0233832
9.9937E-05 9.9937E-05 0.654254 9.9937E-05 9.9937E-05 9.9937E-05 9.9937E-05 0.345046 9.9937E-05
0.0386818 9.9964E-05 0.813287 0.0513468 9.9964E-05 9.9964E-05 0.0114045 0.0848797 9.9964E-05
9.9937E-05 9.9937E-05 0.976217 9.9937E-05 9.9937E-05 9.9937E-05 0.023083 9.9937E-05 9.9937E-05
9.9937E-05 0.0544822 0.944818 9.9937E-05 9.9937E-05 9.9937E-05 9.9937E-05 9.9937E-05 9.9937E-05
9.9937E-05 9.9937E-05 0.789861 9.9937E-05 9.9937E-05 9.9937E-05 9.9937E-05 0.20944 9.9937E-05
9.9937E-05 9.9937E-05 0.949696 9.9937E-05 9.9937E-05 9.9937E-05 0.0496047 9.9937E-05 9.9937E-05
9.993E-05 9.993E-05 0.999201 9.993E-05 9.993E-05 9.993E-05 9.993E-05 9.993E-05 9.993E-05
9.993E-05 9.993E-05 0.999201 9.993E-05 9.993E-05 9.993E-05 9.993E-05 9.993E-05 9.993E-05
9.9955E-05 9.9955E-05 0.7135 9.9955E-05 9.9955E-05 0.040022 0.0625457 0.183433 9.9955E-05
0.00970618 9.9964E-05 0.764507 0.00609939 9.9964E-05 0.0785368 9.9964E-05 0.140751 9.9964E-05
0.0311231 0.00927679 0.959 9.9946E-05 9.9946E-05 9.9946E-05 9.9946E-05 9.9946E-05 9.9946E-05
9.9982E-05 0.0833268 0.368323 0.072541 0.17107 0.049385 0.00333849 0.251816 9.9982E-05
0.0178794 9.9982E-05 0.638174 9.9982E-05 0.12358 0.0464395 0.00641363 0.155321 0.0119927
9.9973E-05 9.9973E-05 0.807948 0.00334116 0.000676631 0.0358983 0.0533462 0.0984895 9.9973E-05
9.9955E-05 0.0339839 0.8785 9.9955E-05 9.9955E-05 9.9955E-05 0.0261665 0.06085 9.9955E-05
9.9937E-05 9.9937E-05 0.985382 9.9937E-05 0.0139186 9.9937E-05 9.9937E-05 9.9937E-05 9.9937E-05
0.0418735 0.0201985 0.904733 9.9964E-05 9.9964E-05 0.0101868 9.9964E-05 0.0226085 9.9964E-05
9.993E-05 9.993E-05 0.999201 9.993E-05 9.993E-05 9.993E-05 9.993E-05 9.993E-05 9.993E-05
9.9973E-05 0.0240537 0.611422 9.9973E-05 9.9973E-05 0.0374717 0.0191945 0.294443 0.0131148
9.9964E-05 0.0123685 0.871414 9.9964E-05 9.9964E-05 0.0231876 0.0451892 0.0474403 9.9964E-05
9.9964E-05 9.9964E-05 0.0325577 0.591939 9.9964E-05 0.270116 0.0376262 9.9964E-05 0.0673613
9.9964E-05 0.0861337 0.0798993 0.227027 9.9964E-05 0.131354 9.9964E-05 0.475186 9.9964E-05
0.0202919 0.0612384 9.9964E-05 0.254639 9.9964E-05 0.198519 9.9964E-05 0.464912 9.9964E-05
0.00503811 0.0560078 0.075639 0.478233 9.9982E-05 0.155759 9.9982E-05 0.195145 0.0339777
9.9973E-05 0.0669113 0.0759761 0.160379 9.9973E-05 0.111785 0.114866 0.469783 9.9973E-05
0.0612968 9.9973E-05 0.098647 0.449176 9.9973E-05 0.186419 0.0339744 0.170187 9.9973E-05
0.0349523 0.0725656 0.108528 0.124281 0.0673621 0.14207 0.0503718 0.377184 0.0226844
9.9964E-05 9.9964E-05 0.219668 0.344962 0.0174041 0.120913 9.9964E-05 0.296652 9.9964E-05
9.9982E-05 9.9982E-05 0.0470504 0.210727 0.0493642 0.120717 0.0411753 0.528174 0.00259256
9.9964E-05 9.9964E-05 0.121077 0.365934 9.9964E-05 0.121444 9.9964E-05 0.366483 0.0246616
9.9973E-05 0.0629746 0.156897 0.204209 9.9973E-05 0.137122 0.055812 0.382686 9.9973E-05
9.9964E-05 0.0950423 9.9964E-05 0.0394907 9.9964E-05 0.80382 9.9964E-05 0.0438375 0.0174096
0.00133916 9.9964E-05 0.0545154 0.00657719 9.9964E-05 0.904648 9.9964E-05 9.9964E-05 0.0325208
9.9946E-05 0.0157391 9.9946E-05 9.9946E-05 9.9946E-05 0.977753 9.9946E-05 0.005908 9.9946E-05
0.00363164 0.0253844 9.9955E-05 9.9955E-05 9.9955E-05 0.930041 9.9955E-05 0.0404433 9.9955E-05
9.9964E-05 0.0528929 0.0270584 0.0138115 9.9964E-05 0.859904 9.9964E-05 0.0459335 9.9964E-05
9.9964E-05 9.9964E-05 0.0806137 9.9964E-05 0.017754 0.868922 9.9964E-05 0.0121857 0.0201244
9.9964E-05 9.9964E-05 0.080061 0.00624317 9.9964E-05 0.849012 0.0314503 0.032834 9.9964E-05
9.9964E-05 9.9964E-05 9.9964E-05 0.0264492 0.0449045 0.853588 9.9964E-05 0.0173051 0.0573532
0.00527521 9.9964E-05 0.00748653 9.9964E-05 0.0365845 0.903427 9.9964E-05 9.9964E-05 0.0468273
9.9964E-05 9.9964E-05 0.128007 0.00361068 0.0202451 0.791194 0.056543 9.9964E-05 9.9964E-05
0.138147 0.143683 9.9964E-05 9.9964E-05 9.9964E-05 0.584544 0.101902 9.9964E-05 0.0313244
0.0199355 0.227552 9.9955E-05 9.9955E-05 9.9955E-05 0.526255 0.225757 9.9955E-05 9.9955E-05
0.0164428 0.16762 9.9973E-05 0.0262286 9.9973E-05 0.530756 0.18489 9.9973E-05 0.0737626
0.0609655 0.155112 9.9982E-05 0.0319225 0.0953243 0.461432 0.143936 9.9982E-05 0.0511077
0.191364 0.0498216 9.9973E-05 9.9973E-05 9.9973E-05 0.0335924 0.248565 0.434584 0.0417733
0.160981 0.0853417 0.0433559 0.0191569 0.0335367 9.9991E-05 0.0540589 0.476008 0.127461
0.139025 0.053162 0.0546503 0.0193108 0.118541 9.9991E-05 0.0584213 0.483648 0.0731417
0.222699 0.0104481 9.9982E-05 0.0704068 0.249531 0.0308595 0.109638 0.306218 9.9982E-05
0.0871688 0.265933 9.9964E-05 9.9964E-05 0.357563 9.9964E-05 0.22432 0.0646153 9.9964E-05
0.133958 0.0512514 0.028601 9.9973E-05 9.9973E-05 0.0186925 9.9973E-05 0.686307 0.08089
0.293357 9.9955E-05 9.9955E-05 0.0443706 0.129738 9.9955E-05 9.9955E-05 0.532034 9.9955E-05
0.349527 9.9973E-05 0.0135776 0.0741397 9.9973E-05 9.9973E-05 0.151976 0.403436 0.00704417
0.464672 9.9964E-05 0.0727911 9.9964E-05 0.108188 9.9964E-05 9.9964E-05 0.316675 0.0372741
0.115799 0.162564 0.0264327 0.059665 0.0423847 0.0081759 9.9991E-05 0.557028 0.0278502
0.298402 0.130984 9.9973E-05 9.9973E-05 0.025163 9.9973E-05 0.108171 0.398854 0.0381257
0.769465 0.0466322 9.9955E-05 9.9955E-05 0.000240297 9.9955E-05 9.9955E-05 9.9955E-05 0.183163
0.260273 9.9973E-05 0.0490574 9.9973E-05 0.138154 0.0101797 0.0629692 0.479067 9.9973E-05
0.556505 9.9964E-05 0.0289207 0.125818 9.9964E-05 9.9964E-05 9.9964E-05 0.198727 0.0896296
0.432491 0.00851917 0.0137885 9.9973E-05 9.9973E-05 0.0361481 9.9973E-05 0.468417 0.0403371
0.610581 0.108053 9.9973E-05 9.9973E-05 9.9973E-05 0.0490591 0.162114 0.0608446 0.0090485
9.9955E-05 0.837573 0.0114314 0.0920823 9.9955E-05 0.0584135 9.9955E-05 9.9955E-05 9.9955E-05
9.9946E-05 0.826735 9.9946E-05 0.106351 9.9946E-05 9.9946E-05 9.9946E-05 0.0663142 9.9946E-05
9.9946E-05 0.890507 9.9946E-05 0.00963813 9.9946E-05 9.9946E-05 9.9946E-05 9.9946E-05 0.099255
0.00875426 0.878998 9.9964E-05 0.0571619 9.9964E-05 0.00843885 9.9964E-05 9.9964E-05 0.0462473
9.9973E-05 0.812332 0.0034075 0.0272762 9.9973E-05 9.9973E-05 0.0338327 0.0701658 0.0526857
9.9964E-05 0.858015 0.0784067 0.0188295 9.9964E-05 9.9964E-05 9.9964E-05 0.0262727 0.0180765
9.9964E-05 0.00736371 0.00790777 9.9964E-05 9.9964E-05 0.855876 9.9964E-05 0.0975316 0.0309215
9.9964E-05 0.00353889 0.0873502 9.9964E-05 9.9964E-05 0.779158 0.0743552 0.0551976 9.9964E-05
9.9964E-05 9.9964E-05 0.114394 0.0248398 0.0147072 0.717107 9.9964E-05 0.128552 9.9964E-05
9.9955E-05 9.9955E-05 0.124393 9.9955E-05 9.9955E-05 0.709373 0.154401 0.0113333 9.9955E-05
9.9964E-05 0.0366302 0.0923384 0.0217791 9.9964E-05 0.733705 9.9964E-05 0.115148 9.9964E-05
0.0365291 0.482145 9.9964E-05 0.0968495 9.9964E-05 0.3304 0.0536757 9.9964E-05 9.9964E-05
0.127875 0.343423 9.9964E-05 0.0132233 9.9964E-05 0.43421 9.9964E-05 9.9964E-05 0.0808696
0.0353454 0.438344 9.9964E-05 9.9964E-05 9.9964E-05 0.400296 0.0322362 9.9964E-05 0.0933781
9.9946E-05 9.9946E-05 9.9946E-05 9.9946E-05 9.9946E-05 0.806792 0.0531489 0.139459 9.9946E-05
0.108515 0.520422 0.0124235 9.9973E-05 9.9973E-05 0.338269 0.00135628 9.9973E-05 0.0187154
9.9973E-05 0.000272903 0.420318 0.107012 9.9973E-05 0.195662 9.9973E-05 0.200502 0.0759328
9.9982E-05 0.00688111 0.214533 0.000425922 0.10837 0.123181 9.9982E-05 0.545668 0.000741039
9.9955E-05 0.0270406 0.255606 9.9955E-05 9.9955E-05 0.149546 9.9955E-05 0.567308 9.9955E-05
0.0993163 0.0493367 0.206399 0.0162581 9.9973E-05 0.267748 9.9973E-05 0.360642 9.9973E-05
0.0693411 0.0249214 0.203807 0.00904721 9.9991E-05 0.178274 0.0360434 0.383564 0.0949012
9.9955E-05 9.9955E-05 0.308552 0.264832 0.0279544 0.398162 9.9955E-05 9.9955E-05 9.9955E-05
0.0813522 0.0762202 9.9982E-05 0.0497315 0.308712 0.00643811 0.158025 0.319321 9.9982E-05
0.0635432 0.0557796 9.9973E-05 0.0763164 0.282181 9.9973E-05 9.9973E-05 0.327023 0.194857
9.9964E-05 0.0741376 9.9964E-05 9.9964E-05 0.336733 0.0630957 0.464478 0.0611565 9.9964E-05
0.0773691 0.0302422 9.9973E-05 0.0847688 0.1146 9.9973E-05 9.9973E-05 0.448446 0.244274
0.212841 0.00251599 9.9964E-05 0.217078 0.248024 9.9964E-05 9.9964E-05 9.9964E-05 0.319141
9.9991E-05 0.0262354 0.0204906 0.0785762 0.0876512 0.0811099 0.154707 0.468574 0.0825556
0.091454 0.0616175 9.9991E-05 0.00969917 0.0503476 0.0608778 0.0758694 0.426456 0.223578
9.9973E-05 9.9973E-05 9.9973E-05 0.00890628 0.333758 0.0717949 0.373768 0.180219 0.0312544
0.0635804 0.0424668 0.0811173 0.0539691 0.0658525 0.0524478 0.197678 0.421852 0.0210367
0.18105 9.9973E-05 9.9973E-05 0.198915 0.357725 9.9973E-05 0.167255 0.0435575 0.0511974
9.9982E-05 0.0440374 0.0634444 0.0828531 0.254066 0.0413577 9.9982E-05 0.321986 0.192055
0.0402901 0.151705 0.0098021 9.9973E-05 0.232071 9.9973E-05 0.0261205 0.539712 9.9973E-05
0.183374 0.0442299 0.182667 0.00803299 9.9982E-05 0.143159 0.089914 0.348424 9.9982E-05
0.060628 0.013378 0.0407702 0.0243916 0.349107 9.9991E-05 0.0875682 0.225565 0.198492
0.0373131 0.141223 0.0211913 9.9991E-05 0.130327 0.0156857 0.0798683 0.370056 0.204235
0.0213715 9.9982E-05 0.147919 0.0806754 0.0491646 9.9982E-05 0.208013 0.317345 0.175311
0.032377 0.0579299 9.9991E-05 0.0825202 0.195294 0.0354516 0.0356311 0.439644 0.121052
0.0907726 0.017682 0.0866691 0.0711608 0.0881336 9.9982E-05 9.9982E-05 0.639517 0.00586447
0.142904 0.0539376 0.063955 9.9982E-05 0.0263633 0.131572 0.089294 0.491774 9.9982E-05
0.109022 0.0692768 0.00510938 0.0655334 0.113135 0.0666155 9.9982E-05 0.571109 9.9982E-05
9.9946E-05 9.9946E-05 0.072432 9.9946E-05 9.9946E-05 0.786002 9.9946E-05 0.140966 9.9946E-05
0.0182761 9.9973E-05 0.0290119 0.0160516 9.9973E-05 0.818606 9.9973E-05 0.104335 0.0134196
0.0176384 0.0180564 0.0167418 0.0546418 0.0750443 0.767223 9.9982E-05 0.0504547 9.9982E-05
0.0884681 0.0554509 0.0605766 9.9964E-05 9.9964E-05 0.787188 9.9964E-05 0.00791678 9.9964E-05
9.9955E-05 0.0163979 0.0169723 9.9955E-05 9.9955E-05 0.82305 9.9955E-05 0.14308 9.9955E-05
9.9973E-05 0.0336365 0.0119619 9.9973E-05 0.565047 0.0543954 0.325339 0.00932022 9.9973E-05
0.0835533 0.0413433 9.9982E-05 9.9982E-05 0.162089 0.0829503 0.0854699 0.423351 0.121043
0.0367884 0.0342597 0.113041 0.0385924 9.9991E-05 0.187255 0.00845987 0.438242 0.143261
9.9964E-05 0.0110096 9.9964E-05 9.9964E-05 0.274813 0.0384685 0.0804983 0.594811 9.9964E-05
9.9964E-05 0.0771274 9.9964E-05 9.9964E-05 0.313329 0.0498195 0.0661248 0.4932 9.9964E-05
9.9982E-05 9.9982E-05 0.0544402 0.0794737 0.622163 0.0133475 0.0140181 0.0807712 0.135587
0.0314936 0.125123 9.9973E-05 0.0073045 0.622585 0.154527 0.0586667 9.9973E-05 9.9973E-05
0.00657904 0.12134 0.0098225 9.9991E-05 0.268303 0.0385306 0.0509105 0.48281 0.0216052
9.9982E-05 0.212702 0.0568387 9.9982E-05 0.106519 0.0331602 0.340407 0.0329331 0.21724
0.0325653 0.0612061 0.0202236 0.138482 0.237313 0.0456225 9.9991E-05 0.382739 0.0817485
9.9973E-05 0.0897405 9.9973E-05 9.9973E-05 0.524431 0.140292 0.101767 0.0359654 0.107505
9.9982E-05 0.106775 0.0843583 0.134351 0.140689 0.0817862 9.9982E-05 0.444834 0.00700654
9.9973E-05 0.153789 0.0531584 9.9973E-05 0.371533 0.0402358 0.35709 0.0238945 9.9973E-05
9.9991E-05 0.0273076 0.035935 0.156997 0.350453 0.0615632 0.113791 0.185377 0.0684752
0.053928 0.0917129 0.0626416 0.204181 0.00429908 9.9991E-05 0.0955688 0.45499 0.0325786
9.9973E-05 0.0344073 9.9973E-05 0.390085 0.0344208 9.9973E-05 0.163654 0.259044 0.118089
0.0126048 0.0765803 9.9964E-05 0.26801 9.9964E-05 9.9964E-05 9.9964E-05 0.632862 0.00954347
9.9991E-05 0.0472195 0.0479721 0.223774 0.164078 0.0228588 0.0287014 0.464325 0.000971795
0.00512114 0.149821 9.9973E-05 0.392813 9.9973E-05 9.9973E-05 0.0245725 0.302722 0.12465
0.0339955 0.156437 0.0359448 0.0959285 0.00567588 0.00618113 0.0342967 0.496511 0.13503
0.0605785 0.065618 9.9964E-05 0.270697 9.9964E-05 9.9964E-05 9.9964E-05 0.570572 0.0321349
0.103856 0.104506 9.9973E-05 0.603614 9.9973E-05 9.9973E-05 0.000299213 0.111974 0.0754509
0.0448955 0.0494009 9.9973E-05 0.563968 9.9973E-05 9.9973E-05 0.0974308 0.215622 0.0283833
9.9964E-05 0.0799766 9.9964E-05 0.34351 0.0536465 9.9964E-05 9.9964E-05 0.456615 0.065852
0.13143 0.0931789 9.9973E-05 0.353642 0.061881 9.9973E-05 9.9973E-05 0.240012 0.119556
0.0781928 0.102097 9.9964E-05 0.278161 9.9964E-05 9.9964E-05 0.0933397 0.44781 9.9964E-05
0.0651024 0.0927323 9.9955E-05 9.9955E-05 0.758068 9.9955E-05 0.0835977 9.9955E-05 9.9955E-05
9.9982E-05 0.0268744 0.00507955 0.0310163 0.526955 9.9982E-05 0.0943595 0.116811 0.198704
9.9982E-05 0.047946 0.0160204 9.9982E-05 0.467837 0.0134028 0.241128 0.201023 0.0124422
0.0802504 0.00351061 0.0512925 9.9982E-05 0.21026 0.0301215 0.118847 0.505518 9.9982E-05
0.191733 0.0718265 9.9964E-05 9.9964E-05 0.429875 9.9964E-05 0.142333 0.163832 9.9964E-05
9.9973E-05 9.9973E-05 0.0510848 0.0711724 0.311437 0.0669045 9.9973E-05 0.405256 0.0938451
9.9964E-05 0.0344462 9.9964E-05 9.9964E-05 0.334487 0.0205567 0.0708903 0.53922 9.9964E-05
0.000138907 9.9973E-05 0.0332012 9.9973E-05 0.461317 0.0435133 0.091156 0.370374 9.9973E-05
9.9973E-05 0.0655275 0.0905711 9.9973E-05 0.345816 0.0349672 9.9973E-05 0.361131 0.101688
0.147882 0.0622838 0.0719758 9.9991E-05 0.337841 0.0120077 0.0700538 0.268626 0.02923
0.0803465 0.082705 0.0836794 9.9973E-05 0.570529 9.9973E-05 0.150693 0.0317469 9.9973E-05
0.00615329 0.221191 0.114459 9.9973E-05 0.39789 9.9973E-05 0.0649631 0.195044 9.9973E-05
9.99371E-05 9.99371E-05 9.99371E-05 9.99371E-05 0.426377 9.99371E-05 9.99371E-05 0.572924 9.99371E-05
0.0525739 9.9973E-05 0.0571673 0.00190073 0.379941 0.0552171 9.9973E-05 0.4529 9.9973E-05
9.9982E-05 0.00120725 9.9982E-05 0.150025 0.291904 0.039742 0.0108364 0.450998 0.0550875
0.0847388 0.0360457 0.0702126 9.9973E-05 0.435984 9.9973E-05 9.9973E-05 0.367881 0.00483824
9.9973E-05 0.00155082 0.00182892 9.9973E-05 0.495221 0.106085 0.0953813 0.299634 9.9973E-05
0.0641009 0.00447253 0.114999 9.9982E-05 0.235614 9.9982E-05 0.136636 0.421786 0.022191
9.9982E-05 0.0944097 0.0176176 9.9982E-05 0.21651 0.00454511 0.112129 0.492447 0.0621423
9.9982E-05 0.000961091 0.109631 0.099522 0.134529 0.0883945 9.9982E-05 0.474991 0.091772
0.00441086 9.9973E-05 0.111976 0.0892806 9.9973E-05 0.335825 0.0490143 0.409193 9.9973E-05
0.122464 9.9973E-05 0.251009 0.0745273 0.13281 0.105484 9.9973E-05 0.313406 9.9973E-05
0.0722019 9.9982E-05 0.13133 0.0271163 0.0955944 0.182954 0.0863748 0.404229 9.9982E-05
0.0317496 0.0267291 0.114991 0.0738182 0.0555167 0.00898115 0.105374 0.510772 0.0720674
0.0604279 9.9964E-05 0.256915 9.9964E-05 9.9964E-05 0.190865 0.0958202 0.395572 9.9964E-05
0.0553379 9.9982E-05 0.000866634 0.13261 0.216222 9.9982E-05 0.104451 0.334309 0.156004
0.099042 9.9982E-05 0.152544 9.9982E-05 0.029431 0.101715 0.0359763 0.501434 0.0796578
0.156739 9.9964E-05 0.155329 0.445241 9.9964E-05 0.180014 0.0622777 9.9964E-05 9.9964E-05
0.0977064 9.9982E-05 0.112193 0.00221968 0.0943342 0.110516 0.11082 0.47201 9.9982E-05
9.9973E-05 0.0220972 0.199853 9.9973E-05 0.0495333 0.112419 9.9973E-05 0.456156 0.159641
9.9982E-05 0.0106775 0.173909 9.9982E-05 0.116578 0.0568297 0.0323639 0.500845 0.108597
0.0889393 9.9991E-05 0.140444 0.0871793 0.0759373 0.18429 0.132883 0.242805 0.0474215
9.9973E-05 9.9973E-05 0.133507 0.0577309 0.106544 0.14733 0.118242 0.436346 9.9973E-05
9.9973E-05 9.9973E-05 0.181721 0.142617 0.134527 0.0775389 9.9973E-05 0.425586 0.0377103
0.00942686 9.9964E-05 0.228116 0.346672 9.9964E-05 0.397867 9.9964E-05 9.9964E-05 0.0175172
9.9955E-05 9.9955E-05 0.179674 9.9955E-05 9.9955E-05 0.202474 9.9955E-05 0.514349 0.103003
9.9964E-05 9.9964E-05 0.243059 9.9964E-05 9.9964E-05 0.0990118 0.0577283 0.475734 0.124067
0.0569899 9.9991E-05 0.0997496 0.0829625 0.0545722 0.120797 0.0528142 0.515227 0.0167871
9.9973E-05 9.9973E-05 0.178556 0.0396953 0.0908073 0.185231 9.9973E-05 0.504637 0.000774001
9.9982E-05 9.9982E-05 0.140007 0.0785738 0.0395455 0.134776 0.0604095 0.486458 0.0600306
0.0725481 0.0411831 0.0787139 9.9973E-05 0.0393036 9.9973E-05 9.9973E-05 0.376617 0.391334
0.0284572 9.9982E-05 0.0952565 9.9982E-05 0.0160421 0.105845 0.0690336 0.440673 0.244493
9.9964E-05 0.00234804 9.9964E-05 0.0776906 0.0448121 9.9964E-05 0.18078 9.9964E-05 0.693969
0.0949918 0.0131703 9.9955E-05 0.0460627 9.9955E-05 9.9955E-05 9.9955E-05 9.9955E-05 0.845275
0.0505003 9.9982E-05 0.0267574 9.9982E-05 0.0599832 0.030108 0.0378486 0.546988 0.247615
9.9982E-05 9.9982E-05 0.28569 0.0847811 0.0707995 0.121726 0.0022472 0.325188 0.109368
9.9964E-05 9.9964E-05 0.31376 9.9964E-05 0.0032968 0.131734 9.9964E-05 0.278025 0.272785
9.9973E-05 9.9973E-05 0.237492 0.0829084 9.9973E-05 0.216609 0.100637 0.113019 0.249034
9.9982E-05 9.9982E-05 0.297329 0.00958298 0.0202555 0.167764 0.0733376 0.210888 0.220643
9.9973E-05 0.0357753 0.105681 0.204668 9.9973E-05 0.0853527 9.9973E-05 0.0124736 0.555749
9.9964E-05 9.9964E-05 0.0309172 0.0960668 9.9964E-05 0.122456 9.9964E-05 0.148465 0.601695
9.9946E-05 9.9946E-05 0.104978 9.9946E-05 9.9946E-05 9.9946E-05 9.9946E-05 0.494924 0.399499
9.9964E-05 9.9964E-05 0.0957857 9.9964E-05 9.9964E-05 0.0539318 0.00183208 0.367083 0.480967
9.9955E-05 9.9955E-05 0.0933764 9.9955E-05 9.9955E-05 0.0154056 9.9955E-05 0.21843 0.672288
0.000293188 9.9973E-05 0.121022 9.9973E-05 9.9973E-05 0.0719846 0.0736502 0.40738 0.325371
9.9964E-05 9.9964E-05 0.0950688 0.0393432 9.9964E-05 0.0834073 9.9964E-05 0.434908 0.346872
9.9982E-05 0.0347122 0.14262 0.0203032 9.9982E-05 0.0871974 0.086327 0.400248 0.228393
0.0423417 0.0311245 9.9964E-05 9.9964E-05 9.9964E-05 9.9964E-05 0.0611417 0.20521 0.659783
0.0577737 9.9982E-05 0.0311277 9.9982E-05 0.122468 0.0101488 0.025319 0.241618 0.511345
9.9955E-05 0.0772729 9.9955E-05 9.9955E-05 0.0498411 9.9955E-05 9.9955E-05 0.526186 0.3462
9.9973E-05 0.0956434 0.0282897 0.00710402 9.9973E-05 0.0695281 9.9973E-05 0.360397 0.438737
9.9982E-05 9.9982E-05 0.0917888 0.0846505 0.0617812 0.084254 0.0929061 0.417488 0.166931
9.9955E-05 9.9955E-05 9.9955E-05 0.0932533 0.077814 9.9955E-05 9.9955E-05 0.440014 0.388419
9.9964E-05 0.0885306 9.9964E-05 0.0427817 9.9964E-05 9.9964E-05 0.00291595 0.196658 0.668714
0.114178 9.9964E-05 0.0455659 9.9964E-05 9.9964E-05 0.0323012 9.9964E-05 0.502673 0.304882
0.0653189 9.9991E-05 0.145519 0.0631566 0.0533557 0.0916386 0.0631868 0.312973 0.204752
9.99369E-05 9.99369E-05 9.99369E-05 9.99369E-05 9.99369E-05 9.99369E-05 9.99369E-05 0.222171 0.77713
9.9955E-05 9.9955E-05 9.9955E-05 9.9955E-05 9.9955E-05 0.0386742 0.058798 0.333072 0.568956
0.169296 0.0353228 0.07586 9.9973E-05 9.9973E-05 0.0451634 9.9973E-05 0.466298 0.20776
0.0411336 9.9973E-05 9.9973E-05 9.9973E-05 0.0371722 0.00990916 0.112104 0.373379 0.426002
9.9973E-05 9.9973E-05 0.0862036 0.0125222 9.9973E-05 0.181533 0.120003 0.442025 0.157414
0.0813792 0.0591112 0.255911 0.098254 0.0464774 0.0503935 0.0619987 0.237963 0.108512
9.9991E-05 0.0345203 0.288086 0.0903286 0.0763531 0.0978885 0.0420162 0.304154 0.0665539
9.9973E-05 0.119769 0.187958 0.114027 9.9973E-05 0.207868 9.9973E-05 0.294117 0.0759614
0.0460883 0.0437326 0.186584 9.9982E-05 9.9982E-05 0.1581 0.0842669 0.388373 0.092656
0.0681322 0.00467552 0.177596 9.9982E-05 0.0883611 0.172535 9.9982E-05 0.332563 0.155937
9.9955E-05 9.9955E-05 0.0953659 0.122172 9.9955E-05 0.190323 9.9955E-05 9.9955E-05 0.59164
9.9973E-05 0.0278498 0.220476 0.0238613 9.9973E-05 0.0365222 9.9973E-05 0.515494 0.175496
9.9955E-05 9.9955E-05 0.0919592 0.133806 9.9955E-05 0.392247 9.9955E-05 9.9955E-05 0.381488
9.9964E-05 9.9964E-05 0.220833 9.9964E-05 9.9964E-05 0.0154809 0.0342479 0.419089 0.309949
0.146899 9.9937E-05 9.9937E-05 9.9937E-05 9.9937E-05 9.9937E-05 9.9937E-05 9.9937E-05 0.852402
0.0973997 9.9946E-05 9.9946E-05 9.9946E-05 9.9946E-05 9.9946E-05 0.000243925 9.9946E-05 0.901757
0.0171948 9.9955E-05 9.9955E-05 9.9955E-05 9.9955E-05 9.9955E-05 0.0746711 0.395478 0.512156
9.9955E-05 9.9955E-05 9.9955E-05 9.9955E-05 9.9955E-05 0.0152476 0.0149036 0.545115 0.424234
9.9946E-05 9.9946E-05 9.9946E-05 9.9946E-05 9.9946E-05 9.9946E-05 0.0921929 0.330945 0.576262
9.9946E-05 9.9946E-05 9.9946E-05 9.9946E-05 9.9946E-05 9.9946E-05 0.131332 0.397643 0.470425
9.9946E-05 9.9946E-05 9.9946E-05 9.9946E-05 9.9946E-05 9.9946E-05 0.0627039 0.468252 0.468444
9.9964E-05 0.0122511 0.0697546 9.9964E-05 9.9964E-05 0.761815 9.9964E-05 0.0820514 0.0737285
9.9964E-05 0.0927677 0.130051 9.9964E-05 9.9964E-05 0.708384 0.00836017 9.9964E-05 0.0600371
9.9946E-05 0.0611235 0.085742 9.9946E-05 9.9946E-05 0.852535 9.9946E-05 9.9946E-05 9.9946E-05
9.9946E-05 9.9946E-05 9.9946E-05 0.0200529 9.9946E-05 0.90949 9.9946E-05 0.0698572 9.9946E-05
0.314732 9.9982E-05 0.0557045 9.9982E-05 0.0210265 0.0219531 0.00182203 0.440517 0.144045
0.365642 0.00943368 0.000474049 9.9982E-05 9.9982E-05 0.0471333 0.00889063 0.509364 0.0588626
0.358364 0.0350508 9.9964E-05 9.9964E-05 9.9964E-05 9.9964E-05 0.123741 0.440279 0.042166
0.282825 9.9955E-05 9.9955E-05 9.9955E-05 9.9955E-05 0.104801 0.0179361 0.593938 9.9955E-05
0.126555 0.106675 0.131308 0.127698 0.0484056 0.0481656 0.0074668 0.403626 9.9991E-05
0.426365 0.0902614 0.00834334 0.0836836 9.9991E-05 0.0198663 0.0441212 0.249489 0.0777704
0.316699 9.9964E-05 0.0791496 9.9964E-05 9.9964E-05 9.9964E-05 0.0861568 0.472184 0.0454104
0.464972 9.9964E-05 9.9964E-05 0.143915 0.0116443 9.9964E-05 9.9964E-05 0.305194 0.073875
9.9991E-05 0.025185 0.127773 0.0100239 0.0901354 0.243889 0.0740084 0.382988 0.0458971
0.405066 0.00340955 0.060708 9.9973E-05 9.9973E-05 9.9973E-05 0.0966412 0.355232 0.0786429
0.494693 0.0873037 9.9964E-05 9.9964E-05 9.9964E-05 0.0210852 0.109043 0.287475 9.9964E-05
0.420187 9.9964E-05 0.0066695 9.9964E-05 0.0322808 9.9964E-05 9.9964E-05 0.510957 0.0295053
0.321041 9.9955E-05 9.9955E-05 9.9955E-05 9.9955E-05 9.9955E-05 0.11202 0.433137 0.133303
0.295117 9.9955E-05 9.9955E-05 9.9955E-05 0.0361127 9.9955E-05 9.9955E-05 0.575773 0.092497
0.289625 0.0361084 0.0374457 9.9973E-05 9.9973E-05 0.0489256 9.9973E-05 0.570635 0.0169606
0.864963 9.9946E-05 9.9946E-05 9.9946E-05 9.9946E-05 9.9946E-05 9.9946E-05 0.0764526 0.0579852
0.542835 9.9982E-05 0.0517719 0.0491638 0.0213005 9.9982E-05 0.0562984 0.176007 0.102423
0.624235 0.0567777 9.9946E-05 9.9946E-05 9.9946E-05 9.9946E-05 9.9946E-05 0.318388 9.9946E-05
0.825458 9.9946E-05 9.9946E-05 0.104612 9.9946E-05 9.9946E-05 9.9946E-05 9.9946E-05 0.0693307
0.335597 9.9982E-05 0.0804553 9.9982E-05 0.171391 0.045293 0.00828647 0.356083 0.00269492
0.566007 0.0247131 0.0240396 0.233927 0.0816461 9.9982E-05 9.9982E-05 0.062317 0.00714966
0.794859 9.9964E-05 9.9964E-05 0.0578293 0.00746504 0.0158359 9.9964E-05 9.9964E-05 0.12361
0.296307 9.9982E-05 0.0800651 0.00262169 0.0463156 0.00823979 9.9982E-05 0.511283 0.0549674
0.532069 0.0515396 9.9982E-05 9.9982E-05 0.011459 0.0420826 0.133784 0.152002 0.0768643
0.423292 0.0335616 0.111897 0.0375162 0.0309796 9.9982E-05 0.0425568 0.319997 9.9982E-05
0.104406 0.0727199 0.0906364 0.0765924 0.0296294 9.9982E-05 0.128282 0.497534 9.9982E-05
0.307515 0.0350208 9.9973E-05 0.0121535 0.05141 9.9973E-05 0.11729 0.47631 9.9973E-05
9.9955E-05 9.9955E-05 0.00859648 0.0171965 0.850712 9.9955E-05 9.9955E-05 0.122995 9.9955E-05
0.283363 0.0689414 9.9955E-05 9.9955E-05 9.9955E-05 9.9955E-05 9.9955E-05 0.609027 0.0381686
0.339485 9.9973E-05 9.9973E-05 0.0482428 0.129687 0.00532825 0.0190752 0.457882 9.9973E-05
0.611202 0.0087263 9.9955E-05 0.0447405 9.9955E-05 9.9955E-05 9.9955E-05 0.334831 9.9955E-05
0.176508 0.121636 0.0258898 0.0891177 9.9991E-05 0.011043 0.0425872 0.527016 0.00610279
0.0160623 0.176264 0.00454227 9.9982E-05 0.0531368 0.605751 0.0839089 9.9982E-05 0.0601344
9.9964E-05 0.00602212 9.9964E-05 9.9964E-05 9.9964E-05 0.72789 0.154002 0.0470094 0.0646764
0.0455549 0.0926058 9.9964E-05 0.0314859 9.9964E-05 0.819061 0.010893 9.9964E-05 9.9964E-05
0.0119963 0.161756 9.9982E-05 9.9982E-05 0.00531313 0.78693 0.00535734 0.0107414 0.0177063
