0.0347819 0.018582 0.946636
0.01792 9.9991E-05 0.98198
0.11985 0.0213891 0.858761
0.0820943 0.0501715 0.867734
0.0649877 9.9991E-05 0.934912
0.105102 0.205363 0.689535
0.0393221 0.0830879 0.87759
0.0359054 0.16372 0.800375
9.9991E-05 0.0683822 0.931518
0.112892 0.157145 0.729962
9.9991E-05 0.18368 0.81622
0.158511 0.779348 0.0621408
0.128041 0.74687 0.125089
0.132527 0.639124 0.228349
0.0232905 0.759944 0.216766
0.196719 0.705317 0.097964
0.145267 0.72907 0.125663
0.27736 0.612503 0.110138
0.105642 0.748693 0.145665
0.146507 9.9991E-05 0.853393
0.125464 9.9991E-05 0.874436
0.0915971 0.0336205 0.874782
0.151834 0.0773382 0.770828
0.00875913 0.796089 0.195152
0.0570602 0.870126 0.0728137
0.120752 0.879148 9.9991E-05
9.9991E-05 0.894934 0.104966
0.0325914 0.855269 0.11214
0.105652 0.856991 0.0373566
0.0405622 0.789113 0.170325
0.0930566 0.62089 0.286053
9.9991E-05 0.820887 0.179013
0.123302 0.753035 0.123664
0.0504185 0.794985 0.154597
0.0787562 0.921144 9.9991E-05
0.0227526 0.977147 9.9991E-05
0.0286761 0.971224 9.9991E-05
0.0663098 0.93359 9.9991E-05
0.125121 0.825146 0.0497331
0.0807462 0.790061 0.129193
0.0495992 0.950301 9.9991E-05
0.0837472 0.0603368 0.855916
0.0393321 9.9991E-05 0.960568
0.0897235 9.9991E-05 0.910177
0.0550856 9.9991E-05 0.944814
0.111387 9.9991E-05 0.888513
0.070031 9.9991E-05 0.929869
0.050076 9.9991E-05 0.949824
9.9991E-05 0.886991 0.112909
9.9991E-05 0.95543 0.0444699
0.236579 0.763321 9.9991E-05
0.0937272 0.773814 0.132459
0.165054 0.768354 0.0665919
0.141942 0.752427 0.105631
0.133698 0.866202 9.9991E-05
0.109371 0.747845 0.142784
0.107531 0.769875 0.122594
0.171132 0.744315 0.084553
0.00259638 0.761825 0.235579
0.164986 0.623676 0.211338
0.113337 0.70288 0.183782
0.159054 0.772723 0.0682227
0.185769 0.703537 0.110694
0.152838 0.847062 9.9991E-05
0.443396 0.266218 0.290385
0.23382 0.0994429 0.666738
0.301603 0.181906 0.516492
0.448054 0.164322 0.387624
0.213845 0.771345 0.0148093
0.178349 0.804087 0.017564
0.138643 0.861257 9.9991E-05
0.9668 0.0154651 0.0177348
0.9344 0.0654995 9.9991E-05
0.9998 9.999E-05 9.999E-05
0.978036 0.00917471 0.0127894
0.960581 0.039319 9.9991E-05
0.9998 9.999E-05 9.999E-05
0.9998 9.999E-05 9.999E-05
0.9998 9.999E-05 9.999E-05
0.965377 0.0109229 0.0236998
0.900994 9.9991E-05 0.098906
0.993269 9.9991E-05 0.00663077
0.863172 0.0691594 0.0676687
0.0931028 0.549105 0.357792
0.235233 0.477335 0.287432
0.251228 0.425865 0.322907
9.9991E-05 0.100142 0.899758
0.0790418 9.9991E-05 0.920858
9.9991E-05 0.000208868 0.999691
0.0274522 9.9991E-05 0.972448
0.0928614 9.9991E-05 0.907039
0.0950855 9.9991E-05 0.904815
0.0800914 9.9991E-05 0.919809
0.0232825 0.057514 0.919204
0.0440804 9.9991E-05 0.95582
0.0714175 9.9991E-05 0.928483
9.9991E-05 0.300906 0.698994
9.9991E-05 0.297159 0.702741
9.9991E-05 0.374948 0.624952
9.9991E-05 0.433936 0.565964
0.0759387 0.853877 0.0701841
0.189055 0.810845 9.9991E-05
9.999E-05 0.9998 9.999E-05
0.164364 0.835536 9.9991E-05
9.9991E-05 0.919623 0.0802773
9.9991E-05 0.676914 0.322986
9.9991E-05 0.729816 0.270084
9.9991E-05 0.7618 0.2381
9.9991E-05 0.707756 0.292144
9.9991E-05 0.782047 0.217853
9.9991E-05 0.727504 0.272396
0.0656456 0.0385934 0.895761
0.0283711 0.0508516 0.920777
0.134751 0.0844963 0.780753
0.140972 0.0739587 0.785069
0.136101 0.0639502 0.799949
9.9991E-05 0.423324 0.576576
9.9991E-05 0.42418 0.57572
9.9991E-05 0.41965 0.58025
0.125634 9.9991E-05 0.874266
9.9991E-05 0.474213 0.525687
0.500615 0.281435 0.21795
0.468675 0.134724 0.396601
0.164048 0.777489 0.0584631
0.053578 0.720342 0.22608
0.236721 0.763179 9.9991E-05
9.999E-05 0.9998 9.999E-05
0.0625838 0.745902 0.191514
0.0427721 0.921972 0.0352561
0.232738 0.767162 9.9991E-05
0.190296 0.726009 0.0836947
0.133124 9.9991E-05 0.866776
0.0900587 0.0193468 0.890594
0.082642 0.0939709 0.823387
0.0955313 0.0821133 0.822355
0.0762964 0.0529966 0.870707
0.0511535 0.763477 0.185369
9.9991E-05 0.756348 0.243552
0.0832308 0.689063 0.227707
0.0358146 0.760972 0.203214
0.0886466 0.732999 0.178355
0.135561 0.73823 0.126209
0.0807338 0.878355 0.0409111
0.0593236 0.940576 9.9991E-05
0.101306 0.898594 9.9991E-05
0.0526258 0.888987 0.0583868
0.0378786 0.798449 0.163673
0.144227 0.855673 9.9991E-05
0.120742 0.812262 0.0669955
0.190928 0.762728 0.0463445
0.25747 0.527677 0.214854
0.287598 0.200603 0.511799
0.0460016 0.953898 9.9991E-05
0.0551648 0.933424 0.0114113
0.505266 0.361839 0.132895
0.458604 0.382274 0.159123
0.174017 0.693753 0.132229
0.207503 0.661701 0.130796
0.390056 0.594574 0.0153703
0.275505 0.681275 0.0432203
0.0940199 0.90588 9.9991E-05
0.145369 0.854531 9.9991E-05
0.213854 0.564105 0.222041
0.308305 0.28325 0.408445
0.0600471 0.939853 9.9991E-05
0.0427156 0.947234 0.0100499
0.202663 0.797237 9.9991E-05
0.178126 0.821774 9.9991E-05
0.106703 0.0877856 0.805511
0.140203 0.0849506 0.774847
0.0417811 9.9991E-05 0.958119
0.0166849 9.9991E-05 0.983215
0.0325134 0.967387 9.9991E-05
0.101149 0.870427 0.0284248
0.00510341 0.994797 9.9991E-05
0.102193 0.897707 9.9991E-05
9.9991E-05 0.997917 0.00198335
0.072454 0.863932 0.0636143
0.174822 0.825078 9.9991E-05
0.00411347 0.239749 0.756137
0.0465255 0.147747 0.805727
9.9991E-05 0.089083 0.910817
9.9991E-05 0.122018 0.877882
9.9991E-05 0.185533 0.814367
0.0546646 0.890731 0.0546049
0.0317936 0.862416 0.10579
0.0922429 0.907657 9.9991E-05
0.0800517 0.870696 0.0492521
0.152878 0.809474 0.037648
0.667777 0.00770652 0.324516
0.0879196 0.636262 0.275819
0.132979 0.660382 0.206639
0.257556 0.372046 0.370399
0.229439 0.352602 0.417959
0.258309 0.357591 0.384099
0.362046 0.174004 0.46395
0.290101 0.376633 0.333267
0.258214 0.397111 0.344674
0.237009 0.497712 0.265279
0.201483 0.294499 0.504019
0.36847 0.259421 0.372109
0.436239 0.285365 0.278396
9.9991E-05 0.130505 0.869395
9.9991E-05 0.740571 0.259329
9.9991E-05 0.795164 0.204736
9.9991E-05 0.76381 0.23609
9.9991E-05 0.733642 0.266258
9.9991E-05 0.808336 0.191564
9.9991E-05 0.731833 0.268067
9.9991E-05 0.595928 0.403972
9.9991E-05 0.0695626 0.930337
0.0686023 0.0978655 0.833532
0.0699312 9.9991E-05 0.929969
9.9991E-05 0.099633 0.900267
0.0811198 9.9991E-05 0.91878
0.0430732 0.0616719 0.895255
0.0998309 9.9991E-05 0.900069
0.0711788 9.9991E-05 0.928721
9.999E-05 9.999E-05 0.9998
0.0911901 9.9991E-05 0.90871
0.00734972 9.9991E-05 0.99255
0.0274563 9.9991E-05 0.972444
0.112762 9.9991E-05 0.887138
0.144723 9.9991E-05 0.855177
0.239273 9.9991E-05 0.760627
0.151282 0.010194 0.838524
0.158488 9.9991E-05 0.841412
0.183631 0.610973 0.205396
0.141126 0.777029 0.0818452
0.19205 0.64826 0.15969
0.100655 0.851142 0.0482033
0.0527902 0.821363 0.125847
0.102789 0.741344 0.155867
0.258876 0.639989 0.101135
0.200666 0.321574 0.47776
0.334983 0.259777 0.40524
0.287843 0.290713 0.421445
0.314385 0.233441 0.452174
