0.00666504 9.9973E-05 0.0566821 0.909876 0.00161618 9.9973E-05 9.9973E-05 0.0248612
9.9955E-05 0.0140606 9.9955E-05 0.917682 9.9955E-05 0.0677572 9.9955E-05 9.9955E-05
0.0517643 9.9964E-05 9.9964E-05 0.793665 9.9964E-05 9.9964E-05 0.113935 0.0402352
0.0727879 9.9973E-05 0.0715389 0.753778 9.9973E-05 9.9973E-05 0.0109482 0.0906471
0.0206285 9.9973E-05 9.9973E-05 0.86762 9.9973E-05 0.0294591 0.0398693 0.0421227
0.054074 9.9982E-05 9.9982E-05 0.565618 0.11447 0.0179137 0.0994627 0.148262
9.9973E-05 9.9973E-05 0.0637936 0.808072 0.0568397 0.0533415 9.9973E-05 0.0176536
0.0335362 0.0538129 9.9991E-05 0.694436 0.0721415 0.00290544 0.0103131 0.132755
9.99639E-05 0.0599661 9.99639E-05 0.826492 0.035507 9.99639E-05 9.99639E-05 0.0776348
0.0512758 9.9973E-05 9.9973E-05 0.677895 9.9973E-05 0.0506325 0.0990493 0.120848
9.9973E-05 0.0156942 9.9973E-05 0.71294 0.119685 9.9973E-05 0.024744 0.126637
0.100533 0.0569087 0.679129 9.9964E-05 9.9964E-05 9.9964E-05 0.163029 9.9964E-05
0.0510463 0.0187034 0.441576 9.9964E-05 9.9964E-05 9.9964E-05 0.488274 9.9964E-05
0.0731324 9.9991E-05 0.598012 0.0227383 0.0740635 0.0463004 0.153345 0.0323094
0.169549 9.9982E-05 0.551581 0.0238615 0.0453358 9.9982E-05 0.204743 0.00472941
0.0859692 0.0861467 0.314964 0.0875849 0.0303805 0.0268097 0.368045 9.9991E-05
0.0400855 9.9982E-05 0.236557 0.102282 0.0587435 0.0614417 0.50069 9.9982E-05
0.0964358 0.0955307 0.294796 0.0458187 0.0476323 9.9991E-05 0.363888 0.0557985
0.0723332 0.0514265 0.459004 0.137264 9.9973E-05 9.9973E-05 0.279672 9.9973E-05
0.0233473 9.9973E-05 0.795092 0.00898923 0.147257 9.9973E-05 9.9973E-05 0.0250144
0.138498 0.0598662 0.368713 9.9973E-05 9.9973E-05 0.147283 0.285341 9.9973E-05
0.00161668 0.149462 0.217432 9.9973E-05 0.148911 9.9973E-05 0.482278 9.9973E-05
0.0404522 0.0648742 0.289972 0.0213564 0.0443185 9.9991E-05 0.516519 0.0224072
0.092404 0.0922027 0.509871 0.00255458 0.0672795 9.9982E-05 0.235489 9.9982E-05
0.0338187 0.086915 0.133641 0.157142 9.9982E-05 9.9982E-05 0.551026 0.0372569
0.0276201 9.9964E-05 0.348351 9.9964E-05 0.0745406 9.9964E-05 0.549088 9.9964E-05
0.0943179 0.0216444 0.714087 9.9982E-05 0.0773031 0.00362693 0.0888206 9.9982E-05
0.180047 9.9964E-05 0.650338 9.9964E-05 0.0694481 9.9964E-05 0.0997676 9.9964E-05
9.9964E-05 9.9964E-05 0.608309 9.9964E-05 0.123733 0.0691473 0.19841 9.9964E-05
0.0248139 9.9955E-05 9.9955E-05 0.836074 9.9955E-05 9.9955E-05 0.138613 9.9955E-05
9.9946E-05 9.9946E-05 9.9946E-05 0.835689 9.9946E-05 9.9946E-05 0.163711 9.9946E-05
0.0564718 0.00918127 0.00471183 0.778132 9.9973E-05 9.9973E-05 0.151204 9.9973E-05
0.0584283 0.0759468 9.9973E-05 0.723647 0.00457441 9.9973E-05 0.137104 9.9973E-05
9.999E-05 0.213282 0.0456898 0.0361846 0.00187449 0.0759476 0.558897 0.0680249
0.0255123 0.360299 0.0487731 0.0509376 0.0299231 9.9991E-05 0.483096 0.00135804
0.0406393 0.372429 9.9973E-05 9.9973E-05 9.9973E-05 0.0188721 0.533332 0.034428
9.9982E-05 0.0667598 0.651165 0.128623 9.9982E-05 0.0487297 0.0796014 0.024921
0.0623778 0.599558 0.0635911 0.0200102 9.9982E-05 0.0394277 0.214835 9.9982E-05
0.0261797 0.255792 0.145876 0.123562 9.9973E-05 9.9973E-05 0.448291 9.9973E-05
0.0469314 0.211473 9.9991E-05 0.0204352 0.00283613 0.0333747 0.646751 0.0380986
9.9991E-05 0.168513 0.0490947 0.0833404 0.0923743 0.0286048 0.505991 0.0719824
0.044732 0.150803 9.9991E-05 0.0929822 0.0149554 0.0357578 0.632985 0.0276844
9.9964E-05 0.642828 0.221298 0.0310665 9.9964E-05 9.9964E-05 0.104407 9.9964E-05
9.9982E-05 0.0972315 0.0604301 0.0556765 0.0905897 9.9982E-05 0.644198 0.0516738
0.0976103 0.293605 0.0276902 0.0552362 9.9973E-05 9.9973E-05 0.525558 9.9973E-05
0.0629502 0.0834163 0.0867164 0.120136 0.0189019 9.9991E-05 0.543425 0.084354
0.00758399 0.698997 9.9964E-05 9.9964E-05 9.9964E-05 0.0370275 0.255991 9.9964E-05
0.08493 0.27623 9.9973E-05 0.0106022 9.9973E-05 9.9973E-05 0.540887 0.0870514
0.0700118 0.0500619 0.000256867 0.110927 9.9991E-05 0.150272 0.549513 0.0688571
9.9964E-05 0.696485 9.9964E-05 0.0318007 0.268218 0.00309622 9.9964E-05 9.9964E-05
9.9982E-05 0.146787 0.519098 9.9982E-05 0.0418703 0.0396871 0.150221 0.102136
0.00341944 0.105833 0.277986 9.9991E-05 0.328195 0.155956 0.11347 0.0150403
0.0770659 9.9982E-05 0.118049 0.0493338 9.9982E-05 0.0597951 0.610255 0.0853013
0.0712874 0.0118359 0.16312 0.0599624 0.0796528 0.0624296 0.551612 9.9991E-05
0.0240473 0.0438613 0.0395602 0.0406878 0.115878 0.0843634 0.582613 0.0689886
9.999E-05 0.213364 0.397547 0.0929198 0.00572691 0.0300897 0.162603 0.097649
9.9973E-05 0.0298246 0.264293 9.9973E-05 0.104656 9.9973E-05 0.538677 0.0622498
0.0728566 0.0838603 0.211677 0.0128882 0.111536 9.9982E-05 0.506983 9.9982E-05
9.999E-05 0.101648 0.202747 0.0673097 0.0477207 0.138357 0.37664 0.065477
0.0469068 0.160068 0.309337 0.194567 0.159947 0.00577948 0.0554266 0.0679684
0.0042089 0.232933 0.129446 0.117229 0.00112305 0.0195102 0.485359 0.0101922
0.00796225 0.0385803 0.311847 0.0226765 0.0405066 0.0793081 0.410326 0.0887937
9.9973E-05 0.167605 0.688144 0.0437097 0.0535858 9.9973E-05 9.9973E-05 0.0466558
0.0226096 0.0238912 0.444311 9.9982E-05 0.0326369 0.0504773 0.425874 9.9982E-05
0.0588376 0.0251171 0.148667 0.0511508 0.133069 0.0730487 0.510009 9.9991E-05
0.0570956 0.0702579 0.164665 0.060217 0.0400484 0.0583099 0.549307 9.9991E-05
0.0560399 0.081218 0.373001 9.9982E-05 0.178486 0.0586385 0.252417 9.9982E-05
0.124016 0.0336373 0.251705 9.9991E-05 0.142957 0.0554876 0.35139 0.0407066
9.9973E-05 9.9973E-05 0.143459 0.0355613 9.9973E-05 0.0980622 0.564883 0.157734
9.9991E-05 0.0558304 0.499579 0.0347258 0.0999051 0.119838 0.151849 0.0381725
9.9955E-05 0.394539 0.0780633 9.9955E-05 9.9955E-05 9.9955E-05 0.526898 9.9955E-05
9.9955E-05 0.660936 0.150047 9.9955E-05 9.9955E-05 9.9955E-05 0.188517 9.9955E-05
9.9982E-05 0.111274 0.0904319 0.120334 9.9982E-05 0.11925 0.552594 0.00591726
9.9964E-05 0.856218 9.9964E-05 9.9964E-05 0.130591 0.00501987 9.9964E-05 0.00777179
9.9973E-05 0.820536 0.0254173 9.9973E-05 0.0263224 0.082826 9.9973E-05 0.0445981
9.9955E-05 0.752404 0.00827804 9.9955E-05 9.9955E-05 9.9955E-05 0.238819 9.9955E-05
0.0278059 0.418987 0.0742779 9.9973E-05 9.9973E-05 9.9973E-05 0.420747 0.0578831
0.0376873 0.217592 0.0686694 0.130309 9.9991E-05 0.100977 0.430054 0.0146108
0.0424121 0.517554 0.044527 0.0460482 0.000643644 9.9991E-05 0.346295 0.00242046
0.0343211 0.649976 0.137764 0.0220126 9.9982E-05 9.9982E-05 0.0982242 0.0575018
9.9973E-05 0.522504 0.104347 0.02771 9.9973E-05 9.9973E-05 0.187051 0.158088
0.061418 0.260202 9.9991E-05 0.0205782 0.0123174 0.0297601 0.517551 0.0980733
9.9973E-05 0.577528 0.0844516 0.0230078 9.9973E-05 0.0166676 0.298045 9.9973E-05
9.9973E-05 0.463063 0.0301263 0.105892 9.9973E-05 9.9973E-05 0.390907 0.0097117
9.9973E-05 0.603035 9.9973E-05 0.0154525 9.9973E-05 0.0405803 0.340282 0.000349787
0.00147581 0.695343 9.9964E-05 9.9964E-05 0.187629 0.115152 9.9964E-05 9.9964E-05
0.0472868 0.264686 0.0580072 9.9973E-05 0.0138904 9.9973E-05 0.61583 9.9973E-05
9.9964E-05 9.9964E-05 0.00932886 0.812416 9.9964E-05 9.9964E-05 0.123548 0.0543076
9.9946E-05 9.9946E-05 9.9946E-05 0.885873 9.9946E-05 9.9946E-05 0.113528 9.9946E-05
0.0682872 9.9955E-05 9.9955E-05 0.851672 9.9955E-05 9.9955E-05 0.079541 9.9955E-05
9.9964E-05 0.0360742 9.9964E-05 0.875427 0.0200937 9.9964E-05 0.0680054 9.9964E-05
9.9955E-05 0.0243512 9.9955E-05 0.873673 9.9955E-05 9.9955E-05 0.101476 9.9955E-05
0.0367517 0.0208101 9.9982E-05 0.83242 0.0246319 9.9982E-05 0.0659037 0.0192827
0.0196443 9.99551E-05 9.99551E-05 0.883361 9.99551E-05 9.99551E-05 0.096495 9.99551E-05
0.139907 0.208236 0.167848 0.0218756 9.9982E-05 0.0823 0.379633 9.9982E-05
0.0487516 0.200188 0.0682382 0.0343942 0.0219337 0.0574079 0.522582 0.0465048
9.9973E-05 0.802488 0.0979522 0.0449553 9.9973E-05 0.0366424 0.0176623 9.9973E-05
9.9991E-05 0.0900845 0.0402423 0.0746854 0.0542236 0.0337703 0.583049 0.123845
0.0657649 0.418833 0.137764 0.0270159 9.9973E-05 9.9973E-05 0.350322 9.9973E-05
9.9964E-05 0.268427 9.9964E-05 0.0499523 9.9964E-05 0.0899714 0.59125 9.9964E-05
0.0133081 0.292803 0.0737381 0.0173054 0.00131557 0.123786 0.450202 0.027543
0.0645835 0.52451 9.9982E-05 0.00825769 0.00812549 9.9982E-05 0.381314 0.0130092
9.9964E-05 0.681058 0.196758 0.0524269 9.9964E-05 9.9964E-05 9.9964E-05 0.0693572
9.9991E-05 0.121288 0.117858 0.0891757 0.0370226 0.0514165 0.560329 0.0228095
0.00765384 0.152312 0.0858037 0.0318108 9.9982E-05 0.0742872 0.647933 9.9982E-05
0.051281 0.188576 0.0891683 0.0497137 9.9982E-05 9.9982E-05 0.528606 0.0924553
0.0239104 0.491534 0.0594335 9.9991E-05 0.0721417 0.0737325 0.267555 0.0115927
9.9973E-05 0.473648 9.9973E-05 0.0296632 9.9973E-05 0.0382732 0.454938 0.00317726
0.0122841 0.285558 0.191359 0.0676797 9.9982E-05 9.9982E-05 0.42256 0.0203593
0.0936789 0.600444 9.9973E-05 9.9973E-05 9.9973E-05 0.0370131 0.251481 0.0170827
9.9973E-05 0.463504 0.0863478 0.0399603 9.9973E-05 9.9973E-05 0.384937 0.0249514
0.0882246 0.147833 0.0651951 0.153119 9.9982E-05 0.0700724 0.475356 9.9982E-05
0.0603439 0.00255128 0.492901 0.090702 0.0425352 0.163251 0.140772 0.00694369
0.0817718 9.9973E-05 0.314544 0.0658301 9.9973E-05 9.9973E-05 0.389262 0.148292
0.0613886 9.9982E-05 0.198027 0.136502 0.0669298 9.9982E-05 0.499352 0.0376008
0.111046 0.094135 0.0299541 0.0788386 0.0604488 0.0828961 0.488381 0.0543012
9.9964E-05 9.9964E-05 0.464183 0.0823545 9.9964E-05 0.042238 0.410825 9.9964E-05
0.00752995 9.9973E-05 0.241882 9.9973E-05 9.9973E-05 0.102275 0.53652 0.111493
0.000725401 9.9982E-05 0.309346 0.0247579 9.9982E-05 0.0763146 0.495869 0.0927871
9.9982E-05 0.108395 0.134485 0.170912 9.9982E-05 0.0732569 0.506296 0.0064559
0.0637089 0.0859988 0.11597 0.00950782 0.034106 9.9991E-05 0.548749 0.14186
9.9973E-05 0.0320223 0.253216 0.0545702 9.9973E-05 0.079047 0.580845 9.9973E-05
9.9955E-05 9.9955E-05 0.395567 9.9955E-05 9.9955E-05 9.9955E-05 0.534949 0.0689835
0.11211 0.0580756 0.0215571 9.9982E-05 0.10204 9.9982E-05 0.556301 0.149716
0.0696965 0.0515057 0.0468892 0.0794365 0.0269236 0.147752 0.499286 0.0785098
0.0585246 9.9973E-05 0.26594 9.9973E-05 9.9973E-05 0.0957246 0.515247 0.0642641
0.056997 0.0210475 0.16116 0.0495897 0.0444349 0.0695689 0.556593 0.0406097
9.9973E-05 0.071922 0.190898 9.9973E-05 9.9973E-05 0.0566133 0.60824 0.0720275
0.0229769 9.9991E-05 0.276293 0.0867238 0.163211 0.0590182 0.318925 0.0727529
0.0449361 9.9982E-05 0.248154 0.0214939 0.0525724 9.9982E-05 0.606321 0.0263231
0.0207923 9.9991E-05 0.177782 0.0453862 0.0463074 0.0729089 0.626808 0.009915
0.0801639 0.163362 0.458284 0.0116484 9.9991E-05 0.062279 0.189205 0.0349576
0.0174069 0.0622278 0.381933 9.9991E-05 0.264566 0.126068 0.140604 0.007094
0.0496488 0.0641049 0.18812 0.0249481 0.0497931 0.0301969 0.493101 0.100087
0.0364279 0.161466 0.206459 9.9991E-05 0.104287 0.286487 0.0187545 0.186018
9.9982E-05 0.113608 0.509987 0.0575178 0.0441955 0.0275863 0.246906 9.9982E-05
9.9991E-05 0.0984799 0.463557 0.00581669 0.0022482 0.0283085 0.391555 0.00993404
9.9982E-05 0.141286 0.380487 0.0681753 9.9982E-05 0.0579012 0.292361 0.0595891
0.0639405 0.113313 0.552599 0.00832251 9.9991E-05 0.0211774 0.19395 0.0465979
9.9964E-05 9.9964E-05 0.239387 9.9964E-05 0.0875588 0.0248099 0.647845 9.9964E-05
0.0160302 0.149739 0.0528815 0.103508 9.9991E-05 0.0493081 0.570803 0.0576307
0.062651 0.162695 0.0891401 0.0377241 0.0615682 0.039236 0.502304 0.0446816
0.0520837 0.139432 0.488349 9.9991E-05 0.199791 0.0395624 0.0708613 0.0098215
0.00446624 0.190807 0.00783304 0.191969 0.08256 9.9982E-05 0.522165 9.9982E-05
0.104157 0.206401 9.9982E-05 9.9982E-05 0.232515 0.0739854 0.354807 0.0279349
9.9991E-05 0.177961 0.0876957 0.0961926 0.455079 0.142001 0.00369933 0.037272
0.0471221 0.152995 9.9982E-05 0.0470649 0.125539 0.0440282 0.58305 9.9982E-05
0.0437072 0.318847 0.0622443 0.115281 0.0507152 0.0978035 0.259738 0.0516637
0.0247552 0.0422393 0.122196 0.097106 0.198428 9.9982E-05 0.515075 9.9982E-05
0.0226463 0.155465 0.0412964 0.0310878 0.457037 9.9991E-05 0.207535 0.0848329
9.9991E-05 0.0584306 0.102886 0.0212715 0.298849 0.179493 0.205569 0.133402
0.0132857 0.0753609 0.00383025 0.0792355 0.0976859 0.194567 0.408021 0.128014
0.0736758 0.114755 0.186644 0.0287794 0.107033 9.9991E-05 0.407391 0.0816211
0.0194227 0.132201 0.124763 0.148973 0.07665 9.9991E-05 0.411258 0.0866313
0.186684 0.234934 0.117056 9.9982E-05 0.332173 0.0873425 9.9982E-05 0.0416101
0.0619448 0.0761895 0.0927627 0.0885754 0.0391769 0.100814 0.455147 0.0853893
9.9973E-05 0.148283 0.0810754 9.9973E-05 0.35951 9.9973E-05 0.379905 0.0309269
9.9982E-05 0.0575554 0.199951 9.9982E-05 0.181714 0.102065 0.409006 0.0495093
0.134593 0.0880502 0.097424 0.0117486 0.0786475 0.0117155 0.50729 0.070531
0.259534 0.0268551 0.0648994 0.268423 0.214532 0.0348854 0.13077 9.9991E-05
0.1113 9.9955E-05 9.9955E-05 0.473449 0.414752 9.9955E-05 9.9955E-05 9.9955E-05
0.162546 9.9964E-05 9.9964E-05 0.371888 0.460307 0.00485927 9.9964E-05 9.9964E-05
0.316978 9.9982E-05 0.00573995 0.375456 0.253419 9.9982E-05 0.0440878 0.00411881
0.00984861 0.132087 9.9973E-05 9.9973E-05 0.21125 0.0585496 0.587964 9.9973E-05
0.0621552 9.9982E-05 0.133451 0.0513682 0.0654305 0.112969 0.574426 9.9982E-05
0.637242 9.9955E-05 0.100447 9.9955E-05 9.9955E-05 9.9955E-05 0.261811 9.9955E-05
0.460621 0.106043 0.0321959 0.0188543 9.9991E-05 0.072935 0.276756 0.0324943
0.309427 9.9982E-05 0.181599 0.024944 0.0630846 0.039571 0.381175 9.9982E-05
9.9973E-05 0.136409 0.01435 9.9973E-05 0.355105 0.193484 0.300353 9.9973E-05
0.0591187 9.9991E-05 0.0915155 0.111602 0.082452 0.141699 0.503561 0.0099517
9.9973E-05 0.0362503 0.0659135 9.9973E-05 0.462596 0.244219 0.190721 9.9973E-05
9.9982E-05 0.0367004 0.0909776 9.9982E-05 0.252027 0.033839 0.57113 0.0151261
0.0119848 0.0177472 0.0819153 9.9991E-05 0.271755 0.11573 0.494541 0.00622603
0.0179428 0.0114811 0.104021 9.9991E-05 0.24415 0.0332416 0.551953 0.0371111
9.9982E-05 0.162306 0.0503142 9.9982E-05 0.432792 0.102408 0.227766 0.0242144
0.0490461 0.0391894 9.9991E-05 0.0456872 0.178364 0.0182408 0.624142 0.0452306
0.118181 0.108166 9.9973E-05 9.9973E-05 0.173666 9.9973E-05 0.47018 0.129507
0.933671 9.9964E-05 9.9964E-05 9.9964E-05 0.0058308 9.9964E-05 0.0581996 0.00189856
0.916857 9.9955E-05 9.9955E-05 9.9955E-05 9.9955E-05 0.0468137 0.0358293 9.9955E-05
0.566124 9.9964E-05 0.157335 0.00383326 9.9964E-05 9.9964E-05 0.272308 9.9964E-05
0.67726 9.9955E-05 9.9955E-05 9.9955E-05 9.9955E-05 9.9955E-05 0.264546 0.057694
0.803203 0.0575068 9.9964E-05 9.9964E-05 9.9964E-05 9.9964E-05 0.0761157 0.0627751
0.9993 9.994E-05 9.994E-05 9.994E-05 9.994E-05 9.994E-05 9.994E-05 9.994E-05
0.967936 9.9946E-05 9.9946E-05 9.9946E-05 9.9946E-05 9.9946E-05 9.9946E-05 0.0314642
0.808764 9.9955E-05 9.9955E-05 9.9955E-05 9.9955E-05 0.00997484 0.180761 9.9955E-05
0.974854 9.9946E-05 0.0245465 9.9946E-05 9.9946E-05 9.9946E-05 9.9946E-05 9.9946E-05
0.9993 9.994E-05 9.994E-05 9.994E-05 9.994E-05 9.994E-05 9.994E-05 9.994E-05
0.9993 9.994E-05 9.994E-05 9.994E-05 9.994E-05 9.994E-05 9.994E-05 9.994E-05
0.71307 9.9973E-05 0.00486928 0.0425965 9.9973E-05 0.0418675 0.197297 9.9973E-05
0.755074 9.9955E-05 9.9955E-05 9.9955E-05 9.9955E-05 9.9955E-05 0.171198 0.0732284
0.98948 0.00991991 9.9946E-05 9.9946E-05 9.9946E-05 9.9946E-05 9.9946E-05 9.9946E-05
0.425317 0.0406161 0.104637 0.00501358 9.9991E-05 0.0641315 0.286476 0.0737087
0.626784 9.9982E-05 0.0592422 0.00924003 0.0309691 9.9982E-05 0.219275 0.0542897
0.775033 9.9964E-05 0.0495425 9.9964E-05 0.0213644 9.9964E-05 0.15366 9.9964E-05
0.893597 9.9955E-05 9.9955E-05 0.0343555 9.9955E-05 9.9955E-05 0.0715475 9.9955E-05
0.9993 9.994E-05 9.994E-05 9.994E-05 9.994E-05 9.994E-05 9.994E-05 9.994E-05
0.861235 9.9955E-05 9.9955E-05 0.0487289 9.9955E-05 9.9955E-05 0.0895364 9.9955E-05
0.961103 0.0160398 9.9955E-05 9.9955E-05 0.0223577 9.9955E-05 9.9955E-05 9.9955E-05
0.628265 0.0223808 9.9982E-05 9.9982E-05 0.035085 0.0200743 0.219547 0.0744472
0.940236 0.0453838 9.9964E-05 0.00663063 9.9964E-05 0.00734973 9.9964E-05 9.9964E-05
0.0380738 0.0562947 9.9973E-05 0.300944 0.592412 0.0119756 9.9973E-05 9.9973E-05
0.0654864 0.0547909 0.110225 0.0996546 0.16232 9.9991E-05 0.413801 0.0936226
0.0663155 0.0237323 9.9991E-05 0.192152 0.134937 0.0463774 0.400859 0.135527
0.20799 0.101585 9.9982E-05 0.111306 0.397179 9.9982E-05 0.0905406 0.0911995
0.216603 0.135031 9.9991E-05 0.0688805 0.125801 0.0697263 0.379892 0.00396546
0.0883712 0.0770899 0.00462906 0.185111 0.414788 0.0466873 0.183224 9.9991E-05
0.0839534 0.0614338 0.00158877 0.150389 0.112293 0.138056 0.35737 0.0949163
0.109096 0.0663813 9.9973E-05 0.0905899 0.357671 9.9973E-05 0.375962 9.9973E-05
0.142878 9.9982E-05 9.9982E-05 0.139235 0.208894 0.0129817 0.457221 0.0385905
0.150913 9.9973E-05 9.9973E-05 0.145191 0.262338 0.0615132 0.379745 9.9973E-05
0.0138677 9.9973E-05 0.0385165 0.208306 0.17435 9.9973E-05 0.56466 9.9973E-05
9.9973E-05 9.9973E-05 9.9973E-05 0.815335 0.0466869 0.0201973 0.0525017 0.0649794
0.0643371 0.00819704 9.9982E-05 0.866563 0.0177511 0.0176942 0.0252572 9.9982E-05
9.9973E-05 0.00125471 0.00156412 0.96482 0.0128393 9.9973E-05 9.9973E-05 0.0192216
9.9964E-05 9.9964E-05 9.9964E-05 0.901005 0.0391659 9.9964E-05 0.0188474 0.0405815
0.0104791 9.9973E-05 0.0584083 0.85438 0.0401043 9.9973E-05 9.9973E-05 0.0363284
0.108634 9.9955E-05 9.9955E-05 0.871859 0.0190074 9.9955E-05 9.9955E-05 9.9955E-05
0.0332816 9.9964E-05 9.9964E-05 0.881776 9.9964E-05 9.9964E-05 0.0798566 0.0046861
9.9973E-05 9.9973E-05 0.025223 0.875233 0.0559837 0.0154824 0.0277775 9.9973E-05
0.0325966 0.025053 0.028757 0.867503 9.9973E-05 9.9973E-05 0.04579 9.9973E-05
0.105091 9.9964E-05 0.0347822 0.828078 0.0316489 9.9964E-05 9.9964E-05 9.9964E-05
9.9973E-05 0.0729656 0.223292 0.60264 9.9973E-05 0.0155968 9.9973E-05 0.0852053
0.0147503 0.0209571 0.187509 0.572859 0.00276687 9.9982E-05 9.9982E-05 0.200958
9.9973E-05 0.0313905 0.248918 0.490685 0.123843 9.9973E-05 9.9973E-05 0.104863
9.9982E-05 0.0881313 0.299681 0.487629 0.00723993 0.0228549 9.9982E-05 0.0942635
9.9973E-05 0.217065 0.242561 0.0312814 0.00293347 9.9973E-05 0.505859 9.9973E-05
0.0186667 0.234168 0.00127834 0.0892046 9.9991E-05 0.138491 0.444835 0.0732565
0.0264458 0.159716 0.217881 9.9982E-05 9.9982E-05 0.0498846 0.522493 0.0233797
9.9982E-05 0.200578 0.259218 0.0300678 0.0457211 9.9982E-05 0.37662 0.0875952
0.00618923 0.0706043 0.680427 9.9973E-05 9.9973E-05 9.9973E-05 0.124583 0.117896
0.106027 0.30977 9.9991E-05 0.0429501 0.029255 0.00298143 0.471911 0.0370056
0.0218647 0.305216 0.0740156 0.0187718 0.0107699 0.0182924 0.55097 9.9991E-05
9.9982E-05 0.256772 0.0445113 9.9982E-05 0.118898 0.0544818 0.497859 0.0272783
0.0449389 0.511615 0.0541556 0.00467438 9.9991E-05 0.0476563 0.324385 0.0124752
0.0215325 0.220516 0.0187214 0.0579276 9.9991E-05 0.0458438 0.582909 0.0524504
9.9982E-05 0.351893 0.0943704 9.9982E-05 0.0438412 0.00217341 0.376848 0.130674
9.9964E-05 0.730865 0.103173 9.9964E-05 0.00658311 0.158979 9.9964E-05 9.9964E-05
0.0729442 0.117658 0.186868 0.064179 0.0431873 0.023805 0.472392 0.0189662
0.0068717 0.613096 9.9973E-05 9.9973E-05 0.138435 0.0327936 0.208504 9.9973E-05
0.0177501 0.398519 0.0246335 0.0428867 9.9991E-05 0.0566475 0.457278 0.00218534
9.9973E-05 0.662579 0.181056 0.0579274 9.9973E-05 9.9973E-05 0.0926813 0.00545599
9.9955E-05 9.9955E-05 9.9955E-05 0.0416372 0.0508838 9.9955E-05 9.9955E-05 0.906979
9.9964E-05 9.9964E-05 9.9964E-05 0.0125396 0.0081915 9.9964E-05 0.0687003 0.910169
9.994E-05 9.994E-05 9.994E-05 9.994E-05 9.994E-05 9.994E-05 9.994E-05 0.9993
9.9964E-05 0.042087 9.9964E-05 0.041382 9.9964E-05 0.00387785 9.9964E-05 0.912253
9.9964E-05 9.9964E-05 9.9964E-05 9.9964E-05 0.0382453 0.0318078 0.0248237 0.904723
0.0228944 9.9964E-05 9.9964E-05 9.9964E-05 9.9964E-05 0.00414955 0.0764567 0.8961
0.0181768 0.0158511 9.9964E-05 0.885638 9.9964E-05 9.9964E-05 0.0799338 9.9964E-05
0.0274065 9.9964E-05 0.136327 0.801321 9.9964E-05 9.9964E-05 0.0345458 9.9964E-05
0.116075 9.9964E-05 9.9964E-05 0.746705 0.0257932 9.9964E-05 0.111027 9.9964E-05
0.079983 9.9964E-05 0.0872942 0.763472 9.9964E-05 9.9964E-05 0.0688505 9.9964E-05
0.0478552 9.9982E-05 0.0294571 0.761724 0.00486793 9.9982E-05 0.135828 0.0200679
9.9973E-05 0.0556321 0.276462 0.371895 0.038499 9.9973E-05 9.9973E-05 0.257212
9.9973E-05 0.0858168 0.0866635 0.437272 9.9973E-05 0.0440257 9.9973E-05 0.345923
9.9973E-05 0.0216798 0.0985285 0.436108 9.9973E-05 0.115537 9.9973E-05 0.327846
0.0185444 9.9964E-05 0.017315 0.814582 9.9964E-05 9.9964E-05 0.149159 9.9964E-05
9.9973E-05 0.081335 0.0851445 0.390492 9.9973E-05 0.016881 9.9973E-05 0.425847
0.335548 9.9982E-05 0.0107663 0.210129 0.141365 0.0406019 0.26139 9.9982E-05
0.225791 0.0409597 0.106044 0.0675106 0.042381 9.9982E-05 0.517114 9.9982E-05
0.264345 9.9955E-05 9.9955E-05 0.176542 9.9955E-05 9.9955E-05 0.558613 9.9955E-05
0.195625 0.054197 9.9982E-05 0.243302 0.111711 9.9982E-05 0.348326 0.0466392
0.154643 0.031578 0.054207 0.0864691 0.0939004 0.0360681 0.502116 0.0410182
0.306381 9.9955E-05 9.9955E-05 0.39441 0.298709 9.9955E-05 9.9955E-05 9.9955E-05
9.9973E-05 0.0689025 0.352812 9.9973E-05 9.9973E-05 0.0829131 0.419361 0.0757115
9.9982E-05 0.0142184 0.248774 9.9982E-05 0.198387 0.16077 0.33035 0.0473001
9.9964E-05 9.9964E-05 0.654316 0.0847842 9.9964E-05 9.9964E-05 0.242952 0.0175486
9.9982E-05 0.0352279 0.170683 9.9982E-05 0.0463996 0.259707 0.445878 0.0419041
9.9964E-05 0.161957 0.160606 9.9964E-05 0.313542 0.363496 9.9964E-05 9.9964E-05
0.0236037 0.0256558 0.244146 0.0373077 9.9991E-05 0.0747329 0.498712 0.0957413
9.9973E-05 9.9973E-05 0.214552 0.0493975 0.0375964 0.233039 0.465115 9.9973E-05
9.9982E-05 0.0181789 0.566272 0.0155753 9.9982E-05 0.0855938 0.295692 0.0184878
0.111524 9.9982E-05 0.24296 9.9982E-05 0.088591 0.0338641 0.47324 0.0496208
9.9973E-05 0.0875118 0.434169 9.9973E-05 0.34369 0.0402919 0.0940376 9.9973E-05
9.9982E-05 0.0208065 0.116936 9.9982E-05 0.110049 0.167627 0.46573 0.118651
9.9973E-05 0.0710211 0.330632 9.9973E-05 9.9973E-05 0.0300713 0.479837 0.0881384
0.211657 0.13017 0.0729708 0.0718728 0.0751687 0.039987 0.360592 0.0375812
9.9973E-05 9.9973E-05 0.318289 9.9973E-05 0.0935691 0.227693 0.359797 0.000351685
0.040475 0.0337066 0.201992 0.00601122 0.0680161 0.129254 0.412618 0.107928
0.0218965 0.0676575 0.176392 0.0371835 0.0879514 0.184575 0.424244 9.9991E-05
0.0073844 0.179004 0.188733 9.9973E-05 0.136903 9.9973E-05 0.487675 9.9973E-05
0.0581792 0.0635707 9.9982E-05 0.0250735 9.9982E-05 0.0296134 0.679058 0.144305
0.0447801 0.0741625 0.171173 0.0973768 9.9982E-05 0.09046 0.521848 9.9982E-05
0.0375597 0.0561668 0.167426 0.0498617 0.0765012 9.9991E-05 0.57516 0.0372254
0.0608774 9.9964E-05 9.9964E-05 0.779544 0.00292407 9.9964E-05 0.156255 9.9964E-05
0.0271591 9.9964E-05 9.9964E-05 0.814966 9.9964E-05 0.0454548 0.11202 9.9964E-05
9.9982E-05 0.0115 9.9982E-05 0.754584 0.0701422 0.00968514 0.119501 0.0343875
0.0686938 0.0763748 9.9973E-05 0.780763 9.9973E-05 0.0355859 9.9973E-05 0.0382831
9.9946E-05 9.9946E-05 9.9946E-05 0.849578 9.9946E-05 9.9946E-05 0.149823 9.9946E-05
0.0403818 9.9973E-05 0.758693 9.9973E-05 0.0517325 9.9973E-05 0.118628 0.0302642
0.125806 0.077789 0.218442 0.0168622 0.0602966 0.0672124 0.433491 9.9991E-05
0.179082 0.191625 9.9973E-05 0.159234 0.0957161 9.9973E-05 0.374043 9.9973E-05
0.0987862 9.9982E-05 0.221193 0.00480121 0.0490033 0.0587652 0.567251 9.9982E-05
9.9973E-05 0.0728828 0.350793 0.0152926 9.9973E-05 0.048738 0.511993 9.9973E-05
0.0444994 9.9982E-05 0.471257 9.9982E-05 0.161923 0.0739675 0.206004 0.0421483
9.9964E-05 9.9964E-05 0.720731 0.144039 0.120398 9.9964E-05 9.9964E-05 0.0144315
0.0178991 0.0589514 0.288667 9.9973E-05 9.9973E-05 9.9973E-05 0.512109 0.122074
0.067644 9.9982E-05 0.481404 0.0376669 9.9982E-05 0.208151 0.083721 0.121213
0.0463445 0.150327 0.163225 0.0363788 0.0580326 0.0802256 0.402426 0.0630401
0.0388076 0.111985 0.59789 0.145042 9.9982E-05 0.0859614 0.0201144 9.9982E-05
0.101342 0.088629 0.143316 0.0530597 9.9991E-05 0.00140278 0.528314 0.083836
9.9982E-05 0.070057 0.627262 0.0965763 9.9982E-05 0.052366 0.144884 0.00865503
0.0498445 0.0424975 0.38715 0.0420057 0.0656546 0.130593 0.276767 0.00548797
0.0522119 0.0450887 0.0531035 0.0155178 0.322191 0.000376777 0.508203 0.00330773
9.9973E-05 9.9973E-05 0.0678408 9.9973E-05 0.476248 0.103413 0.30725 0.0449485
9.9982E-05 0.0772524 0.0648403 0.0715464 0.190753 9.9982E-05 0.549506 0.0459019
9.9982E-05 0.130549 0.0337101 0.185613 0.126816 9.9982E-05 0.491059 0.0320541
9.9982E-05 0.104107 0.0701155 9.9982E-05 0.3476 0.0938445 0.329851 0.0542821
9.9982E-05 9.9982E-05 0.0129637 0.0532497 0.158686 0.0933361 0.574316 0.107248
9.9973E-05 0.119391 9.9973E-05 9.9973E-05 0.165527 0.0415562 0.532062 0.141164
9.9973E-05 0.169206 9.9973E-05 9.9973E-05 0.436525 0.188985 0.064275 0.140709
9.9973E-05 0.106734 9.9973E-05 9.9973E-05 0.518245 0.0520247 0.277103 0.0455937
9.9973E-05 9.9973E-05 0.0509057 9.9973E-05 0.253647 0.0625418 0.561528 0.0710777
9.9982E-05 0.192941 0.113989 9.9982E-05 0.348775 0.10607 0.158122 0.0799031
9.9973E-05 0.101578 0.176518 9.9973E-05 0.290571 9.9973E-05 0.423493 0.00754009
0.0167817 0.1234 0.714621 0.0478724 0.000672397 9.99985E-05 0.0532166 0.0433358
9.9982E-05 0.087784 0.344161 9.9982E-05 0.0436352 0.283981 0.181931 0.0583089
0.086179 0.103321 0.4902 0.00291801 9.9991E-05 0.0210611 0.269312 0.0269089
0.0643097 0.0838829 0.217348 9.9973E-05 9.9973E-05 9.9973E-05 0.537264 0.0968963
0.00990838 0.124293 0.535918 9.9982E-05 0.00853841 9.9982E-05 0.205961 0.115182
0.102265 0.0809152 0.15742 0.0322434 0.103151 0.0651296 0.433296 0.0255808
0.110412 0.0723616 0.191316 0.084587 0.0447078 9.9991E-05 0.494462 0.00205367
0.00368934 0.113482 0.252617 0.0400744 9.9982E-05 9.9982E-05 0.533113 0.0568249
0.158485 0.0376164 0.196131 0.0592457 9.9991E-05 0.0777105 0.3581 0.112611
0.0752519 0.170296 0.297418 0.0302071 9.9991E-05 0.00742168 0.34025 0.0790561
0.079726 0.133769 0.540295 9.9973E-05 9.9973E-05 9.9973E-05 0.166022 0.0798878
0.0642637 0.0621814 0.425973 9.9991E-05 0.022376 0.03706 0.294757 0.0932886
0.0300489 0.0197663 0.297319 0.02247 9.9982E-05 0.169048 0.461148 9.9982E-05
0.0262981 9.9982E-05 0.225009 0.0713392 0.0365151 0.0721473 0.568491 9.9982E-05
9.9991E-05 0.0369812 0.279345 0.0714313 0.0112642 0.187431 0.379517 0.0339313
0.099904 0.0389596 0.217471 9.9991E-05 0.014045 0.153737 0.428216 0.0475674
0.0384802 0.0583404 0.429139 0.0803933 0.00846435 0.0185025 0.301361 0.0653198
9.9973E-05 9.9973E-05 0.215909 0.050485 9.9973E-05 0.0178344 0.651321 0.0641499
0.0673408 9.9982E-05 0.316376 0.0196574 9.9982E-05 0.0578086 0.430197 0.108421
0.105019 0.185296 0.195984 0.130813 9.9973E-05 9.9973E-05 0.382588 9.9973E-05
0.141467 0.0562777 9.9982E-05 0.308053 0.0978123 9.9982E-05 0.364309 0.0318808
0.141289 0.0521333 9.9982E-05 0.0911479 0.141636 0.063954 0.50964 9.9982E-05
0.226448 9.9973E-05 0.145477 0.076997 0.194396 9.9973E-05 0.356382 9.9973E-05
0.117378 0.0531491 0.0249649 0.0621189 0.00749233 0.0840272 0.591596 0.0592741
0.163705 0.046229 0.0812256 0.189081 9.9982E-05 0.067573 0.451987 9.9982E-05
9.9973E-05 9.9973E-05 0.211208 9.9973E-05 0.109288 0.238672 0.432918 0.00761382
0.00497284 0.0774465 0.0402457 0.16711 0.00043695 0.0373436 0.604942 0.0675025
0.101664 0.14397 0.0770278 0.210217 0.446983 9.9982E-05 0.0199391 9.9982E-05
0.162679 9.9982E-05 0.081526 0.0610918 0.0584618 9.9982E-05 0.613751 0.0222905
0.122163 0.0137941 0.0431645 0.139188 0.0531331 0.0578798 0.511224 0.0594527
0.266922 0.0481655 0.038674 0.0436777 0.0399435 0.113258 0.388207 0.0611524
0.11912 0.0369568 0.154872 0.144037 0.169214 0.057091 0.31861 9.9991E-05
0.180221 9.9982E-05 0.0788593 0.113101 0.117653 0.0785777 0.431388 9.9982E-05
0.166126 9.9973E-05 9.9973E-05 0.111476 0.0814394 0.112592 0.528066 9.9973E-05
0.207795 9.9964E-05 9.9964E-05 0.452599 0.323836 0.0153704 9.9964E-05 9.9964E-05
0.239243 0.00423385 0.142452 0.127858 0.014405 0.0187943 0.452915 9.9991E-05
0.295766 9.9973E-05 9.9973E-05 0.102951 9.9973E-05 0.0402121 0.420955 0.139816
0.0386744 0.110861 9.9991E-05 0.143903 0.0817784 0.0242685 0.55357 0.0468447
0.126119 9.9964E-05 9.9964E-05 0.170384 0.100105 9.9964E-05 0.602992 9.9964E-05
0.0694902 0.0396811 0.00395725 0.225984 0.0464821 0.0712935 0.52839 0.0147222
0.0823947 0.155713 9.9973E-05 9.9973E-05 9.9973E-05 0.416358 0.29334 0.0518941
0.0338556 0.0918312 0.0948303 0.153842 9.9991E-05 0.150656 0.408539 0.0663462
9.9955E-05 9.9955E-05 0.168176 9.9955E-05 0.00376899 0.827556 9.9955E-05 9.9955E-05
9.9973E-05 0.0624632 0.000640838 0.0214447 0.0125641 0.902587 9.9973E-05 9.9973E-05
0.0188225 0.00617531 0.0944811 0.0564494 9.9991E-05 0.37619 0.424852 0.0229294
0.324622 9.9973E-05 9.9973E-05 0.125108 0.0459358 0.158611 0.345423 9.9973E-05
0.346437 0.0360174 9.9982E-05 0.0576269 0.0613989 0.198663 0.299657 9.9982E-05
0.367324 9.9982E-05 0.0612739 0.143043 0.175837 0.175679 0.0766422 9.9982E-05
0.307192 9.9973E-05 0.0434465 0.173455 9.9973E-05 0.228802 0.246805 9.9973E-05
0.0740577 9.9973E-05 9.9973E-05 0.0844434 0.106261 0.695299 0.0396394 9.9973E-05
0.0956011 9.9973E-05 9.9973E-05 0.110133 0.0305431 0.638512 0.124911 9.9973E-05
0.133291 0.0729173 9.9973E-05 9.9973E-05 9.9973E-05 0.305917 0.482775 0.00480069
0.0984511 0.000910275 9.9982E-05 0.0782609 9.9982E-05 0.425371 0.395168 0.00163896
0.106607 9.9964E-05 9.9964E-05 0.0976468 9.9964E-05 0.649861 0.145485 9.9964E-05
0.0506278 9.9982E-05 0.0921535 0.0236198 9.9982E-05 0.261028 0.5566 0.0157706
0.150225 0.0937539 9.9973E-05 9.9973E-05 9.9973E-05 0.310225 0.44159 0.00390532
0.183782 0.0227525 0.103204 9.9991E-05 0.0955806 0.12998 0.367514 0.0970859
9.9964E-05 0.0254506 9.9964E-05 9.9964E-05 9.9964E-05 0.667081 0.265938 0.0411311
9.9982E-05 0.0188231 0.174773 0.0118671 0.0680439 0.458969 0.267324 9.9982E-05
0.0114017 0.0208221 0.0854408 0.100607 9.9982E-05 0.354333 0.427195 9.9982E-05
0.0154634 0.0870772 0.194909 0.0477866 9.9991E-05 0.325599 0.297243 0.0318219
0.0163282 0.0477068 0.149029 0.0627668 0.101702 0.168832 0.453535 9.9991E-05
9.9973E-05 0.00773499 0.100073 9.9973E-05 0.177788 0.375139 0.338966 9.9973E-05
9.9964E-05 0.0080306 9.9964E-05 9.9964E-05 9.9964E-05 0.669348 0.231991 0.0902304
9.9973E-05 0.071597 9.9973E-05 9.9973E-05 0.0129644 0.368211 0.535645 0.0112832
0.00236887 9.9973E-05 0.0266761 9.9973E-05 9.9973E-05 0.779152 0.181427 0.010076
0.00519276 9.9973E-05 9.9973E-05 0.0193189 9.9973E-05 0.572445 0.372772 0.0299724
9.9982E-05 0.0455509 0.0219817 0.0441703 0.00555435 0.323274 0.559269 9.9982E-05
0.0760714 0.147395 0.0398017 9.9982E-05 0.0163627 0.337793 0.382376 9.9982E-05
0.11038 9.9982E-05 0.0938781 0.190501 0.0143951 0.0663165 0.52433 9.9982E-05
0.0388578 9.9973E-05 0.167444 0.151312 9.9973E-05 0.185014 0.457072 9.9973E-05
0.22285 0.023505 9.9991E-05 0.135597 0.126571 0.0334032 0.325018 0.132956
0.229372 9.9982E-05 9.9982E-05 0.107115 0.104798 0.0777888 0.378329 0.102396
0.149133 0.172184 0.0982914 0.197768 9.9982E-05 9.9982E-05 0.37409 0.00833302
0.130682 9.9982E-05 9.9982E-05 0.0799488 0.127663 0.14447 0.490601 0.0264357
0.0962207 9.9973E-05 9.9973E-05 0.169907 0.111162 0.538204 9.9973E-05 0.0842061
0.154715 9.9982E-05 9.9982E-05 0.0134946 0.0674722 0.0628285 0.589507 0.111783
0.051002 9.9964E-05 9.9964E-05 0.356106 0.21097 0.381522 9.9964E-05 9.9964E-05
0.177768 9.9964E-05 9.9964E-05 0.0334284 9.9964E-05 0.295953 0.492451 9.9964E-05
9.9955E-05 0.169049 9.9955E-05 9.9955E-05 9.9955E-05 0.755113 0.0753382 9.9955E-05
9.9955E-05 0.118727 0.00893654 9.9955E-05 9.9955E-05 0.871837 9.9955E-05 9.9955E-05
9.9955E-05 9.9955E-05 0.0826506 9.9955E-05 9.9955E-05 0.436134 0.480716 9.9955E-05
9.9964E-05 9.9964E-05 9.9964E-05 0.00331156 9.9964E-05 0.389049 0.583203 0.0240369
9.9964E-05 9.9964E-05 0.0308488 9.9964E-05 9.9964E-05 0.590022 0.357548 0.0211814
9.9964E-05 0.0625788 9.9964E-05 9.9964E-05 9.9964E-05 0.446216 0.452229 0.0385767
0.0278395 0.0107263 0.00313575 9.9973E-05 9.9973E-05 0.492377 0.465621 9.9973E-05
9.9955E-05 9.9955E-05 9.9955E-05 0.800489 9.9955E-05 0.0596234 0.139387 9.9955E-05
0.126356 0.031599 0.0810671 0.67605 9.9982E-05 0.00460546 9.9982E-05 0.080123
0.0778433 9.9964E-05 0.013263 0.87791 9.9964E-05 9.9964E-05 9.9964E-05 0.0305839
9.9946E-05 9.9946E-05 9.9946E-05 0.951191 9.9946E-05 9.9946E-05 0.0482095 9.9946E-05
0.0666124 0.380742 9.9982E-05 0.051596 9.9982E-05 0.0602348 0.399578 0.0410363
0.0316888 0.374398 0.0298764 0.0359579 0.0312832 0.0175964 0.425664 0.0535348
9.9964E-05 0.465892 0.0412788 9.9964E-05 0.00134563 9.9964E-05 0.491083 9.9964E-05
9.9973E-05 0.214746 9.9973E-05 0.132021 0.0771941 9.9973E-05 0.53853 0.0372102
9.9982E-05 0.134314 9.9982E-05 0.0471377 0.117628 0.059368 0.538879 0.102474
9.9973E-05 0.577147 0.0934965 9.9973E-05 0.0926113 9.9973E-05 0.217199 0.0192458
0.0354255 0.444123 9.9964E-05 9.9964E-05 9.9964E-05 9.9964E-05 0.514684 0.00536805
9.9973E-05 0.483885 9.9973E-05 9.9973E-05 0.139921 0.0362737 0.334848 0.00477277
0.16098 9.9964E-05 0.173407 0.276528 9.9964E-05 9.9964E-05 0.388684 9.9964E-05
0.0430168 0.434264 0.0743952 9.9991E-05 0.0310747 0.0596648 0.343747 0.0137381
9.9964E-05 0.485395 0.169718 9.9964E-05 0.0277575 9.9964E-05 0.316729 9.9964E-05
9.9973E-05 0.261017 0.0595173 9.9973E-05 9.9973E-05 0.0945369 0.572543 0.0120858
0.0062284 0.501838 0.0652058 9.9982E-05 9.9982E-05 0.0133901 0.387435 0.0257021
0.0428673 0.431438 9.9973E-05 9.9973E-05 0.0105204 9.9973E-05 0.464713 0.0501614
9.9964E-05 0.332483 9.9964E-05 0.119652 9.9964E-05 9.9964E-05 0.536963 0.0105029
9.9955E-05 0.85945 9.9955E-05 9.9955E-05 9.9955E-05 0.0490935 0.0909571 9.9955E-05
0.0260861 0.638358 9.9991E-05 0.0226418 0.0822787 0.0459553 0.178785 0.00579551
9.9973E-05 0.535645 0.0842075 0.0108819 9.9973E-05 0.0608984 0.308067 9.9973E-05
9.9955E-05 0.814137 9.9955E-05 9.9955E-05 0.156744 0.02862 9.9955E-05 9.9955E-05
9.9982E-05 0.418931 0.113424 0.0357834 0.00440026 9.9982E-05 0.337586 0.0896747
9.9964E-05 0.659163 9.9964E-05 9.9964E-05 0.243302 9.9964E-05 0.0857148 0.0114202
9.9955E-05 0.699867 9.9955E-05 9.9955E-05 0.192901 0.106733 9.9955E-05 9.9955E-05
0.00309744 0.335947 9.9982E-05 9.9982E-05 0.0705607 0.066369 0.485396 0.0384301
0.0321834 0.571644 0.23936 0.0136266 9.9973E-05 9.9973E-05 0.142886 9.9973E-05
0.0655758 0.400532 0.103116 9.9982E-05 0.0191431 9.9982E-05 0.348584 0.0628491
0.158055 0.250288 9.9973E-05 0.0219891 9.9973E-05 0.0586496 0.510718 9.9973E-05
0.0570156 0.434032 0.121221 9.9973E-05 9.9973E-05 9.9973E-05 0.355999 0.0314324
0.0516564 0.0712886 0.322179 9.9991E-05 0.12416 0.100785 0.313498 0.0163332
9.9973E-05 0.30232 9.9973E-05 0.0055673 9.9973E-05 0.101672 0.523744 0.0663957
0.0843501 0.356528 0.124384 9.9964E-05 9.9964E-05 9.9964E-05 0.434338 9.9964E-05
0.014745 0.676696 9.99671E-05 9.99671E-05 0.078406 9.99671E-05 0.229753 9.99671E-05
0.00480266 0.199282 9.9991E-05 0.0992053 0.0375985 0.136497 0.456625 0.0658893
9.9973E-05 0.000691974 0.221056 0.626116 0.0792076 9.9973E-05 9.9973E-05 0.0726285
9.9982E-05 0.056796 0.0313097 0.742923 0.0528129 9.9982E-05 0.0476963 0.0682621
9.9964E-05 9.9964E-05 0.101632 0.810513 0.0578995 9.9964E-05 9.9964E-05 0.0295558
9.9973E-05 9.9973E-05 0.0271603 0.767689 0.0671948 0.00873419 9.9973E-05 0.128922
9.9973E-05 9.9973E-05 0.0757292 0.726762 0.0368787 9.9973E-05 0.0289593 0.13137
0.0265169 0.701465 0.199815 9.9964E-05 9.9964E-05 9.9964E-05 0.0718034 9.9964E-05
9.9991E-05 0.641525 0.15284 0.070709 0.000245853 0.047396 0.0601923 0.0269926
9.9964E-05 0.727216 9.9964E-05 9.9964E-05 0.088692 0.0709848 0.112707 9.9964E-05
0.0458281 0.346041 9.9973E-05 0.114187 9.9973E-05 0.0202727 0.473372 9.9973E-05
9.9964E-05 0.204137 0.0513847 0.104848 9.9964E-05 9.9964E-05 0.639231 9.9964E-05
9.9964E-05 0.616556 9.9964E-05 0.00946028 0.077785 9.9964E-05 0.295799 9.9964E-05
0.0324622 0.365906 9.9982E-05 9.9982E-05 0.0477987 0.0420777 0.45107 0.0604855
0.0563942 0.552916 9.9973E-05 0.0345374 9.9973E-05 0.00186792 0.353985 9.9973E-05
9.9973E-05 0.393741 0.0330099 9.9973E-05 0.0223495 9.9973E-05 0.523002 0.0275975
9.9973E-05 0.394969 0.0661763 0.0118287 9.9973E-05 9.9973E-05 0.493292 0.0334338
0.0512277 0.601852 0.116614 9.9973E-05 9.9973E-05 9.9973E-05 0.177476 0.052531
9.9955E-05 0.603205 0.0482261 9.9955E-05 9.9955E-05 9.9955E-05 0.348069 9.9955E-05
9.9964E-05 0.608394 0.124768 9.9964E-05 9.9964E-05 9.9964E-05 0.257364 0.00907477
9.9973E-05 9.9973E-05 0.0709688 0.09539 0.20965 9.9973E-05 0.614443 0.00924855
9.9955E-05 0.578335 0.0307718 9.9955E-05 9.9955E-05 9.9955E-05 0.390393 9.9955E-05
0.018231 0.404894 0.0260554 0.0450445 0.0497964 0.0156461 0.440232 9.9991E-05
0.501962 0.0103248 0.0382712 0.011756 0.0340629 9.9991E-05 0.355912 0.0476115
0.491303 9.9991E-05 0.0470709 0.096366 0.0212986 0.0106497 0.269992 0.0632198
0.352637 0.0615317 9.9973E-05 0.0927067 9.9973E-05 9.9973E-05 0.453776 0.0390485
0.529103 0.0100166 9.9973E-05 0.1297 0.0996017 9.9973E-05 0.231279 9.9973E-05
0.264603 9.9982E-05 9.9982E-05 0.118922 0.033168 0.0741334 0.467679 0.0412946
9.9964E-05 0.311268 0.0253024 9.9964E-05 0.196181 9.9964E-05 0.46685 9.9964E-05
0.616416 9.9964E-05 9.9964E-05 0.26983 0.0313637 9.9964E-05 0.0819902 9.9964E-05
0.461864 9.9973E-05 9.9973E-05 0.154279 0.0244294 9.9973E-05 0.356206 0.00292141
0.176825 0.188533 0.00368693 0.0509132 0.231461 9.9982E-05 0.348381 9.9982E-05
9.9973E-05 9.9973E-05 0.101821 0.0380239 0.18611 9.9973E-05 0.627233 0.0465126
9.9964E-05 9.9964E-05 0.157812 0.121884 0.241154 9.9964E-05 0.478751 9.9964E-05
0.0980167 9.9973E-05 9.9973E-05 0.0336495 0.222365 9.9973E-05 0.573463 0.072206
9.9982E-05 0.0614156 0.0580617 0.106985 0.101222 9.9982E-05 0.619231 0.0528851
0.469639 9.9955E-05 9.9955E-05 0.185362 9.9955E-05 9.9955E-05 0.344499 9.9955E-05
0.345863 0.0564198 0.125933 0.129762 9.9991E-05 0.011369 0.329799 0.00075543
0.477698 9.9964E-05 9.9964E-05 0.0715359 0.0218463 9.9964E-05 0.42852 9.9964E-05
0.350613 0.124487 9.9991E-05 0.095811 0.0538291 0.0181515 0.314275 0.0427332
0.520782 0.0432241 9.9982E-05 0.117172 0.0112259 0.0457103 0.261686 9.9982E-05
0.28134 0.00127927 9.9973E-05 0.225166 9.9973E-05 0.0229388 0.468977 9.9973E-05
0.555601 0.0141194 9.9991E-05 0.110295 0.0300521 0.0186057 0.25445 0.0167773
0.43658 0.0182472 0.159448 9.9982E-05 9.9982E-05 0.105757 0.256446 0.0233217
9.9964E-05 0.0511649 9.9964E-05 9.9964E-05 0.31586 9.9964E-05 0.566368 0.0662074
0.288727 9.9982E-05 9.9982E-05 0.0981842 0.108789 0.0229108 0.438437 0.0427523
0.626893 9.9973E-05 9.9973E-05 0.11564 0.0672164 9.9973E-05 0.173199 0.0167522
0.388501 0.000644363 0.132311 0.0720862 0.0717454 9.9982E-05 0.334512 9.9982E-05
9.9982E-05 0.0604211 0.125975 0.113268 0.311397 9.9982E-05 0.226833 0.161906
0.0356585 0.00732715 0.0697315 9.9982E-05 0.207735 9.9982E-05 0.638319 0.0410284
0.288659 9.9973E-05 0.141442 0.135684 9.9973E-05 0.0567376 0.377177 9.9973E-05
9.9973E-05 9.9973E-05 0.14045 0.0976957 0.151726 9.9973E-05 0.56245 0.0473773
9.9982E-05 0.0970868 9.9982E-05 0.165072 0.153388 0.0214451 0.525275 0.0375322
0.218489 0.0367831 9.9991E-05 0.180854 0.0338796 0.0414604 0.402284 0.08615
0.250609 0.0570998 0.0152651 0.226437 9.9982E-05 0.109632 0.340757 9.9982E-05
0.147201 0.119706 9.9991E-05 0.0482276 0.0892801 0.0753319 0.477854 0.0423007
0.308384 0.111776 9.9973E-05 0.12435 0.0343633 9.9973E-05 0.420828 9.9973E-05
0.444359 9.9964E-05 9.9964E-05 0.0798077 0.0679892 9.9964E-05 0.407444 9.9964E-05
0.523544 9.9973E-05 0.000285637 0.187097 0.104317 9.9973E-05 0.184457 9.9973E-05
0.0265108 0.0849965 9.9982E-05 0.0602472 0.228515 9.9982E-05 0.571817 0.0277136
9.9973E-05 9.9973E-05 0.114058 0.0192437 0.327852 9.9973E-05 0.515402 0.023144
9.9973E-05 0.0380414 9.9973E-05 0.00529633 0.647128 9.9973E-05 0.25336 0.0558745
0.00835484 0.0885383 9.9982E-05 0.101819 0.0608193 9.9982E-05 0.597071 0.143197
0.0146182 0.0147433 0.305467 0.0872913 0.07777 0.0877697 0.341261 0.0710798
0.12625 0.0951432 0.0236945 0.178414 0.114311 9.9982E-05 0.461987 9.9982E-05
0.0498608 0.0537877 0.0784189 0.0285372 0.191803 0.043571 0.483641 0.0703802
0.190265 9.9964E-05 9.9964E-05 0.246447 0.543783 9.9964E-05 9.9964E-05 0.0191045
0.100446 9.9955E-05 9.9955E-05 0.200647 0.698408 9.9955E-05 9.9955E-05 9.9955E-05
