0.0235578 0.932193 0.0442494
0.0167692 0.97796 0.00527096
0.110562 0.865437 0.0240011
0.0830639 0.916836 9.9991E-05
0.0686295 0.931271 9.9991E-05
0.0469756 0.724711 0.228313
0.0246834 0.885768 0.0895483
0.0456691 0.745397 0.208934
9.9991E-05 0.94509 0.0548096
0.09801 0.749709 0.152281
0.029755 0.802711 0.167534
0.153702 0.0643257 0.781972
0.139976 0.161379 0.698645
0.199467 0.185066 0.615467
0.0478515 0.215573 0.736576
0.179033 0.146549 0.674418
0.152781 0.133941 0.713279
0.225366 0.144974 0.62966
0.0720505 0.160362 0.767588
0.153924 0.845976 9.9991E-05
0.147881 0.83824 0.0138797
0.0674263 0.824501 0.108073
0.128259 0.759492 0.112249
0.0279082 0.192221 0.77987
0.00504152 0.0787584 0.9162
0.106688 9.9991E-05 0.893212
9.9991E-05 0.0640319 0.935868
0.0631333 0.0724123 0.864454
0.117607 0.0175234 0.86487
0.0429048 0.198042 0.759053
0.0803517 0.272047 0.647601
9.9991E-05 0.19381 0.80609
0.150458 0.134548 0.714994
0.0460765 0.106814 0.84711
0.0961329 0.0374652 0.866402
0.0747045 9.9991E-05 0.925196
0.0448681 9.9991E-05 0.955032
0.136424 9.9991E-05 0.863476
0.126011 0.0942762 0.779713
0.105383 0.048869 0.845748
0.0450848 9.9991E-05 0.954815
0.085567 0.869356 0.0450767
0.0542336 0.945666 9.9991E-05
0.0718521 0.928048 9.9991E-05
0.0723791 0.927521 9.9991E-05
0.0986611 0.901239 9.9991E-05
0.0756406 0.924259 9.9991E-05
0.0378054 0.962095 9.9991E-05
0.0087791 0.0654339 0.925787
9.9991E-05 0.0550699 0.94483
0.200373 9.9991E-05 0.799527
0.123558 0.104684 0.771758
0.164488 0.104969 0.730543
0.105635 0.0992506 0.795114
0.0844019 9.9991E-05 0.915498
0.0939917 0.101114 0.804895
0.11966 0.0846177 0.795722
0.156961 0.0715321 0.771507
0.0447755 0.260095 0.695129
0.126979 0.190316 0.682705
0.0388355 0.17813 0.783034
0.227711 0.0263459 0.745943
0.215353 0.124685 0.659962
0.135653 9.9991E-05 0.864247
0.334232 0.35 0.315767
0.19329 0.65249 0.15422
0.269831 0.52356 0.206609
0.378303 0.437708 0.183989
0.196854 0.0384502 0.764696
0.190209 0.0148128 0.794978
0.15781 0.0151304 0.82706
0.952483 0.0195995 0.0279173
0.93753 9.9991E-05 0.0623697
0.9998 9.999E-05 9.999E-05
0.97202 0.0263217 0.00165806
0.992287 0.00761314 9.9991E-05
0.9998 9.999E-05 9.999E-05
0.9998 9.999E-05 9.999E-05
0.9998 9.999E-05 9.999E-05
0.974964 0.0102311 0.014805
0.920202 0.0623993 0.0173991
0.9998 9.999E-05 9.999E-05
0.904587 0.0726172 0.0227959
0.139044 0.382569 0.478388
0.174188 0.308166 0.517646
0.203032 0.340998 0.455971
9.9991E-05 0.90377 0.0961304
0.0630029 0.936897 9.9991E-05
9.9991E-05 0.99274 0.00716024
0.0468663 0.953034 9.9991E-05
0.060852 0.939048 9.9991E-05
0.0764402 0.92346 9.9991E-05
0.0976366 0.902263 9.9991E-05
0.0396575 0.921017 0.0393256
0.06752 0.93238 9.9991E-05
0.10328 0.879271 0.0174496
9.9991E-05 0.711324 0.288576
9.9991E-05 0.683235 0.316665
9.9991E-05 0.660628 0.339272
9.9991E-05 0.575531 0.424369
0.0450307 0.0943803 0.860589
0.1858 9.9991E-05 0.8141
9.999E-05 9.999E-05 0.9998
0.159147 0.00356959 0.837283
0.0420058 0.0411534 0.916841
9.9991E-05 0.35459 0.64531
9.9991E-05 0.297718 0.702182
9.9991E-05 0.241518 0.758382
9.9991E-05 0.306233 0.693667
9.9991E-05 0.205976 0.793924
0.00983575 0.295362 0.694802
0.123102 0.861433 0.0154656
0.0968991 0.885708 0.0173924
0.188954 0.768178 0.0428679
0.137571 0.790949 0.0714803
0.133575 0.785958 0.0804673
9.9991E-05 0.563136 0.436764
9.9991E-05 0.605786 0.394114
9.9991E-05 0.590737 0.409163
0.127194 0.849923 0.0228826
9.9991E-05 0.506362 0.493538
0.480605 0.237803 0.281592
0.40445 0.453045 0.142505
0.21304 0.0439191 0.743041
0.074427 0.21446 0.711113
0.209824 0.00710353 0.783073
9.999E-05 9.999E-05 0.9998
0.0894922 0.122702 0.787806
0.0912488 0.0189201 0.889831
0.173021 9.9991E-05 0.826879
0.194682 0.0674134 0.737905
0.167555 0.832345 9.9991E-05
0.122154 0.869522 0.00832368
0.07677 0.859158 0.0640723
0.0306212 0.864756 0.104623
0.0599815 0.882659 0.0573591
0.0676 0.157924 0.774476
9.9991E-05 0.273066 0.726834
0.018174 0.248636 0.73319
0.0275323 0.204672 0.767795
0.0441305 0.194262 0.761608
0.145771 0.121414 0.732815
0.126193 0.0429161 0.830891
0.022911 0.000101025 0.976988
0.112852 9.9991E-05 0.887048
0.0850894 0.0400673 0.874843
0.012303 0.172518 0.815179
0.122681 9.9991E-05 0.877219
0.0853387 0.0845786 0.830083
0.0990519 0.0589494 0.841999
0.259393 0.221505 0.519103
0.275777 0.529853 0.194369
0.0180677 9.9991E-05 0.981832
0.00562368 0.0505184 0.943858
0.48451 0.130223 0.385266
0.433286 0.225953 0.340761
0.205645 0.109555 0.6848
0.208448 0.118809 0.672743
0.346843 0.00895824 0.644199
0.26849 0.030295 0.701215
0.0974775 9.9991E-05 0.902423
0.145473 0.0167795 0.837747
0.213625 0.220973 0.565402
0.264654 0.40105 0.334296
0.0511114 9.9991E-05 0.948789
0.0169585 0.00671689 0.976325
0.203695 9.9991E-05 0.796205
0.164055 9.9991E-05 0.835845
0.127652 0.774809 0.0975391
0.123742 0.807446 0.0688115
0.0853616 0.914538 9.9991E-05
0.0394902 0.96041 9.9991E-05
0.0451383 9.9991E-05 0.954762
0.131995 9.9991E-05 0.867905
9.999E-05 9.999E-05 0.9998
0.0575526 9.9991E-05 0.942347
0.0155557 9.9991E-05 0.984344
0.101678 0.0641174 0.834204
0.158506 9.9991E-05 0.841394
9.9991E-05 0.775284 0.224616
0.0216608 0.798501 0.179838
9.9991E-05 0.920719 0.0791806
9.9991E-05 0.889755 0.110145
9.99929E-05 0.819917 0.179983
0.05187 0.0838904 0.86424
0.0500609 0.0968413 0.853098
0.113299 9.9991E-05 0.886601
0.109392 9.9991E-05 0.890508
0.167865 0.0233113 0.808824
0.601078 0.341953 0.056969
0.0956484 0.243163 0.661188
0.164068 0.247863 0.588069
0.204857 0.443563 0.35158
0.193636 0.421776 0.384588
0.287209 0.426151 0.28664
0.329547 0.474173 0.19628
0.246874 0.369605 0.383521
0.240943 0.32716 0.431897
0.227893 0.281077 0.491031
0.167804 0.549526 0.28267
0.338575 0.419075 0.242349
0.457282 0.285216 0.257502
0.0259035 0.850007 0.12409
9.9991E-05 0.235705 0.764195
9.9991E-05 0.263535 0.736365
9.9991E-05 0.233908 0.765992
9.9991E-05 0.315475 0.684425
9.9991E-05 0.160283 0.839617
9.9991E-05 0.266714 0.733186
9.9991E-05 0.441175 0.558725
0.0514084 0.924379 0.0242121
0.0715235 0.839437 0.08904
0.0493435 0.950556 9.9991E-05
0.0260357 0.872257 0.101707
0.0632253 0.936675 9.9991E-05
0.0519202 0.92334 0.0247396
0.113953 0.885947 9.9991E-05
0.094947 0.904953 9.9991E-05
9.999E-05 0.9998 9.999E-05
0.0687975 0.925399 0.00580354
0.0174236 0.982476 9.9991E-05
0.0445187 0.955381 9.9991E-05
0.119701 0.880199 9.9991E-05
0.172448 0.827452 9.9991E-05
0.231633 0.768267 9.9991E-05
0.153936 0.845964 9.9991E-05
0.157307 0.842593 9.9991E-05
0.157051 0.22236 0.620588
0.154055 0.0434683 0.802477
0.141435 0.183725 0.67484
0.0791165 0.0663312 0.854552
0.0412034 0.111826 0.84697
0.106801 0.10486 0.788339
0.258125 0.150982 0.590893
0.171485 0.50078 0.327736
0.255594 0.447365 0.297042
0.347706 0.329432 0.322862
0.32727 0.444128 0.228602
