0.0283577 9.9964E-05 0.885118 9.9964E-05 9.9964E-05 9.9964E-05 0.0590305 0.0270942
9.9964E-05 9.9964E-05 0.906008 9.9964E-05 0.0273221 0.0369878 0.0292824 9.9964E-05
0.0440588 0.039403 0.8322 0.0674771 9.9973E-05 9.9973E-05 0.0165608 9.9973E-05
0.0770797 0.0442929 0.762575 0.0307558 9.9973E-05 9.9973E-05 0.0849969 9.9973E-05
0.0169524 9.9964E-05 0.840754 0.134877 9.9964E-05 9.9964E-05 0.00701684 9.9964E-05
0.0952761 9.9982E-05 0.526071 0.0342602 0.165018 9.9982E-05 0.0798145 0.0993604
9.9955E-05 9.9955E-05 0.797498 9.9955E-05 0.189543 9.9955E-05 0.0124595 9.9955E-05
0.0300558 0.00213596 0.714782 9.9973E-05 0.123688 9.9973E-05 0.129038 9.9973E-05
9.99729E-05 0.0316449 0.803227 9.99729E-05 0.079528 9.99729E-05 0.0516388 0.0336612
9.9973E-05 9.9973E-05 0.663328 0.174559 0.111862 0.00640299 0.0435477 9.9973E-05
0.0249401 9.9973E-05 0.640382 0.0262117 0.200664 9.9973E-05 0.107502 9.9973E-05
0.0779399 0.834264 9.9964E-05 0.0674377 9.9964E-05 9.9964E-05 0.0199584 9.9964E-05
0.114997 0.387852 9.9973E-05 0.387706 9.9973E-05 0.0627788 0.0463658 9.9973E-05
0.106715 0.718348 9.9964E-05 0.133004 9.9964E-05 0.0415322 9.9964E-05 9.9964E-05
0.210467 0.639342 0.0605382 0.0767068 9.9973E-05 0.0126461 9.9973E-05 9.9973E-05
0.188383 0.422419 0.0983399 0.14954 9.9982E-05 0.113882 9.9982E-05 0.0272364
0.142426 0.261026 0.00647407 0.437181 0.0875892 0.0651035 9.9982E-05 9.9982E-05
0.116876 0.406333 9.9973E-05 0.324228 0.0746972 9.9973E-05 9.9973E-05 0.0775657
0.0776664 0.652074 0.0818166 0.186887 9.9973E-05 9.9973E-05 0.00125607 9.9973E-05
9.9964E-05 0.846433 0.0689854 9.9964E-05 0.0414056 9.9964E-05 0.0427758 9.9964E-05
0.122413 0.495774 9.9982E-05 0.203815 0.0781817 9.9982E-05 0.0313357 0.0682797
0.0503418 0.322751 9.9973E-05 0.344129 0.145509 0.136969 9.9973E-05 9.9973E-05
0.0390867 0.313699 0.0443517 0.415329 0.0309511 0.0403331 0.0104404 0.105808
0.103818 0.695106 9.9973E-05 0.134623 0.0488582 9.9973E-05 9.9973E-05 0.0172944
0.065325 0.164806 0.151616 0.496361 0.0376206 0.0840726 9.9982E-05 9.9982E-05
0.140218 0.509977 0.0230599 0.314591 0.0118535 9.9973E-05 9.9973E-05 9.9973E-05
0.0815832 0.799633 0.0498378 0.0071159 9.9973E-05 9.9973E-05 9.9973E-05 0.06153
0.186648 0.799698 9.9955E-05 0.0131548 9.9955E-05 9.9955E-05 9.9955E-05 9.9955E-05
0.0357409 0.77865 0.0278745 0.0906679 0.0360951 0.0307721 9.9982E-05 9.9982E-05
0.0270975 9.9955E-05 0.81489 0.157513 9.9955E-05 9.9955E-05 9.9955E-05 9.9955E-05
9.9946E-05 9.9946E-05 0.845214 0.154186 9.9946E-05 9.9946E-05 9.9946E-05 9.9946E-05
0.0332002 9.9964E-05 0.782366 0.178952 9.9964E-05 9.9964E-05 0.0050815 9.9964E-05
0.0803514 9.9973E-05 0.707132 0.11318 0.00317815 9.9973E-05 9.9973E-05 0.0958584
0.0136314 0.16334 0.0279269 0.45791 0.063825 0.0770293 0.0467472 0.149591
0.0322576 9.9973E-05 0.0781273 0.470981 9.9973E-05 0.0367056 9.9973E-05 0.381629
9.9964E-05 9.9964E-05 9.9964E-05 0.554498 0.0514724 0.0854733 9.9964E-05 0.308156
9.9991E-05 0.59976 0.121891 0.0760823 0.00566892 0.00391294 0.170465 0.0221205
0.0907305 0.0491693 9.9982E-05 0.273301 9.9982E-05 0.00702737 0.0030502 0.576522
0.0561361 0.175597 0.0288196 0.444565 0.0255264 0.0875727 0.0420925 0.13969
0.0757353 9.9964E-05 9.9964E-05 0.677406 0.0781059 9.9964E-05 9.9964E-05 0.168353
9.9973E-05 9.9973E-05 0.0371988 0.609221 0.130259 9.9973E-05 0.109436 0.113585
0.0317898 9.9991E-05 0.0545456 0.629909 0.0704092 0.0517842 0.09264 0.0688224
9.9973E-05 0.107734 0.0633967 0.148678 9.9973E-05 9.9973E-05 0.0248871 0.655005
0.00218657 0.0509292 0.0651906 0.591678 0.172658 9.9991E-05 0.0408007 0.0764561
0.0824278 0.013197 0.0342036 0.490961 0.0219995 0.0705588 0.0257888 0.260864
0.0540119 0.0598666 0.0951199 0.568317 0.0183099 0.0404853 9.9991E-05 0.16379
9.9964E-05 9.9964E-05 9.9964E-05 0.277326 0.0069133 0.0434599 9.9964E-05 0.671901
0.0776479 9.9982E-05 0.00933179 0.672877 0.029936 9.9982E-05 0.0152525 0.194754
9.9973E-05 9.9973E-05 0.0734551 0.553513 9.9973E-05 0.0470538 0.0954415 0.230237
9.9955E-05 9.9955E-05 0.0977635 9.9955E-05 0.19137 9.9955E-05 9.9955E-05 0.710366
9.9982E-05 0.462824 9.9982E-05 0.0567975 0.0630858 0.0762803 0.159515 0.181297
0.0193077 0.310698 9.9982E-05 0.0265417 0.334528 0.081848 9.9982E-05 0.226877
0.00491696 0.222998 0.0912923 0.576102 0.0678495 9.9982E-05 0.0366415 9.9982E-05
0.0840491 0.155182 0.0653339 0.501312 0.0825111 0.105771 0.0057414 9.9991E-05
0.0582113 9.9991E-05 0.0236504 0.624016 0.0646441 0.139775 0.0573195 0.0322842
0.00193807 0.34674 0.120496 0.0871456 0.0186826 0.0775742 0.139235 0.208188
9.9991E-05 0.293229 0.0311605 0.538036 0.0108027 0.0214647 0.064034 0.0411736
0.115487 0.135883 0.00122645 0.482993 0.0756734 0.0551501 0.0446545 0.0889338
0.00050874 0.25683 0.126616 0.286176 9.9991E-05 0.0574297 0.0407527 0.231588
0.0209511 0.436298 0.207843 0.0361474 0.122158 0.0552682 0.0410396 0.080294
9.9982E-05 0.129407 0.0567554 0.516372 0.103339 9.9982E-05 0.0530757 0.140851
0.0960237 0.37117 0.0215905 0.34195 0.041403 0.0831567 0.0439011 0.000805279
9.9982E-05 0.644073 0.070717 9.9982E-05 0.0239241 0.0935275 0.057229 0.110329
0.00648879 0.382933 9.9991E-05 0.420959 0.0368183 0.121748 0.0302475 0.000706204
0.0265456 0.141196 9.9982E-05 0.502741 0.00829612 0.27808 9.9982E-05 0.0429421
0.0422163 0.356592 0.0740219 0.495367 9.9973E-05 0.0315025 9.9973E-05 9.9973E-05
0.0903377 0.46677 9.9982E-05 0.19901 0.0591175 9.9982E-05 0.0411149 0.14345
0.0709713 0.355732 9.9982E-05 0.339393 0.122207 0.0376968 0.0738001 9.9982E-05
0.0934599 0.168546 0.0216322 0.500573 0.0901938 0.0131974 0.112297 9.9991E-05
9.9982E-05 0.525109 9.9982E-05 0.145995 0.0824813 0.0276112 0.0834878 0.135116
9.9946E-05 9.9946E-05 9.9946E-05 0.540141 9.9946E-05 9.9946E-05 9.9946E-05 0.459259
9.9955E-05 0.182057 9.9955E-05 0.173474 9.9955E-05 9.9955E-05 9.9955E-05 0.643969
0.0290934 0.0679688 0.0643783 0.551714 9.9991E-05 0.102554 0.0101318 0.174059
0.00339956 9.9964E-05 9.9964E-05 9.9964E-05 0.122524 9.9964E-05 0.0233018 0.850375
9.9964E-05 0.0330904 9.9964E-05 9.9964E-05 0.0468509 0.0953574 9.9964E-05 0.824301
9.9964E-05 9.9964E-05 9.9964E-05 0.270703 9.9964E-05 0.0330171 0.0277942 0.668086
0.0298891 0.0349806 0.019569 0.440913 9.9982E-05 9.9982E-05 0.014679 0.45977
0.116014 0.107567 0.0929499 0.467968 0.0133083 0.00942218 0.0336978 0.159073
0.09836 9.9964E-05 9.9964E-05 0.371768 9.9964E-05 9.9964E-05 0.0308043 0.498668
0.0356946 0.105452 0.035107 0.121812 9.9982E-05 9.9982E-05 0.126123 0.575611
9.9982E-05 0.0141909 0.0387954 0.259213 9.9982E-05 0.00426599 0.255729 0.427606
0.152997 9.9991E-05 0.0154001 0.383584 0.0593793 0.0867702 0.0981625 0.203606
0.0255081 0.101886 9.9973E-05 0.341259 0.0187682 9.9973E-05 9.9973E-05 0.512279
0.0250692 0.0491553 0.0395405 0.40907 9.9982E-05 9.9982E-05 0.00968788 0.467277
9.9964E-05 9.9964E-05 9.9964E-05 0.466586 0.00102716 0.0139373 9.9964E-05 0.518049
9.9973E-05 9.9973E-05 0.0149774 9.9973E-05 0.0752856 0.200678 0.0148221 0.693937
9.9982E-05 0.0230946 9.9982E-05 0.60364 0.0165463 0.00665351 0.0486248 0.301241
0.0601224 0.0852792 0.777926 0.0762726 9.9964E-05 9.9964E-05 9.9964E-05 9.9964E-05
9.9946E-05 9.9946E-05 0.863515 0.135886 9.9946E-05 9.9946E-05 9.9946E-05 9.9946E-05
9.9946E-05 9.9946E-05 0.855525 0.143875 9.9946E-05 9.9946E-05 9.9946E-05 9.9946E-05
9.9955E-05 9.9955E-05 0.854195 0.109628 0.0356769 9.9955E-05 9.9955E-05 9.9955E-05
0.0495592 0.027246 0.847541 0.0672214 9.9973E-05 0.00813216 9.9973E-05 9.9973E-05
0.0616491 9.9982E-05 0.844908 0.00932693 0.047853 9.9982E-05 0.0222471 0.0138156
0.00836878 0.00446429 0.917918 0.0664573 0.00249208 9.9973E-05 9.9973E-05 9.9973E-05
0.0355258 0.0447621 0.117665 0.535597 9.9982E-05 0.0117235 9.9982E-05 0.254526
0.00553057 0.0744234 0.163491 0.588193 9.9982E-05 0.0186573 9.9982E-05 0.149505
9.9964E-05 0.0325455 0.0218698 0.109549 9.9964E-05 9.9964E-05 9.9964E-05 0.835635
0.0673603 0.0981249 0.0454607 0.508837 0.0408021 0.113848 0.00472962 0.120837
9.9964E-05 0.143912 9.9964E-05 0.479905 9.9964E-05 9.9964E-05 0.0344883 0.341295
9.9955E-05 9.9955E-05 0.10307 0.532782 9.9955E-05 9.9955E-05 9.9955E-05 0.363648
0.00411943 0.0449408 0.000421452 0.532058 0.126811 0.0584312 9.9991E-05 0.233118
0.142169 9.9982E-05 9.9982E-05 0.363387 0.011736 0.0495584 0.0111971 0.421753
9.9964E-05 0.192958 0.043646 9.9964E-05 9.9964E-05 9.9964E-05 0.0717914 0.691205
9.9973E-05 9.9973E-05 0.13995 0.499353 0.182908 9.9973E-05 0.0769072 0.100582
0.0761637 0.14384 0.00636142 0.566991 0.0541851 0.0168989 0.00370998 0.131849
0.0535704 0.0980653 0.130877 0.486985 9.9982E-05 9.9982E-05 0.020507 0.209796
0.0329544 0.0733414 9.9973E-05 0.324722 0.103941 9.9973E-05 9.9973E-05 0.464741
9.9964E-05 9.9964E-05 9.9964E-05 0.525108 0.018628 0.0424592 9.9964E-05 0.413405
9.9973E-05 0.208547 0.0504608 0.348267 9.9973E-05 0.0163435 9.9973E-05 0.376082
0.106559 9.9964E-05 9.9964E-05 0.301995 9.9964E-05 0.0412423 9.9964E-05 0.549804
9.9973E-05 0.0653448 0.0292824 0.502264 9.9973E-05 9.9973E-05 0.0275034 0.375305
0.0902348 0.0800349 0.0963213 0.449809 9.9982E-05 9.9982E-05 0.089052 0.194348
0.0441339 0.419952 0.0199131 0.115251 0.0545173 0.214464 0.0762608 0.0555076
0.0644793 0.212787 0.0880125 0.395854 0.0444257 0.0266892 0.167653 9.9991E-05
0.0305109 0.188236 0.0955652 0.443509 9.9991E-05 0.0931322 0.0307332 0.118214
0.0765153 0.0432738 0.0787475 0.503097 9.9991E-05 0.151533 0.0471505 0.0995825
9.9982E-05 0.413413 0.0917046 0.388505 0.0227032 0.0593453 0.0241284 9.9982E-05
9.9973E-05 0.150719 9.9973E-05 0.565167 0.0511208 0.0717473 0.160946 9.9973E-05
0.00842822 0.271998 0.0259251 0.395271 9.9991E-05 0.00818255 0.195697 0.094398
9.9991E-05 0.251796 0.0294517 0.453931 0.0636063 0.072392 0.110923 0.0178003
0.00771607 0.185232 0.0817924 0.553859 0.0493158 9.9991E-05 0.106964 0.0150205
0.010895 0.247938 0.0666737 0.542264 9.9973E-05 0.131929 9.9973E-05 9.9973E-05
9.9973E-05 0.323118 9.9973E-05 0.469752 9.9973E-05 0.0764256 0.0757462 0.0546575
0.078499 0.0226606 9.9991E-05 0.606317 0.0610808 0.10182 0.0748345 0.054688
0.0551707 0.122897 0.0250347 0.561052 0.0645481 0.0733202 0.0875732 0.0104046
0.0433526 0.14908 9.9982E-05 0.514897 9.9982E-05 0.0869971 0.134711 0.0707626
0.0490647 9.9973E-05 9.9973E-05 0.613855 0.127291 0.0914237 0.118066 9.9973E-05
0.0975127 0.0772979 9.9991E-05 0.496921 0.0676354 0.132631 0.0724485 0.0554532
0.000944619 0.294639 0.0901829 0.260729 0.0785216 0.233725 0.0411576 9.9991E-05
9.9982E-05 0.0900699 0.0311045 0.661325 0.0731013 0.0464897 0.0977092 9.9982E-05
0.032579 0.201345 0.0505671 0.570321 0.0486099 0.0929831 0.00349527 9.9991E-05
0.0539611 0.388037 0.00781491 0.207432 0.0187633 0.051678 0.112157 0.160157
9.9982E-05 0.327496 9.9982E-05 0.131798 0.242999 0.187332 0.0821288 0.0280463
0.00468708 0.109635 9.9991E-05 0.479266 0.110711 0.0506415 0.166644 0.0783159
0.0169299 0.341689 9.9991E-05 0.0317565 0.155801 0.173495 0.162119 0.11811
9.9982E-05 0.570825 0.0387588 0.180394 9.9982E-05 0.0444276 0.0544432 0.110951
9.9982E-05 0.342111 0.0347092 0.393687 9.9982E-05 0.0656901 0.0610235 0.10258
9.9973E-05 0.399357 9.9973E-05 0.24241 9.9973E-05 0.0287348 0.178692 0.150506
0.0506177 0.487802 9.9991E-05 0.208654 0.0122068 0.0298437 0.14812 0.0626551
0.0361655 0.238473 0.0601455 0.491757 0.100807 0.0470125 9.9991E-05 0.0255396
0.0934306 9.9991E-05 0.0460713 0.542178 0.0750917 0.0392793 0.0690562 0.134793
0.061676 0.3137 0.0598542 0.369334 0.0300066 0.0121266 0.0697677 0.0835355
0.0178826 0.44906 9.9991E-05 0.149645 0.289522 0.0397347 0.0423652 0.0116903
0.062923 9.9991E-05 0.18299 0.443919 0.0783136 0.0474077 0.0421353 0.142211
0.00117618 0.0885281 0.0369203 0.49734 0.128887 0.189314 0.0577343 9.9991E-05
9.9982E-05 0.0821341 0.0782799 9.9982E-05 0.528655 0.0992502 0.089948 0.121533
9.9973E-05 9.9973E-05 0.0824916 0.59171 0.0389461 0.162767 9.9973E-05 0.123785
0.016543 0.0922685 0.0683778 0.311356 0.261104 9.9991E-05 0.0750863 0.175164
0.0319419 0.125981 0.0932453 0.409727 0.194015 0.116603 0.0279364 0.000549445
9.9982E-05 0.0758563 9.9982E-05 0.29612 0.464112 0.0490717 0.106564 0.00807617
9.9982E-05 0.181969 9.9982E-05 0.182214 0.383121 0.116346 0.0694842 0.0666662
9.9982E-05 0.0229764 9.9982E-05 0.452183 0.190694 0.108283 0.0956296 0.130034
0.0696249 0.142118 0.134518 0.396001 0.0746857 9.9991E-05 0.0614147 0.121538
9.9973E-05 0.267093 0.0870897 0.424628 0.200784 9.9973E-05 9.9973E-05 0.0201058
0.118646 0.20713 0.0890455 0.0642152 0.266964 0.0479374 9.9991E-05 0.205963
0.100659 0.113549 0.0306606 0.444423 0.00873318 0.172736 0.0725228 0.0567165
9.9982E-05 0.250526 9.9982E-05 0.330624 0.175497 0.00318626 0.00236406 0.237602
9.9982E-05 0.142663 9.9982E-05 0.438046 0.114258 0.139324 0.0240513 0.141458
0.00154176 0.0645571 0.102052 0.659918 0.0235063 0.00183113 9.9991E-05 0.146494
0.298629 0.118164 0.243168 0.106834 0.232904 9.9973E-05 9.9973E-05 9.9973E-05
0.102912 9.9955E-05 0.468052 9.9955E-05 0.428537 9.9955E-05 9.9955E-05 9.9955E-05
0.125628 9.9955E-05 0.398641 9.9955E-05 0.475232 9.9955E-05 9.9955E-05 9.9955E-05
0.380106 0.024207 0.325226 0.0150421 0.245915 9.9982E-05 0.0093044 9.9982E-05
9.9982E-05 0.013516 9.9982E-05 0.648364 0.187235 0.0434304 0.0255708 0.0816838
0.0697551 9.9991E-05 0.06805 0.589794 0.00199161 0.10301 0.107719 0.0595805
0.713011 0.061264 9.9955E-05 0.225225 9.9955E-05 9.9955E-05 9.9955E-05 9.9955E-05
0.440783 0.14274 0.0225717 0.323511 9.9982E-05 9.9982E-05 0.0214281 0.0487663
0.366696 0.0897398 0.0442591 0.457531 0.0269857 9.9982E-05 0.0145884 9.9982E-05
9.9973E-05 0.0102092 9.9973E-05 0.302293 0.358658 0.228572 9.9973E-05 0.0999677
0.112968 0.118324 9.9991E-05 0.465123 0.128456 0.128143 0.0137844 0.0331012
9.9973E-05 0.119683 9.9973E-05 0.175567 0.49683 0.142322 9.9973E-05 0.0652986
9.9982E-05 0.0444703 0.00761142 0.588485 0.190399 0.106753 9.9982E-05 0.0620817
0.0093578 0.198369 0.0315638 0.406266 0.149745 0.0784538 0.0282057 0.0980392
0.0347949 0.0760157 9.9982E-05 0.525971 0.248311 0.0375386 0.0771685 9.9982E-05
9.9982E-05 0.186619 9.9982E-05 0.143806 0.448241 0.113085 0.000201868 0.107847
0.102482 0.105906 9.9982E-05 0.542317 0.187065 0.00379411 9.9982E-05 0.0582358
0.0586605 0.0776941 0.0319734 0.588136 0.210853 9.9982E-05 9.9982E-05 0.0324835
0.949466 9.9946E-05 9.9946E-05 9.9946E-05 9.9946E-05 0.0499341 9.9946E-05 9.9946E-05
0.892261 9.9964E-05 9.9964E-05 0.0747774 0.0016912 0.0308709 9.9964E-05 9.9964E-05
0.600082 0.0500746 0.0718367 0.238552 9.9982E-05 0.0171435 9.9982E-05 0.0221113
0.697207 9.9964E-05 9.9964E-05 0.239294 9.9964E-05 0.0332977 0.0298016 9.9964E-05
0.868774 0.024807 0.0164799 0.0342799 0.00906182 9.9982E-05 9.9982E-05 0.0463978
0.997277 9.9955E-05 9.9955E-05 9.9955E-05 0.000641849 9.9955E-05 0.00158118 9.9955E-05
0.937414 9.9946E-05 9.9946E-05 9.9946E-05 9.9946E-05 9.9946E-05 0.0619864 9.9946E-05
0.872622 9.9946E-05 9.9946E-05 0.126778 9.9946E-05 9.9946E-05 9.9946E-05 9.9946E-05
0.973597 9.9946E-05 9.9946E-05 9.9946E-05 9.9946E-05 9.9946E-05 0.0258032 9.9946E-05
0.9993 9.994E-05 9.994E-05 9.994E-05 9.994E-05 9.994E-05 9.994E-05 9.994E-05
0.9993 9.994E-05 9.994E-05 9.994E-05 9.994E-05 9.994E-05 9.994E-05 9.994E-05
0.706312 0.072921 0.0422318 0.178135 9.9964E-05 9.9964E-05 9.9964E-05 9.9964E-05
0.806247 9.9964E-05 0.0361615 0.0680378 9.9964E-05 9.9964E-05 0.0891534 9.9964E-05
0.940169 9.9946E-05 9.9946E-05 9.9946E-05 9.9946E-05 9.9946E-05 9.9946E-05 0.0592312
0.420587 0.0892723 0.0292283 0.227105 9.9991E-05 0.164402 0.0201214 0.0491845
0.676178 0.031362 9.9982E-05 0.199752 0.00996589 9.9982E-05 0.0727637 0.00977878
0.759781 9.9973E-05 0.00543526 0.206778 0.0232484 9.9973E-05 0.00445799 9.9973E-05
0.878133 0.0194095 9.9964E-05 0.0865061 9.9964E-05 9.9964E-05 0.0155513 9.9964E-05
0.993657 9.9955E-05 9.9955E-05 0.00030712 0.00553615 9.9955E-05 9.9955E-05 9.9955E-05
0.875189 9.9964E-05 0.030691 0.0766463 9.9964E-05 9.9964E-05 0.0170736 9.9964E-05
0.993629 9.9946E-05 9.9946E-05 9.9946E-05 0.00577169 9.9946E-05 9.9946E-05 9.9946E-05
0.598392 9.9982E-05 0.0653836 0.151353 9.9982E-05 0.110646 0.0582466 0.015779
0.935596 9.9955E-05 9.9955E-05 9.9955E-05 9.9955E-05 9.9955E-05 0.0370511 0.0268527
0.043645 9.9964E-05 0.269555 9.9964E-05 0.569108 0.117293 9.9964E-05 9.9964E-05
0.0410452 0.1166 0.158486 0.412358 0.209567 0.0198361 0.0396006 0.00250704
0.0633466 9.9991E-05 0.15985 0.392393 0.148557 0.0575606 0.0959746 0.0822181
0.0658331 9.9982E-05 0.147232 0.279273 0.407441 9.9982E-05 0.0301711 0.0698503
0.181001 9.9973E-05 0.125651 0.415195 0.103331 0.174522 9.9973E-05 9.9973E-05
0.0661241 0.0287477 0.227915 0.236375 0.391414 9.9982E-05 9.9982E-05 0.0492247
0.0579071 0.0133648 0.237154 0.448992 0.0660862 0.069201 0.107195 9.9991E-05
0.161123 9.9982E-05 0.0734327 0.336089 0.381324 0.0174819 9.9982E-05 0.0303497
0.104555 0.00569183 0.135794 0.415726 0.248908 9.9982E-05 0.0891257 9.9982E-05
0.237959 9.9973E-05 0.114168 0.274693 0.363854 9.9973E-05 9.9973E-05 0.00902522
0.0663426 0.126188 0.14187 0.430239 0.183213 0.00388706 0.0481606 9.9991E-05
9.9964E-05 9.9964E-05 0.804743 0.0555709 0.0399449 9.9964E-05 0.0993418 9.9964E-05
0.0359016 9.9955E-05 0.935023 9.9955E-05 9.9955E-05 0.0285752 9.9955E-05 9.9955E-05
9.9973E-05 0.0095081 0.93315 0.0286853 9.9973E-05 9.9973E-05 0.0228146 0.00554202
9.9955E-05 9.9955E-05 0.910841 0.0409248 9.9955E-05 9.9955E-05 0.0477342 9.9955E-05
9.9973E-05 0.0869928 0.873326 0.021277 0.00892002 9.9973E-05 0.00918464 9.9973E-05
0.0715891 9.996E-05 0.884483 9.996E-05 9.996E-05 0.0434284 9.996E-05 9.996E-05
0.0753607 0.0193567 0.884982 9.9964E-05 9.9964E-05 9.9964E-05 9.9964E-05 0.0199006
9.9991E-05 0.0098601 0.858478 0.0321732 0.00917674 0.0181841 0.00757024 0.0644572
0.00212507 0.0511373 0.89999 9.9964E-05 9.9964E-05 0.0463482 9.9964E-05 9.9964E-05
0.108471 0.0380066 0.805504 9.9973E-05 9.9973E-05 0.0243492 0.0233695 9.9973E-05
9.9973E-05 0.152292 0.616199 9.9973E-05 9.9973E-05 0.000792593 0.0967727 0.133644
0.00178114 0.225418 0.541311 9.9973E-05 9.9973E-05 9.9973E-05 0.15177 0.0794198
9.9973E-05 0.240376 0.525521 9.9973E-05 0.0519314 9.9973E-05 0.122969 0.0589032
9.9982E-05 0.232461 0.478482 9.9982E-05 0.0204749 0.0241556 0.136751 0.107476
9.9973E-05 0.0958035 9.9973E-05 0.503127 9.9973E-05 0.0200746 0.0642499 0.316445
0.023398 0.145995 0.0094043 0.453037 9.9991E-05 0.0663624 0.0818022 0.2199
0.0439506 0.142683 0.00171844 0.596937 0.0647883 0.0352021 0.0424041 0.0723157
9.9973E-05 0.355465 0.0374916 0.37104 0.07314 9.9973E-05 9.9973E-05 0.162564
0.00189253 0.573131 9.9973E-05 0.0971354 9.9973E-05 9.9973E-05 0.237717 0.0898242
0.075728 0.014922 0.0140897 0.54574 9.9991E-05 0.0355208 0.0692108 0.244689
9.9982E-05 0.00329539 9.9982E-05 0.580251 0.0246718 0.0307473 0.000769817 0.360065
0.00385967 0.0148619 9.9982E-05 0.565039 0.0642592 9.9982E-05 0.0408167 0.310964
0.11111 9.9964E-05 9.9964E-05 0.287581 9.9964E-05 9.9964E-05 0.0290755 0.571833
9.9973E-05 9.9973E-05 9.9973E-05 0.574295 0.0320479 0.0751477 0.146881 0.171328
9.9973E-05 0.082602 9.9973E-05 0.413472 9.9973E-05 0.0750871 0.117942 0.310597
0.0232163 9.9964E-05 9.9964E-05 9.9964E-05 9.9964E-05 0.089985 0.0794637 0.806935
0.033632 0.135465 0.0716704 0.422541 9.9991E-05 0.0314601 0.149047 0.156085
0.0257012 0.00885282 9.9982E-05 0.267905 0.10239 0.0539103 9.9982E-05 0.54104
0.00464844 9.9973E-05 9.9973E-05 0.517575 9.9973E-05 0.0460581 0.00593215 0.425487
9.9973E-05 0.124762 0.00904176 0.0827778 9.9973E-05 9.9973E-05 0.106716 0.676403
9.9964E-05 9.9964E-05 0.0291182 0.0106729 0.10864 9.9964E-05 0.851169 9.9964E-05
9.9964E-05 9.9964E-05 9.9964E-05 0.0248649 0.0486739 0.0680518 0.85801 9.9964E-05
9.9946E-05 9.9946E-05 9.9946E-05 9.9946E-05 9.9946E-05 0.11759 0.881811 9.9946E-05
9.9973E-05 9.9973E-05 0.0695339 9.9973E-05 0.00589954 0.0174494 0.863519 0.0432984
0.0278817 0.0672337 9.9973E-05 9.9973E-05 0.0291294 9.9973E-05 0.827122 0.0483334
0.0415465 9.9964E-05 9.9964E-05 0.0680238 9.9964E-05 0.00357458 0.886455 9.9964E-05
0.0530669 9.9982E-05 0.830265 0.0866437 0.0248233 9.9982E-05 0.00431738 0.000684225
0.0198206 0.0846547 0.82475 0.0662867 9.9973E-05 9.9973E-05 0.00418856 9.9973E-05
0.0528037 9.9964E-05 0.747198 0.19015 9.9964E-05 0.00944799 9.9964E-05 9.9964E-05
0.0963862 0.0669755 0.738507 0.0898779 0.0079531 9.9973E-05 9.9973E-05 9.9973E-05
0.0506252 9.9973E-05 0.745154 0.119941 0.0688315 9.9973E-05 0.0151489 9.9973E-05
9.9973E-05 0.122822 0.360064 9.9973E-05 0.0408755 9.9973E-05 0.45627 0.0196691
9.9973E-05 9.9973E-05 0.492617 9.9973E-05 0.0384815 0.0422647 0.333261 0.093075
0.0108045 9.9973E-05 0.413748 9.9973E-05 9.9973E-05 0.111839 0.404488 0.0588206
9.9955E-05 0.0207314 0.830353 0.148416 9.9955E-05 9.9955E-05 9.9955E-05 9.9955E-05
9.9982E-05 0.00789801 0.329816 9.9982E-05 0.029012 0.0143955 0.476029 0.14265
0.36313 9.9973E-05 0.207281 0.170974 0.1811 0.0772154 9.9973E-05 9.9973E-05
0.211684 0.151153 0.125629 0.438395 0.0430949 9.9982E-05 0.0298448 9.9982E-05
0.336892 0.0255184 0.190329 0.44686 9.9964E-05 9.9964E-05 9.9964E-05 9.9964E-05
0.271255 9.9982E-05 0.211047 0.294274 0.145739 9.9982E-05 0.0625246 0.0149596
0.215634 0.0403473 0.150628 0.446441 0.0217343 9.9982E-05 9.9982E-05 0.125016
0.349326 9.9955E-05 0.362969 9.9955E-05 0.287206 9.9955E-05 9.9955E-05 9.9955E-05
9.9973E-05 0.285883 9.9973E-05 0.416109 0.0305268 0.0939852 0.173196 9.9973E-05
0.00376721 0.277353 9.9982E-05 0.272184 0.180485 0.21726 0.048751 9.9982E-05
9.9973E-05 0.51792 0.08676 0.184022 9.9973E-05 0.0917973 0.119201 9.9973E-05
9.9982E-05 0.0671246 9.9982E-05 0.424876 0.0620787 0.227264 0.0930042 0.125453
9.9973E-05 0.138707 9.9973E-05 9.9973E-05 0.254617 0.258093 0.0566952 0.291587
9.9973E-05 0.218471 0.092033 0.473665 0.0952023 0.120329 9.9973E-05 9.9973E-05
9.9991E-05 0.222952 0.0204749 0.389939 0.0478115 0.250546 0.03856 0.0296163
9.9982E-05 0.619162 0.0620962 0.201277 9.9982E-05 0.072134 0.00559345 0.0395375
0.0364652 0.154374 0.0667576 0.471804 0.0686525 0.0310126 0.127621 0.0433133
9.9982E-05 0.495471 0.0201405 0.0490777 0.184534 0.0983891 9.9982E-05 0.152188
0.0303582 0.0761981 0.00229425 0.392642 0.080077 0.135584 0.121007 0.16184
0.0593842 0.187444 9.9982E-05 0.464834 9.9982E-05 0.0739165 0.150645 0.0635767
0.188744 0.108152 0.126135 0.336685 0.0376533 9.9991E-05 0.0227859 0.179745
9.9973E-05 0.36214 9.9973E-05 0.286187 0.00795137 0.273862 0.0695598 9.9973E-05
0.0906675 0.252087 0.0213641 0.300858 9.9991E-05 0.0924081 0.141089 0.101426
0.140203 0.174286 9.9991E-05 0.378465 0.0253515 0.232115 0.0301223 0.0193572
9.9991E-05 0.172683 0.0027682 0.51085 0.0245305 0.19632 0.0498488 0.0428999
0.0458731 0.0481492 9.9982E-05 0.553331 9.9982E-05 0.245695 0.0684387 0.0383138
0.0230746 0.202611 0.0584481 0.568618 0.00180461 9.9991E-05 0.0557944 0.0895497
9.9991E-05 0.168004 0.0870807 0.555632 0.0273842 0.0211511 0.115948 0.0246992
0.02136 9.9955E-05 0.80764 0.1705 9.9955E-05 9.9955E-05 9.9955E-05 9.9955E-05
9.9964E-05 9.9964E-05 0.833929 0.0906175 9.9964E-05 0.0744604 9.9964E-05 0.000592998
9.9991E-05 0.0482062 0.764145 0.0177249 0.030555 0.0898675 0.0177822 0.0316194
0.0842253 9.9973E-05 0.722827 9.9973E-05 0.0500729 0.068764 0.0738111 9.9973E-05
0.0113654 9.9973E-05 0.791546 0.13843 9.9973E-05 0.0425519 0.0158076 9.9973E-05
0.0192936 0.644691 0.00603318 0.125186 0.0391145 9.9991E-05 0.140994 0.0245884
0.13321 0.139013 0.0391461 0.35311 0.0114603 0.253376 0.0705835 9.9991E-05
0.18898 0.0159936 0.21034 0.391757 0.0242268 0.158445 0.00268576 0.00757099
9.9982E-05 0.135284 0.0312753 0.622209 0.0386912 0.142889 0.029452 9.9982E-05
0.0483785 0.31136 0.00654017 0.472158 9.9991E-05 0.0183797 0.0125171 0.130566
0.0285048 0.329255 0.00657457 0.158427 0.134227 0.193788 0.149123 9.9991E-05
9.9973E-05 0.568342 0.107276 9.9973E-05 0.0515574 9.9973E-05 0.184823 0.0877012
9.9982E-05 0.188832 0.0409674 0.476977 9.9982E-05 0.100882 0.175732 0.0164095
0.0253054 0.428564 0.0965538 0.0716985 9.9982E-05 0.154332 0.223346 9.9982E-05
0.0129463 0.0213213 0.0515061 0.418779 0.134904 0.0738417 0.145808 0.140895
9.9982E-05 0.434757 0.173084 0.0700524 9.9982E-05 0.104202 0.171237 0.0464684
0.000811456 0.155824 0.0835107 0.612748 0.0264912 0.0155387 0.104976 9.9991E-05
9.9991E-05 0.647985 0.0558087 0.0931285 0.00571758 0.000735267 0.139379 0.0571459
0.0580194 0.400795 0.0389599 0.235789 0.130826 0.0990148 9.9991E-05 0.036496
9.9991E-05 0.0913209 0.0448185 0.434732 0.224199 0.0498668 0.103296 0.0516668
9.9973E-05 0.14076 9.9973E-05 0.29511 0.370732 0.137055 0.0560422 9.9973E-05
0.000963203 0.063624 0.0449565 0.599643 0.212852 0.00248724 0.00746475 0.0680097
9.9982E-05 9.9982E-05 0.0435192 0.595978 0.219185 0.0764822 0.00531561 0.0593199
9.9982E-05 0.091295 9.9982E-05 0.351194 0.357055 0.103793 0.0587403 0.0377225
0.112736 9.9991E-05 0.0447266 0.397613 0.0645939 0.181568 0.0992802 0.0993819
9.9973E-05 9.9973E-05 9.9973E-05 0.590235 0.242829 0.0689137 0.0642544 0.0334684
9.9973E-05 9.9973E-05 9.9973E-05 0.0983323 0.505415 0.105546 0.101254 0.189153
9.9973E-05 9.9973E-05 9.9973E-05 0.252157 0.514066 0.0972204 0.0393375 0.0969201
9.9964E-05 9.9964E-05 9.9964E-05 0.477758 0.216783 0.153713 0.151347 9.9964E-05
9.9982E-05 0.0228005 9.9982E-05 0.173264 0.338008 0.0762129 0.102404 0.287111
9.9973E-05 0.192374 9.9973E-05 0.435145 0.231058 9.9973E-05 0.014567 0.126556
9.9982E-05 0.640356 9.9982E-05 0.0642434 0.00106722 0.0351511 0.145033 0.11395
9.9973E-05 0.40565 9.9973E-05 0.139345 0.0115977 0.339075 0.104033 9.9973E-05
0.123214 0.462454 9.9982E-05 0.150655 9.9982E-05 0.0359744 0.152254 0.075249
0.0982092 0.169091 9.9982E-05 0.468768 9.9982E-05 0.0935576 0.0740016 0.0961724
9.9973E-05 0.469963 9.9973E-05 0.23376 9.9973E-05 0.0135882 0.141585 0.140805
0.0370685 0.0975146 0.127338 0.374662 0.0399664 0.209718 0.113633 9.9991E-05
0.0883973 0.206802 9.9982E-05 0.489333 9.9982E-05 0.0515608 0.102937 0.06077
0.192924 0.382285 9.9982E-05 0.317218 9.9982E-05 0.0440382 0.0460257 0.0173097
0.114271 0.240816 0.0333474 0.394873 9.9982E-05 0.0950752 0.121418 9.9982E-05
9.9964E-05 0.256851 9.9964E-05 0.486014 9.9964E-05 9.9964E-05 0.187951 0.0687852
0.0876671 0.508358 9.9973E-05 0.144926 9.9973E-05 9.9973E-05 0.140637 0.118112
0.0313543 0.353219 0.0430161 0.276478 9.9982E-05 0.0786685 0.217064 9.9982E-05
0.0436481 0.337302 9.9973E-05 0.488167 9.9973E-05 0.0958152 0.0347676 9.9973E-05
0.0106331 0.275912 0.0739189 0.578768 9.9973E-05 9.9973E-05 9.9973E-05 0.0604674
0.00689843 0.259182 0.0169779 0.423219 0.107427 0.143544 0.0426517 9.9991E-05
0.0474451 0.325537 9.9973E-05 0.377612 9.9973E-05 0.185747 0.0633588 9.9973E-05
0.0437516 0.375891 0.0711771 0.321802 0.0672894 9.9982E-05 0.119889 9.9982E-05
9.9964E-05 0.255277 9.9964E-05 0.584735 9.9964E-05 0.0696767 0.0899114 9.9964E-05
0.0828663 0.248912 0.031213 0.381295 9.9991E-05 0.0988452 0.137042 0.0197265
0.0424433 0.220704 0.0387435 0.498619 9.9991E-05 0.179853 0.00746995 0.0120673
0.103822 0.0762923 0.300457 0.379141 0.130209 9.9982E-05 9.9982E-05 0.00987835
0.27072 0.0126883 0.0926391 0.413832 0.00530862 0.110781 9.9991E-05 0.0939312
0.180693 0.271265 0.118765 0.36263 0.0663479 9.9973E-05 9.9973E-05 9.9973E-05
0.091388 0.0122124 0.0367248 0.600168 0.0552557 0.116135 0.0880158 9.9991E-05
0.310197 9.9973E-05 0.207802 0.351721 9.9973E-05 0.122978 9.9973E-05 0.00700197
9.9982E-05 0.184697 9.9982E-05 0.399111 0.161396 0.13369 0.0739093 0.0469952
0.0654467 9.9973E-05 0.119442 0.60537 0.111557 9.9973E-05 0.0978852 9.9973E-05
0.190538 0.0966461 0.151928 9.9973E-05 0.435184 9.9973E-05 9.9973E-05 0.125404
0.158358 0.0994972 0.0822517 0.455806 0.140647 0.0153205 9.9991E-05 0.0480198
0.0885291 9.9973E-05 0.147206 0.534848 0.059537 0.169581 9.9973E-05 9.9973E-05
0.257402 0.0512305 0.0445574 0.429409 0.00229136 0.0967655 0.00940803 0.108936
0.110028 0.180146 0.159818 0.3294 0.220308 9.9973E-05 9.9973E-05 9.9973E-05
0.125234 0.0206677 0.127755 0.545666 0.0878529 0.0151191 9.9991E-05 0.077606
0.140197 0.0939044 0.161478 0.454316 0.0430308 0.106874 9.9982E-05 9.9982E-05
0.206852 0.00742227 0.39485 9.9973E-05 0.366529 9.9973E-05 9.9973E-05 0.0240468
0.224418 9.9982E-05 0.175938 0.386387 0.0404656 9.9982E-05 0.0262364 0.146355
0.219075 9.9982E-05 0.176822 0.444379 0.0590619 0.0803341 0.0201285 9.9982E-05
0.136607 0.0739694 0.0844122 0.532815 0.108862 0.0631344 9.9982E-05 9.9982E-05
0.226348 0.0265616 0.144803 0.426484 0.0901997 0.0839403 0.00156384 9.9991E-05
0.121351 0.066449 0.150066 0.518484 9.9991E-05 0.100877 0.00312338 0.0395497
0.0602773 9.9982E-05 0.0264458 0.304912 9.9982E-05 0.479976 0.116177 0.0120117
0.0836103 0.0710153 0.0946924 0.421942 0.0106381 0.317902 9.9982E-05 9.9982E-05
9.9964E-05 0.106721 9.9964E-05 9.9964E-05 9.9964E-05 0.829139 0.0168956 0.0468446
9.9973E-05 0.0683404 9.9973E-05 9.9973E-05 0.0278708 0.82287 0.00434964 0.0762691
0.0156869 0.131696 0.0827599 0.383099 9.9982E-05 0.353793 9.9982E-05 0.032766
0.304958 9.9982E-05 0.100039 0.342163 0.0357622 0.16946 0.0474187 9.9982E-05
0.321425 9.9973E-05 0.071552 0.256967 0.0315295 0.318227 9.9973E-05 9.9973E-05
0.237874 0.00308746 0.251899 0.163597 0.0795135 0.237012 9.9991E-05 0.0269178
0.255761 0.0251318 0.191535 0.254996 0.03297 0.239406 9.9982E-05 9.9982E-05
0.0465399 9.9964E-05 0.0674602 9.9964E-05 0.226794 0.658806 9.9964E-05 9.9964E-05
0.0847382 9.9964E-05 0.115034 0.0684866 9.9964E-05 0.731342 9.9964E-05 9.9964E-05
0.0797267 9.9964E-05 0.0123573 0.476902 9.9964E-05 0.430614 9.9964E-05 9.9964E-05
0.102639 9.9964E-05 0.0398518 0.336325 9.9964E-05 0.520784 9.9964E-05 9.9964E-05
0.0737504 9.9964E-05 0.0643265 0.0847091 9.9964E-05 0.776814 9.9964E-05 9.9964E-05
0.114429 9.9982E-05 0.0622883 0.4132 0.0189929 0.355444 0.0354467 9.9982E-05
0.147093 9.9973E-05 0.0249229 0.390641 0.00490252 0.432141 9.9973E-05 9.9973E-05
0.198185 0.103237 0.00263236 0.343283 0.0224746 0.121296 0.0767477 0.132144
9.9982E-05 0.124646 0.0298144 0.145348 9.9982E-05 0.56458 0.0641238 0.0712882
9.9973E-05 0.160048 0.0248879 0.305022 9.9973E-05 0.481176 0.0285659 9.9973E-05
0.0345424 9.9991E-05 0.0565118 0.402491 0.0992822 0.250282 0.0849311 0.0718594
9.9982E-05 9.9982E-05 0.0401036 0.347241 0.0661639 0.433986 0.0675509 0.0447554
0.0514842 0.103402 0.0252451 0.410615 0.143569 0.168739 0.0668853 0.0300608
9.9973E-05 0.101855 9.9973E-05 0.355483 0.0399077 0.448692 9.9973E-05 0.0537618
9.9955E-05 9.9955E-05 9.9955E-05 0.174172 9.9955E-05 0.718511 0.106817 9.9955E-05
9.9964E-05 9.9964E-05 0.031488 0.527193 9.9964E-05 0.377343 9.9964E-05 0.0635765
0.0586621 0.0359318 0.1302 0.398309 0.0297979 0.306442 0.0405574 9.9991E-05
0.0210604 9.9973E-05 9.9973E-05 0.110763 9.9973E-05 0.724807 0.0135364 0.129533
0.0054661 0.022394 0.0606572 0.277311 9.9973E-05 0.633872 9.9973E-05 9.9973E-05
0.062513 0.00331635 0.0759341 0.411522 9.9991E-05 0.289963 0.0720734 0.0845779
0.0721848 9.9973E-05 0.0200181 0.404358 9.9973E-05 0.341658 9.9973E-05 0.161482
0.153318 0.0810803 0.141696 0.435805 0.0711578 0.065274 9.9991E-05 0.0515694
0.123842 9.9991E-05 0.100128 0.408906 0.074146 0.10683 0.185794 0.000254243
0.263361 0.0168013 0.149291 0.319722 0.199543 0.043021 0.00816168 9.9991E-05
0.266345 0.0420031 0.119891 0.291027 0.0735666 0.0830875 0.123979 9.9991E-05
0.215245 9.9982E-05 0.146904 0.372046 0.0562182 0.0679586 0.141428 9.9982E-05
0.168554 9.9982E-05 0.168149 0.33773 0.0408264 0.274787 0.00975337 9.9982E-05
0.0898863 9.9973E-05 0.174053 9.9973E-05 0.185639 0.537058 0.013064 9.9973E-05
0.240996 9.9982E-05 0.0426595 0.535269 0.0218059 0.0984732 0.0605961 9.9982E-05
0.0705186 9.9964E-05 0.380368 9.9964E-05 0.190658 0.358056 9.9964E-05 9.9964E-05
0.17704 9.9964E-05 0.0383474 0.421176 9.9964E-05 0.363037 9.9964E-05 9.9964E-05
9.9955E-05 9.9955E-05 9.9955E-05 9.9955E-05 0.0479678 0.756816 9.9955E-05 0.194717
9.9964E-05 0.0153958 9.9964E-05 9.9964E-05 0.0496303 0.827112 9.9964E-05 0.107462
9.9964E-05 0.0324746 9.9964E-05 0.396493 9.9964E-05 0.509971 9.9964E-05 0.0606619
9.9964E-05 0.0144067 0.0844965 0.476133 9.9964E-05 0.424564 9.9964E-05 9.9964E-05
9.9964E-05 0.106603 9.9964E-05 0.258264 0.00348652 0.631247 9.9964E-05 9.9964E-05
9.9955E-05 9.9955E-05 9.9955E-05 0.394153 9.9955E-05 0.559701 9.9955E-05 0.0456468
9.9955E-05 0.0137206 9.9955E-05 0.456988 9.9955E-05 0.528791 9.9955E-05 9.9955E-05
0.041286 9.9973E-05 0.747763 0.0962964 0.0120893 0.102265 9.9973E-05 9.9973E-05
0.119585 0.0320484 0.690636 9.9973E-05 9.9973E-05 0.0839111 0.0735193 9.9973E-05
0.0975487 0.0228287 0.879123 9.9955E-05 9.9955E-05 9.9955E-05 9.9955E-05 9.9955E-05
9.9955E-05 9.9955E-05 0.919073 0.0343019 9.9955E-05 0.0461252 9.9955E-05 9.9955E-05
9.9973E-05 0.199924 9.9973E-05 0.469765 9.9973E-05 0.0245786 0.000461967 0.304971
0.0334255 9.9982E-05 0.0894029 0.475322 9.9982E-05 0.0265774 0.016949 0.358123
0.0406756 9.9973E-05 9.9973E-05 0.417114 9.9973E-05 0.047071 0.0371672 0.457672
9.9973E-05 0.0173625 0.0818122 0.60786 0.0519308 9.9973E-05 9.9973E-05 0.240735
0.0252983 9.9991E-05 0.0336888 0.479331 0.0959423 0.103561 0.169057 0.0930212
9.9973E-05 0.0105745 0.0390139 0.277351 9.9973E-05 9.9973E-05 0.149837 0.522923
0.0247602 0.0503252 9.9964E-05 0.558492 9.9964E-05 9.9964E-05 9.9964E-05 0.366023
9.9964E-05 9.9964E-05 9.9964E-05 0.318732 0.116492 0.148284 9.9964E-05 0.416092
0.190017 0.0336554 0.236013 0.429723 0.00268114 0.0987234 9.9991E-05 0.00908772
0.00446239 0.144768 9.9982E-05 0.389006 9.9982E-05 0.129036 0.0359212 0.296606
9.9964E-05 9.9964E-05 0.0695622 0.339137 9.9964E-05 9.9964E-05 0.0579787 0.532922
9.9973E-05 0.00803871 0.00212695 0.505669 9.9973E-05 0.12615 9.9973E-05 0.357715
9.9982E-05 0.00414393 0.0185411 0.399394 9.9982E-05 0.0866578 0.0557262 0.435338
0.0752206 9.9964E-05 9.9964E-05 0.451184 9.9964E-05 0.0161494 9.9964E-05 0.457046
9.9964E-05 9.9964E-05 0.0931698 0.483903 9.9964E-05 0.128259 9.9964E-05 0.294268
9.9955E-05 9.9955E-05 9.9955E-05 0.0566499 9.9955E-05 0.0767531 9.9955E-05 0.866097
0.0777696 0.107847 9.9973E-05 0.103589 0.0717664 9.9973E-05 9.9973E-05 0.638728
9.9982E-05 0.0195888 0.00604753 0.252989 9.9982E-05 0.0733722 0.0146669 0.633135
9.9946E-05 9.9946E-05 9.9946E-05 9.9946E-05 0.141015 9.9946E-05 9.9946E-05 0.858385
0.0261136 0.0931654 0.027856 0.384791 0.0475919 9.9991E-05 0.0997316 0.320651
9.9982E-05 0.0324819 9.9982E-05 0.0871421 0.221544 0.0252592 0.0127688 0.620604
9.9964E-05 9.9964E-05 0.0263041 9.9964E-05 0.083129 0.0933869 9.9964E-05 0.79678
9.9973E-05 0.0723609 0.0333646 0.538578 9.9973E-05 0.0132023 9.9973E-05 0.342194
9.9964E-05 0.150829 0.0424501 0.203773 9.9964E-05 9.9964E-05 9.9964E-05 0.602548
0.0368863 0.145252 0.00527672 0.406654 0.0483801 9.9991E-05 0.0373627 0.320088
0.110829 9.9973E-05 9.9973E-05 0.540932 0.123047 9.9973E-05 0.00847926 0.216413
9.9964E-05 0.0220037 9.9964E-05 0.619548 9.9964E-05 9.9964E-05 0.0402499 0.317799
9.9973E-05 0.36112 9.9973E-05 0.365549 0.162271 0.0586865 0.0520729 9.9973E-05
9.9982E-05 0.0228412 0.0130387 0.61327 9.9982E-05 0.0381487 0.0329932 0.279509
0.0144681 0.081355 0.0721171 0.426862 0.00796853 0.0354815 0.0487458 0.313002
9.9964E-05 9.9964E-05 9.9964E-05 0.349925 0.00743268 9.9964E-05 0.0592279 0.583014
9.9991E-05 0.000632283 0.0432347 0.587733 0.0329122 0.0791535 0.123747 0.132488
0.0115164 0.166449 0.612825 9.9982E-05 0.0137472 0.0227186 0.172544 9.9982E-05
0.0124072 0.028151 0.741933 0.0176734 0.0106393 0.0527423 0.0551298 0.0813238
9.9964E-05 9.9964E-05 0.801531 9.9964E-05 0.07754 9.9964E-05 0.110785 0.00974458
9.9973E-05 9.9973E-05 0.81452 9.9973E-05 0.0126673 0.0336683 0.0920113 0.0468336
9.9982E-05 0.0259488 0.686929 0.0799696 0.0185245 0.0328917 0.155537 9.9982E-05
0.0226122 0.175068 0.0528808 0.0999797 9.9973E-05 9.9973E-05 9.9973E-05 0.64916
9.9964E-05 0.102348 0.083442 0.131718 9.9964E-05 9.9964E-05 9.9964E-05 0.682092
9.9964E-05 9.9964E-05 9.9964E-05 0.1351 0.0292798 0.0409172 9.9964E-05 0.794304
0.118961 0.138048 0.123006 0.441417 9.9982E-05 0.111893 9.9982E-05 0.0664763
9.9982E-05 9.9982E-05 0.10421 0.603727 0.0305885 0.0878726 0.0376341 0.135768
0.1457 0.0255512 9.9982E-05 0.15934 9.9982E-05 0.0275951 0.0342879 0.607325
0.0744468 9.9982E-05 0.0315557 0.548721 9.9982E-05 0.0477493 0.0149913 0.282336
0.0928891 0.0328929 9.9973E-05 0.359828 0.0266765 9.9973E-05 9.9973E-05 0.487413
9.9964E-05 0.0869378 9.9964E-05 0.58448 9.9964E-05 9.9964E-05 0.0502748 0.277908
0.109237 9.9973E-05 0.0451777 0.56247 9.9973E-05 9.9973E-05 0.0150208 0.267794
0.0171694 9.9973E-05 0.00884311 0.242046 9.9973E-05 9.9973E-05 0.171547 0.560095
9.9964E-05 0.0793519 9.9964E-05 0.3902 9.9964E-05 9.9964E-05 0.0240526 0.505996
9.9964E-05 0.116196 9.9964E-05 0.348752 9.9964E-05 9.9964E-05 0.0581646 0.476487
9.9991E-05 0.0746465 0.0564262 0.564898 0.20721 0.072449 0.0110391 0.0132308
9.9973E-05 0.0453613 9.9973E-05 0.392626 9.9973E-05 0.0154358 0.00470222 0.541575
9.9982E-05 9.9982E-05 0.0521068 0.471146 0.0350481 0.00833645 0.0705998 0.362563
0.473483 9.9964E-05 9.9964E-05 0.364371 0.0938314 9.9964E-05 0.0679148 9.9964E-05
0.446372 9.9973E-05 0.0655569 0.266091 0.0665083 0.155172 9.9973E-05 9.9973E-05
0.422535 0.0211444 0.0375281 0.435608 0.0669049 0.0160795 9.9982E-05 9.9982E-05
0.438158 9.9973E-05 0.103186 0.379692 0.0542792 0.0243845 9.9973E-05 9.9973E-05
0.286925 0.0503121 0.0972576 0.412532 9.9982E-05 0.0677097 0.0850638 9.9982E-05
0.0348329 0.0405192 0.0121882 0.464417 0.247244 9.9982E-05 9.9982E-05 0.200599
0.68553 0.0287606 0.176108 0.0189749 0.0617234 0.0149612 9.9991E-05 0.013842
0.460101 0.0267959 0.166524 0.25582 9.9973E-05 0.0904599 9.9973E-05 9.9973E-05
0.131464 9.9982E-05 0.117198 0.449554 0.207029 9.9982E-05 0.0824036 0.0121515
9.9973E-05 0.0795028 0.114892 0.605 0.177767 9.9973E-05 0.0225383 9.9973E-05
9.9982E-05 0.145694 0.100453 0.434982 0.20563 9.9982E-05 0.0489724 0.0640686
0.0664718 9.9982E-05 0.0892654 0.6095 0.114318 0.0698658 0.0503793 9.9982E-05
0.054675 0.0449441 0.0873813 0.595239 0.120535 9.9991E-05 0.0853375 0.0117881
0.401717 0.0290306 0.177511 0.320287 0.0711538 9.9973E-05 9.9973E-05 9.9973E-05
0.356393 0.107083 0.163453 0.315021 9.9973E-05 0.0577504 9.9973E-05 9.9973E-05
0.479852 9.9964E-05 0.0508212 0.413884 9.9964E-05 0.0550431 9.9964E-05 9.9964E-05
0.369605 9.9991E-05 0.0456483 0.357372 0.0171247 0.014937 0.116035 0.0791775
0.567895 0.0430416 0.115273 0.163638 0.0613995 0.0262199 9.9991E-05 0.022433
0.303752 0.00319835 0.182573 0.352478 9.9991E-05 0.0574472 0.0109342 0.0895176
0.524086 9.9982E-05 0.138254 0.165666 0.0239851 0.0978909 9.9982E-05 0.0499183
0.412323 0.0655697 9.9982E-05 0.334996 0.0435682 0.107473 0.0358705 9.9982E-05
9.9973E-05 9.9973E-05 0.0297789 0.513656 0.307554 9.9973E-05 0.0690887 0.0796219
0.370206 9.9982E-05 0.13167 0.282666 9.9982E-05 0.129793 0.0443343 0.0411308
0.644136 9.9973E-05 0.136739 0.175815 0.0360908 0.00691907 9.9973E-05 9.9973E-05
0.334297 0.0499661 0.10025 0.343504 0.00326866 9.9991E-05 0.07639 0.0922246
9.9982E-05 0.101815 0.146408 0.183582 0.296201 9.9982E-05 0.14196 0.129834
0.0559515 0.0998217 9.9982E-05 0.525023 0.214534 0.0407568 9.9982E-05 0.063713
0.313282 0.0197906 0.152142 0.390116 9.9982E-05 0.043767 0.0807026 9.9982E-05
9.9982E-05 0.0999438 0.0578475 0.581504 0.20303 0.0204026 0.0370722 9.9982E-05
9.9973E-05 9.9973E-05 0.0875682 0.539705 0.267155 9.9973E-05 0.0439041 0.0613677
0.151946 9.9973E-05 0.170651 0.394497 0.15223 9.9973E-05 9.9973E-05 0.130376
0.292516 0.0911133 0.222377 0.223137 0.0531637 0.117492 9.9982E-05 9.9982E-05
0.0837556 0.0585521 0.0209167 0.534343 0.188085 9.9982E-05 0.114149 9.9982E-05
0.39726 9.9991E-05 0.128898 0.347482 0.0401158 0.0551438 0.00397565 0.0270255
0.506242 0.0443032 0.0392023 0.274803 0.0353891 0.0998602 9.9982E-05 9.9982E-05
0.616301 9.9973E-05 0.173054 0.108349 0.0911934 0.0108028 9.9973E-05 9.9973E-05
0.0189953 9.9982E-05 0.054907 0.603345 0.190289 0.0540064 0.0782575 9.9982E-05
9.9982E-05 0.103742 0.0303682 0.452017 0.301419 9.9982E-05 0.110057 0.00219707
9.9982E-05 9.9982E-05 0.0537488 0.205731 0.662504 0.0189143 0.0435442 0.0153577
0.0636027 9.9973E-05 0.13409 0.519372 0.179063 9.9973E-05 0.103572 9.9973E-05
0.0107415 0.119455 0.0938284 0.399894 0.140807 0.0720252 0.163149 9.9991E-05
0.0610173 9.9973E-05 0.179002 0.527247 0.136717 9.9973E-05 9.9973E-05 0.0957169
0.14405 0.0237516 0.059459 0.393531 0.228004 0.0541053 0.0762113 0.0208874
0.173518 9.9955E-05 0.246122 9.9955E-05 0.57986 9.9955E-05 9.9955E-05 9.9955E-05
