9.9964E-05 0.0193859 0.0535098 0.180052 0.0202634 9.9964E-05 9.9964E-05 9.9964E-05 0.726389
9.9955E-05 0.00136271 0.0417505 0.32292 9.9955E-05 9.9955E-05 9.9955E-05 9.9955E-05 0.633467
0.0160949 9.9973E-05 0.033919 0.222945 0.132522 9.9973E-05 9.9973E-05 0.0795425 0.514677
0.073424 9.9973E-05 0.00511201 0.154534 9.9973E-05 0.0414025 9.9973E-05 0.0154007 0.709826
0.0764559 9.9955E-05 9.9955E-05 0.185496 9.9955E-05 0.0254738 9.9955E-05 9.9955E-05 0.712074
0.0544212 9.9964E-05 0.00634724 0.245071 9.9964E-05 9.9964E-05 0.291904 9.9964E-05 0.401857
0.0143715 9.9955E-05 9.9955E-05 9.9955E-05 0.0149354 9.9955E-05 0.17267 9.9955E-05 0.797523
0.0416221 0.00768592 0.0152087 0.0869474 9.9982E-05 0.0279637 0.193466 9.9982E-05 0.626906
9.99639E-05 0.0363445 0.0975767 0.0965377 0.0666345 9.99639E-05 9.99639E-05 9.99639E-05 0.702507
0.112076 0.0480706 9.9973E-05 0.0607548 9.9973E-05 9.9973E-05 0.179504 0.0109287 0.588366
9.9964E-05 9.9964E-05 0.0931379 0.232202 9.9964E-05 9.9964E-05 0.126233 0.0220022 0.526025
9.9955E-05 0.126711 0.382519 9.9955E-05 0.0495824 9.9955E-05 9.9955E-05 0.440688 9.9955E-05
0.0285723 0.0152618 0.203867 9.9982E-05 0.0431565 9.9982E-05 0.109223 0.551518 0.048201
9.9964E-05 9.9964E-05 0.301713 9.9964E-05 0.217245 0.0742943 9.9964E-05 0.400161 0.00618735
0.102166 9.9973E-05 0.259705 0.0461531 0.0957138 0.0333358 9.9973E-05 0.462627 9.9973E-05
0.10358 0.159561 0.144386 9.99771E-05 0.0695899 9.99771E-05 9.99771E-05 0.400217 0.122366
0.0797891 0.152343 0.161793 9.9982E-05 0.0921941 9.9982E-05 0.0939583 0.403458 0.0162654
9.9955E-05 9.9955E-05 0.254322 0.0680746 0.219483 9.9955E-05 9.9955E-05 0.45762 9.9955E-05
0.0107854 0.0291143 0.512495 9.9982E-05 0.0488915 9.9982E-05 0.162122 0.169804 0.066588
0.0569278 0.171088 0.1876 0.021537 0.0256501 0.0219842 0.0251425 0.489971 9.9991E-05
9.9973E-05 9.9973E-05 0.128793 0.0109829 0.244706 0.016315 0.035969 0.562934 9.9973E-05
9.9964E-05 0.0435136 0.165375 0.0774018 9.9964E-05 9.9964E-05 0.165652 0.547657 9.9964E-05
9.9973E-05 0.0689389 0.228142 0.0487443 0.117922 9.9973E-05 0.0778711 0.458082 9.9973E-05
0.0147458 9.9982E-05 0.112921 0.0296759 0.130358 9.9982E-05 0.00732819 0.670362 0.0344086
9.9964E-05 0.10012 0.381441 9.9964E-05 0.121731 9.9964E-05 9.9964E-05 0.386462 0.00984565
0.106403 0.169476 0.312437 9.9973E-05 0.0874447 9.9973E-05 9.9973E-05 0.322901 0.00103871
9.9973E-05 0.104704 0.307613 9.9973E-05 0.0679305 9.9973E-05 0.0757034 0.416972 0.0267779
0.0188339 9.9946E-05 9.9946E-05 9.9946E-05 9.9946E-05 9.9946E-05 9.9946E-05 0.163387 0.81718
9.9937E-05 9.9937E-05 9.9937E-05 9.9937E-05 9.9937E-05 9.9937E-05 9.9937E-05 0.16577 0.833531
9.9955E-05 9.9955E-05 9.9955E-05 0.254393 9.9955E-05 0.00700302 9.9955E-05 0.187166 0.550938
0.0487486 9.9964E-05 9.9964E-05 0.12452 0.0558845 9.9964E-05 9.9964E-05 0.17703 0.593417
9.9973E-05 0.0445926 0.134025 9.9973E-05 9.9973E-05 0.0530519 0.109922 0.601416 0.056693
0.0643852 0.322655 9.9973E-05 0.0134507 9.9973E-05 0.00695443 0.0577077 0.534547 9.9973E-05
9.9973E-05 0.065418 0.475709 9.9973E-05 0.0458042 9.9973E-05 0.0119609 0.289834 0.110974
0.0655092 0.55566 9.9964E-05 0.0330707 9.9964E-05 9.9964E-05 0.0396009 0.305759 9.9964E-05
0.0118057 0.164089 0.0271847 9.9973E-05 9.9973E-05 9.9973E-05 0.106365 0.592438 0.0978178
9.9946E-05 9.9946E-05 9.9946E-05 9.9946E-05 9.9946E-05 9.9946E-05 0.287549 0.59838 0.113471
0.0101298 0.0690667 0.0305954 0.0472141 0.040672 0.00598819 0.180562 0.539047 0.0767247
0.00223124 0.603625 0.108453 9.9973E-05 0.0398966 9.9973E-05 9.9973E-05 0.230811 0.0146835
0.0141424 0.047793 9.9982E-05 0.0832975 0.073815 0.0334656 0.194326 0.55296 9.9982E-05
9.9955E-05 0.599629 9.9955E-05 9.9955E-05 0.00970739 0.0673567 9.9955E-05 0.322808 9.9955E-05
9.9964E-05 0.754231 0.000573492 9.9964E-05 0.100762 9.9964E-05 0.0729518 9.9964E-05 0.0710829
9.9964E-05 0.214069 0.363382 9.9964E-05 0.0970756 0.0648847 9.9964E-05 0.260189 9.9964E-05
9.9973E-05 0.233694 0.191988 9.9973E-05 0.225375 0.118091 0.116545 0.114007 9.9973E-05
9.9982E-05 0.165784 0.349963 0.0500295 9.9982E-05 0.0582998 0.132027 0.192861 0.0508356
9.9982E-05 0.089673 0.172036 0.0636986 0.0386143 0.0147405 0.0431305 0.577907 9.9982E-05
9.9973E-05 0.198345 0.227739 9.9973E-05 9.9973E-05 0.0572391 0.0490211 0.339433 0.127922
9.9982E-05 0.0749202 0.255761 0.0201727 0.219678 9.9982E-05 0.0701538 0.241803 0.117311
9.9973E-05 0.062074 0.182927 0.0660426 0.109825 0.0928282 9.9973E-05 0.486002 9.9973E-05
9.9973E-05 0.146818 0.396374 9.9973E-05 0.0480382 9.9973E-05 0.130468 0.201607 0.076394
9.9964E-05 0.026376 0.186827 9.9964E-05 0.166479 0.1057 9.9964E-05 0.514218 9.9964E-05
0.0702028 0.092175 0.0553914 9.9973E-05 0.108917 0.128688 9.9973E-05 0.544326 9.9973E-05
9.9982E-05 0.155503 0.22367 0.0279201 0.153579 0.0269011 0.0811173 0.331109 9.9982E-05
9.9964E-05 0.126166 0.0633672 9.9964E-05 0.174618 0.0132901 9.9964E-05 0.622159 9.9964E-05
9.9982E-05 0.101057 0.286243 0.0072671 0.117212 0.0800754 0.0592565 0.348689 9.9982E-05
0.00539951 0.486878 0.0310922 9.9982E-05 9.9982E-05 0.000157447 0.0144187 0.460202 0.00165161
9.9964E-05 0.636944 0.053908 0.0351604 9.9964E-05 9.9964E-05 0.0156551 0.257932 9.9964E-05
0.00656016 0.87866 9.9955E-05 9.9955E-05 0.0406933 9.9955E-05 0.0735866 9.9955E-05 9.9955E-05
9.9964E-05 0.721351 0.0771245 9.9964E-05 9.9964E-05 0.0896982 0.0305117 0.0809144 9.9964E-05
0.0176653 0.620566 0.00365909 9.9964E-05 9.9964E-05 0.0910305 9.9964E-05 0.266679 9.9964E-05
0.00464557 0.4595 0.00111524 0.0839027 9.9964E-05 9.9964E-05 9.9964E-05 0.450437 9.9964E-05
0.0224022 0.42213 0.0214617 0.0236651 0.0980596 9.9973E-05 9.9973E-05 0.411982 9.9973E-05
0.0502864 0.58077 0.162234 9.9964E-05 9.9964E-05 9.9964E-05 9.9964E-05 0.19341 0.0129001
9.9955E-05 0.445964 0.19537 0.0571289 9.9955E-05 9.9955E-05 9.9955E-05 0.301037 9.9955E-05
0.0630905 0.508507 0.0467057 9.9973E-05 9.9973E-05 9.9973E-05 0.0489309 0.296475 0.0359909
0.0215667 0.324285 0.0308609 0.0471156 0.0216718 9.9982E-05 0.120299 0.434001 9.9982E-05
9.9955E-05 0.533746 9.9955E-05 9.9955E-05 9.9955E-05 0.00387777 0.0883074 0.373569 9.9955E-05
0.00716956 0.727961 0.0119927 9.9982E-05 0.0754976 0.066885 0.106561 9.9982E-05 0.00373404
0.00983025 9.9964E-05 0.00348457 0.252805 9.9964E-05 9.9964E-05 9.9964E-05 0.134853 0.598628
9.9955E-05 0.0224476 9.9955E-05 0.237815 9.9955E-05 9.9955E-05 9.9955E-05 0.0386781 0.700559
0.0263302 9.9964E-05 9.9964E-05 0.156965 0.0413966 9.9964E-05 9.9964E-05 0.0683069 0.706602
0.0326025 9.9964E-05 9.9964E-05 0.158753 0.0686733 9.9964E-05 9.9964E-05 0.00426689 0.735305
0.0313732 9.9964E-05 9.9964E-05 0.137403 0.0335067 9.9964E-05 9.9964E-05 0.0505338 0.746783
0.0364972 0.0640915 9.9973E-05 0.297823 0.0149574 0.0046422 9.9973E-05 9.9973E-05 0.581689
0.0256108 9.9973E-05 9.9973E-05 0.152725 9.9973E-05 0.00401265 0.0254091 0.00075841 0.791185
9.9955E-05 0.80746 9.9955E-05 0.00139799 9.9955E-05 9.9955E-05 9.9955E-05 0.122831 0.0678109
9.9964E-05 0.368493 0.0247928 0.041744 9.9964E-05 9.9964E-05 9.9964E-05 0.520583 0.0439869
0.0385647 0.263149 9.9973E-05 0.0697565 9.9973E-05 0.0174854 9.9973E-05 0.554881 0.0558628
0.0392457 0.187287 9.9973E-05 9.9973E-05 9.9973E-05 0.0572887 0.0939888 0.502259 0.11963
0.0778219 0.452958 9.9955E-05 0.0493592 9.9955E-05 9.9955E-05 9.9955E-05 0.419361 9.9955E-05
9.9964E-05 0.752116 0.156715 9.9964E-05 9.9964E-05 0.00696711 9.9964E-05 0.00106651 0.0827357
0.0472367 0.540844 9.9982E-05 0.0125832 0.0459222 0.0379686 0.0933291 0.221916 9.9982E-05
9.9955E-05 0.336858 9.9955E-05 9.9955E-05 9.9955E-05 0.165259 9.9955E-05 0.465839 0.031544
9.9964E-05 0.409002 0.0740653 9.9964E-05 9.9964E-05 9.9964E-05 0.0408768 0.422164 0.0534923
0.0849092 0.488399 9.9973E-05 9.9973E-05 9.9973E-05 0.0277127 0.060901 0.337422 0.000356283
9.99549E-05 0.366448 0.0782921 9.99549E-05 9.99549E-05 9.99549E-05 9.99549E-05 0.456547 0.0982136
9.9964E-05 0.147505 0.280865 9.9964E-05 0.168977 0.118894 9.9964E-05 0.283359 9.9964E-05
0.113741 0.076248 0.293435 0.106478 9.9973E-05 9.9973E-05 9.9973E-05 0.358299 0.0514992
9.9955E-05 9.9955E-05 0.362897 9.9955E-05 0.0317558 9.9955E-05 9.9955E-05 0.580531 0.0243162
0.0436447 0.0157911 0.270327 0.0467074 9.9973E-05 9.9973E-05 0.0332245 0.590005 9.9973E-05
0.0398828 9.9973E-05 0.299001 9.9973E-05 9.9973E-05 0.106394 0.0239248 0.480229 0.0502693
9.9973E-05 0.0933045 0.0812256 9.9973E-05 9.9973E-05 0.102559 0.0245065 0.609379 0.0887258
9.9946E-05 9.9946E-05 0.321674 0.0138643 9.9946E-05 9.9946E-05 9.9946E-05 0.663862 9.9946E-05
0.0564752 9.9964E-05 0.188178 0.018339 9.9964E-05 0.0349548 9.9964E-05 0.701654 9.9964E-05
0.0415676 0.0476697 0.140796 0.0311218 9.9982E-05 0.0585504 0.0660793 0.614016 9.9982E-05
9.9973E-05 9.9973E-05 0.209596 0.0693982 0.203843 0.0380266 0.107184 0.371653 9.9973E-05
0.00635677 0.0406866 0.174058 0.00121047 0.0417681 9.9982E-05 9.9982E-05 0.700555 0.0351651
0.0292009 9.9964E-05 0.0764978 9.9964E-05 0.0664703 0.184391 9.9964E-05 0.64304 9.9964E-05
0.00649114 0.125015 0.289498 0.0533341 9.9973E-05 0.18654 9.9973E-05 0.338821 9.9973E-05
9.9982E-05 0.137733 0.212278 0.0732088 0.11091 0.223218 0.113197 0.129255 9.9982E-05
9.9973E-05 0.152423 0.276215 9.9973E-05 0.14576 0.288061 0.00986694 0.127374 9.9973E-05
9.9964E-05 0.164316 0.367806 0.0776618 9.9964E-05 0.0999546 9.9964E-05 0.289861 9.9964E-05
9.9973E-05 0.112844 0.354685 0.00637268 9.9973E-05 0.00294159 9.9973E-05 0.517916 0.00494059
9.9964E-05 0.21137 0.346899 9.9964E-05 9.9964E-05 0.00465035 9.9964E-05 0.400409 0.0362724
0.0395495 0.125964 0.403748 0.0221077 9.9982E-05 0.035929 0.037239 0.335263 9.9982E-05
9.9982E-05 0.0172404 0.110158 0.064807 9.9982E-05 0.0430703 0.0503889 0.650515 0.0636196
0.00532427 0.103871 0.265095 9.9982E-05 0.106246 0.0383994 0.22561 0.255254 9.9982E-05
0.0285097 0.028209 0.0645127 9.9991E-05 0.0513193 0.125808 0.16944 0.468068 0.0640335
9.9973E-05 0.148273 0.0752126 9.9973E-05 0.163059 0.111932 0.38432 9.9973E-05 0.116903
0.0644056 0.211282 0.0786714 0.080949 0.125649 0.0768386 0.116945 0.24516 9.9991E-05
0.128869 0.0696036 0.043516 0.11216 0.0677571 0.0593408 0.145647 0.373006 9.9991E-05
9.9973E-05 0.0696827 0.110494 9.9973E-05 0.2106 9.9973E-05 0.30955 0.245204 0.0541685
9.9982E-05 0.0453642 0.0742744 9.9982E-05 0.0235107 0.221071 0.392178 0.131178 0.112223
9.9973E-05 0.134927 0.0743138 9.9973E-05 9.9973E-05 0.0796267 0.204236 0.444436 0.0621607
0.0956584 0.251606 0.0983811 9.9991E-05 0.145723 0.0799213 0.234613 0.0354012 0.0585956
9.9973E-05 0.16888 0.130978 9.9973E-05 0.0192469 0.0403027 0.302825 0.337468 9.9973E-05
0.00110016 0.227086 9.9982E-05 9.9982E-05 0.0329485 0.0328864 0.161343 0.48944 0.0549957
0.210029 0.0586249 9.9982E-05 0.109896 0.141094 9.9982E-05 0.104694 0.150321 0.225142
0.063653 9.9955E-05 9.9955E-05 9.9955E-05 0.443786 9.9955E-05 0.123419 9.9955E-05 0.368642
0.0437146 9.9964E-05 9.9964E-05 0.0855238 0.630183 9.9964E-05 0.119654 9.9964E-05 0.120525
0.304299 9.9982E-05 0.031667 0.0341998 0.328923 9.9982E-05 0.109952 0.0313649 0.159395
9.9955E-05 0.0949833 9.9955E-05 9.9955E-05 9.9955E-05 0.0324297 0.278732 0.593356 9.9955E-05
0.610803 9.9946E-05 0.0231482 9.9946E-05 9.9946E-05 9.9946E-05 9.9946E-05 0.365449 9.9946E-05
9.9964E-05 0.145846 9.9964E-05 9.9964E-05 9.9964E-05 0.129808 0.405996 0.265102 0.0528489
0.0788178 0.0918192 9.9964E-05 9.9964E-05 0.03826 0.236185 0.554519 9.9964E-05 9.9964E-05
0.0101146 0.0816187 0.0112686 9.9973E-05 0.0439681 9.9973E-05 0.305863 0.546867 9.9973E-05
9.9982E-05 0.0222044 0.0370591 0.0936874 9.9982E-05 0.241812 0.225923 0.358337 0.0207764
0.0457188 0.0205122 9.9973E-05 9.9973E-05 0.0470427 0.158197 0.207068 0.521161 9.9973E-05
9.9973E-05 0.143505 0.0394668 9.9973E-05 0.0673808 0.223701 0.36636 0.159286 9.9973E-05
0.945445 0.0140012 9.9955E-05 0.00996541 9.9955E-05 0.030089 9.9955E-05 9.9955E-05 9.9955E-05
0.868947 0.0192562 0.0257793 9.9964E-05 9.9964E-05 9.9964E-05 0.0202215 0.0653961 9.9964E-05
0.686129 9.9946E-05 0.0224534 9.9946E-05 9.9946E-05 9.9946E-05 9.9946E-05 0.290818 9.9946E-05
0.809576 0.0475945 9.9964E-05 9.9964E-05 9.9964E-05 9.9964E-05 0.0302906 0.0665055 0.0456339
0.999201 9.993E-05 9.993E-05 9.993E-05 9.993E-05 9.993E-05 9.993E-05 9.993E-05 9.993E-05
0.951235 9.9937E-05 0.0480651 9.9937E-05 9.9937E-05 9.9937E-05 9.9937E-05 9.9937E-05 9.9937E-05
0.845047 0.0337803 9.9955E-05 9.9955E-05 9.9955E-05 0.0313756 9.9955E-05 0.089297 9.9955E-05
0.930233 9.9946E-05 0.045773 9.9946E-05 9.9946E-05 9.9946E-05 9.9946E-05 0.0233942 9.9946E-05
0.98734 0.0119605 9.9937E-05 9.9937E-05 9.9937E-05 9.9937E-05 9.9937E-05 9.9937E-05 9.9937E-05
0.982988 9.9937E-05 9.9937E-05 9.9937E-05 0.0163126 9.9937E-05 9.9937E-05 9.9937E-05 9.9937E-05
0.693061 9.9964E-05 9.9964E-05 9.9964E-05 9.9964E-05 0.0118039 0.0185276 0.169389 0.106819
0.683739 9.9955E-05 0.042117 0.0695721 9.9955E-05 9.9955E-05 9.9955E-05 0.204072 9.9955E-05
0.969774 0.00324237 0.0253686 9.9955E-05 9.9955E-05 9.9955E-05 9.9955E-05 9.9955E-05 0.00111533
0.738217 9.9973E-05 0.0424492 0.0669969 9.9973E-05 0.0232645 9.9973E-05 0.0960125 0.0327602
0.840989 9.9964E-05 9.9964E-05 9.9964E-05 0.00151194 9.9964E-05 0.0406746 0.0643003 0.0521242
0.958495 9.9946E-05 9.9946E-05 0.0218986 9.9946E-05 9.9946E-05 9.9946E-05 0.0190064 9.9946E-05
0.808901 9.9955E-05 9.9955E-05 0.00386669 0.136057 9.9955E-05 9.9955E-05 0.050675 9.9955E-05
0.985641 9.9937E-05 9.9937E-05 0.013659 9.9937E-05 9.9937E-05 9.9937E-05 9.9937E-05 9.9937E-05
0.585611 9.9964E-05 0.0795322 9.9964E-05 9.9964E-05 0.0611264 9.9964E-05 0.164057 0.109273
0.833388 0.0093528 0.0382325 0.0179916 0.0123464 0.0168056 9.9982E-05 0.0716831 9.9982E-05
9.9964E-05 9.9964E-05 9.9964E-05 0.167363 0.159943 0.0543177 0.492099 9.9964E-05 0.125877
0.00432581 0.032803 0.123065 0.0317232 0.138066 9.9991E-05 0.155074 0.44874 0.066103
0.0470601 0.0559414 9.9982E-05 9.9982E-05 0.0420747 0.0055926 0.253243 0.410054 0.185834
0.0653077 9.9982E-05 0.0199176 9.9982E-05 0.137802 0.0660057 0.389903 0.133345 0.18752
0.0350224 0.0397248 9.9973E-05 9.9973E-05 0.389135 9.9973E-05 0.249238 0.184931 0.101648
0.143572 0.00390866 9.9973E-05 0.150016 0.0898504 9.9973E-05 0.390848 0.221505 9.9973E-05
0.181825 9.9991E-05 0.013729 0.0472998 0.00575496 0.0406867 0.244964 0.381529 0.0841121
0.147528 9.9973E-05 9.9973E-05 0.047254 0.129603 9.9973E-05 0.289643 0.315848 0.0698247
9.9964E-05 9.9964E-05 0.0609282 0.159514 0.00709418 9.9964E-05 0.0669605 9.9964E-05 0.705103
0.0188995 0.00769434 9.9964E-05 0.0899122 0.0652314 9.9964E-05 9.9964E-05 9.9964E-05 0.817863
9.9937E-05 9.9937E-05 9.9937E-05 9.9937E-05 0.0656308 9.9937E-05 9.9937E-05 9.9937E-05 0.93367
9.9937E-05 9.9937E-05 9.9937E-05 9.9937E-05 9.9937E-05 9.9937E-05 0.0445565 9.9937E-05 0.954744
9.9964E-05 9.9964E-05 0.0598326 0.0331892 0.0467849 9.9964E-05 9.9964E-05 0.0568802 0.802913
0.0221192 9.9964E-05 9.9964E-05 0.175059 0.106681 9.9964E-05 9.9964E-05 0.00590946 0.689832
0.0653459 9.9964E-05 9.9964E-05 0.300918 0.0445516 9.9964E-05 9.9964E-05 0.016374 0.57241
9.9973E-05 0.0253737 0.00815034 0.0956137 0.0872705 0.0600441 9.9973E-05 9.9973E-05 0.723248
9.9955E-05 0.0393455 9.9955E-05 0.172274 0.0842778 9.9955E-05 9.9955E-05 9.9955E-05 0.703603
0.021617 9.9955E-05 9.9955E-05 0.30203 0.172455 9.9955E-05 9.9955E-05 9.9955E-05 0.503399
0.0102211 0.102999 0.193944 0.00460201 9.9982E-05 0.0561067 0.0345114 9.9982E-05 0.597415
0.00943231 0.109237 0.256118 0.0860555 0.0256684 0.00799001 9.9982E-05 9.9982E-05 0.505299
9.9973E-05 0.081939 0.260993 0.140339 0.0884645 9.9973E-05 0.0232313 9.9973E-05 0.404733
9.9973E-05 0.169943 0.299431 0.0694839 9.9973E-05 0.00226915 0.0494623 9.9973E-05 0.40911
0.0470436 0.274991 0.0234884 0.06676 9.9982E-05 0.0903957 9.9982E-05 0.47928 0.0178411
0.0454176 0.0312557 0.154149 0.0514839 9.9982E-05 0.0172811 0.107578 0.592635 9.9982E-05
9.9973E-05 0.165684 0.196851 0.0321949 0.0733143 9.9973E-05 9.9973E-05 0.527382 0.00427333
9.9964E-05 0.0987909 0.571911 9.9964E-05 0.0014453 9.9964E-05 0.033236 0.294216 9.9964E-05
0.0897974 0.168926 9.9982E-05 0.0185077 9.9982E-05 0.0628129 0.0651674 0.556271 0.0383173
9.9955E-05 0.281298 9.9955E-05 0.0319164 9.9955E-05 0.0628853 9.9955E-05 0.623401 9.9955E-05
9.9973E-05 0.217134 0.0944056 9.9973E-05 0.0498532 0.0206732 0.0216368 0.595998 9.9973E-05
0.100063 0.504382 0.000692029 9.9964E-05 9.9964E-05 9.9964E-05 0.132441 0.262022 9.9964E-05
9.9973E-05 0.262988 0.123965 0.0290318 9.9973E-05 0.0829511 0.0331627 0.467602 9.9973E-05
9.9955E-05 0.710048 0.122128 9.9955E-05 9.9955E-05 0.110281 0.0570433 9.9955E-05 9.9955E-05
0.0145185 0.490187 0.0139246 0.00883549 0.0436923 0.091216 0.0986997 0.238827 9.9991E-05
0.0217458 0.316102 0.0498276 9.9973E-05 9.9973E-05 0.0799798 0.0401258 0.491919 9.9973E-05
9.9955E-05 0.612949 0.171122 9.9955E-05 9.9955E-05 9.9955E-05 9.9955E-05 0.150142 0.0652881
9.9946E-05 9.9946E-05 0.726763 9.9946E-05 9.9946E-05 9.9946E-05 0.130736 9.9946E-05 0.141902
0.0338744 9.9964E-05 0.703118 0.0444935 9.9964E-05 9.9964E-05 0.208601 9.9964E-05 0.00951259
0.00880974 9.9955E-05 0.82807 9.9955E-05 9.9955E-05 9.9955E-05 0.146199 9.9955E-05 0.0164215
9.9955E-05 9.9955E-05 0.782061 0.00902624 9.9955E-05 9.9955E-05 0.13145 9.9955E-05 0.0769622
0.0721249 9.9955E-05 0.822885 9.9955E-05 0.0279494 9.9955E-05 0.0765405 9.9955E-05 9.9955E-05
0.098389 9.9964E-05 0.74503 0.056746 9.9964E-05 9.9964E-05 0.0658157 0.033619 9.9964E-05
0.0181368 9.9955E-05 9.9955E-05 0.0662202 9.9955E-05 9.9955E-05 9.9955E-05 0.116992 0.798151
9.9946E-05 9.9946E-05 9.9946E-05 0.0100251 9.9946E-05 9.9946E-05 9.9946E-05 0.143024 0.846352
0.0570808 9.9964E-05 9.9964E-05 0.132384 9.9964E-05 0.00235083 9.9964E-05 0.133047 0.674738
0.0884369 9.9964E-05 0.0517009 0.0161526 9.9964E-05 9.9964E-05 9.9964E-05 0.113701 0.729609
0.105346 9.9973E-05 0.0135606 9.9973E-05 0.0433256 9.9973E-05 0.0290966 0.070127 0.738245
9.9955E-05 9.9955E-05 0.487847 0.193745 9.9955E-05 9.9955E-05 0.0946059 9.9955E-05 0.223302
9.9973E-05 0.0512918 0.392679 0.0212041 9.9973E-05 0.0307781 0.0367775 9.9973E-05 0.46697
9.9973E-05 0.0361876 0.428422 0.0809809 9.9973E-05 0.0199148 9.9973E-05 0.00444756 0.429748
9.9937E-05 9.9937E-05 9.9937E-05 9.9937E-05 9.9937E-05 9.9937E-05 9.9937E-05 0.189713 0.809587
9.9955E-05 0.133006 0.445001 0.111981 9.9955E-05 9.9955E-05 9.9955E-05 9.9955E-05 0.309512
0.248654 9.9973E-05 9.9973E-05 0.0730477 0.3092 9.9973E-05 0.0197133 0.290055 0.059031
0.268177 9.9964E-05 9.9964E-05 0.0230144 0.0664967 9.9964E-05 9.9964E-05 0.5231 0.118812
0.247622 9.9973E-05 9.9973E-05 9.9973E-05 0.0737542 0.0235275 0.104352 0.280929 0.269515
0.225129 9.9964E-05 9.9964E-05 0.27366 0.353215 9.9964E-05 0.0710081 9.9964E-05 0.0765876
9.9973E-05 0.120112 0.240261 9.9973E-05 9.9973E-05 0.0150741 0.113933 0.462893 0.047427
9.9973E-05 0.0394258 0.200808 9.9973E-05 0.0661612 0.140228 0.163713 0.389365 9.9973E-05
9.9964E-05 0.0310977 0.385393 9.9964E-05 0.0836453 9.9964E-05 9.9964E-05 0.419524 0.07994
9.9973E-05 0.113091 0.0791839 9.9973E-05 9.9973E-05 0.221062 0.0955609 0.483976 0.00682611
9.9955E-05 0.346932 0.155501 9.9955E-05 0.151302 0.345766 9.9955E-05 9.9955E-05 9.9955E-05
0.0311541 0.048626 0.145567 0.000535615 0.120794 0.234025 0.00744953 0.410755 0.00109334
9.9982E-05 0.0459903 0.38814 0.0122476 0.0893272 0.0279807 9.9982E-05 0.416242 0.0198727
9.9973E-05 0.233842 0.225941 9.9973E-05 0.185635 0.174512 0.0563763 0.123395 9.9973E-05
0.12299 0.0633494 0.0992822 9.9982E-05 0.115246 0.117063 0.130189 0.351681 9.9982E-05
0.0307627 0.0273555 0.286682 9.9973E-05 0.0276337 9.9973E-05 0.0269448 0.600322 9.9973E-05
0.139867 0.114233 0.073583 9.9982E-05 0.0753607 9.9982E-05 0.0445897 0.412435 0.139732
0.0194399 0.0739638 0.214075 9.9982E-05 0.0635947 0.259395 0.0155436 0.353788 9.9982E-05
0.00379701 0.0369814 0.27694 9.9982E-05 0.028285 0.0944058 0.0310882 0.528302 9.9982E-05
0.1448 0.11939 0.0811961 9.9982E-05 9.9982E-05 0.230924 0.0959136 0.318481 0.00909485
9.9982E-05 0.0512266 0.112362 0.0353245 0.0487573 0.0681756 0.162901 0.521053 9.9982E-05
0.091226 0.0521316 0.172147 0.0175737 9.9982E-05 0.020487 0.0829234 0.563311 9.9982E-05
9.993E-05 9.993E-05 9.993E-05 0.999201 9.993E-05 9.993E-05 9.993E-05 9.993E-05 9.993E-05
9.993E-05 9.993E-05 9.993E-05 0.999201 9.993E-05 9.993E-05 9.993E-05 9.993E-05 9.993E-05
9.9973E-05 0.0329411 0.0611233 0.597118 0.0224681 0.0250327 9.9973E-05 9.9973E-05 0.261016
9.9964E-05 0.0033019 0.0645601 0.903399 9.9964E-05 0.0136093 9.9964E-05 9.9964E-05 0.0147297
9.9955E-05 9.9955E-05 0.0142177 0.879521 9.9955E-05 9.9955E-05 9.9955E-05 0.044641 0.0611205
9.9955E-05 0.0442658 0.484 9.9955E-05 0.187885 9.9955E-05 9.9955E-05 0.283349 9.9955E-05
0.0827118 0.00506534 0.083098 9.9982E-05 0.124406 0.0790779 9.9982E-05 0.600555 0.0248857
0.0118773 0.128201 0.20597 0.029699 0.0353731 0.0164148 9.9991E-05 0.546241 0.026123
0.00952877 0.100374 0.307798 9.9973E-05 0.209622 0.0447038 9.9973E-05 0.327673 9.9973E-05
9.9964E-05 0.105488 0.504705 0.0318517 0.227584 9.9964E-05 9.9964E-05 0.129972 9.9964E-05
0.0805997 0.00484374 0.263486 0.0389527 9.9973E-05 9.9973E-05 0.153655 0.458163 9.9973E-05
0.0374571 0.0185023 0.467558 9.9973E-05 9.9973E-05 0.172554 9.9973E-05 0.209344 0.094285
0.0485653 0.121408 0.111894 0.0606398 0.0202281 0.111063 0.18885 0.337251 9.9991E-05
9.9973E-05 9.9973E-05 0.413463 0.0873922 0.124496 0.128414 0.00717664 0.238759 9.9973E-05
9.9982E-05 0.0304235 0.439777 0.0528749 0.0784703 0.00046495 0.0786867 0.319103 9.9982E-05
0.0827838 0.0365014 0.20887 0.0357657 0.037887 0.226117 0.0826264 0.289348 9.9991E-05
0.0669852 0.0278875 0.0264902 0.0051562 0.0337603 0.158517 0.568391 0.112712 9.9991E-05
0.0797946 0.0923541 9.9964E-05 0.0647986 9.9964E-05 9.9964E-05 0.332184 0.430469 9.9964E-05
9.9955E-05 9.9955E-05 0.075301 9.9955E-05 9.9955E-05 0.0851636 0.533411 0.305625 9.9955E-05
9.9991E-05 0.0714735 0.00600763 0.0901614 0.0287353 0.062424 0.237945 0.480487 0.0226654
9.9964E-05 0.159839 0.0134131 9.9964E-05 9.9964E-05 0.0590141 0.723985 0.0433489 9.9964E-05
9.9964E-05 0.124604 9.9964E-05 9.9964E-05 0.000708012 0.0779394 0.658498 0.137851 9.9964E-05
9.9973E-05 0.0276016 0.014153 0.00677073 9.9973E-05 0.187235 0.306468 0.457471 9.9973E-05
9.9973E-05 0.199315 0.02523 9.9973E-05 9.9973E-05 0.165654 0.532138 0.0650051 0.0123581
9.9964E-05 0.0137298 0.107235 9.9964E-05 0.0532055 9.9964E-05 0.326749 0.498681 9.9964E-05
0.040617 0.169034 0.542242 9.9964E-05 0.0832006 9.9964E-05 9.9964E-05 0.164507 9.9964E-05
9.9964E-05 0.0804421 0.350174 9.9964E-05 0.0714536 0.200536 9.9964E-05 0.296994 9.9964E-05
0.0123928 0.105148 0.289436 9.9982E-05 0.0907802 0.0369284 9.9982E-05 0.449078 0.0160359
0.0146195 0.00363326 0.204499 0.0259602 0.0641134 0.0519679 9.9982E-05 0.635006 9.9982E-05
9.9955E-05 0.152073 0.435884 9.9955E-05 9.9955E-05 0.0288037 9.9955E-05 0.38274 9.9955E-05
0.109466 9.9973E-05 0.28975 9.9973E-05 0.0711236 0.0274477 0.028377 0.473536 9.9973E-05
9.9991E-05 0.13799 0.269334 0.0218502 0.00370566 0.0488913 0.0141981 0.47879 0.0251403
0.0995592 0.170264 0.427515 9.9964E-05 9.9964E-05 0.00334364 9.9964E-05 0.298918 9.9964E-05
0.100638 0.1244 0.365453 9.9982E-05 0.022354 0.0133209 0.0735587 0.300075 9.9982E-05
0.0896944 9.9973E-05 0.158788 0.0494114 9.9973E-05 0.0174665 0.0170209 0.667319 9.9973E-05
0.0241877 0.0520863 0.224692 9.9973E-05 0.146743 0.13923 9.9973E-05 0.412761 9.9973E-05
0.0187802 9.9973E-05 0.263866 0.0124414 0.022936 0.161561 9.9973E-05 0.520116 9.9973E-05
9.9982E-05 0.0195292 0.290289 0.0641184 0.142781 0.0347044 0.00453383 0.443844 9.9982E-05
0.185065 0.101592 0.148878 0.0642606 0.00278324 0.0117001 0.0845561 0.401064 9.9991E-05
0.116473 0.00976051 9.9991E-05 0.161029 0.0943071 0.0103633 0.0781265 0.367358 0.162482
0.136736 0.00539339 9.9991E-05 0.116854 0.138313 0.11024 0.0700278 0.418945 0.00338962
0.0506421 9.9982E-05 9.9982E-05 0.0766445 0.0680321 0.173659 0.037697 0.549478 0.0436476
0.229594 0.011555 0.0251264 0.0364651 0.0299141 0.0435574 9.9991E-05 0.44535 0.178338
0.0432583 9.9973E-05 0.166514 9.9973E-05 0.00345341 0.0679685 0.23328 0.485226 9.9973E-05
0.0613349 0.136718 0.0071883 9.9991E-05 0.381201 0.0590341 0.206994 0.0467853 0.100644
0.138694 0.00901215 0.0477888 0.0719216 0.0554854 0.0896476 0.0798385 0.507512 9.9991E-05
0.211992 9.9964E-05 0.110832 9.9964E-05 0.131964 0.054683 9.9964E-05 0.490129 9.9964E-05
0.105801 0.0736921 0.151891 9.9982E-05 0.317107 0.00657719 9.9982E-05 0.275768 0.0689636
0.105603 9.9964E-05 9.9964E-05 9.9964E-05 0.118835 0.106043 9.9964E-05 0.521302 0.147816
0.123913 0.0714236 9.9973E-05 0.108195 0.52635 0.00609703 9.9973E-05 9.9973E-05 0.163722
0.101333 9.9964E-05 9.9964E-05 0.149198 0.147293 0.0403966 9.9964E-05 0.561379 9.9964E-05
0.159175 0.0167053 0.0384557 0.0644742 9.9991E-05 0.13773 0.0798114 0.396397 0.107151
0.0499765 0.0531368 0.0351609 9.9982E-05 9.9982E-05 0.357642 0.0694489 0.357915 0.0765206
9.9955E-05 0.145781 0.0730083 9.9955E-05 9.9955E-05 0.681565 0.0991459 9.9955E-05 9.9955E-05
9.9955E-05 0.103157 0.0343291 0.0407074 9.9955E-05 0.821307 9.9955E-05 9.9955E-05 9.9955E-05
0.172399 9.9982E-05 9.9982E-05 0.0702957 0.144346 0.111519 0.0186664 0.411581 0.0709929
0.35069 9.9973E-05 9.9973E-05 0.0438388 0.136486 0.214904 9.9973E-05 0.240591 0.0131904
0.259911 0.022404 9.9982E-05 9.9982E-05 0.238911 0.226708 0.0223952 0.120596 0.108875
0.149417 9.9964E-05 9.9964E-05 9.9964E-05 0.116572 0.207417 9.9964E-05 0.321902 0.204292
0.0514365 9.9955E-05 9.9955E-05 0.0373534 0.251406 0.659304 9.9955E-05 9.9955E-05 9.9955E-05
0.0714904 9.9973E-05 9.9973E-05 9.9973E-05 0.191059 0.56014 0.0300344 0.0969888 0.0499872
0.150514 9.9964E-05 9.9964E-05 0.0220925 9.9964E-05 0.385706 9.9964E-05 0.427487 0.0138011
0.163884 9.9955E-05 9.9955E-05 9.9955E-05 9.9955E-05 0.45238 9.9955E-05 0.351133 0.032103
0.152777 9.9973E-05 9.9973E-05 0.0176518 0.0310535 0.662235 9.9973E-05 0.0967601 0.0392225
0.0915104 0.059306 0.0635657 0.0199591 0.0729076 0.221694 9.9991E-05 0.463514 0.00744309
0.112777 0.0859189 0.0233144 0.0906996 9.9973E-05 0.295296 9.9973E-05 0.391695 9.9973E-05
9.9964E-05 9.9964E-05 0.0284938 0.0201332 9.9964E-05 0.703199 0.00434892 0.243425 9.9964E-05
0.0454993 0.0293872 0.0794068 9.9982E-05 9.9982E-05 0.534545 0.0402265 0.256663 0.0140726
0.108947 9.9991E-05 0.156039 0.0438712 0.00495923 0.366214 0.0738099 0.197704 0.0483563
9.9955E-05 9.9955E-05 9.9955E-05 9.9955E-05 0.0447976 0.378034 0.173204 0.403465 9.9955E-05
9.9955E-05 9.9955E-05 0.0485634 9.9955E-05 9.9955E-05 0.746865 0.0620796 0.141993 9.9955E-05
9.9964E-05 0.0543339 9.9964E-05 0.0373564 0.00857517 0.375186 9.9964E-05 0.524149 9.9964E-05
9.9955E-05 0.0187587 0.109931 9.9955E-05 9.9955E-05 0.731953 9.9955E-05 0.138858 9.9955E-05
9.9973E-05 9.9973E-05 0.037005 0.0538996 9.9973E-05 0.529002 0.0412996 0.323579 0.0149146
0.194922 0.00286681 0.0466174 0.0681494 0.101813 0.0919643 0.0779072 0.370936 0.0448242
0.220606 9.9982E-05 0.102266 0.0646508 0.167504 9.9982E-05 0.0980534 0.297886 0.0488331
0.0649968 9.9955E-05 9.9955E-05 9.9955E-05 0.0910051 0.633747 9.9955E-05 9.9955E-05 0.209751
0.158138 9.9982E-05 9.9982E-05 0.0650038 0.0389539 0.0945673 0.0319053 0.560257 0.0509743
0.0655613 9.9973E-05 9.9973E-05 0.0152678 0.339675 0.363933 0.0111511 9.9973E-05 0.204112
0.167937 9.9955E-05 9.9955E-05 9.9955E-05 0.113675 0.292546 9.9955E-05 0.425343 9.9955E-05
9.9946E-05 0.0310526 9.9946E-05 9.9946E-05 9.9946E-05 0.956886 0.0114613 9.9946E-05 9.9946E-05
9.9946E-05 0.0912463 0.0343344 9.9946E-05 9.9946E-05 0.87382 9.9946E-05 9.9946E-05 9.9946E-05
9.9955E-05 0.089463 0.0327746 9.9955E-05 9.9955E-05 0.442385 9.9955E-05 0.434877 9.9955E-05
0.0491677 9.9955E-05 9.9955E-05 9.9955E-05 9.9955E-05 0.521539 9.9955E-05 0.387033 0.0417608
9.9946E-05 9.9946E-05 9.9946E-05 9.9946E-05 9.9946E-05 0.576154 0.0990438 0.324202 9.9946E-05
9.9955E-05 0.0720443 9.9955E-05 9.9955E-05 9.9955E-05 0.446211 9.9955E-05 0.449144 0.0321009
9.9937E-05 9.9937E-05 9.9937E-05 9.9937E-05 9.9937E-05 0.534054 9.9937E-05 0.465247 9.9937E-05
0.0242311 9.9973E-05 9.9973E-05 0.340283 9.9973E-05 0.0560088 0.000395518 0.103823 0.474959
0.0651367 9.9982E-05 0.119218 0.185949 0.0367643 0.0217017 0.0116052 9.9982E-05 0.559425
0.0528789 9.9955E-05 0.0339926 0.267018 9.9955E-05 9.9955E-05 9.9955E-05 9.9955E-05 0.645611
9.9964E-05 9.9964E-05 9.9964E-05 0.189815 0.071053 0.0344564 9.9964E-05 0.00913477 0.695141
9.9982E-05 0.262957 0.0182084 0.0646456 0.0128574 0.0522261 0.00172759 0.587177 9.9982E-05
9.9955E-05 0.398158 0.0266197 9.9955E-05 9.9955E-05 9.9955E-05 9.9955E-05 0.513452 0.0612706
9.9982E-05 0.430599 0.120466 0.0180968 0.0516188 9.9982E-05 0.0555145 0.297798 0.0257067
0.0856219 0.331271 9.9964E-05 0.00997043 9.9964E-05 9.9964E-05 9.9964E-05 0.553048 0.0196893
9.9955E-05 0.385593 9.9955E-05 9.9955E-05 9.9955E-05 0.0416896 0.272387 0.29983 9.9955E-05
0.158801 0.0481454 9.9991E-05 0.118041 0.0118622 0.00239005 0.0658147 0.423784 0.171062
0.0697056 0.325604 9.99734E-05 9.99734E-05 0.0195369 0.0965348 9.99734E-05 0.453032 0.0352872
9.9955E-05 0.510883 0.0307805 0.0490654 9.9955E-05 9.9955E-05 9.9955E-05 0.408771 9.9955E-05
0.0233092 0.262603 9.9955E-05 9.9955E-05 9.9955E-05 0.144112 9.9955E-05 0.569476 9.9955E-05
9.9964E-05 0.379208 0.096612 9.9964E-05 9.9964E-05 0.0270937 9.9964E-05 0.462014 0.0346718
0.0133838 0.282559 9.9955E-05 9.9955E-05 9.9955E-05 0.143484 9.9955E-05 0.560073 9.9955E-05
9.9937E-05 0.911857 9.9937E-05 9.9937E-05 9.9937E-05 9.9937E-05 9.9937E-05 0.0874437 9.9937E-05
0.0470697 0.544753 0.035897 9.9982E-05 9.9982E-05 0.137869 0.00416379 0.214612 0.0154358
9.9955E-05 0.562979 0.0388546 9.9955E-05 0.0176861 9.9955E-05 9.9955E-05 0.379981 9.9955E-05
9.9946E-05 0.891463 9.9946E-05 9.9946E-05 0.00639468 9.9946E-05 0.101543 9.9946E-05 9.9946E-05
0.0129486 0.349424 0.0487007 9.9973E-05 9.9973E-05 0.00340805 9.9973E-05 0.484717 0.100502
0.00256301 0.534471 9.9973E-05 9.9973E-05 0.0420203 0.0605856 0.306037 0.0540231 9.9973E-05
9.9946E-05 0.849442 9.9946E-05 9.9946E-05 0.109222 0.0407363 9.9946E-05 9.9946E-05 9.9946E-05
0.0411642 0.351441 9.9973E-05 0.0179968 9.9973E-05 0.0365308 9.9973E-05 0.479864 0.0727035
0.0197827 0.541264 0.0998633 9.9964E-05 9.9964E-05 9.9964E-05 9.9964E-05 0.296716 0.0419739
0.0358777 0.286915 0.0931472 9.9973E-05 9.9973E-05 9.9973E-05 0.0195267 0.51953 0.0447031
9.9946E-05 0.405676 9.9946E-05 9.9946E-05 0.056022 9.9946E-05 9.9946E-05 0.537703 9.9946E-05
0.0318163 0.0363777 0.179019 9.9982E-05 0.11035 0.0740936 0.122954 0.44519 9.9982E-05
0.0889171 0.320901 9.9964E-05 0.0129341 9.9964E-05 0.0931619 9.9964E-05 0.483687 9.9964E-05
9.9964E-05 0.257363 0.0397844 9.9964E-05 9.9964E-05 9.9964E-05 0.0466588 0.616271 0.0395234
0.012638 0.615094 9.9973E-05 9.9973E-05 0.00849089 0.00390622 0.0960206 0.263551 9.9973E-05
9.9964E-05 0.0228528 0.279319 0.158809 9.9964E-05 9.9964E-05 0.0584397 9.9964E-05 0.480179
9.9973E-05 0.0543637 0.138233 0.285354 0.00942168 9.9973E-05 9.9973E-05 0.036603 0.475725
9.9973E-05 9.9973E-05 0.0887291 0.0206579 0.0113556 0.044114 0.0396002 9.9973E-05 0.795243
9.9964E-05 9.9964E-05 0.102626 0.104158 0.0484978 0.028813 9.9964E-05 9.9964E-05 0.715506
9.9964E-05 9.9964E-05 0.136527 0.0524504 9.9964E-05 9.9964E-05 0.0839734 0.0172261 0.709423
0.0103558 0.684 0.143994 9.9964E-05 9.9964E-05 9.9964E-05 9.9964E-05 0.133106 0.0281441
9.9964E-05 0.608012 0.0936233 9.9964E-05 9.9964E-05 9.9964E-05 0.0187257 0.217896 0.0613431
0.0544586 0.744797 9.9964E-05 9.9964E-05 9.9964E-05 0.0812409 0.0645804 0.0545233 9.9964E-05
9.9973E-05 0.530793 9.9973E-05 0.0546856 0.0960645 9.9973E-05 0.0376263 0.274871 0.00565931
0.0296596 0.236343 9.9964E-05 9.9964E-05 9.9964E-05 9.9964E-05 0.0578719 0.620634 0.0550915
0.0741044 0.429269 9.9973E-05 0.0226697 9.9973E-05 9.9973E-05 0.206015 0.239473 0.0281689
0.0144493 0.208084 0.081653 0.0400052 9.9982E-05 0.0374558 0.103931 0.514222 9.9982E-05
0.0210871 0.572861 0.0654731 0.0190151 9.9973E-05 9.9973E-05 0.100514 0.22075 9.9973E-05
0.0126411 0.521223 0.0243931 0.0177892 9.9973E-05 9.9973E-05 9.9973E-05 0.422957 0.000696192
9.9955E-05 0.490321 0.0998712 9.9955E-05 9.9955E-05 9.9955E-05 0.0620506 0.347257 9.9955E-05
9.9973E-05 0.00482845 0.0498578 0.117593 0.070704 9.9973E-05 0.227064 0.529653 9.9973E-05
9.9946E-05 0.438784 9.9946E-05 9.9946E-05 9.9946E-05 9.9946E-05 9.9946E-05 0.465166 0.0954502
0.0531812 0.355877 0.0784349 9.9982E-05 0.00480704 0.06341 0.0167968 0.427293 9.9982E-05
0.415915 9.9973E-05 9.9973E-05 0.0916366 0.0236764 0.061198 0.0990661 0.308208 9.9973E-05
0.411002 9.9964E-05 9.9964E-05 9.9964E-05 0.167163 9.9964E-05 0.058917 0.269437 0.093081
0.0699201 0.242241 9.9964E-05 0.0909658 9.9964E-05 9.9964E-05 0.225065 0.371408 9.9964E-05
0.536247 9.9973E-05 9.9973E-05 0.17913 0.101489 0.0837955 9.9973E-05 0.00147886 0.0975589
0.424546 9.9973E-05 9.9973E-05 0.138169 0.0363759 0.045244 9.9973E-05 0.294802 0.0605626
0.151764 0.00202965 9.9991E-05 0.0146891 0.0276268 0.0539153 0.230041 0.383245 0.13659
9.9955E-05 9.9955E-05 9.9955E-05 0.0200138 9.9955E-05 9.9955E-05 0.355979 0.524205 0.0993022
0.0602539 9.9955E-05 9.9955E-05 0.146509 9.9955E-05 9.9955E-05 0.434604 0.358133 9.9955E-05
0.47142 9.9973E-05 9.9973E-05 0.132175 0.0725033 9.9973E-05 0.0386659 0.22529 0.0596463
0.443493 9.9955E-05 9.9955E-05 9.9955E-05 0.130912 9.9955E-05 9.9955E-05 0.385643 0.0394521
0.514257 0.0697952 0.0244816 0.117269 0.0595861 9.9982E-05 9.9982E-05 0.20585 0.00856096
0.441545 0.0335303 9.9982E-05 0.036741 0.19334 0.0280243 9.9982E-05 0.221135 0.0454838
0.0187265 0.021572 9.9973E-05 0.0333932 0.0967741 9.9973E-05 0.41329 0.415944 9.9973E-05
0.619242 0.0326409 9.9973E-05 9.9973E-05 0.0695707 9.9973E-05 0.0758507 0.0544488 0.147947
9.9964E-05 9.9964E-05 0.152836 0.0917865 9.9964E-05 9.9964E-05 0.543938 0.178837 0.0322022
0.07908 9.9964E-05 9.9964E-05 0.00715579 9.9964E-05 0.0199376 0.317673 0.575754 9.9964E-05
0.0244747 9.9973E-05 0.0317211 0.0314692 9.9973E-05 9.9973E-05 0.287039 0.537133 0.0878632
9.9991E-05 0.0643175 0.0155269 0.0371799 0.00780362 0.0352864 0.220796 0.48138 0.13761
0.212346 0.0356212 0.058683 0.0606863 0.0987444 0.0541912 0.0521099 0.29116 0.136457
0.248667 9.9973E-05 0.0181515 9.9973E-05 0.221897 0.0231343 9.9973E-05 0.305948 0.181901
0.594486 9.9964E-05 9.9964E-05 9.9964E-05 0.117104 0.0335173 9.9964E-05 0.0927451 0.161748
9.9964E-05 9.9964E-05 0.0534019 0.0150477 9.9964E-05 9.9964E-05 0.341761 0.500647 0.0887425
0.0421392 9.9973E-05 9.9973E-05 9.9973E-05 0.112803 0.0116149 0.747338 0.0224708 0.0633341
0.00537764 0.0447183 0.171982 0.112765 0.00849405 0.084402 0.13407 0.422739 0.0154518
0.0814251 0.00628744 9.9982E-05 0.0850377 0.235113 9.9982E-05 0.104467 0.483381 0.00408987
0.00113937 0.0206444 9.9955E-05 9.9955E-05 0.93901 9.9955E-05 9.9955E-05 0.0387061 9.9955E-05
9.9937E-05 9.9937E-05 9.9937E-05 9.9937E-05 0.985325 9.9937E-05 0.0139756 9.9937E-05 9.9937E-05
0.00435287 0.114069 9.9973E-05 0.138315 0.374653 9.9973E-05 0.0307135 0.337597 9.9973E-05
9.9964E-05 0.0683032 9.9964E-05 0.0286016 0.695312 9.9964E-05 9.9964E-05 0.125227 0.0821568
0.0943738 9.9964E-05 9.9964E-05 0.0974679 0.792577 9.9964E-05 9.9964E-05 0.00797986 0.00720106
0.00665294 9.9973E-05 0.0101424 9.9973E-05 0.347417 0.116819 9.9973E-05 0.421742 0.0969274
0.0372254 0.0146915 0.0541613 0.185199 0.248782 0.0213266 9.9982E-05 0.438415 9.9982E-05
0.158588 0.0607129 0.024555 0.107691 0.321823 0.00844373 0.143379 0.151241 0.0235667
9.9946E-05 9.9946E-05 9.9946E-05 9.9946E-05 0.820817 0.00442144 9.9946E-05 0.174162 9.9946E-05
0.0922652 0.0825393 9.9973E-05 9.9973E-05 0.339914 9.9973E-05 0.0819417 0.368862 0.0341777
9.99459E-05 0.100254 9.99459E-05 9.99459E-05 0.686288 9.99459E-05 9.99459E-05 0.212858 9.99459E-05
9.9955E-05 9.9955E-05 0.0349974 0.00707509 0.948117 9.9955E-05 9.9955E-05 9.9955E-05 0.00931057
0.0722972 0.00767947 0.113809 9.9973E-05 0.386039 9.9973E-05 9.9973E-05 0.379615 0.0402608
0.13421 0.0733524 0.00693785 0.0323454 0.104338 9.9982E-05 9.9982E-05 0.432053 0.216563
0.252121 0.0131592 9.9982E-05 0.179368 0.0129393 9.9982E-05 0.00784388 0.511101 0.0232666
0.200339 0.0143378 9.9982E-05 9.9982E-05 0.0740137 0.00833116 0.0734332 0.52049 0.108855
0.108856 9.9973E-05 9.9973E-05 0.148669 0.108625 9.9973E-05 0.0150822 0.393882 0.224586
0.18125 9.9982E-05 0.0336351 0.0413523 0.0641528 0.0146347 9.9982E-05 0.529479 0.135297
0.209834 9.9964E-05 9.9964E-05 0.0733591 0.129042 9.9964E-05 9.9964E-05 0.411097 0.176267
0.155383 0.00539552 0.00550094 0.0241302 0.0881024 9.9991E-05 0.105785 0.363308 0.252295
0.187091 0.163391 0.136062 0.0477326 0.0742985 9.9991E-05 0.0497269 0.281492 0.060106
0.20338 9.9973E-05 9.9973E-05 0.0664854 0.153077 9.9973E-05 0.0372312 0.356216 0.18331
0.150161 0.0868147 9.9982E-05 0.22726 0.357964 9.9982E-05 0.0588706 0.0810884 0.0376419
0.225967 9.9964E-05 9.9964E-05 0.0790836 0.395942 9.9964E-05 9.9964E-05 0.24013 0.0584772
9.99369E-05 9.99369E-05 0.141351 0.85795 9.99369E-05 9.99369E-05 9.99369E-05 9.99369E-05 9.99369E-05
0.0225931 0.0191411 0.749608 9.9991E-05 0.00969142 0.0689398 0.00315755 0.101199 0.0255692
9.9937E-05 9.9937E-05 0.943783 0.0555175 9.9937E-05 9.9937E-05 9.9937E-05 9.9937E-05 9.9937E-05
9.9946E-05 9.9946E-05 0.946705 0.0344724 9.9946E-05 9.9946E-05 9.9946E-05 0.018223 9.9946E-05
0.0100079 9.9964E-05 0.896851 9.9964E-05 9.9964E-05 0.0474679 9.9964E-05 0.00751118 0.037762
0.101642 9.9955E-05 0.828518 0.048449 9.9955E-05 9.9955E-05 9.9955E-05 0.0208911 9.9955E-05
9.9946E-05 0.00168441 0.851749 9.9946E-05 9.9946E-05 9.9946E-05 9.9946E-05 0.145967 9.9946E-05
0.0105823 9.9973E-05 0.83047 0.0115622 9.9973E-05 0.00911114 0.0253218 9.9973E-05 0.112652
0.057662 9.99629E-05 0.775121 0.0389465 9.99629E-05 9.99629E-05 9.99629E-05 9.99629E-05 0.127771
0.00154543 9.9964E-05 9.9964E-05 0.193069 0.0855536 9.9964E-05 9.9964E-05 0.0400947 0.679338
0.0222997 9.9982E-05 0.0261419 0.133397 9.9982E-05 0.0626462 0.00316857 0.0815493 0.670598
0.0609737 0.0278823 9.9964E-05 0.1187 9.9964E-05 9.9964E-05 9.9964E-05 0.0189693 0.773075
9.9973E-05 9.9973E-05 0.114017 0.302414 0.0830751 0.00576747 9.9973E-05 0.024243 0.470184
0.068991 0.0313145 0.0183452 0.287446 9.9964E-05 9.9964E-05 9.9964E-05 9.9964E-05 0.593504
0.0201734 9.9964E-05 0.0963931 0.15863 9.9964E-05 9.9964E-05 0.00319376 9.9964E-05 0.72121
0.214217 9.9973E-05 0.0563137 9.9973E-05 0.00190197 0.0540862 0.012811 9.9973E-05 0.66037
0.117316 0.0013717 9.9973E-05 0.0719279 9.9973E-05 0.0143133 0.000121864 9.9973E-05 0.794649
0.0539641 9.9973E-05 0.089755 0.212321 9.9973E-05 9.9973E-05 0.0158486 0.117246 0.510565
0.0606753 0.00622609 9.9982E-05 0.32881 9.9982E-05 0.00400641 0.0183747 0.0119848 0.569722
9.9955E-05 0.00349497 9.9955E-05 0.254944 9.9955E-05 0.0487511 9.9955E-05 9.9955E-05 0.69231
0.0115204 9.99723E-05 9.99723E-05 0.371079 9.99723E-05 0.0572269 9.99723E-05 0.0110456 0.548728
0.0237038 9.9973E-05 0.020234 0.232843 0.0209887 9.9973E-05 0.0157774 9.9973E-05 0.686153
0.0249332 9.9964E-05 9.9964E-05 0.35187 9.9964E-05 9.9964E-05 0.0120967 0.0130963 0.597603
0.0144879 9.9973E-05 0.0187039 0.772422 0.00678545 9.9973E-05 9.9973E-05 0.00640178 0.180899
9.9946E-05 9.9946E-05 9.9946E-05 0.759106 9.9946E-05 9.9946E-05 9.9946E-05 0.0450027 0.195291
0.126533 9.9964E-05 9.9964E-05 0.808866 0.00980898 9.9964E-05 9.9964E-05 0.00201328 0.0523781
0.0476534 9.9955E-05 9.9955E-05 0.757416 9.9955E-05 9.9955E-05 9.9955E-05 0.0115875 0.182843
0.0433928 0.0101771 9.9964E-05 0.763641 9.9964E-05 9.9964E-05 9.9964E-05 0.0108544 0.171535
9.9964E-05 9.9964E-05 0.00917195 0.134538 0.0725887 9.9964E-05 0.388432 0.39487 9.9964E-05
9.9973E-05 0.0204789 9.9973E-05 0.109291 9.9973E-05 0.00610986 0.181797 0.645275 0.0367492
0.0380392 0.00457768 9.9973E-05 9.9973E-05 0.0529029 0.11197 0.772322 0.019888 9.9973E-05
0.0095586 9.9964E-05 0.0911116 9.9964E-05 9.9964E-05 9.9964E-05 0.290185 0.48427 0.124475
0.0289086 9.9955E-05 9.9955E-05 0.100421 0.0848241 9.9955E-05 0.785346 9.9955E-05 9.9955E-05
0.0702528 9.9973E-05 9.9973E-05 0.0462215 0.104635 9.9973E-05 0.21375 0.53386 0.030981
9.9964E-05 0.0123204 0.133572 0.118861 9.9964E-05 9.9964E-05 0.356074 0.378773 9.9964E-05
0.00620335 9.9964E-05 9.9964E-05 0.0104131 9.9964E-05 9.9964E-05 0.39323 0.530232 0.0595215
9.9973E-05 0.32808 0.0541248 0.0184482 9.9973E-05 0.0101772 9.9973E-05 0.551012 0.0378574
