0.00778331 0.0483604 0.0678399 9.9955E-05 9.9955E-05 9.9955E-05 9.9955E-05 0.0334373 0.842079 9.9955E-05
9.9946E-05 9.9946E-05 9.9946E-05 9.9946E-05 0.0729972 9.9946E-05 9.9946E-05 0.0111505 0.902174 0.0130783
9.9964E-05 9.9964E-05 0.00242618 0.150964 9.9964E-05 9.9964E-05 0.00721765 0.0624556 0.75453 0.0220066
0.0661144 0.119315 9.9973E-05 0.0200422 0.0070693 9.9973E-05 9.9973E-05 0.0475686 0.712585 0.0270052
0.0201267 0.0664955 9.9946E-05 0.0736838 9.9946E-05 9.9946E-05 9.9946E-05 9.9946E-05 0.839094 9.9946E-05
0.0427172 0.0780273 9.9964E-05 0.0910469 9.9964E-05 0.175828 9.9964E-05 9.9964E-05 0.552856 0.0591251
9.9973E-05 0.0209226 0.0610589 0.00195719 9.9973E-05 0.14088 0.00461272 0.0159782 0.75429 9.9973E-05
0.12474 0.0227833 9.9964E-05 9.9964E-05 9.9964E-05 0.130563 9.9964E-05 0.0294949 0.682451 0.00956753
9.99549E-05 9.99549E-05 9.99549E-05 9.99549E-05 9.99549E-05 0.0753137 0.029944 0.00412355 0.802345 0.0877737
0.0322463 0.065662 0.00858362 0.0741269 0.00812588 0.118562 9.9991E-05 0.0257096 0.652463 0.0144209
0.0638477 9.9964E-05 9.9964E-05 0.035658 9.9964E-05 0.16843 9.9964E-05 0.0013842 0.686117 0.0441639
9.9964E-05 0.132447 0.762109 0.0128294 9.9964E-05 0.0142042 0.0582801 9.9964E-05 9.9964E-05 0.0197299
0.0215538 0.139839 0.42701 0.348742 9.9964E-05 9.9964E-05 9.9964E-05 0.0194894 9.9964E-05 0.042966
0.0233211 9.9973E-05 0.681701 0.124004 0.0755586 0.0138073 9.9973E-05 0.0550385 0.0262693 9.9973E-05
9.9955E-05 0.136091 0.619823 0.161256 9.9955E-05 9.9955E-05 9.9955E-05 0.0418618 0.0404687 9.9955E-05
9.9964E-05 0.0790432 0.411004 0.316453 9.9964E-05 0.0250774 9.9964E-05 0.00899359 0.159028 9.9964E-05
0.0300917 0.0543983 0.311815 0.509946 9.9964E-05 0.0326271 9.9964E-05 0.0607216 9.9964E-05 9.9964E-05
0.0117443 0.107212 0.422661 0.301449 9.9973E-05 0.0582619 0.0396468 0.0587252 9.9973E-05 9.9973E-05
9.9955E-05 0.0281111 0.596765 0.241452 9.9955E-05 9.9955E-05 9.9955E-05 0.0253356 0.107836 9.9955E-05
9.9955E-05 9.9955E-05 0.792621 9.9955E-05 9.9955E-05 0.0826588 9.9955E-05 0.0131247 0.0539313 0.0571648
0.0507736 0.0916231 0.429505 0.228033 0.0123769 9.9982E-05 0.12851 0.0409157 9.9982E-05 0.0180633
9.9973E-05 0.0110032 0.34889 0.354979 0.00503201 0.158597 9.9973E-05 0.0440024 9.9973E-05 0.0771963
0.0490924 9.9964E-05 0.26181 0.459532 0.0596022 9.9964E-05 0.0875569 9.9964E-05 0.0820062 9.9964E-05
9.9964E-05 0.137276 0.676669 0.0935487 9.9964E-05 9.9964E-05 0.0541423 0.00983189 0.0281325 9.9964E-05
0.00746182 0.0482006 0.196801 0.493894 0.0416752 0.0687302 9.9991E-05 0.00251598 0.120603 0.0200189
9.9955E-05 0.158737 0.441707 0.356803 9.9955E-05 0.0312454 9.9955E-05 9.9955E-05 9.9955E-05 0.0110084
9.9955E-05 0.108751 0.876098 9.9955E-05 0.00210637 9.9955E-05 9.9955E-05 0.00684388 0.00570137 9.9955E-05
9.9955E-05 0.134776 0.841441 0.00178867 9.9955E-05 9.9955E-05 9.9955E-05 0.0106838 0.0108112 9.9955E-05
0.0339445 9.9955E-05 0.744839 0.125763 0.0814227 9.9955E-05 9.9955E-05 9.9955E-05 0.0135304 9.9955E-05
9.99201E-05 9.99201E-05 9.99201E-05 9.99201E-05 9.99201E-05 9.99201E-05 9.99201E-05 0.999101 9.99201E-05 9.99201E-05
9.99201E-05 9.99201E-05 9.99201E-05 9.99201E-05 9.99201E-05 9.99201E-05 9.99201E-05 0.999101 9.99201E-05 9.99201E-05
9.9955E-05 0.0185996 9.9955E-05 0.11785 9.9955E-05 9.9955E-05 9.9955E-05 0.331377 0.481659 0.0500158
9.9937E-05 9.9937E-05 9.9937E-05 0.23896 9.9937E-05 9.9937E-05 9.9937E-05 0.224768 0.535573 9.9937E-05
0.0798015 0.0806316 0.143761 0.443568 0.0807648 0.0125979 0.145613 9.9982E-05 9.9982E-05 0.0130619
0.0170666 0.0353917 0.0305478 0.49953 9.9964E-05 9.9964E-05 0.260539 9.9964E-05 0.156525 9.9964E-05
9.9937E-05 9.9937E-05 9.9937E-05 0.569138 9.9937E-05 0.0899559 0.340207 9.9937E-05 9.9937E-05 9.9937E-05
0.00700522 9.9982E-05 0.531808 0.0925407 0.0127179 0.0743459 0.0472728 9.9982E-05 0.0661354 0.167974
9.9964E-05 0.0106394 9.9964E-05 0.263097 0.0681766 9.9964E-05 0.549159 0.0524025 9.9964E-05 0.0561254
9.9955E-05 9.9955E-05 0.208372 0.515944 0.0197845 9.9955E-05 0.14762 9.9955E-05 0.107779 9.9955E-05
0.0195606 0.0719857 0.0248821 0.527364 9.9982E-05 9.9982E-05 0.29709 0.00958322 0.0304569 0.0188777
0.0471276 0.00329009 9.9973E-05 0.576541 9.9973E-05 0.182819 0.096637 0.0548938 9.9973E-05 0.0383921
0.0523916 0.0604507 0.0329376 0.51499 9.9991E-05 0.00442992 0.178983 0.065844 0.0388089 0.0510648
0.0246403 9.9973E-05 0.163825 0.0434143 9.9973E-05 9.9973E-05 0.722698 0.0339352 0.00107646 0.010111
9.9973E-05 0.00249247 9.9973E-05 0.613818 0.0283556 0.216253 0.0778026 9.9973E-05 0.0475319 0.0134469
9.9982E-05 0.0234933 0.138158 0.525773 0.06579 0.0545169 0.122635 0.0265674 0.0428663 9.9982E-05
0.17108 0.0899731 9.99682E-05 0.571476 0.0752483 9.99682E-05 9.99682E-05 0.0432754 0.0485473 9.99682E-05
9.9937E-05 9.9937E-05 9.9937E-05 0.343225 0.0828178 9.9937E-05 0.573258 9.9937E-05 9.9937E-05 9.9937E-05
0.0858685 0.0388988 9.9973E-05 0.63159 9.9973E-05 0.0513293 0.174903 0.00138751 9.9973E-05 0.015723
0.021429 0.0592368 9.9982E-05 0.481456 0.147479 0.00107988 0.139556 0.0589248 0.0906385 9.9982E-05
9.9955E-05 9.9955E-05 9.9955E-05 9.9955E-05 0.00859782 0.177591 0.739049 9.9955E-05 0.0567089 0.0175531
0.0769838 9.9973E-05 0.46488 0.089222 0.0454339 0.0126044 0.171892 9.9973E-05 9.9973E-05 0.138684
0.0780202 9.9964E-05 0.271335 0.0668534 0.0843999 0.341189 0.157803 9.9964E-05 9.9964E-05 9.9964E-05
0.095851 9.9982E-05 0.122036 0.574321 0.0171347 0.140962 9.9982E-05 0.0325805 0.0136554 0.00325945
0.0394299 0.0884608 0.211599 0.451233 0.0813094 0.0690971 9.9982E-05 9.9982E-05 0.0571505 0.00152106
0.0898465 0.123779 0.0478629 0.486263 0.121107 0.042543 0.0173921 0.0457403 0.0253661 9.9991E-05
0.0937197 9.9991E-05 0.328578 0.066708 0.0742322 0.0724509 0.228194 0.02496 0.041314 0.0697423
0.0958774 9.9982E-05 0.211014 0.499097 9.9982E-05 0.0324924 0.091945 0.000712445 0.00128863 0.0673733
9.9973E-05 0.0606322 0.185683 0.487054 9.9973E-05 0.0600699 0.0858934 9.9973E-05 0.0509042 0.0694638
9.999E-05 0.00663365 0.316896 0.303663 0.0100357 0.0939311 0.172608 0.0165012 0.0671657 0.0124658
0.103321 0.0494019 0.462604 9.9973E-05 9.9973E-05 0.111433 0.0829409 0.0491636 0.140835 9.9973E-05
0.0531734 9.9982E-05 9.9982E-05 0.60053 0.0908886 0.0296223 0.0546183 0.0399744 0.0904474 0.0405452
9.9982E-05 0.0216458 0.363437 0.362914 0.0356845 0.0936162 9.9982E-05 0.00523555 0.0855205 0.0317464
0.135551 9.9973E-05 0.653601 9.9973E-05 0.0242741 0.0263748 0.0905511 0.0653903 9.9973E-05 0.00395782
9.9973E-05 0.0175746 0.473015 0.365229 0.0571249 0.0167393 0.0688843 0.00113311 9.9973E-05 9.9973E-05
9.9973E-05 0.102177 0.118021 0.45332 0.153917 9.9973E-05 0.084876 0.0167234 9.9973E-05 0.0706655
9.9982E-05 9.9982E-05 0.123729 0.534337 0.0226257 0.0862032 0.00521784 0.0735369 0.0888638 0.0652867
0.0277601 0.00920168 0.33062 0.241913 0.0887457 0.0715321 0.158119 0.0217596 0.0338755 0.0164732
0.0180576 0.0127583 0.289733 0.453027 9.9964E-05 0.109182 0.116842 9.9964E-05 9.9964E-05 9.9964E-05
0.0715913 0.0593369 0.0996678 0.486109 0.0772421 9.9973E-05 9.9973E-05 0.0673658 9.9973E-05 0.138387
0.0248293 9.9982E-05 0.633204 0.0119121 0.0831167 9.9982E-05 0.148246 0.0534485 0.0365275 0.00851618
0.0153439 9.9955E-05 0.00499881 0.497197 9.9955E-05 9.9955E-05 0.445552 9.9955E-05 9.9955E-05 0.0364083
9.9946E-05 9.9946E-05 0.21588 0.163354 9.9946E-05 9.9946E-05 0.609822 0.0103431 9.9946E-05 9.9946E-05
9.9973E-05 0.0908742 0.0385307 0.525996 0.012992 9.9973E-05 0.187186 9.9973E-05 0.0655862 0.0785345
0.0313803 0.000952084 9.9946E-05 9.9946E-05 9.9946E-05 0.139883 0.827185 9.9946E-05 9.9946E-05 9.9946E-05
0.0173373 9.9973E-05 0.0829918 9.9973E-05 0.0825765 0.0397234 0.730301 9.9973E-05 0.00637001 0.0403997
0.0231579 9.9946E-05 9.9946E-05 0.292372 9.9946E-05 0.00891259 0.674958 9.9946E-05 9.9946E-05 9.9946E-05
0.0237139 9.9964E-05 9.9964E-05 0.487667 9.9964E-05 0.0116064 0.39548 0.00273881 9.9964E-05 0.0783943
0.152648 0.0472564 9.9982E-05 0.575202 0.084027 9.9982E-05 0.0376331 0.00947323 0.0457937 0.0477667
9.9964E-05 0.0136464 0.102668 0.348579 9.9964E-05 9.9964E-05 0.451279 0.0413365 9.9964E-05 0.0420918
0.0861194 0.0744084 0.117615 0.0620821 9.9964E-05 9.9964E-05 0.641247 9.9964E-05 9.9964E-05 0.018128
0.114371 0.0467904 0.0253522 0.182842 9.9973E-05 9.9973E-05 0.506869 0.00289407 9.9973E-05 0.120582
0.0168278 0.065206 9.9982E-05 0.553394 0.0621627 9.9982E-05 0.127304 0.0455566 0.00317192 0.126177
0.00287453 0.0331659 0.264967 0.220449 9.9973E-05 9.9973E-05 0.451056 0.0250666 0.00212071 9.9973E-05
9.9964E-05 9.9964E-05 0.0394499 0.43864 9.9964E-05 0.0290984 0.456301 0.0205315 9.9964E-05 0.0155791
0.0145523 9.9955E-05 9.9955E-05 0.377289 0.0266691 9.9955E-05 0.542008 0.038982 9.9955E-05 9.9955E-05
9.9955E-05 0.0167054 9.9955E-05 9.9955E-05 0.0920616 0.195377 0.691424 9.9955E-05 9.9955E-05 0.00393226
0.017604 9.9973E-05 0.0675158 0.591638 9.9973E-05 0.0187297 0.289356 0.0145413 9.9973E-05 0.00031525
0.0283459 0.0489207 0.00768491 0.122217 9.9973E-05 9.9973E-05 9.9973E-05 0.0133542 0.771203 0.00797411
9.9937E-05 9.9937E-05 9.9937E-05 0.10873 9.9937E-05 9.9937E-05 9.9937E-05 0.090723 0.799847 9.9937E-05
9.9946E-05 0.0291843 9.9946E-05 0.10477 9.9946E-05 9.9946E-05 9.9946E-05 0.113232 0.752214 9.9946E-05
9.9964E-05 0.03108 9.9964E-05 0.00152001 9.9964E-05 0.0119573 0.0393461 0.119387 0.796309 9.9964E-05
9.9955E-05 0.00810203 9.9955E-05 0.0950068 0.00469331 9.9955E-05 9.9955E-05 0.0880852 0.803613 9.9955E-05
0.00903565 0.0193713 9.9982E-05 0.0520376 9.9982E-05 0.0406368 0.00503009 0.0541166 0.817161 0.00241078
9.9973E-05 0.00947655 9.9973E-05 0.0233257 0.00640239 0.0166197 0.0245302 0.0514034 0.867942 9.9973E-05
9.999E-05 0.116097 0.10251 0.424562 0.02981 0.0666627 0.192127 0.00256017 0.0467528 0.0188185
0.0135559 0.0696781 0.135137 0.53971 0.0143438 9.9991E-05 0.101319 0.0281441 0.0809083 0.017104
9.9955E-05 9.9955E-05 0.0690705 0.0733783 0.0164517 9.9955E-05 0.798242 9.9955E-05 0.0423582 9.9955E-05
9.9964E-05 0.104473 0.0221706 0.524529 9.9964E-05 9.9964E-05 0.138976 9.9964E-05 0.126247 0.0832041
9.9964E-05 0.0411105 0.0952223 0.464699 9.9964E-05 9.9964E-05 0.358276 9.9964E-05 0.00986606 0.0304263
9.9964E-05 9.9964E-05 9.9964E-05 0.664349 0.00964126 9.9964E-05 0.171422 0.0291823 0.0701933 0.0548122
9.9973E-05 9.9973E-05 0.0666137 0.537059 0.0965366 0.0560345 0.200028 0.0081688 0.035259 9.9973E-05
9.9973E-05 0.134286 9.9973E-05 0.353171 0.0650228 0.00444213 0.36202 0.0439021 9.9973E-05 0.0368569
0.0778785 9.9946E-05 0.187669 9.9946E-05 9.9946E-05 9.9946E-05 0.690389 9.9946E-05 0.0434636 9.9946E-05
0.0398603 9.9964E-05 9.9964E-05 0.496925 0.0399066 9.9964E-05 0.138648 9.9964E-05 0.17677 0.107489
0.00634732 9.9955E-05 9.9955E-05 0.627252 0.0343939 9.9955E-05 0.294896 9.9955E-05 0.0366118 9.9955E-05
0.0302824 0.0129773 0.0267257 0.519204 0.0183516 0.110324 0.127228 0.0316116 0.0371309 0.0861649
9.9982E-05 0.0247733 0.0152939 0.212321 0.0319865 0.106133 0.563218 0.0248678 0.0212068 9.9982E-05
0.0564371 0.00295605 9.9964E-05 0.405369 0.0631972 9.9964E-05 0.430923 0.0407171 9.9964E-05 9.9964E-05
0.0306922 9.9973E-05 0.144552 0.370941 9.9973E-05 9.9973E-05 0.352334 0.0168315 0.0411556 0.0431943
9.9946E-05 0.0910916 9.9946E-05 0.225744 0.035955 9.9946E-05 0.64661 9.9946E-05 9.9946E-05 9.9946E-05
0.0163111 9.9973E-05 0.0419701 0.482243 9.9973E-05 0.0102037 0.335894 9.9973E-05 0.0270159 0.086062
9.9964E-05 9.9964E-05 9.9964E-05 0.555722 0.0069601 0.0261348 0.165238 9.9964E-05 0.101562 0.143983
0.00672727 0.0430787 0.45167 0.127823 0.265142 0.00268422 0.021006 9.9991E-05 0.0698153 0.0119528
0.156205 0.0128703 0.190057 0.373049 9.9991E-05 0.0253732 0.0218306 0.0542461 0.108128 0.0581404
0.0481952 0.0414159 0.155464 0.392519 0.105269 0.0339779 9.9991E-05 0.0433856 0.0987786 0.0808948
0.00899547 0.0344755 0.0780013 0.660392 0.0941201 0.0284009 0.0204754 0.015904 9.9991E-05 0.0591359
9.9955E-05 9.9955E-05 0.409821 0.405819 0.0488713 9.9955E-05 9.9955E-05 0.0219267 9.9955E-05 0.113062
9.9982E-05 0.0491583 0.202996 0.475973 0.00315697 0.0122614 0.0596998 9.9982E-05 0.033727 0.162827
0.11211 9.9964E-05 0.267169 0.473674 0.0325453 9.9964E-05 9.9964E-05 9.9964E-05 0.0219011 0.0921999
9.9982E-05 0.0547174 0.0302278 0.499057 9.9982E-05 0.113029 0.0596744 0.0321893 0.0346356 0.176269
0.00817678 0.0523994 0.108472 0.467803 0.00955566 0.0605564 0.161095 0.0118145 9.9991E-05 0.120026
0.0329573 9.9964E-05 0.281222 0.560533 9.9964E-05 0.0223131 0.0478794 0.0546947 9.9964E-05 9.9964E-05
0.0402991 9.9964E-05 0.277137 0.469903 0.0163981 9.9964E-05 9.9964E-05 0.0191081 9.9964E-05 0.176755
0.0813017 0.10677 0.0751927 0.55397 0.0313333 0.0514995 0.00190751 9.9982E-05 9.9982E-05 0.0978246
0.0747331 0.0779218 0.0272167 0.447609 0.0320816 0.0835737 0.0442944 9.9991E-05 0.0837809 0.128689
0.00794935 0.0599988 0.1365 0.541003 0.0408739 9.9973E-05 0.0812667 9.9973E-05 9.9973E-05 0.132108
9.9973E-05 0.0765632 9.9973E-05 0.506977 0.0564738 0.134913 9.9973E-05 0.0258066 0.0300499 0.168916
0.0798453 0.100299 0.212047 0.430865 0.0425828 0.031679 9.9982E-05 0.0212719 9.9982E-05 0.0812101
9.9973E-05 9.9973E-05 0.270188 0.282013 0.0280699 0.177036 9.9973E-05 0.0569152 0.0273105 0.158167
0.0022053 0.0139156 0.109028 0.639541 0.0668697 9.9991E-05 0.0215748 0.0289926 0.0518952 0.0658782
9.9973E-05 0.0324805 0.149689 0.666254 0.0230354 0.0307724 9.9973E-05 9.9973E-05 0.00247193 0.0949973
9.9973E-05 0.0513932 0.245825 0.232462 0.0769809 0.0342843 0.0819785 9.9973E-05 9.9973E-05 0.276776
0.00887438 0.0657944 0.364161 0.0373105 0.168425 0.155211 0.127105 0.00950449 0.0126712 0.0509428
0.0453472 0.0548007 0.23835 0.534832 0.0188308 9.9982E-05 9.9982E-05 0.0298586 0.0151035 0.0626771
0.0902384 0.00706942 0.188653 0.0244203 0.307686 0.183312 0.12754 9.9982E-05 9.9982E-05 0.070881
9.9964E-05 9.9964E-05 0.575775 0.14386 0.0505914 9.9964E-05 0.0711128 9.9964E-05 0.0396597 0.118602
0.0458103 9.9964E-05 0.272198 0.40573 0.0337392 9.9964E-05 0.127449 9.9964E-05 9.9964E-05 0.114673
0.107451 9.9964E-05 0.426766 0.291823 9.9964E-05 9.9964E-05 0.0923915 0.0251991 9.9964E-05 0.0559697
0.0516287 9.99643E-05 0.411925 0.231884 0.0457442 9.99643E-05 0.0854516 9.99643E-05 9.99643E-05 0.172966
0.0208306 0.0406826 0.113842 0.609694 0.0218714 0.0416476 0.0349487 0.056815 0.0296527 0.0300148
0.0611288 0.0922344 0.0871428 0.467146 0.0354628 9.9982E-05 0.130391 9.9982E-05 0.0939685 0.0323258
0.0227041 9.9991E-05 0.225593 0.491787 0.0887204 0.00810617 0.0941628 0.00100165 0.0441389 0.0236865
0.0430163 0.0446962 0.299682 0.0865965 0.135813 0.234043 0.0415953 9.9982E-05 9.9982E-05 0.114357
9.9964E-05 9.9964E-05 9.9964E-05 0.59447 0.0319366 0.0648827 0.109242 9.9964E-05 0.0932536 0.105815
9.9973E-05 0.0340584 0.0573492 0.559895 0.00506361 0.221161 0.107322 0.014851 9.9973E-05 9.9973E-05
0.0539091 9.9991E-05 0.111587 0.0144213 0.214269 0.366234 0.088431 0.0155978 0.0823701 0.0530807
9.9991E-05 0.0048694 0.0203227 0.556172 0.143506 0.0789388 0.0259084 0.00190983 0.128503 0.0397704
0.0555014 0.0305772 9.9991E-05 0.274699 0.114944 0.174248 0.213432 0.00499758 0.0610712 0.0704297
9.9982E-05 0.0639561 0.113798 0.468478 0.00712351 0.13037 0.105717 0.0426411 0.0677164 9.9982E-05
0.0948849 9.9991E-05 0.0648194 0.173692 0.169138 0.284468 0.065052 0.0567047 0.0483998 0.0427408
0.037004 9.9982E-05 0.120899 0.1564 0.181638 0.311137 0.0698919 0.0788768 9.9982E-05 0.0439539
0.121732 9.9982E-05 0.0678818 0.44531 0.0785404 0.174833 0.049093 0.00691826 9.9982E-05 0.0554914
0.0214415 0.0167955 0.037968 0.524904 0.216758 0.079805 0.000799292 0.0190226 0.0574539 0.0250518
0.080397 0.0828157 0.0487975 0.310455 0.0493849 0.12995 0.157241 0.045799 0.0950605 9.9991E-05
9.9982E-05 0.130124 0.152975 9.9982E-05 0.0323055 0.313882 0.309138 0.0315342 0.00332082 0.0265206
0.067386 9.9982E-05 0.0709729 0.522113 0.0988875 0.129349 0.00703501 0.00750098 0.0965555 9.9982E-05
0.0196074 9.9964E-05 0.19344 0.371241 0.0431483 0.215043 0.157121 9.9964E-05 9.9964E-05 9.9964E-05
0.0157083 9.9964E-05 0.215389 0.419531 0.0313612 0.185798 0.131813 9.9964E-05 9.9964E-05 9.9964E-05
0.0313305 0.0173789 9.9991E-05 0.564403 0.0363947 0.124211 0.105539 0.0423263 0.0471395 0.0311776
0.0137274 0.236644 0.00856408 0.179769 9.9982E-05 0.251502 0.0373966 0.0761503 0.196048 9.9982E-05
9.9946E-05 0.153856 9.9946E-05 9.9946E-05 9.9946E-05 0.413161 9.9946E-05 0.0463195 0.386064 9.9946E-05
9.9955E-05 0.159212 9.9955E-05 9.9955E-05 0.00340672 0.440401 9.9955E-05 0.0532555 0.343225 9.9955E-05
0.00115672 0.334959 0.0476502 0.0186885 9.9973E-05 0.255528 9.9973E-05 0.0298317 0.311885 9.9973E-05
9.9955E-05 9.9955E-05 9.9955E-05 0.646685 9.9955E-05 0.226746 0.105142 0.0122186 9.9955E-05 0.00870887
0.0114753 0.0134639 0.0132532 0.542343 0.262482 0.0563428 9.9991E-05 0.0271745 0.046393 0.0269722
9.9937E-05 0.638106 9.9937E-05 0.334019 0.0271759 9.9937E-05 9.9937E-05 9.9937E-05 9.9937E-05 9.9937E-05
9.9964E-05 0.390477 0.112676 0.342088 9.9964E-05 9.9964E-05 0.0951135 0.0498097 9.9964E-05 0.00943543
9.9973E-05 0.342749 0.0218769 0.369024 0.0516221 0.0567316 9.9973E-05 9.9973E-05 0.0990423 0.0586543
9.9955E-05 9.9955E-05 0.105159 0.278359 0.200991 0.382619 9.9955E-05 0.0323731 9.9955E-05 9.9955E-05
0.0294807 0.0207216 0.132815 0.501135 9.9982E-05 0.195246 0.0465132 9.9982E-05 0.0140951 0.0597935
9.9955E-05 9.9955E-05 0.176631 0.156362 0.120344 0.515717 0.0304448 9.9955E-05 9.9955E-05 9.9955E-05
0.0269613 9.9973E-05 0.0842949 0.550417 0.0483128 0.165033 0.111803 9.9973E-05 0.0128784 9.9973E-05
0.0456801 0.0220096 0.0588089 0.45151 0.206723 0.13218 0.032227 9.9982E-05 0.050661 9.9982E-05
0.0310909 0.065152 0.047395 0.545902 0.0210357 0.233867 0.0382343 9.9991E-05 0.00117596 0.0160472
0.0155443 9.9964E-05 0.081176 0.150147 0.17339 0.445053 0.13429 9.9964E-05 9.9964E-05 9.9964E-05
9.9982E-05 0.00800572 0.052202 0.632083 9.9982E-05 0.132334 0.143211 0.000159121 0.00781476 0.0239908
0.043254 0.0176366 0.068024 0.550794 0.0808586 0.137689 0.0425654 9.9982E-05 0.0589785 9.9982E-05
9.9928E-05 0.972788 9.9928E-05 9.9928E-05 0.0264124 9.9928E-05 9.9928E-05 9.9928E-05 9.9928E-05 9.9928E-05
0.0155949 0.888234 9.9955E-05 0.0759558 0.0128345 9.9955E-05 9.9955E-05 9.9955E-05 9.9955E-05 0.00688154
9.9964E-05 0.633402 0.0841065 0.158069 9.9964E-05 9.9964E-05 0.0533768 9.9964E-05 0.0316233 0.0390224
0.0280126 0.645374 9.9946E-05 0.313163 9.9946E-05 9.9946E-05 9.9946E-05 9.9946E-05 0.0128514 9.9946E-05
0.00577843 0.747913 9.9964E-05 0.139216 9.9964E-05 0.0607996 0.00161222 9.9964E-05 0.0442802 9.9964E-05
0.0194961 0.94847 9.9937E-05 9.9937E-05 9.9937E-05 0.0313347 9.9937E-05 9.9937E-05 9.9937E-05 9.9937E-05
9.9932E-05 0.96895 0.0302502 9.9932E-05 9.9932E-05 9.9932E-05 9.9932E-05 9.9932E-05 9.9932E-05 9.9932E-05
9.9928E-05 0.831408 9.9928E-05 0.167793 9.9928E-05 9.9928E-05 9.9928E-05 9.9928E-05 9.9928E-05 9.9928E-05
0.0427664 0.949115 9.9946E-05 0.000662257 9.9946E-05 9.9946E-05 9.9946E-05 0.00685685 9.9946E-05 9.9946E-05
9.99201E-05 0.999101 9.99201E-05 9.99201E-05 9.99201E-05 9.99201E-05 9.99201E-05 9.99201E-05 9.99201E-05 9.99201E-05
9.9928E-05 0.994586 9.9928E-05 9.9928E-05 9.9928E-05 9.9928E-05 9.9928E-05 0.00461505 9.9928E-05 9.9928E-05
9.9955E-05 0.812221 0.00489423 0.103024 0.0338088 9.9955E-05 9.9955E-05 0.0455525 9.9955E-05 9.9955E-05
0.0352299 0.710326 9.9964E-05 0.193809 9.9964E-05 9.9964E-05 9.9964E-05 0.0135982 0.0138921 0.0327443
0.0142572 0.942237 9.9937E-05 9.9937E-05 9.9937E-05 9.9937E-05 0.0428058 9.9937E-05 9.9937E-05 9.9937E-05
9.9964E-05 0.331849 9.9964E-05 0.360398 9.9964E-05 0.0900152 0.0563424 9.9964E-05 0.0356197 0.125376
0.00630295 0.720275 9.9964E-05 0.17952 9.9964E-05 9.9964E-05 0.00671575 0.0154151 9.9964E-05 0.0713721
9.9964E-05 0.666702 9.9964E-05 0.206149 9.9964E-05 0.00782592 9.9964E-05 0.0265087 0.0295793 0.0628353
0.00758557 0.885543 0.0461303 0.0247348 9.9964E-05 9.9964E-05 9.9964E-05 0.0286296 9.9964E-05 0.00697704
9.9928E-05 0.954949 9.9928E-05 0.0442514 9.9928E-05 9.9928E-05 9.9928E-05 9.9928E-05 9.9928E-05 9.9928E-05
9.9937E-05 0.853562 9.9937E-05 0.0651046 9.9937E-05 9.9937E-05 9.9937E-05 9.9937E-05 9.9937E-05 0.0806341
9.9928E-05 0.97875 9.9928E-05 9.9928E-05 9.9928E-05 9.9928E-05 9.9928E-05 0.0204506 9.9928E-05 9.9928E-05
0.0263096 0.667224 0.0553661 0.211318 0.02342 9.9982E-05 9.9982E-05 0.00172821 0.00613915 0.00829504
9.9955E-05 0.931591 9.9955E-05 9.9955E-05 0.0533444 9.9955E-05 0.00127409 0.00114237 0.0121479 9.9955E-05
9.9955E-05 0.053693 9.9955E-05 9.9955E-05 0.101179 0.566744 0.011168 9.9955E-05 0.266716 9.9955E-05
0.0371724 0.107561 0.128419 0.42374 0.0047303 0.244676 9.9973E-05 9.9973E-05 0.0534018 9.9973E-05
0.132723 0.00172205 0.0423465 0.461888 9.9964E-05 0.205886 9.9964E-05 9.9964E-05 0.155035 9.9964E-05
0.0790002 0.0812785 9.9991E-05 0.191423 0.0884852 0.354304 0.0335366 0.0713718 0.0964126 0.00408879
0.0145592 0.209764 9.9982E-05 0.294219 0.0987459 0.166074 0.0910129 0.0243176 0.101109 9.9982E-05
9.9964E-05 0.0333965 9.9964E-05 0.229178 0.0573295 0.437118 9.9964E-05 0.0386044 0.203973 9.9964E-05
9.9964E-05 0.0663981 0.101947 0.49418 9.9964E-05 0.15324 9.9964E-05 0.0337097 0.150125 9.9964E-05
0.0224131 0.174746 9.9964E-05 0.32938 9.9964E-05 0.338342 0.0597552 9.9964E-05 0.0749639 9.9964E-05
9.9982E-05 0.170981 0.07301 0.383565 0.0046629 0.212164 9.9982E-05 0.0544516 0.0561714 0.0447937
9.9955E-05 0.172353 9.9955E-05 0.330684 9.9955E-05 0.382266 9.9955E-05 0.0465829 0.067614 9.9955E-05
9.9973E-05 0.00151227 0.133032 0.442945 9.9973E-05 0.186622 0.030084 0.056267 0.149237 9.9973E-05
0.0238911 9.9964E-05 9.9964E-05 0.0259813 0.0675249 0.0278915 9.9964E-05 9.9964E-05 0.801928 0.0523835
9.9955E-05 0.0338113 9.9955E-05 9.9955E-05 0.0385028 9.9955E-05 9.9955E-05 0.075717 0.842637 0.00883189
9.9937E-05 9.9937E-05 9.9937E-05 9.9937E-05 9.9937E-05 9.9937E-05 9.9937E-05 0.033506 0.920948 0.0448467
9.9937E-05 9.9937E-05 9.9937E-05 0.0269191 9.9937E-05 9.9937E-05 9.9937E-05 9.9937E-05 0.911238 0.0611429
9.9964E-05 9.9964E-05 0.0466774 0.0268657 0.00760573 9.9964E-05 9.9964E-05 0.0959874 0.784914 0.0375495
9.9955E-05 0.0586454 0.0291318 9.9955E-05 0.0127295 9.9955E-05 9.9955E-05 0.0966651 0.802328 9.9955E-05
9.9955E-05 0.0378188 9.9955E-05 0.0482605 9.9955E-05 0.00305495 9.9955E-05 0.0659181 0.844448 9.9955E-05
9.9982E-05 9.9982E-05 0.00662404 0.0406519 0.0535876 0.00761489 0.00805733 0.028447 0.825323 0.029494
9.9964E-05 9.9964E-05 0.0461054 0.0227181 0.0276631 0.0103384 9.9964E-05 0.0166785 0.876096 9.9964E-05
9.9955E-05 0.0988517 0.0397248 9.9955E-05 9.9955E-05 0.0454442 9.9955E-05 0.0518057 0.763674 9.9955E-05
0.12242 9.9964E-05 0.221441 9.9964E-05 0.0105563 9.9964E-05 0.0577099 0.051331 0.536142 9.9964E-05
0.135097 9.9955E-05 0.265787 9.9955E-05 9.9955E-05 9.9955E-05 0.0117934 9.9955E-05 0.53585 0.0509727
0.0868421 9.9982E-05 0.171784 9.9982E-05 0.0218745 0.0133309 0.0577471 0.0377663 0.512237 0.098218
0.113762 9.9955E-05 0.262959 9.9955E-05 9.9955E-05 9.9955E-05 0.10618 9.9955E-05 0.473403 0.0431971
9.9982E-05 0.0231758 0.142258 0.368329 0.100909 9.9982E-05 0.289314 0.00808222 0.0255623 0.0421692
0.11823 0.0423626 0.0778887 0.492245 0.0258579 9.9964E-05 0.243017 9.9964E-05 9.9964E-05 9.9964E-05
0.119534 0.0398178 0.118798 0.484788 9.9982E-05 0.000637942 0.125158 0.0129966 9.9982E-05 0.0980705
0.0489758 9.9973E-05 0.226626 0.379052 0.0885811 9.9973E-05 0.14983 9.9973E-05 0.0457262 0.0609081
0.025448 9.9964E-05 0.418175 0.170099 0.0658983 9.9964E-05 0.0548945 9.9964E-05 9.9964E-05 0.265085
0.0454936 0.0638456 0.0430074 0.511921 0.0796506 9.9973E-05 0.205343 9.9973E-05 0.0504384 9.9973E-05
0.0193662 9.9964E-05 0.0177642 0.587933 9.9964E-05 9.9964E-05 0.328234 9.9964E-05 0.0200318 0.0262705
0.0522717 0.0495813 0.0926319 0.456552 0.0516205 9.9973E-05 0.294464 9.9973E-05 0.00257805 9.9973E-05
0.00856643 0.0050948 9.9964E-05 0.445099 0.0243403 0.0542511 0.462248 9.9964E-05 9.9964E-05 9.9964E-05
9.9964E-05 0.0591659 9.9964E-05 0.58717 9.9964E-05 0.0610127 0.226846 0.0131969 9.9964E-05 0.0522085
0.0477103 9.9973E-05 0.0539267 0.456698 0.0713716 0.00271963 0.327118 9.9973E-05 9.9973E-05 0.0401563
9.9946E-05 9.9946E-05 9.9946E-05 9.9946E-05 0.157369 0.0123315 0.708335 9.9946E-05 9.9946E-05 0.121365
0.00954233 0.0165414 0.203157 0.471448 0.0462307 0.0380027 0.133452 0.00922011 0.0487127 0.0236932
0.012255 0.0199789 0.00677473 0.181121 0.0207348 0.146045 0.606428 0.00646263 9.9982E-05 9.9982E-05
9.9964E-05 9.9964E-05 0.00342015 0.487792 0.0723716 9.9964E-05 0.354821 9.9964E-05 0.0433296 0.0378666
0.0167914 9.9973E-05 0.221696 0.0542206 0.00171982 9.9973E-05 0.617439 9.9973E-05 0.0539253 0.0339085
0.844004 0.0012439 9.9955E-05 9.9955E-05 9.9955E-05 0.0561233 9.9955E-05 9.9955E-05 0.070299 0.0278304
0.997594 0.00122358 9.9937E-05 9.9937E-05 9.9937E-05 9.9937E-05 9.9937E-05 9.9937E-05 0.0004829 9.9937E-05
0.999101 9.99201E-05 9.99201E-05 9.99201E-05 9.99201E-05 9.99201E-05 9.99201E-05 9.99201E-05 9.99201E-05 9.99201E-05
0.921983 9.9937E-05 9.9937E-05 9.9937E-05 9.9937E-05 9.9937E-05 0.033037 9.9937E-05 0.0442808 9.9937E-05
0.896657 9.9937E-05 0.0972842 0.00535943 9.9937E-05 9.9937E-05 9.9937E-05 9.9937E-05 9.9937E-05 9.9937E-05
0.891227 0.0202259 9.9946E-05 0.0573229 9.9946E-05 9.9946E-05 9.9946E-05 9.9946E-05 9.9946E-05 0.0306246
0.0162812 9.9955E-05 9.9955E-05 0.0817932 9.9955E-05 9.9955E-05 0.00447484 0.0799662 0.816985 9.9955E-05
9.99461E-05 0.0438941 0.057542 0.0999228 9.99461E-05 9.99461E-05 9.99461E-05 9.99461E-05 0.798041 9.99461E-05
9.9946E-05 0.0426953 9.9946E-05 0.195644 9.9946E-05 9.9946E-05 9.9946E-05 0.0704932 0.690568 9.9946E-05
9.9946E-05 0.133729 0.122329 9.9946E-05 9.9946E-05 9.9946E-05 9.9946E-05 0.0203612 0.722981 9.9946E-05
9.9973E-05 0.107964 0.0303109 0.0647279 9.9973E-05 9.9973E-05 0.0237422 0.0481929 0.686915 0.0378465
0.12025 9.9964E-05 0.0670727 9.9964E-05 9.9964E-05 0.107912 9.9964E-05 0.0158162 0.338389 0.35016
0.187334 9.9964E-05 9.9964E-05 9.9964E-05 0.0401496 0.074246 0.0374785 9.9964E-05 0.441752 0.21864
0.241651 9.9964E-05 9.9964E-05 9.9964E-05 0.114457 9.9964E-05 0.0189273 0.060216 0.347358 0.216991
9.99201E-05 9.99201E-05 9.99201E-05 9.99201E-05 9.99201E-05 9.99201E-05 9.99201E-05 0.999101 9.99201E-05 9.99201E-05
0.318024 9.9955E-05 9.9955E-05 9.9955E-05 9.9955E-05 9.9955E-05 0.073011 0.0689065 0.287297 0.252262
9.9955E-05 0.333192 9.9955E-05 0.250438 0.0477761 0.130299 9.9955E-05 9.9955E-05 0.237795 9.9955E-05
9.9973E-05 0.275352 9.9973E-05 0.490211 0.0348571 0.0344524 9.9973E-05 0.0522508 0.0815175 0.0310594
9.9937E-05 0.252289 9.9937E-05 0.559367 9.9937E-05 9.9937E-05 9.9937E-05 9.9937E-05 0.187645 9.9937E-05
0.0400423 0.224914 9.9982E-05 0.337949 0.0673324 0.0120875 0.0505096 0.0161917 0.250774 9.9982E-05
0.00455466 0.151364 9.9991E-05 0.455952 0.0412922 0.0390342 0.0246579 0.0307929 0.142298 0.109954
9.9937E-05 0.285993 9.9937E-05 9.9937E-05 9.9937E-05 0.278657 9.9937E-05 9.9937E-05 0.43465 9.9937E-05
0.047185 9.9982E-05 0.237774 0.352981 0.0554993 0.00712783 0.121682 9.9982E-05 0.0189913 0.15856
9.9964E-05 9.9964E-05 0.124372 0.348735 0.158848 0.125568 0.0665492 9.9964E-05 9.9964E-05 0.175529
0.0656563 9.9964E-05 0.615771 0.136108 0.056904 9.9964E-05 9.9964E-05 9.9964E-05 0.0680093 0.0571524
0.0208046 9.9973E-05 0.0563733 0.457579 0.266107 0.0278695 0.0792387 9.9973E-05 9.9973E-05 0.0917287
0.043386 9.9955E-05 0.192745 9.9955E-05 0.341304 0.207254 0.214812 9.9955E-05 9.9955E-05 9.9955E-05
9.9982E-05 9.9982E-05 0.243139 0.510432 0.0057725 0.0619733 0.0457854 0.0556251 0.0559095 0.0211636
9.9973E-05 0.0183976 0.225197 0.331947 0.238995 9.9973E-05 0.0252346 9.9973E-05 0.103603 0.0563248
0.00253236 9.9964E-05 0.554151 0.225518 0.0365001 9.9964E-05 9.9964E-05 0.0691068 9.9964E-05 0.111792
0.0027978 0.0776326 0.192233 0.455107 0.0272671 0.00215727 0.0757963 9.9991E-05 0.0386894 0.12822
0.0121147 9.9964E-05 0.512672 0.0730771 0.125349 0.233994 0.0423939 9.9964E-05 9.9964E-05 9.9964E-05
0.0513742 0.0516729 0.0538601 0.437647 0.184334 0.115312 0.0242867 0.0120222 9.9991E-05 0.0693911
9.9964E-05 9.9964E-05 0.20723 0.497983 9.9964E-05 0.0538461 0.0238647 0.0270857 9.9964E-05 0.189591
0.0753971 0.264645 0.0532171 0.314025 0.0402698 0.0143991 0.0652979 9.9991E-05 0.130446 0.0422038
0.0598233 9.9973E-05 0.327566 0.240591 0.210261 0.0345573 0.0973013 9.9973E-05 9.9973E-05 0.0296007
0.094934 9.9973E-05 0.319952 0.370235 0.149519 0.00543639 9.9973E-05 0.00991127 9.9973E-05 0.0497123
9.9964E-05 0.15906 0.316482 0.29835 0.190586 0.00237524 0.0327465 9.9964E-05 9.9964E-05 9.9964E-05
0.116749 9.9973E-05 0.148753 0.513606 0.0999439 0.0506513 0.0535932 9.9973E-05 0.0164034 9.9973E-05
0.0380488 0.00943165 0.0921365 0.601807 0.0674998 0.13218 0.0279839 0.0205963 9.9991E-05 0.0102153
0.0272519 0.0775284 0.103787 0.516391 9.9982E-05 9.9982E-05 0.0617903 0.012661 0.100543 0.0998475
0.00681773 0.0189662 0.187299 0.499673 0.0859812 0.0414476 0.0311124 0.0328957 9.9991E-05 0.095707
9.9946E-05 0.0458993 9.9946E-05 0.13853 9.9946E-05 9.9946E-05 9.9946E-05 9.9946E-05 0.810856 0.00411476
0.00874529 0.0596138 9.9955E-05 0.0487497 9.9955E-05 9.9955E-05 0.069702 9.9955E-05 0.812689 9.9955E-05
9.9964E-05 9.9964E-05 0.0070973 0.0864658 9.9964E-05 0.0396223 0.0306211 9.9964E-05 0.769094 0.0666993
0.0726392 0.0606638 9.9964E-05 9.9964E-05 9.9964E-05 9.9964E-05 0.0523747 0.033182 0.755004 0.0257361
9.9937E-05 9.9937E-05 9.9937E-05 0.148294 9.9937E-05 9.9937E-05 9.9937E-05 0.0439653 0.807041 9.9937E-05
0.0195874 0.0439225 0.697355 0.0327183 0.0420158 9.9973E-05 9.9973E-05 9.9973E-05 0.0571549 0.106946
0.0219702 0.0739913 0.255546 0.422312 0.132239 0.0471623 9.9991E-05 0.0064611 0.0379532 0.00226424
0.0941109 0.0552875 9.9973E-05 0.489355 0.110439 9.9973E-05 0.00900391 0.0160615 0.225442 9.9973E-05
0.00238656 0.00318322 0.234374 0.645473 0.0218243 9.9982E-05 9.9982E-05 0.0438392 0.00187551 0.0468437
0.0158284 0.0428287 0.191218 0.468159 0.00471459 9.9982E-05 0.073501 9.9982E-05 0.0771875 0.126363
0.0379054 0.0182196 0.303927 0.2447 0.159505 0.132928 9.9973E-05 9.9973E-05 9.9973E-05 0.102515
0.073041 9.9973E-05 0.519049 9.9973E-05 9.9973E-05 0.100688 0.030584 0.0308851 0.0796764 0.165777
0.0860135 0.0408278 0.129592 0.433828 0.062795 9.9982E-05 0.0641699 0.0181545 9.9982E-05 0.16442
0.0969722 0.00539453 0.509389 0.0619104 0.145884 9.9982E-05 9.9982E-05 0.0198013 0.110701 0.0497473
0.105905 0.111513 0.115668 0.371731 0.108854 0.104628 0.0814 9.9973E-05 9.9973E-05 9.9973E-05
0.0678054 9.9964E-05 0.517719 0.0303585 0.174629 9.9964E-05 9.9964E-05 9.9964E-05 0.178984 0.030105
9.9973E-05 0.118415 0.101457 0.450847 9.9973E-05 9.9973E-05 0.0807311 0.0363719 0.0146794 0.197199
9.9973E-05 0.00125926 0.540306 0.0855028 9.9973E-05 0.0357442 0.00851527 9.9973E-05 0.0913972 0.236975
0.030905 0.00982279 0.344966 0.252669 0.0457956 0.117501 0.0735528 9.9991E-05 0.075865 0.048822
0.0523008 0.0847062 0.0662712 0.411794 0.0215506 0.111462 0.155346 9.9982E-05 9.9982E-05 0.0963685
0.0575499 9.9955E-05 0.209954 0.292449 0.0517597 0.387787 9.9955E-05 9.9955E-05 9.9955E-05 9.9955E-05
0.126181 9.9955E-05 0.0514474 0.519909 9.9955E-05 0.237949 0.0640135 9.9955E-05 9.9955E-05 9.9955E-05
0.00218824 9.9982E-05 0.0745449 0.540344 9.9982E-05 0.199636 0.0126665 0.0415274 0.0142361 0.114657
0.0812873 9.9964E-05 9.9964E-05 0.301101 0.0767697 0.386387 0.0806167 9.9964E-05 9.9964E-05 0.073438
0.048683 0.103624 0.0883625 0.477504 0.103861 0.0753004 0.0345306 9.9991E-05 0.0630345 0.00499967
0.0650539 9.9964E-05 9.9964E-05 0.520454 0.0384195 0.193229 0.176014 0.00642923 9.9964E-05 9.9964E-05
0.0379613 9.9964E-05 9.9964E-05 0.113347 0.123931 0.500846 0.138364 9.9964E-05 9.9964E-05 0.085151
0.078908 9.9964E-05 9.9964E-05 0.236453 0.0936091 0.520278 0.0486101 9.9964E-05 9.9964E-05 0.0217419
0.0444191 9.9964E-05 9.9964E-05 0.449195 0.0411263 0.326575 0.0581144 9.9964E-05 9.9964E-05 0.0801701
0.135358 9.9964E-05 0.0580208 0.160088 0.0987828 0.407513 0.139837 9.9964E-05 9.9964E-05 9.9964E-05
0.058835 9.9973E-05 0.161264 0.386355 0.0248758 0.283834 0.0821699 9.9973E-05 9.9973E-05 0.00236594
9.9964E-05 0.0262223 0.553577 9.9964E-05 9.9964E-05 9.9964E-05 0.138554 0.00510119 0.0382838 0.237862
9.9964E-05 0.0363398 0.311387 0.172869 0.261179 0.0318326 9.9964E-05 9.9964E-05 9.9964E-05 0.185993
9.9973E-05 0.0356181 0.261282 0.335264 0.0599013 9.9973E-05 0.0802115 0.02309 9.9973E-05 0.204333
9.9955E-05 0.0805131 0.268303 0.521876 0.0589078 9.9955E-05 9.9955E-05 9.9955E-05 9.9955E-05 0.069901
9.9964E-05 0.0303556 0.462297 0.126141 0.0662895 9.9964E-05 0.119467 9.9964E-05 9.9964E-05 0.19505
9.9973E-05 0.0171554 0.040653 0.472148 0.111111 0.160522 9.9973E-05 9.9973E-05 0.00758605 0.190524
9.9964E-05 0.0779721 0.165368 0.538229 9.9964E-05 9.9964E-05 0.0555823 0.0357176 9.9964E-05 0.126732
9.9964E-05 0.0709276 0.120621 0.416917 0.0944605 0.0274323 9.9964E-05 9.9964E-05 9.9964E-05 0.269242
0.0111199 0.0354878 0.164042 0.45676 0.106387 9.9991E-05 0.0930974 0.0159674 0.00350361 0.113534
0.0283827 0.0878007 0.30272 0.366022 9.9973E-05 9.9973E-05 0.0964563 0.00106365 9.9973E-05 0.117255
0.00124823 0.101598 0.508817 0.0716576 9.9964E-05 9.9964E-05 0.0848092 9.9964E-05 9.9964E-05 0.231471
0.0950765 0.167659 0.413352 0.130335 0.0737053 9.9973E-05 0.00141419 9.9973E-05 9.9973E-05 0.118158
9.9973E-05 0.00443768 0.307691 0.569277 0.0603923 9.9973E-05 0.024343 0.0042902 9.9973E-05 0.0292686
9.9982E-05 0.0816027 0.115091 0.552557 0.0606371 0.0305015 0.0643529 0.0206468 9.9982E-05 0.0744114
9.9973E-05 9.9973E-05 0.117954 0.463759 0.0310941 0.191096 0.00376125 9.9973E-05 0.000181184 0.191854
0.0384101 0.1053 0.16081 0.380106 0.0981412 9.9973E-05 0.0557948 9.9973E-05 9.9973E-05 0.161139
0.0650112 0.0677294 0.27179 0.325675 9.9973E-05 0.0492029 9.9973E-05 0.0215306 9.9973E-05 0.198761
9.9955E-05 0.0370121 0.197299 0.557522 9.9955E-05 9.9955E-05 0.0603699 9.9955E-05 9.9955E-05 0.147297
0.0482152 0.093751 0.170534 0.404558 0.0157636 0.00372221 0.140792 9.9982E-05 9.9982E-05 0.122464
9.9964E-05 0.102649 0.0881559 0.463146 0.118177 9.9964E-05 9.9964E-05 9.9964E-05 0.104943 0.122528
0.0429148 0.0773364 0.0680561 0.37445 9.9982E-05 0.0597883 0.0227765 0.0657693 0.288709 9.9982E-05
9.9991E-05 0.20114 0.00333916 0.459708 0.054376 0.122308 0.0380271 0.0303255 0.0528141 0.0378619
9.9982E-05 0.151782 0.0586801 0.404124 0.0808871 0.0457604 9.9982E-05 0.0541632 0.105636 0.0987672
0.0721946 0.105584 0.018551 0.578854 0.144902 9.9982E-05 0.0163708 0.0209849 0.0423591 9.9982E-05
9.9982E-05 0.273344 0.143966 0.35554 0.00274967 0.00615493 0.0245603 0.0548445 0.138641 9.9982E-05
0.0385991 0.0130861 0.222636 0.391463 0.225978 0.042668 9.9982E-05 0.0517842 9.9982E-05 0.0135849
9.9982E-05 0.148853 0.00907832 0.47668 0.0520833 0.0357442 0.0941877 9.9982E-05 0.16898 0.014193
9.9964E-05 0.139261 0.0992399 9.9964E-05 0.045024 0.425908 0.0991884 9.9964E-05 0.190978 9.9964E-05
9.9973E-05 0.166014 0.0832303 0.527547 9.9973E-05 0.0677594 9.9973E-05 0.0476138 0.0696316 0.0379042
9.9973E-05 0.13184 9.9973E-05 0.562912 0.0942893 0.0611463 9.9973E-05 0.0452247 0.0457768 0.0585107
0.0126703 0.252704 0.141026 0.51205 0.0388716 0.0244564 9.9973E-05 9.9973E-05 0.0179216 9.9973E-05
9.9973E-05 0.0907553 0.156755 0.296391 0.0178664 0.194715 0.0530507 9.9973E-05 0.190166 9.9973E-05
9.9982E-05 0.134588 0.019057 0.515141 0.0152424 0.133963 9.9982E-05 0.042913 0.119288 0.0196084
0.00418448 0.123727 9.9982E-05 0.613732 0.0237811 0.140771 9.9982E-05 0.0405945 0.0513231 0.00168692
9.9964E-05 0.180946 9.9964E-05 9.9964E-05 0.0516397 0.309753 0.02501 0.0383207 0.393931 9.9964E-05
0.00643254 0.114723 0.0277174 0.540838 9.9991E-05 0.106727 0.00827031 0.0110469 0.121878 0.0622665
9.9982E-05 0.13314 9.9982E-05 0.564124 0.0470586 0.035628 0.0157407 0.0662989 0.10706 0.0307509
0.0439071 0.108087 0.0392349 0.554136 0.0696261 0.0595747 9.9991E-05 0.0551327 0.02963 0.0405712
0.018729 0.247192 9.9955E-05 0.408559 9.9955E-05 0.12321 9.9955E-05 9.9955E-05 0.20181 9.9955E-05
9.9982E-05 0.0885318 0.0866547 0.4574 0.10728 0.0326051 9.9982E-05 0.00933466 0.156501 0.0614923
9.9973E-05 0.141366 0.00844641 0.363834 0.378218 9.9973E-05 0.0885208 0.0069159 9.9973E-05 0.0123994
9.9964E-05 0.0918431 9.9964E-05 0.499043 0.273591 0.0783692 9.9964E-05 9.9964E-05 0.0047887 0.0519648
9.9937E-05 9.9937E-05 0.143717 9.9937E-05 0.789922 9.9937E-05 0.0656618 9.9937E-05 9.9937E-05 9.9937E-05
9.99459E-05 9.99459E-05 0.00233051 9.99459E-05 0.898325 9.99459E-05 9.99459E-05 9.99459E-05 0.00861686 0.0901281
9.9955E-05 0.065453 0.163442 0.472718 0.289897 9.9955E-05 9.9955E-05 9.9955E-05 9.9955E-05 0.00799072
9.9964E-05 0.314244 0.0744987 0.340653 0.10624 0.0797544 9.9964E-05 9.9964E-05 0.0842108 9.9964E-05
9.9964E-05 0.357914 9.9964E-05 0.270052 0.221292 9.9964E-05 0.0284138 0.0417652 0.0801642 9.9964E-05
9.9973E-05 0.249788 9.9973E-05 0.203754 0.184156 0.147666 0.0214658 0.0137872 0.179083 9.9973E-05
9.9973E-05 0.236204 0.0646505 0.277711 0.135927 0.0402915 9.9973E-05 0.058021 0.186895 9.9973E-05
0.0171851 0.0683088 9.9973E-05 0.0378977 0.559776 0.256192 9.9973E-05 0.0254535 0.0348867 9.9973E-05
9.9964E-05 0.0388919 9.9964E-05 0.188866 0.575257 0.0983655 9.9964E-05 0.0307588 0.0674603 9.9964E-05
0.0140196 0.103025 0.0408982 0.501666 0.29982 0.00725767 0.00875607 0.0243575 9.9982E-05 9.9982E-05
9.9946E-05 0.111779 9.9946E-05 0.37783 0.464277 9.9946E-05 9.9946E-05 9.9946E-05 0.0455139 9.9946E-05
9.9955E-05 0.097486 9.9955E-05 0.115624 0.689777 9.9955E-05 9.9955E-05 0.0415499 0.0550631 9.9955E-05
9.9964E-05 0.139536 9.9964E-05 0.474298 0.30473 9.9964E-05 9.9964E-05 0.000747103 0.0705176 0.00977146
9.9955E-05 0.0527391 9.9955E-05 0.466167 0.44158 9.9955E-05 9.9955E-05 0.0117282 0.0272853 9.9955E-05
9.9982E-05 0.164537 9.9982E-05 0.415474 0.231686 0.0445408 0.00701046 0.0313453 0.0368312 0.0683756
0.0886048 9.9946E-05 0.0669851 0.226405 0.617405 9.9946E-05 9.9946E-05 9.9946E-05 9.9946E-05 9.9946E-05
9.9982E-05 0.0539865 0.0280451 0.251463 0.538256 0.00973099 0.0567148 0.0151898 9.9982E-05 0.0464131
0.0711932 0.0200781 9.9973E-05 0.481046 0.26743 9.9973E-05 0.0965894 0.0267364 9.9973E-05 0.0366271
0.0570435 0.0282705 0.0340174 0.285244 0.342227 0.0387698 0.12755 0.0704681 9.9991E-05 0.0163106
9.9982E-05 0.136029 0.180754 0.286184 0.201445 0.0362488 0.0398669 9.9982E-05 0.0552457 0.0640268
0.0463916 9.99532E-05 9.99532E-05 0.442687 0.426399 0.0839231 9.99532E-05 9.99532E-05 9.99532E-05 9.99532E-05
0.0342362 9.9955E-05 0.00912598 0.203918 0.714857 9.9955E-05 9.9955E-05 9.9955E-05 9.9955E-05 0.0373625
9.9946E-05 0.0128962 9.9946E-05 0.584416 0.340154 9.9946E-05 0.0619349 9.9946E-05 9.9946E-05 9.9946E-05
9.9973E-05 0.0662121 9.9973E-05 0.43566 0.142571 0.0262555 0.152811 9.9973E-05 0.164714 0.0114763
9.9946E-05 9.9946E-05 9.9946E-05 0.177317 0.784941 9.9946E-05 0.00877898 9.9946E-05 9.9946E-05 0.0283627
9.9946E-05 9.9946E-05 9.9946E-05 0.384421 0.50965 9.9946E-05 9.9946E-05 0.0624579 9.9946E-05 0.0428722
0.0154982 0.0243476 0.00391694 0.471614 0.174561 9.9991E-05 0.14879 0.0713582 0.0164236 0.073391
9.9991E-05 0.0107557 0.0747792 0.4627 0.227894 0.104815 0.0791386 0.0273493 0.00475423 0.00771397
0.0362929 0.151285 0.00777636 0.408317 0.0802305 0.0868357 0.0470503 0.0973123 9.9991E-05 0.0848002
9.9964E-05 0.131933 0.149037 0.328378 0.183796 9.9964E-05 9.9964E-05 9.9964E-05 0.158781 0.0476744
0.0126339 0.306751 9.9991E-05 0.24722 0.0653846 0.0827514 0.0806167 0.00449831 0.12052 0.0795245
0.131332 0.1916 0.0259083 0.308627 0.0781896 0.0886521 9.9991E-05 0.0622353 0.0607042 0.0526515
9.9982E-05 0.223091 0.0267089 0.285111 0.0137267 0.116089 0.100202 9.9982E-05 0.129051 0.10582
0.0193392 0.164583 9.9973E-05 0.399765 0.161942 0.12583 9.9973E-05 0.0135615 0.114679 9.9973E-05
9.9955E-05 0.125785 9.9955E-05 9.9955E-05 0.571311 0.113421 9.9955E-05 0.0867324 0.102251 9.9955E-05
0.0766104 0.249264 9.9973E-05 0.494295 0.0442686 0.0899619 9.9973E-05 0.0355015 9.9973E-05 0.00979862
9.9955E-05 0.0660214 9.9955E-05 9.9955E-05 0.402932 0.155256 9.9955E-05 0.0453346 0.329956 9.9955E-05
0.00465251 0.145784 0.00671285 0.481961 0.248423 0.0241567 9.9973E-05 9.9973E-05 0.0880097 9.9973E-05
9.9946E-05 9.9946E-05 9.9946E-05 0.0605964 0.772825 0.0192487 0.146731 9.9946E-05 9.9946E-05 9.9946E-05
