0.00511378 0.0464582 0.946551 0.00187665
0.0290025 0.00390379 0.966994 9.9991E-05
9.999E-05 0.0644768 0.843212 0.0922115
0.0377218 0.13002 0.832158 9.9991E-05
9.9991E-05 0.0632914 0.909843 0.0267658
0.184736 0.0515008 0.65648 0.107283
0.0443015 0.0280657 0.887989 0.0396439
0.155552 0.0276203 0.816728 9.9991E-05
0.140282 9.9982E-05 0.859518 9.9982E-05
0.0299111 0.10645 0.745418 0.118221
0.0848089 9.9991E-05 0.814017 0.101075
0.49765 0.0571016 0.0332943 0.411954
0.282532 0.112376 0.0408481 0.564243
0.488456 0.0125311 0.109449 0.389563
0.340611 0.157428 0.0998381 0.402123
0.280654 0.144113 0.163843 0.41139
0.140855 0.167722 0.0785494 0.612874
0.294082 0.0983794 0.0917033 0.515835
0.299111 0.0330454 0.191215 0.476629
0.652969 0.0240808 0.204771 0.118179
0.359099 0.132894 0.0375896 0.470418
0.281757 0.069763 0.106491 0.541989
0.187046 0.0823804 0.108662 0.621912
0.45494 0.0909506 0.0924495 0.361659
0.194251 0.128539 0.0399973 0.637213
0.158476 0.0584368 0.0904024 0.692684
0.443053 0.027186 0.167613 0.362148
0.512345 0.180738 0.0217089 0.285208
0.531436 0.0326775 0.0655266 0.37036
9.9991E-05 0.11165 0.827791 0.060459
9.9991E-05 0.0193988 0.858265 0.122237
9.9991E-05 0.0834085 0.760658 0.155834
9.9991E-05 0.133575 0.741001 0.125324
0.25575 0.016245 0.0490323 0.678972
0.104559 0.0585066 0.124431 0.712503
0.22444 0.0704038 9.9991E-05 0.705056
0.605217 9.9991E-05 0.159208 0.235475
0.4629 0.0234806 9.9991E-05 0.51352
0.189621 0.00806269 0.143485 0.658831
0.0290967 0.0289195 0.0718011 0.870183
0.0917853 0.0523358 0.153116 0.702763
0.0368495 0.0136367 0.191928 0.757586
0.674714 0.0260131 9.9991E-05 0.299173
0.120576 0.062461 0.109788 0.707175
0.122105 0.0636195 0.0350273 0.779248
9.9991E-05 0.145675 0.144056 0.710168
0.463729 9.9982E-05 9.9982E-05 0.536071
0.13086 0.0632875 0.107244 0.698608
0.20306 0.0459828 0.182736 0.568222
0.861567 9.9991E-05 0.0929834 0.0453492
0.646653 9.9991E-05 0.052956 0.300291
0.747133 0.0898435 0.0338703 0.129154
0.191667 0.104503 0.074229 0.629602
0.0598877 0.027918 0.116149 0.796045
0.144028 0.105033 0.114964 0.635975
0.586734 9.9991E-05 0.134138 0.279028
0.18517 0.0119918 0.111433 0.691405
0.209253 0.127401 0.0872546 0.576092
0.277277 9.9991E-05 0.199868 0.522755
0.523234 9.9991E-05 0.246947 0.229719
0.269609 0.0718023 0.0261539 0.632434
0.304432 0.0793352 0.139853 0.476379
0.714277 9.9991E-05 0.104389 0.181234
0.296801 0.0540833 0.034436 0.61468
0.193218 0.112543 0.00269538 0.691544
0.107344 0.0846095 0.142809 0.665237
0.448827 0.06395 0.0661648 0.421059
0.285151 0.0918088 0.00913199 0.613909
0.0775034 0.00538732 0.136147 0.780962
0.564343 9.9991E-05 0.0968866 0.33867
0.27735 9.9982E-05 9.9982E-05 0.72245
0.526329 9.9982E-05 9.9982E-05 0.473471
0.156442 0.120081 0.094171 0.629306
0.730475 9.9982E-05 9.9982E-05 0.269325
0.736679 9.9982E-05 9.9982E-05 0.263121
0.433275 9.9982E-05 9.9982E-05 0.566525
0.255742 9.9991E-05 0.0497469 0.694411
0.1862 0.0619625 0.125499 0.626338
0.340088 0.0188933 0.0558816 0.585137
0.527343 0.0583486 0.0421184 0.37219
0.532766 9.9991E-05 0.0441593 0.422975
0.165312 0.0616065 0.139557 0.633525
0.421967 0.0116274 0.0252998 0.541106
0.301006 9.9991E-05 0.0723608 0.626534
0.381593 9.9982E-05 9.9982E-05 0.618207
0.760812 0.0671257 9.9991E-05 0.171962
0.142944 0.0800227 0.0259784 0.751055
0.0163444 0.106281 0.827909 0.0494663
9.9991E-05 0.0109766 0.918697 0.0702265
9.9991E-05 0.110431 0.868944 0.0205244
9.9982E-05 0.0585514 0.941249 9.9982E-05
9.9991E-05 0.0560462 0.888096 0.0557575
9.9991E-05 0.0296567 0.904757 0.0654862
9.9991E-05 0.0396172 0.929762 0.0305206
0.20299 0.0321161 0.106231 0.658663
0.118393 0.0553587 0.085006 0.741242
0.617668 9.9982E-05 9.9982E-05 0.382132
0.203177 0.0881406 0.13156 0.577123
0.234396 9.9991E-05 0.058396 0.707108
0.123732 0.026263 0.0836645 0.766341
0.241512 0.134483 9.9991E-05 0.623904
0.304167 0.0436263 9.9991E-05 0.652106
0.839124 9.9991E-05 0.00629124 0.154485
0.272374 0.0798917 0.11195 0.535785
0.180583 0.143779 0.050246 0.625392
0.212943 0.0618154 0.0700863 0.655156
0.482303 0.0598902 9.9991E-05 0.457707
0.312194 0.0215681 9.9991E-05 0.666138
0.282561 9.9991E-05 0.107164 0.610175
0.413152 0.070833 9.9991E-05 0.515915
0.317156 9.9991E-05 0.0447126 0.638031
0.0671296 9.9991E-05 0.171453 0.761317
0.622894 0.11178 0.0277086 0.237617
0.297241 0.0527788 0.182314 0.467667
0.206675 9.9991E-05 0.160144 0.633081
0.228743 0.0198249 0.114554 0.636878
0.270992 9.9991E-05 0.187215 0.541693
0.147961 0.0934674 0.119171 0.639401
0.347232 0.051355 0.0922055 0.509207
0.254264 9.9991E-05 0.178908 0.566729
0.0867841 0.0126371 0.163596 0.736983
0.308505 0.0969141 0.0343367 0.560244
0.264943 9.9991E-05 0.0762203 0.658736
0.108035 0.0996397 0.0230998 0.769225
0.119919 0.185636 0.111174 0.58327
0.23145 0.0927267 9.9991E-05 0.675723
0.157632 0.135326 0.066658 0.640384
0.279954 0.143233 9.9991E-05 0.576713
0.295364 0.0921737 0.136757 0.475705
0.170069 0.141429 0.034718 0.653784
0.132979 0.0396722 0.0967643 0.730585
0.548517 0.0655506 0.0315281 0.354404
0.63098 0.144509 0.060616 0.163895
0.318824 0.0609994 0.04583 0.574347
0.760499 0.0977889 9.9991E-05 0.141612
0.523921 9.9991E-05 0.0860825 0.389896
0.35484 9.9991E-05 0.0530164 0.592044
0.439942 9.9991E-05 0.119186 0.440772
0.517789 9.9991E-05 0.0759578 0.406154
0.234023 0.0856971 0.0507096 0.62957
0.0669693 0.0631626 0.11847 0.751398
0.231115 0.127997 0.0740106 0.566877
0.688655 0.131039 0.0185014 0.161804
0.139439 0.0778606 0.185412 0.597289
0.234625 0.0646445 0.0921172 0.608614
0.725039 0.0324603 0.177267 0.0652339
0.0528342 0.0932895 0.139815 0.714061
0.385295 0.0978239 0.150225 0.366656
0.242721 0.13694 0.120225 0.500114
0.529979 0.0693741 0.163363 0.237284
0.537263 9.9991E-05 0.158003 0.304634
0.342993 0.0215209 0.119042 0.516443
0.276916 0.128042 0.116928 0.478115
0.31093 0.0610237 0.124949 0.503097
0.527303 0.203031 0.0918034 0.177863
0.120956 0.138682 0.0407186 0.699643
0.501786 9.9991E-05 0.00569867 0.492415
0.307086 9.9991E-05 0.0449723 0.647842
0.196722 9.9991E-05 0.117318 0.68586
0.159897 0.29834 0.366752 0.175011
0.175562 0.249235 0.575103 9.9991E-05
0.22959 0.203791 0.56652 9.9991E-05
0.128254 0.423995 0.392702 0.0550487
0.242311 0.0730035 9.9991E-05 0.684585
0.138355 0.150244 0.142821 0.568579
9.9982E-05 0.687501 9.9982E-05 0.312299
0.0712802 0.429706 0.0547332 0.444281
0.210852 0.431837 0.0338496 0.323462
0.498414 0.128283 0.00764775 0.365655
0.20183 0.113297 0.114887 0.569987
0.624316 0.151727 0.00383459 0.220123
0.223086 0.072492 0.0566946 0.647727
0.337531 0.051471 0.0883551 0.522642
0.185624 0.0908661 0.00923349 0.714277
0.689668 0.0554251 9.9991E-05 0.254806
0.0851565 0.110452 0.0823567 0.722035
0.181703 9.9991E-05 0.14294 0.675257
9.998E-05 0.9997 9.998E-05 9.998E-05
9.9982E-05 0.930897 9.9982E-05 0.0689035
0.0392548 0.648734 0.0261257 0.285886
9.9982E-05 0.670707 9.9982E-05 0.329093
9.9982E-05 0.81057 9.9982E-05 0.18923
9.998E-05 0.9997 9.998E-05 9.998E-05
9.9982E-05 0.983784 0.0160161 9.9982E-05
9.9982E-05 0.886466 9.9982E-05 0.113334
9.9982E-05 0.983037 9.9982E-05 0.0167629
9.998E-05 0.9997 9.998E-05 9.998E-05
9.998E-05 0.9997 9.998E-05 9.998E-05
9.9991E-05 0.796216 0.0338655 0.169818
0.011135 0.77656 0.107902 0.104403
9.998E-05 0.9997 9.998E-05 9.998E-05
0.185835 0.494377 9.9991E-05 0.319688
0.0315378 0.691428 0.0863649 0.190669
9.9991E-05 0.797466 0.0670004 0.135434
0.00878002 0.934625 0.00955016 0.0470448
9.998E-05 0.9997 9.998E-05 9.998E-05
9.9991E-05 0.948865 0.017426 0.0336093
9.998E-05 0.9997 9.998E-05 9.998E-05
0.0502912 0.680862 0.0509573 0.21789
0.0176286 0.935128 0.0175354 0.0297082
0.531476 0.133952 0.334472 9.9991E-05
0.196736 0.104377 0.197006 0.501881
0.164388 0.0859343 0.243925 0.505753
0.360606 0.21685 0.237452 0.185092
0.110222 0.166129 0.172102 0.551547
0.289163 0.187816 0.284664 0.238357
0.235462 0.191429 0.191931 0.381178
0.197535 0.262569 0.197098 0.342798
0.0843487 0.213302 0.202361 0.499989
0.150412 0.228932 0.240527 0.380129
0.15962 0.190864 0.200223 0.449293
0.0957908 9.9991E-05 0.873513 0.0305966
9.9982E-05 0.0498453 0.949955 9.9982E-05
9.998E-05 9.998E-05 0.9997 9.998E-05
0.0154767 0.0064324 0.977991 9.9991E-05
0.0121509 0.0664444 0.921305 9.9991E-05
9.9982E-05 0.0982928 0.901507 9.9982E-05
9.9991E-05 0.0726193 0.908574 0.0187064
0.0751799 0.00720996 0.889468 0.0281422
9.9982E-05 9.9982E-05 0.940489 0.0593107
9.9991E-05 0.127135 0.855581 0.0171841
0.358712 9.9982E-05 0.641088 9.9982E-05
0.348398 0.0236349 0.627867 9.9991E-05
0.39287 9.9982E-05 0.60693 9.9982E-05
0.467513 9.9982E-05 0.532287 9.9982E-05
0.249785 9.9991E-05 0.074349 0.675767
0.292079 0.0351331 9.9991E-05 0.672688
0.219794 9.9991E-05 0.089878 0.690228
0.378222 0.000796139 0.0793065 0.541675
0.612223 9.9991E-05 0.0979768 0.2897
0.167446 0.1003 0.0212279 0.711026
0.209698 0.0535674 9.9991E-05 0.736635
0.362679 0.042449 9.9991E-05 0.594772
0.419904 0.0495576 9.9991E-05 0.530438
0.117422 0.145375 0.0648189 0.672385
0.343699 9.9991E-05 0.0223051 0.633896
0.887935 0.00980301 9.9991E-05 0.102162
0.281223 0.0924188 0.105443 0.520916
0.557286 0.039449 9.9991E-05 0.403165
0.326112 0.0424447 0.00774518 0.623698
0.609391 9.9991E-05 0.0497565 0.340753
0.720551 9.9982E-05 0.279249 9.9982E-05
0.701334 9.9991E-05 0.221538 0.0770275
0.836029 9.9982E-05 0.163771 9.9982E-05
0.774949 9.9982E-05 0.224851 9.9982E-05
0.70573 9.9991E-05 0.161104 0.133066
0.674839 0.0531839 0.162439 0.109538
9.9991E-05 0.0185355 0.914441 0.0669238
9.9991E-05 0.101438 0.85868 0.0397827
9.9991E-05 0.134558 0.76639 0.0989521
0.0144062 0.166433 0.774181 0.0449805
0.0137901 0.104251 0.793161 0.0887985
0.523223 9.9982E-05 0.476577 9.9982E-05
0.441341 9.9982E-05 0.558459 9.9982E-05
0.53079 9.9982E-05 0.469011 9.9982E-05
9.9991E-05 0.0756589 0.816585 0.107656
0.535336 9.9991E-05 0.455093 0.00947033
0.079617 0.468492 0.244414 0.207478
0.0570538 0.367755 0.0707278 0.504463
9.9991E-05 0.335322 0.1992 0.465378
0.0825068 0.292067 0.244836 0.38059
0.0907111 0.223324 0.148439 0.537526
0.157677 0.375831 0.466392 9.9991E-05
0.386315 9.9991E-05 0.0705025 0.543083
0.433191 0.0242897 0.0366916 0.505827
0.466197 9.9991E-05 0.162546 0.371156
0.394796 0.0767921 9.9991E-05 0.528312
0.981413 0.0183871 9.9982E-05 9.9982E-05
0.167805 9.9991E-05 0.161729 0.670366
0.259478 0.0257394 0.108923 0.605859
0.438731 9.9991E-05 0.134416 0.426752
0.195377 0.0425471 0.166372 0.595705
0.68273 0.0251613 0.0316283 0.26048
0.332777 0.114012 0.0244749 0.528736
0.268477 0.118409 9.9991E-05 0.613014
0.181359 0.282239 0.128945 0.407458
0.475929 0.0500181 9.9991E-05 0.473953
0.334331 0.0298481 0.0632165 0.572604
0.313341 0.19004 0.00638063 0.490239
0.280391 0.00822344 0.0681462 0.64324
0.142749 0.095341 0.0742089 0.687701
0.172199 0.0776242 0.103448 0.646729
0.172274 0.0365809 0.133027 0.658118
9.9991E-05 0.0846279 0.832642 0.0826305
9.9991E-05 0.107803 0.865334 0.0267634
0.0439103 9.9991E-05 0.852443 0.103546
0.031318 0.0384969 0.865196 0.0649887
9.9991E-05 0.036581 0.862731 0.100588
0.556807 0.0510206 0.0952157 0.296957
0.254386 0.0625225 0.0813838 0.601708
0.0859428 0.204814 0.263444 0.445799
0.108448 0.0561224 0.0615865 0.773843
0.240613 9.9991E-05 0.129404 0.629883
0.567715 0.0849856 0.0652791 0.28202
0.727408 9.9991E-05 0.234939 0.037553
0.281985 0.00166127 0.0771635 0.63919
0.58717 9.9991E-05 0.180181 0.232548
0.325691 0.134373 0.101086 0.43885
0.564362 0.0266081 0.161575 0.247455
0.149569 0.11908 0.145843 0.585507
0.595709 0.0308359 0.133943 0.239512
0.449429 0.0916552 0.0916569 0.367259
0.398643 0.154759 0.0704582 0.376139
0.480683 0.0466165 0.067617 0.405084
0.143711 9.9991E-05 0.147425 0.708764
0.0908452 0.0342842 0.24442 0.630451
0.454762 9.9991E-05 0.0710672 0.474071
0.186137 0.0417273 0.17429 0.597845
0.197236 9.9991E-05 0.121046 0.681619
0.735092 9.9991E-05 0.00826405 0.256544
0.613397 0.0164814 0.0429588 0.327163
0.382253 0.0584955 0.00806048 0.551191
0.640435 9.9991E-05 0.0239361 0.335529
0.40982 9.9991E-05 0.0657404 0.52434
0.695692 0.00487059 0.10421 0.195227
0.608987 0.0841316 9.9991E-05 0.306781
0.394872 0.0749606 0.0694959 0.460672
0.190401 0.146607 0.0683288 0.594664
0.568907 0.0198754 9.9991E-05 0.411117
0.251668 0.0680326 0.0900459 0.590253
0.192792 0.118014 0.0331783 0.656016
0.253146 0.118583 0.0882846 0.539986
0.272142 0.15141 0.0394351 0.537013
0.348671 0.0872849 0.0727817 0.491263
0.53784 0.118257 9.9991E-05 0.343803
0.502123 0.189303 9.9991E-05 0.308474
0.182636 0.0439274 9.9991E-05 0.773336
0.105851 0.105885 0.184929 0.603335
0.443549 0.0438474 0.0796033 0.433001
0.326297 0.19163 9.9991E-05 0.481972
0.464458 0.11731 0.0642327 0.353999
0.209184 0.183386 0.0172784 0.590151
0.33093 0.112071 0.0744015 0.482598
0.13976 0.116393 0.145362 0.598485
0.0180666 0.187869 0.405281 0.388783
0.0704657 0.311459 0.166196 0.45188
0.0373768 0.152887 0.212 0.597737
0.0865235 0.161704 0.121723 0.630049
9.9991E-05 0.270043 0.202324 0.527533
0.396105 0.0683118 9.9991E-05 0.535484
0.147179 0.0938377 0.12339 0.635594
0.444925 0.226207 0.280389 0.0484791
0.120006 0.309235 0.1097 0.461059
0.102664 0.153175 0.0669301 0.677231
0.100762 0.257986 0.129904 0.511348
0.29485 0.224511 0.244742 0.235897
9.9991E-05 0.19906 0.208325 0.592514
0.0807001 0.230138 0.160118 0.529044
0.242041 0.273171 0.484689 9.9991E-05
0.0632634 0.277824 0.158355 0.500558
9.9991E-05 0.188145 0.188676 0.623079
0.063381 0.214828 0.0598216 0.66197
0.0555154 0.193528 0.191294 0.559663
0.10088 0.193164 0.209439 0.496516
0.402944 0.121653 9.9991E-05 0.475303
0.254917 0.063485 0.111488 0.570109
0.801928 0.0307983 9.9991E-05 0.167173
0.8509 0.0608237 9.9991E-05 0.0881767
0.304964 0.226868 0.0305394 0.437629
0.0180706 0.352437 0.163565 0.465927
0.141874 0.394128 0.0675077 0.396491
0.201187 0.359036 0.221295 0.218483
0.0860149 0.317238 0.202229 0.394518
0.590478 0.250223 0.091885 0.0674137
0.47843 0.218736 0.0894002 0.213434
0.200748 0.215091 9.9991E-05 0.584061
0.256224 0.18309 0.0442756 0.516411
0.532041 0.268508 9.9991E-05 0.199351
0.167744 0.131992 0.128666 0.571597
0.276722 0.262105 0.0110215 0.450151
0.252037 0.309531 0.077895 0.360537
0.539578 0.00585726 0.0106702 0.443895
0.422351 0.0981983 0.0258208 0.453629
0.271412 9.9991E-05 0.126126 0.602362
0.372864 0.0553317 0.068839 0.502966
0.35935 0.242332 0.05233 0.345988
0.338869 0.022689 0.0339754 0.604467
0.623928 0.0522028 9.9991E-05 0.323769
0.237433 0.0467043 9.9991E-05 0.715762
0.219401 0.123227 0.104415 0.552957
0.622855 0.0498463 9.9991E-05 0.327199
0.371376 0.0586885 0.0256329 0.544303
0.13328 0.0595956 0.173008 0.634117
0.267274 0.126444 9.9991E-05 0.606183
0.1042 0.214163 0.15945 0.522187
0.152316 0.224441 0.201653 0.42159
0.102423 0.278954 0.233201 0.385422
0.102049 0.296145 0.216785 0.385021
0.119349 0.158727 0.174596 0.547329
0.209131 0.236299 0.203357 0.351212
0.542096 0.276008 0.181797 9.9991E-05
0.0503193 0.256 0.0884776 0.605204
0.363347 0.240919 0.395633 9.9991E-05
0.134221 0.254412 0.0890871 0.52228
0.729417 0.00728311 9.9991E-05 0.2632
0.862053 0.0396647 9.9991E-05 0.0981819
0.405098 0.0378559 9.9991E-05 0.556946
0.0962905 0.0501665 0.0608567 0.792686
0.420406 9.9982E-05 9.9982E-05 0.579394
0.305834 0.0426559 9.9991E-05 0.65141
0.291793 0.0670355 9.9991E-05 0.641071
9.9991E-05 0.0804967 0.789275 0.130129
0.0614594 0.124979 0.777298 0.0362639
9.9982E-05 0.0686913 0.931109 9.9982E-05
9.9991E-05 0.0245036 0.963975 0.0114213
0.213125 0.0183663 0.106574 0.661934
0.282939 0.0905606 0.0574877 0.569013
0.253538 9.9991E-05 0.00450628 0.741856
0.117986 0.0649096 0.067644 0.749461
0.193961 0.0881033 0.143118 0.574818
0.458197 9.9991E-05 0.0623779 0.479326
0.099023 0.0575543 0.033706 0.809717
0.437859 9.9982E-05 9.9982E-05 0.561941
0.0573071 0.256952 0.24351 0.44223
0.361896 0.132232 9.9991E-05 0.505772
0.432927 9.9991E-05 0.00827372 0.5587
0.301852 0.0209897 9.9991E-05 0.677059
0.262995 9.9991E-05 0.0732076 0.663698
0.243806 9.9982E-05 9.9982E-05 0.755994
0.206848 0.00643492 0.0491123 0.737605
0.644649 9.9982E-05 9.9982E-05 0.355151
0.497815 0.102153 9.9991E-05 0.399931
0.51078 9.9982E-05 9.9982E-05 0.48902
0.832118 9.9982E-05 9.9982E-05 0.167682
0.296084 9.9991E-05 0.0921263 0.61169
0.626228 0.000612326 9.9991E-05 0.373059
0.858236 0.0389619 9.9991E-05 0.102702
0.154042 0.0526918 0.104447 0.688819
0.498221 9.9991E-05 0.035865 0.465814
0.294483 0.069418 0.0393073 0.596791
0.144609 0.117765 0.118602 0.619025
0.229703 0.0252874 0.0224934 0.722516
0.442537 0.0790029 0.00192215 0.476538
0.273077 0.0812688 9.9991E-05 0.645554
0.272017 0.0397343 0.038706 0.649543
0.45652 9.9982E-05 9.9982E-05 0.54328
0.267395 0.0928096 0.0798892 0.559906
0.323091 0.00411484 0.672694 9.9991E-05
0.0908272 9.9991E-05 0.776258 0.132815
0.134061 9.9982E-05 0.865739 9.9982E-05
0.103608 9.9991E-05 0.881157 0.0151344
0.145018 9.9991E-05 0.792202 0.0626793
0.568886 9.9991E-05 0.0253469 0.405668
0.59359 9.9991E-05 0.035955 0.370355
0.586794 9.9982E-05 9.9982E-05 0.413006
0.199059 0.181228 0.059462 0.560251
0.141276 0.0755732 0.102095 0.681057
0.459875 0.0348601 0.0179061 0.487359
0.149936 0.0469419 9.9991E-05 0.803022
0.320556 0.0772644 9.9991E-05 0.60208
0.254779 9.9991E-05 0.0176144 0.727507
0.163916 0.0521916 9.9991E-05 0.783792
0.537005 0.000588408 9.9991E-05 0.462307
0.394216 9.9991E-05 0.0154294 0.590254
0.428531 0.0213304 0.0106642 0.539474
0.124216 0.0690389 0.117431 0.689314
0.357991 9.9982E-05 9.9982E-05 0.641809
0.295683 0.0282733 0.0357524 0.640291
0.0655486 0.453135 0.0417243 0.439592
0.0962019 0.485015 0.0888388 0.329944
9.9991E-05 0.546249 0.124201 0.32945
0.0377305 0.586666 0.104397 0.271206
0.00132773 0.411768 0.121394 0.46551
0.268316 0.0676641 0.0205265 0.643493
0.0160978 0.748018 0.235784 9.9991E-05
0.046882 0.524101 0.148008 0.281009
0.0992337 0.178092 0.145813 0.576862
0.0995197 0.0352425 0.179186 0.686051
0.27214 0.054106 0.182706 0.491048
0.0496558 0.0629142 0.182398 0.705032
0.101157 0.0195134 0.14589 0.733439
9.9991E-05 0.522527 0.128418 0.348955
0.0369354 0.488345 0.122941 0.351779
9.9991E-05 0.499854 0.0579257 0.442121
0.0967112 0.353277 0.131425 0.418587
0.0859189 0.609697 0.0817438 0.22264
9.9991E-05 0.429119 0.167316 0.403466
9.9991E-05 0.628774 0.109411 0.261715
0.0212957 0.373071 0.138536 0.467097
0.194645 0.106976 0.0915402 0.606839
0.0481975 0.373559 0.180316 0.397927
9.9991E-05 0.637292 0.187125 0.175483
0.0900522 0.40581 0.157381 0.346757
0.424008 9.9991E-05 0.252312 0.323579
0.211602 0.159466 0.00750181 0.621431
0.0693593 0.343204 0.170206 0.417231
0.133255 0.100035 0.116487 0.650223
0.145505 0.0254438 0.187146 0.641906
0.153105 0.225152 0.249897 0.371846
0.101183 0.360572 0.228133 0.310113
0.114296 0.240316 0.0555105 0.589877
0.102498 0.479727 0.123506 0.294269
9.9991E-05 0.559781 0.0553723 0.384747
9.9991E-05 0.654 0.194934 0.150966
0.104434 0.123405 0.103972 0.668189
0.261854 9.9991E-05 0.181502 0.556544
0.456186 0.0693675 0.199526 0.27492
0.110711 0.123092 0.114729 0.651468
0.250863 0.0250907 0.175617 0.548429
0.0588821 0.19834 0.238715 0.504063
0.217357 0.163083 0.133933 0.485626
0.376919 0.28486 0.33812 9.9991E-05
0.414761 0.218163 0.366975 9.9991E-05
0.344731 0.14121 0.198513 0.315545
0.325061 0.282075 0.367415 0.0254488
0.174324 0.354119 0.471456 9.9991E-05
0.35964 0.24993 0.107299 0.283131
0.107487 0.15312 0.253538 0.485856
0.21961 0.268573 0.305883 0.205934
0.296567 0.230664 0.371796 0.100973
0.152931 0.289312 0.127377 0.430379
0.383366 0.233947 0.223083 0.159604
0.32423 0.154707 0.520963 9.9991E-05
0.0357848 0.300912 0.0928867 0.570416
0.249653 0.337831 0.149622 0.262894
0.010982 0.243565 0.320167 0.425286
9.9991E-05 0.4186 0.134721 0.446579
0.194419 0.17549 0.199728 0.430364
0.0113328 0.241954 0.179817 0.566897
0.0719227 0.293621 0.118841 0.515615
9.9991E-05 0.261246 0.393213 0.34544
9.9991E-05 0.237398 0.183302 0.5792
9.9991E-05 0.292915 0.247243 0.459742
0.131378 0.31597 0.282297 0.270355
0.388731 0.164578 0.135128 0.311562
0.0795062 0.112502 0.154604 0.653388
0.0506285 0.194593 0.227212 0.527566
0.0836436 0.158172 0.148128 0.610057
0.0283477 0.439072 0.28753 0.245051
0.0336714 0.234636 0.216655 0.515037
0.210051 0.308965 0.396724 0.0842601
0.072241 0.272612 0.143922 0.511226
0.20255 0.421256 0.23492 0.141273
0.114608 0.0185544 0.838757 0.0280812
0.638431 9.9991E-05 0.208073 0.153396
0.819802 9.9982E-05 0.179998 9.9982E-05
0.782489 9.9991E-05 0.180385 0.0370261
0.75316 9.9991E-05 0.124957 0.121783
0.74866 9.9991E-05 0.18339 0.0678498
0.746985 9.9991E-05 0.112885 0.14003
0.786347 9.9991E-05 0.212827 0.000726676
0.607728 9.9991E-05 0.377785 0.0143868
0.0230451 0.0330768 0.924732 0.0191457
9.9982E-05 9.9982E-05 0.89552 0.10428
9.9982E-05 0.0697176 0.930082 9.9982E-05
0.0560365 9.9991E-05 0.842096 0.101767
9.9991E-05 0.0746308 0.89303 0.0322394
0.0711365 0.0200982 0.908665 9.9991E-05
9.9991E-05 0.162125 0.76588 0.0718955
9.9991E-05 0.0525504 0.910609 0.0367409
0.0521289 0.0546705 0.796691 0.0965092
9.9991E-05 0.0729006 0.909225 0.017774
9.9982E-05 9.9982E-05 0.963369 0.0364308
0.03 0.0887725 0.857123 0.0241046
9.9982E-05 0.0344966 0.965303 9.9982E-05
9.9991E-05 0.041479 0.930663 0.0277584
9.9991E-05 0.0586855 0.904711 0.0365038
9.9991E-05 0.026913 0.870911 0.102076
9.9991E-05 0.152209 0.805496 0.0421949
9.9991E-05 0.127422 0.81133 0.0611477
9.9991E-05 0.0677778 0.844101 0.0880217
0.278042 9.9991E-05 0.194378 0.52748
0.102185 9.9991E-05 0.109956 0.787759
0.130165 0.140836 0.131091 0.597909
0.603943 0.0805367 0.107925 0.207595
0.122994 9.9991E-05 0.201309 0.675597
0.542088 0.0343607 0.197066 0.226485
0.0325304 9.9991E-05 0.171136 0.796233
0.277927 9.9991E-05 0.118123 0.60385
0.171312 9.9991E-05 0.172061 0.656527
0.19676 0.00110613 0.0704014 0.731733
0.283513 9.9991E-05 0.173728 0.542659
0.0890752 0.0363228 0.148703 0.725899
0.177829 9.9991E-05 0.145643 0.676428
0.780603 0.0704294 9.9991E-05 0.148867
0.798977 9.9991E-05 0.124484 0.0764388
0.497789 0.0865691 0.130796 0.284846
0.0966498 0.0332986 0.170403 0.699648
0.14971 0.023338 0.204051 0.622901
0.213843 0.0494907 0.143328 0.593338
0.0388299 0.0165463 0.198988 0.745635
0.01999 0.21012 0.248168 0.521722
9.9991E-05 0.209807 0.173387 0.616706
0.173683 0.176232 0.457883 0.192202
0.0766204 0.151468 0.17195 0.599962
0.17001 0.242013 0.181345 0.406632
0.344166 0.243065 0.412669 9.9991E-05
0.131298 0.303439 0.271924 0.293339
0.124753 0.160978 0.370078 0.344191
0.0814921 0.115099 0.341266 0.462143
0.0564211 0.296034 0.130663 0.516882
9.9991E-05 0.166379 0.220233 0.613288
0.0157794 0.210933 0.154972 0.618316
0.184596 0.251586 0.186456 0.377363
9.9991E-05 0.10598 0.507328 0.386592
