0.0182702 9.9955E-05 0.0558031 9.9955E-05 0.0588659 9.9955E-05 0.0194474 0.847114 9.9955E-05 9.9955E-05
9.9964E-05 9.9964E-05 0.0464848 9.9964E-05 0.00430894 0.0335429 0.0169393 0.898016 9.9964E-05 0.00030856
0.112975 9.9964E-05 0.028824 9.9964E-05 0.0943766 9.9964E-05 0.00164679 0.753662 0.00811653 9.9964E-05
0.0798319 0.0565649 0.0330022 9.9964E-05 9.9964E-05 9.9964E-05 9.9964E-05 0.769763 0.0419023 0.018536
0.0892513 0.0432213 0.0245466 9.9955E-05 0.0380828 9.9955E-05 9.9955E-05 0.804398 9.9955E-05 9.9955E-05
9.9946E-05 0.0750313 0.0477179 0.303068 9.9946E-05 9.9946E-05 9.9946E-05 0.573584 9.9946E-05 9.9946E-05
9.9955E-05 9.9955E-05 0.0556963 0.175694 0.00232207 9.9955E-05 0.0133943 0.752393 9.9955E-05 9.9955E-05
9.9946E-05 0.0547756 0.106324 0.160011 9.9946E-05 9.9946E-05 9.9946E-05 0.67829 9.9946E-05 9.9946E-05
9.99549E-05 9.99549E-05 0.00660446 9.99549E-05 0.116646 0.0767955 9.99549E-05 0.72692 0.0725339 9.99549E-05
0.0387133 0.0914598 0.0513112 0.182463 9.9964E-05 9.9964E-05 9.9964E-05 0.62276 9.9964E-05 0.0128931
9.9946E-05 9.9946E-05 0.0472412 0.232296 9.9946E-05 9.9946E-05 9.9946E-05 0.702925 0.0169375 9.9946E-05
0.00982077 0.0931681 9.9964E-05 0.0481327 9.9964E-05 0.0253218 0.820316 9.9964E-05 0.00284079 9.9964E-05
0.402662 0.0307717 0.0134248 0.057541 9.9955E-05 9.9955E-05 0.495101 9.9955E-05 9.9955E-05 9.9955E-05
0.0889318 0.0160079 0.0210426 9.9964E-05 0.115355 9.9964E-05 0.688267 9.9964E-05 9.9964E-05 0.0699956
0.117453 0.188124 9.9964E-05 9.9964E-05 0.0718741 9.9964E-05 0.604409 0.0108221 9.9964E-05 0.00691731
0.282533 0.124273 9.9973E-05 0.0728843 0.0278956 9.9973E-05 0.41293 0.0754464 9.9973E-05 0.00373767
0.383306 0.107236 9.9982E-05 0.00335933 0.037674 0.00732682 0.365778 0.049913 9.9982E-05 0.0452071
0.273285 0.149597 9.9973E-05 0.07293 0.020481 0.0983104 0.375942 9.9973E-05 0.00915429 9.9973E-05
0.155628 0.0623286 9.9964E-05 9.9964E-05 0.0580568 0.0369406 0.573032 0.113615 9.9964E-05 9.9964E-05
9.9955E-05 0.00929892 9.9955E-05 0.0654253 9.9955E-05 9.9955E-05 0.752557 0.0700228 0.102196 9.9955E-05
0.212348 0.0931138 0.0505735 0.0430809 0.0440683 0.0594264 0.466414 9.9982E-05 9.9982E-05 0.0307756
0.384878 0.00965566 0.0187941 0.0390704 0.131283 9.9991E-05 0.264761 0.0178337 0.0541675 0.0794567
0.405003 0.0295 0.00805041 0.130279 9.9982E-05 0.110496 0.26999 0.0350647 0.0114167 9.9982E-05
0.109955 0.0863155 9.9964E-05 0.0546722 9.9964E-05 0.00994179 0.698446 0.0402704 9.9964E-05 9.9964E-05
0.49721 0.0482162 0.0368289 0.025518 0.0305689 0.0444326 0.0670205 0.0312008 0.0747937 0.14421
0.306979 0.085605 9.9964E-05 9.9964E-05 0.0361286 9.9964E-05 0.516712 0.00981878 0.0443566 9.9964E-05
9.9964E-05 0.0759838 9.9964E-05 0.0140037 9.9964E-05 0.0170894 0.77972 0.0827724 0.0300312 9.9964E-05
9.9946E-05 0.202306 9.9946E-05 0.0231767 9.9946E-05 9.9946E-05 0.767948 0.00596977 9.9946E-05 9.9946E-05
0.00376024 0.0689003 9.9973E-05 0.0249734 0.00626738 9.9973E-05 0.783498 0.000929849 9.9973E-05 0.111371
0.154483 0.0422132 9.9937E-05 9.9937E-05 9.9937E-05 9.9937E-05 9.9937E-05 0.802604 9.9937E-05 9.9937E-05
0.150151 9.9937E-05 9.9937E-05 9.9937E-05 9.9937E-05 9.9937E-05 9.9937E-05 0.829131 9.9937E-05 0.0200182
0.166088 9.9946E-05 9.9946E-05 9.9946E-05 9.9946E-05 9.9946E-05 0.0473069 0.780995 0.00500999 9.9946E-05
0.10697 0.145571 9.9964E-05 0.0034744 0.0137241 9.9964E-05 9.9964E-05 0.655838 0.0740223 9.9964E-05
0.567432 9.9964E-05 0.0184746 0.156674 9.9964E-05 0.10731 0.132637 9.9964E-05 9.9964E-05 0.0170728
0.494338 0.0286825 9.9964E-05 9.9964E-05 9.9964E-05 0.260089 0.114558 0.0991316 0.00280183 9.9964E-05
0.587823 0.00552587 9.9964E-05 0.0682802 9.9964E-05 0.302815 9.9964E-05 0.00905873 0.0260972 9.9964E-05
0.0630048 0.00474573 9.9964E-05 9.9964E-05 9.9964E-05 0.00258976 0.662099 0.0927328 0.174428 9.9964E-05
0.238161 0.0977507 9.9964E-05 0.0296441 0.0164752 0.573081 9.9964E-05 9.9964E-05 0.0444884 9.9964E-05
0.495336 9.9964E-05 9.9964E-05 9.9964E-05 0.0449225 0.102335 0.232751 0.0483332 0.0759223 9.9964E-05
0.638235 9.9946E-05 0.060025 0.107907 9.9946E-05 0.193234 9.9946E-05 9.9946E-05 9.9946E-05 9.9946E-05
0.518642 0.0452603 0.0742096 0.198384 9.9982E-05 0.0495352 0.0394603 0.0695688 0.00473926 9.9982E-05
0.546705 9.9964E-05 9.9964E-05 0.177777 9.9964E-05 0.0442449 0.121054 0.0707097 0.0391099 9.9964E-05
0.0947633 9.9964E-05 0.0392291 9.9964E-05 0.0561314 0.60322 0.201247 0.00500888 9.9964E-05 9.9964E-05
0.569693 0.0237896 0.0150161 0.199704 0.0602567 0.0616733 0.0630303 0.00663771 9.9982E-05 9.9982E-05
0.539796 0.0107127 0.0246658 0.160584 0.0827078 0.162578 9.9973E-05 0.0186565 9.9973E-05 9.9973E-05
0.578222 0.0680739 0.0201524 0.0121102 0.0901412 0.0762077 0.105484 0.0494083 9.9982E-05 9.9982E-05
0.289638 9.9937E-05 9.9937E-05 9.9937E-05 9.9937E-05 0.677221 9.9937E-05 9.9937E-05 9.9937E-05 0.0324415
0.604259 9.9964E-05 9.9964E-05 9.9964E-05 0.113415 0.223043 9.9964E-05 0.0350624 0.0231827 0.000638031
0.607715 9.9973E-05 0.0204449 9.9973E-05 0.0858331 0.155875 0.0479326 0.0814593 0.000440191 9.9973E-05
9.9955E-05 9.9955E-05 9.9955E-05 0.0213897 0.096795 0.770686 9.9955E-05 0.0703673 0.0402625 9.9955E-05
0.111179 9.9982E-05 0.0613802 0.0741291 0.0407303 0.177319 0.311243 9.9982E-05 0.170689 0.0531297
0.0127502 9.9973E-05 0.0947538 0.211054 0.224723 0.15162 0.216411 9.9973E-05 9.9973E-05 0.0883876
0.465228 0.0605286 0.0100468 0.00317938 0.0217628 0.147312 0.15345 0.105994 0.0227437 0.00975455
0.6117 9.9955E-05 9.9955E-05 0.174333 9.9955E-05 9.9955E-05 0.00367401 0.112146 9.9955E-05 0.0976472
0.586365 0.0464013 9.9982E-05 0.0730765 9.9982E-05 0.100618 0.0577316 0.0355143 0.0639582 0.0361347
0.121861 9.9991E-05 0.0661783 0.0197653 0.143201 0.146722 0.222277 0.0548075 0.219162 0.00592562
0.494123 9.9973E-05 0.106866 0.0170367 9.9973E-05 0.114762 0.173556 9.9973E-05 0.0310258 0.0623307
0.481214 0.0486423 9.9973E-05 0.0572938 0.0963005 9.9973E-05 0.175708 0.0333968 0.107145 9.9973E-05
0.2768 0.00767052 9.9982E-05 0.0698765 9.9982E-05 0.0743415 0.324934 0.106078 0.0451447 0.0949546
9.9973E-05 0.00044534 0.170648 0.0529645 0.153275 0.0109551 0.481753 0.129659 9.9973E-05 9.9973E-05
0.558309 9.9964E-05 9.9964E-05 0.0759385 0.113924 0.137884 0.0361604 9.9964E-05 9.9964E-05 0.0773846
0.350462 9.9982E-05 0.102096 9.9982E-05 0.124412 0.0253932 0.279698 0.0355456 0.0146911 0.067502
9.9964E-05 9.9964E-05 0.0670574 0.120291 9.9964E-05 0.0233101 0.753781 0.0276348 0.00752666 9.9964E-05
0.36546 9.9955E-05 0.0247537 9.9955E-05 0.0822838 9.9955E-05 0.411073 9.9955E-05 9.9955E-05 0.115929
0.541384 0.0343653 0.0272291 0.0169999 0.0893448 0.0200474 0.076712 9.9982E-05 9.9982E-05 0.193718
0.545329 9.9973E-05 9.9973E-05 9.9973E-05 0.0429719 0.0217676 0.117209 0.052417 0.127709 0.0922969
0.206807 0.00697424 9.9982E-05 0.166898 9.9982E-05 0.148175 0.353454 0.0180747 0.0931978 0.00621883
0.469218 9.9955E-05 0.0315382 0.0406255 0.144541 9.9955E-05 0.313577 9.9955E-05 9.9955E-05 9.9955E-05
0.558537 9.9964E-05 0.0109345 9.9964E-05 0.1269 9.9964E-05 0.100678 9.9964E-05 0.139006 0.0635444
0.109367 9.9982E-05 0.0475146 0.0391992 0.112611 0.0195105 0.507496 9.9982E-05 0.0952337 0.0688684
0.522984 9.9946E-05 0.0616266 9.9946E-05 9.9946E-05 0.348517 0.0662724 9.9946E-05 9.9946E-05 9.9946E-05
0.120549 0.0673456 9.9946E-05 9.9946E-05 9.9946E-05 0.622471 0.189035 9.9946E-05 9.9946E-05 9.9946E-05
0.545114 9.9973E-05 9.9973E-05 9.9973E-05 0.091277 0.141969 0.0633463 0.0972345 0.059501 0.00125849
9.9964E-05 0.0136753 0.0596012 0.030345 0.0382719 0.843062 9.9964E-05 9.9964E-05 9.9964E-05 0.0146446
9.9955E-05 9.9955E-05 0.0778264 0.0334494 9.9955E-05 0.708583 0.149947 9.9955E-05 9.9955E-05 0.0296947
0.271544 9.99281E-05 9.99281E-05 9.99281E-05 9.99281E-05 0.727656 9.99281E-05 9.99281E-05 9.99281E-05 9.99281E-05
0.387691 0.000100904 0.0437436 9.9973E-05 9.9973E-05 0.46953 0.0498712 0.00344089 0.045322 9.9973E-05
0.542449 9.9991E-05 0.0578034 0.041131 0.0416195 0.0477761 0.022737 0.136624 0.0952009 0.0145592
0.391068 0.0242894 9.9973E-05 9.9973E-05 9.9973E-05 0.442941 0.064701 0.00260548 0.0677432 0.00635277
0.126503 0.059281 0.0713624 9.9973E-05 9.9973E-05 0.577953 0.0617915 0.0229976 0.0798112 9.9973E-05
0.262723 9.9964E-05 0.0971616 9.9964E-05 9.9964E-05 0.412437 0.108738 0.0229133 0.0956267 9.9964E-05
0.500687 0.0341944 9.9955E-05 9.9955E-05 9.9955E-05 0.267432 9.9955E-05 0.06052 0.136667 9.9955E-05
0.253545 0.0191392 9.9955E-05 9.9955E-05 9.9955E-05 0.466996 0.212012 0.0478084 9.9955E-05 9.9955E-05
0.384447 9.9955E-05 0.0381414 9.9955E-05 9.9955E-05 0.478146 0.0753133 0.0234527 9.9955E-05 9.9955E-05
0.400527 9.9946E-05 9.9946E-05 0.0513291 9.9946E-05 0.522792 9.9946E-05 9.9946E-05 9.9946E-05 0.024752
9.9973E-05 9.9973E-05 0.0110193 0.0038182 0.130079 0.712004 9.9973E-05 0.00488921 0.0211911 0.116699
0.517442 0.00834336 9.9964E-05 0.050431 9.9964E-05 0.288156 0.11245 9.9964E-05 0.0227777 9.9964E-05
0.149912 0.0489677 9.9955E-05 9.9955E-05 9.9955E-05 9.9955E-05 0.0162426 0.772683 0.0116954 9.9955E-05
0.110352 9.99281E-05 9.99281E-05 9.99281E-05 9.99281E-05 9.99281E-05 9.99281E-05 0.888849 9.99281E-05 9.99281E-05
0.0488757 0.071056 9.9955E-05 9.9955E-05 0.0369604 9.9955E-05 9.9955E-05 0.824421 0.0181872 9.9955E-05
0.0983654 0.0023317 9.9955E-05 9.9955E-05 0.0485035 0.0237103 9.9955E-05 0.826589 9.9955E-05 9.9955E-05
0.105889 9.9946E-05 9.9946E-05 9.9946E-05 0.0516173 0.00249517 9.9946E-05 0.839399 9.9946E-05 9.9946E-05
9.9955E-05 0.0583332 0.0528701 9.9955E-05 9.9955E-05 0.0431048 9.9955E-05 0.823412 9.9955E-05 0.0217804
9.9955E-05 0.0556926 9.9955E-05 0.0848551 0.019313 0.00828088 9.9955E-05 0.831359 9.9955E-05 9.9955E-05
0.425618 0.0841401 0.0641753 9.9982E-05 9.9982E-05 0.215087 0.0231722 0.021281 0.0881747 0.0781518
0.568177 0.00924698 0.0882673 9.9973E-05 0.0941985 0.124019 9.9973E-05 9.9973E-05 0.10957 0.00622053
0.101824 9.9955E-05 9.9955E-05 9.9955E-05 9.9955E-05 0.740152 0.0739907 0.0383141 0.0452203 9.9955E-05
0.579771 0.0299959 0.0621419 0.0775951 0.00638608 0.172155 0.00511524 0.0492238 9.9991E-05 0.0175166
0.460548 9.9964E-05 9.9964E-05 0.0204763 9.9964E-05 0.266852 0.211276 0.00519072 0.0352566 9.9964E-05
0.42479 0.0654111 9.9973E-05 0.041803 9.9973E-05 0.391019 9.9973E-05 0.0177933 0.036569 0.0223142
0.517994 0.0182221 9.9982E-05 0.0302293 0.0033505 0.181201 0.0745746 0.064216 9.9982E-05 0.110013
0.481354 0.0819171 0.0081671 0.0344133 9.9973E-05 0.329217 9.9973E-05 0.0373061 9.9973E-05 0.0273255
9.9964E-05 9.9964E-05 0.0684009 0.0381829 9.9964E-05 0.676539 0.145449 0.0608746 0.0101537 9.9964E-05
0.539652 0.0514078 9.9973E-05 9.9973E-05 0.00888359 0.0590554 9.9973E-05 0.111131 0.146034 0.0835367
0.669619 9.9955E-05 9.9955E-05 0.0549077 9.9955E-05 0.135413 9.9955E-05 0.0561682 0.0833924 9.9955E-05
0.468456 0.102134 0.0439654 9.9991E-05 0.0106859 0.174829 0.070848 0.00908053 0.0234028 0.0964975
0.247762 0.0278163 0.0183541 0.081521 0.0556076 0.568539 9.9964E-05 9.9964E-05 9.9964E-05 9.9964E-05
0.486661 0.00445072 0.035276 0.055178 9.9973E-05 0.342822 9.9973E-05 0.00253248 9.9973E-05 0.0727804
0.449471 9.9973E-05 0.0354058 9.9973E-05 0.0161182 0.392457 0.0856656 0.0108671 0.00971583 9.9973E-05
0.269123 0.0559081 0.00381336 9.9964E-05 9.9964E-05 0.660864 0.000681634 9.9964E-05 0.00920988 9.9964E-05
0.446893 0.0169449 9.9955E-05 9.9955E-05 9.9955E-05 0.406872 9.9955E-05 0.038946 0.0898443 9.9955E-05
0.593916 9.9955E-05 9.9955E-05 9.9955E-05 0.0592914 0.164428 9.9955E-05 0.034227 0.147637 9.9955E-05
0.17403 9.9964E-05 0.00586487 9.9964E-05 0.179095 0.0124844 0.470386 9.9964E-05 9.9964E-05 0.157739
0.386355 0.0114677 0.158707 0.0692782 0.0163039 9.9982E-05 0.151659 0.121278 0.0847518 9.9982E-05
0.514456 0.0275394 0.117159 0.0553182 9.9991E-05 0.013211 0.162491 0.0484539 0.00325829 0.058014
0.639516 0.000342726 0.0104936 9.9982E-05 0.0190822 0.131589 9.9982E-05 0.0761899 0.112092 0.0104951
0.395603 9.9964E-05 9.9964E-05 0.0182611 9.9964E-05 9.9964E-05 0.401015 0.0455179 0.0944164 0.0447866
0.507453 9.9973E-05 0.0282338 0.00145583 9.9973E-05 9.9973E-05 0.313369 0.0211435 0.112324 0.0157209
0.364073 0.0301542 0.0779404 0.0376449 9.9964E-05 9.9964E-05 0.42094 9.9964E-05 0.0688474 9.9964E-05
0.50889 9.9964E-05 9.9964E-05 9.9964E-05 0.161538 0.0880701 0.0826273 9.9964E-05 0.066233 0.0922417
0.490482 9.9973E-05 0.168701 0.060452 0.0612865 0.00839605 0.168044 9.9973E-05 0.0423386 9.9973E-05
0.52096 0.0156477 0.0414799 9.9973E-05 9.9973E-05 0.0604999 0.233115 9.9973E-05 0.0585974 0.0694001
0.439374 9.9973E-05 0.0471357 0.0131413 9.9973E-05 9.9973E-05 0.282523 0.0107316 0.0996489 0.107145
0.651033 0.0377641 0.119014 0.107532 0.0379916 9.9973E-05 9.9973E-05 9.9973E-05 0.0301292 0.0162362
0.528252 0.050521 0.0284287 0.0467395 0.0224079 0.0608854 9.9991E-05 0.0863282 0.105977 0.0703604
0.538127 9.9964E-05 9.9964E-05 9.9964E-05 0.00134044 0.0081427 0.236927 9.9964E-05 0.098737 0.116326
0.527897 0.0135561 0.0173894 0.161372 9.9973E-05 9.9973E-05 9.9973E-05 0.0455229 0.178988 0.0549752
0.393726 0.0978484 0.111356 9.9973E-05 9.9973E-05 0.0302073 0.222716 9.9973E-05 0.0312519 0.112595
0.28501 9.9982E-05 0.0483197 0.0685673 0.0717266 9.9982E-05 0.208791 0.118934 0.0559638 0.142488
0.594988 0.0133729 0.0241865 9.9973E-05 0.0823004 0.0171872 0.18788 9.9973E-05 0.0797854 9.9973E-05
0.689548 9.9955E-05 0.029081 9.9955E-05 0.0769864 9.9955E-05 9.9955E-05 9.9955E-05 0.0448024 0.159083
0.257207 0.0120371 9.9982E-05 9.9982E-05 0.0089842 0.154602 0.267963 0.0271799 0.218791 0.0530364
0.0520684 9.9973E-05 0.0718985 0.0747469 0.173969 0.0849416 0.39997 9.9973E-05 9.9973E-05 0.142105
0.480039 0.0327478 0.126661 0.0280188 0.0481139 0.0247928 0.0907282 9.9991E-05 0.0949311 0.0738671
0.0250172 0.0107149 0.0411017 0.091873 0.089812 0.167544 0.237717 9.9991E-05 0.108688 0.227431
0.145298 9.9973E-05 0.00427075 9.9973E-05 9.9973E-05 0.0589626 0.537271 0.0529213 0.146131 0.0548452
0.357016 9.9973E-05 0.0440706 0.00981011 9.9973E-05 0.158082 0.242024 9.9973E-05 0.154388 0.0343087
0.238978 9.9964E-05 0.0929187 9.9964E-05 9.9964E-05 0.00656098 0.568058 0.0434511 0.0496338 9.9964E-05
0.239965 0.00750949 0.000264263 0.0218128 9.9973E-05 0.0300218 0.463371 9.9973E-05 0.236756 9.9973E-05
0.588626 9.9964E-05 9.9964E-05 0.139742 9.9964E-05 0.0392277 0.162169 0.0480122 0.0218236 9.9964E-05
0.488344 0.0416985 0.0680605 0.0376165 0.0395595 9.9991E-05 0.134969 0.131574 0.0338154 0.0242633
0.528649 9.9964E-05 9.9964E-05 9.9964E-05 0.0358886 0.0949628 0.142023 0.10419 0.0938877 9.9964E-05
0.049512 9.9982E-05 0.042073 0.00985845 0.188136 0.114099 0.531464 9.9982E-05 0.0152157 0.0494411
0.510117 0.0144012 0.0416853 0.128828 0.0165203 0.0572912 9.9991E-05 0.150849 0.0692774 0.0109305
0.411902 0.0350369 0.0529299 0.144069 0.0787684 0.0536819 0.0525417 0.0328344 0.00107852 0.137158
9.9982E-05 9.9982E-05 0.047537 0.387102 0.111408 0.11096 0.0293679 0.114882 0.0249922 0.173551
0.561325 9.9973E-05 9.9973E-05 0.0980155 0.032683 0.0161142 0.169959 0.0230731 9.9973E-05 0.0985301
0.272019 0.00642976 0.0749762 0.0934791 0.19342 0.2397 9.9982E-05 9.9982E-05 0.0442761 0.0755001
0.460888 0.0630348 0.0205497 0.108144 0.168178 9.9973E-05 0.0639942 9.9973E-05 9.9973E-05 0.114911
0.215247 9.9973E-05 0.108506 0.290046 0.185728 0.0657586 0.110107 9.9973E-05 0.0243071 9.9973E-05
0.118659 9.9982E-05 9.9982E-05 0.389145 0.0194205 0.108913 0.0525538 0.0810888 0.102491 0.127529
0.368317 0.0104866 0.115166 0.147593 0.0699575 0.100472 0.0472156 9.9991E-05 0.00197664 0.138716
0.466462 9.9982E-05 0.0823051 0.225402 0.0200648 0.0237133 0.110943 0.0552695 0.0156409 9.9982E-05
0.384191 9.9982E-05 9.9982E-05 0.0965631 0.138999 0.000998846 0.197403 0.061723 0.106366 0.0135552
9.9973E-05 0.147703 9.9973E-05 0.148797 0.200419 0.259722 0.091023 0.0224786 9.9973E-05 0.129556
0.504263 9.9973E-05 0.0284931 0.107754 9.9973E-05 0.0190882 0.107666 0.0956596 9.9973E-05 0.136776
0.287487 9.9973E-05 0.00872932 0.304468 0.0549046 0.12875 0.169147 9.9973E-05 9.9973E-05 0.0462144
0.348127 0.0182102 9.9973E-05 0.197257 0.0364676 0.14528 0.223178 9.9973E-05 9.9973E-05 0.0311809
0.534658 0.0458463 9.9982E-05 0.13154 0.00365886 0.0574318 9.9982E-05 0.110544 0.0319218 0.0841997
0.185459 0.187543 0.0095745 0.185472 0.145497 9.9964E-05 9.9964E-05 0.286055 9.9964E-05 9.9964E-05
9.9946E-05 0.0958673 9.9946E-05 0.139219 0.409745 9.9946E-05 9.9946E-05 0.35457 9.9946E-05 9.9946E-05
9.9955E-05 0.0630789 9.9955E-05 0.0983391 0.505468 9.9955E-05 9.9955E-05 0.299681 9.9955E-05 0.0329333
0.0823346 0.297037 9.9973E-05 0.0572231 0.283366 9.9973E-05 0.00830942 0.260959 0.0104709 9.9973E-05
0.605542 9.9946E-05 9.9946E-05 0.328036 9.9946E-05 0.0120382 9.9946E-05 9.9946E-05 9.9946E-05 0.0537849
0.498404 0.0526897 0.0360102 0.0731133 0.135786 0.126005 0.0325666 9.9991E-05 0.0432252 0.00209971
0.240448 0.745472 9.9937E-05 9.9937E-05 9.9937E-05 9.9937E-05 0.0133807 9.9937E-05 9.9937E-05 9.9937E-05
0.402325 0.411322 0.0234636 9.9964E-05 9.9964E-05 0.0373741 0.121092 0.0040236 9.9964E-05 9.9964E-05
0.341351 0.412152 9.9964E-05 9.9964E-05 9.9964E-05 0.127043 9.9964E-05 0.00191001 0.0901794 0.026965
0.186471 0.0445643 9.9991E-05 0.487646 0.0191701 0.0338645 0.0355125 0.0173836 0.0163171 0.158971
0.350481 0.124132 9.9973E-05 0.224989 0.00614779 0.102881 9.9973E-05 0.0987446 0.0923249 9.9973E-05
0.0797283 0.0297464 9.9964E-05 0.56796 0.0270266 9.9964E-05 0.111782 9.9964E-05 9.9964E-05 0.183357
0.480014 0.0204968 0.0620898 0.313037 0.0214544 0.019268 0.0476121 9.9982E-05 9.9982E-05 0.0358281
0.378927 0.0161156 9.9964E-05 0.221938 0.0705939 9.9964E-05 0.0830084 9.9964E-05 9.9964E-05 0.229016
0.408821 0.119637 0.00711388 0.34533 9.9964E-05 9.9964E-05 0.0365015 9.9964E-05 9.9964E-05 0.0821964
0.134856 9.9964E-05 9.9964E-05 0.498457 0.0309136 0.195613 0.0560565 9.9964E-05 9.9964E-05 0.0837033
0.472806 0.101655 9.9973E-05 0.131593 9.9973E-05 0.179311 0.0435655 0.0212931 0.0494763 9.9973E-05
0.582663 0.068069 0.00286881 0.151742 0.0435376 0.042796 0.0603922 0.038527 9.9991E-05 0.00930442
9.9955E-05 0.950526 0.00918916 0.00841658 9.9955E-05 0.0148526 9.9955E-05 9.9955E-05 9.9955E-05 0.016516
0.0518862 0.877733 9.9937E-05 9.9937E-05 9.9937E-05 9.9937E-05 9.9937E-05 9.9937E-05 9.9937E-05 0.0696811
0.234577 0.457085 9.9973E-05 0.0116765 9.9973E-05 0.0960286 0.064554 0.122364 9.9973E-05 0.0134154
0.25587 0.668892 0.0518698 9.9955E-05 9.9955E-05 9.9955E-05 9.9955E-05 0.00695077 9.9955E-05 0.0159176
0.0930969 0.821893 9.9955E-05 0.0120064 9.9955E-05 0.0494633 9.9955E-05 0.023041 9.9955E-05 9.9955E-05
9.9928E-05 0.998371 0.000829524 9.9928E-05 9.9928E-05 9.9928E-05 9.9928E-05 9.9928E-05 9.9928E-05 9.9928E-05
9.9946E-05 0.950392 9.9946E-05 9.9946E-05 0.0100284 9.9946E-05 9.9946E-05 9.9946E-05 0.00401151 0.0349681
0.197775 0.784985 9.9946E-05 9.9946E-05 9.9946E-05 0.0139624 9.9946E-05 9.9946E-05 0.00267778 9.9946E-05
9.9937E-05 0.961363 9.9937E-05 9.9937E-05 9.9937E-05 9.9937E-05 0.00515504 9.9937E-05 0.0327828 9.9937E-05
9.9928E-05 0.993583 9.9928E-05 9.9928E-05 9.9928E-05 9.9928E-05 9.9928E-05 9.9928E-05 9.9928E-05 0.00561712
9.99201E-05 0.999101 9.99201E-05 9.99201E-05 9.99201E-05 9.99201E-05 9.99201E-05 9.99201E-05 9.99201E-05 9.99201E-05
0.115708 0.713585 9.9955E-05 0.0565778 9.9955E-05 9.9955E-05 0.0653306 0.0482987 9.9955E-05 9.9955E-05
0.100417 0.797646 0.0646554 9.9955E-05 0.00310967 9.9955E-05 9.9955E-05 9.9955E-05 0.0336719 9.9955E-05
9.9946E-05 0.982803 9.9946E-05 9.9946E-05 9.9946E-05 0.0120754 0.00323001 9.9946E-05 0.00129237 9.9946E-05
0.341448 0.375309 9.9973E-05 9.9973E-05 0.167861 0.00681808 0.0156969 9.9973E-05 0.0796335 0.0129329
0.243836 0.613754 0.0299311 9.9964E-05 9.9964E-05 0.0300309 9.9964E-05 0.0498316 0.0322163 9.9964E-05
0.213847 0.675614 9.9955E-05 9.9955E-05 9.9955E-05 9.9955E-05 9.9955E-05 0.0324434 0.0763332 0.00126253
0.06898 0.836337 9.9955E-05 9.9955E-05 9.9955E-05 0.0156557 0.0465752 0.0319521 9.9955E-05 9.9955E-05
9.99201E-05 0.999101 9.99201E-05 9.99201E-05 9.99201E-05 9.99201E-05 9.99201E-05 9.99201E-05 9.99201E-05 9.99201E-05
0.0392637 0.867161 0.0135221 9.9955E-05 0.0754259 9.9955E-05 9.9955E-05 9.9955E-05 0.00412791 9.9955E-05
9.9946E-05 0.964971 9.9946E-05 0.0264086 9.9946E-05 0.00624689 9.9946E-05 0.00177369 9.9946E-05 9.9946E-05
0.276676 0.593252 9.9982E-05 9.9982E-05 0.0136395 0.0244866 0.0371072 0.0132734 0.0409874 0.00037745
9.9937E-05 0.881725 9.9937E-05 0.0596424 9.9937E-05 9.9937E-05 9.9937E-05 0.0579327 9.9937E-05 9.9937E-05
9.9955E-05 9.9955E-05 9.9955E-05 0.445044 0.224434 9.9955E-05 0.0267001 0.254272 9.9955E-05 0.04905
0.293322 0.109098 0.0264868 0.230671 0.11069 9.9991E-05 0.0316623 0.11136 0.0157618 0.0708473
0.272485 0.139984 9.9964E-05 0.245123 9.9964E-05 0.0831316 9.9964E-05 0.218455 0.0404209 9.9964E-05
0.180023 0.0267423 0.0262744 0.229519 0.268486 0.0478706 9.9991E-05 0.105234 0.0044557 0.111296
0.478764 0.0366135 0.00972448 0.0949463 0.188071 9.9991E-05 0.0228768 0.0632944 0.0437572 0.0618528
0.134336 0.0713088 9.9982E-05 0.282885 0.298437 0.0124125 0.0530586 0.123872 9.9982E-05 0.0234907
0.365132 0.0555456 0.0888843 0.111212 0.00672485 0.00913265 0.152664 0.149634 9.9991E-05 0.0609707
0.272885 0.156844 9.9973E-05 0.257175 0.12242 0.0465961 0.0291975 0.114582 9.9973E-05 9.9973E-05
0.408872 0.117625 9.9982E-05 0.180774 0.112028 0.00980832 9.9982E-05 0.117461 0.0189311 0.0343004
0.222146 0.198513 9.9973E-05 0.295109 0.243707 9.9973E-05 9.9973E-05 0.0374355 0.00199505 0.000793444
0.363924 0.0828703 0.0270399 0.153876 0.0447752 9.9982E-05 0.116749 0.190543 9.9982E-05 0.0200233
0.0012914 9.9973E-05 0.00677966 0.0503926 9.9973E-05 0.0155731 9.9973E-05 0.819701 0.0995633 0.00639862
0.000381634 0.0392523 9.9964E-05 9.9964E-05 0.0638798 9.9964E-05 9.9964E-05 0.869424 0.0174596 0.00920328
0.00619808 9.9946E-05 9.9946E-05 9.9946E-05 0.0577537 9.9946E-05 9.9946E-05 0.87834 0.0571087 9.9946E-05
0.0185616 9.9946E-05 9.9946E-05 9.9946E-05 0.0317051 9.9946E-05 9.9946E-05 0.885982 0.0631517 9.9946E-05
0.019092 9.9955E-05 9.9955E-05 9.9955E-05 0.054831 9.9955E-05 0.0293307 0.829475 0.0667711 9.9955E-05
9.9946E-05 0.073906 9.9946E-05 9.9946E-05 0.0618444 0.036648 9.9946E-05 0.827002 9.9946E-05 9.9946E-05
0.0159388 0.101378 0.0339109 9.9955E-05 9.9955E-05 0.0192794 9.9955E-05 0.828993 9.9955E-05 9.9955E-05
0.00289987 9.9973E-05 9.9973E-05 0.00741621 0.0743873 0.0204892 9.9973E-05 0.783453 0.0713387 0.0397154
0.0565953 9.9946E-05 9.9946E-05 9.9946E-05 0.0956157 0.0258921 9.9946E-05 0.821297 9.9946E-05 9.9946E-05
0.00975288 0.0976931 9.9955E-05 9.9955E-05 0.127934 9.9955E-05 9.9955E-05 0.747585 0.0165356 9.9955E-05
9.9946E-05 9.9946E-05 0.151998 9.9946E-05 9.9946E-05 0.122167 0.169192 0.556043 9.9946E-05 9.9946E-05
9.9955E-05 9.9955E-05 0.17652 9.9955E-05 9.9955E-05 0.0488649 0.153123 0.542425 0.0785673 9.9955E-05
9.9973E-05 9.9973E-05 0.0420976 9.9973E-05 0.0257824 0.0462988 0.210659 0.532573 0.117455 0.0248334
9.9964E-05 9.9964E-05 0.138692 0.0742755 9.9964E-05 0.0668291 0.22708 0.461983 0.0307412 9.9964E-05
0.480364 9.9973E-05 9.9973E-05 0.0154658 9.9973E-05 0.235923 0.148781 0.0426555 0.0544642 0.0220469
0.517845 0.0314028 0.11448 9.9982E-05 0.0231631 0.156976 9.9982E-05 0.0192677 0.0641887 0.0724766
0.508512 0.019263 0.0489175 0.0705082 9.9982E-05 0.135781 0.126462 0.00209237 0.0882636 9.9982E-05
0.400928 9.9973E-05 0.0437431 9.9973E-05 0.0382706 0.176066 0.284651 0.0100328 0.0460084 9.9973E-05
0.0902637 0.0060132 0.0263878 0.0996672 9.9991E-05 0.0625685 0.353836 0.00458976 0.318441 0.0381325
0.579187 9.9955E-05 9.9955E-05 9.9955E-05 9.9955E-05 0.241272 0.0340831 0.0830718 9.9955E-05 0.0618868
0.507169 9.9964E-05 9.9964E-05 9.9964E-05 0.0689766 0.244241 0.104711 9.9964E-05 0.0531069 0.0213965
0.463426 9.9964E-05 0.0701534 0.0310457 0.0334299 0.308349 0.0931961 9.9964E-05 9.9964E-05 9.9964E-05
0.310913 0.0553983 9.9955E-05 0.152749 9.9955E-05 0.478803 9.9955E-05 9.9955E-05 0.00163738 9.9955E-05
0.608902 9.9973E-05 0.0189145 0.0278213 0.0249314 0.163473 9.9973E-05 0.0471305 0.108527 9.9973E-05
0.38007 9.9964E-05 0.159773 9.9964E-05 9.9964E-05 0.35926 0.0822313 9.9964E-05 0.0180897 0.000176497
9.9955E-05 9.9955E-05 9.9955E-05 0.0157155 9.9955E-05 0.756832 0.0345371 9.9955E-05 0.0934206 0.0989949
0.472829 9.9982E-05 0.0408769 0.0611846 0.00584239 0.178246 0.0922986 0.117896 9.9982E-05 0.0306269
0.182883 0.0200324 0.0363474 0.047586 0.0724577 0.575476 9.9982E-05 9.9982E-05 0.018876 0.0461419
0.454157 0.0162898 9.9955E-05 9.9955E-05 9.9955E-05 0.337188 9.9955E-05 9.9955E-05 0.072388 0.119478
0.152655 9.9964E-05 9.9964E-05 9.9964E-05 0.000162716 0.560683 0.187822 0.0273218 0.0709558 9.9964E-05
9.9946E-05 9.9946E-05 0.815448 9.9946E-05 0.0459752 9.9946E-05 9.9946E-05 0.0316082 0.106368 9.9946E-05
9.99201E-05 9.99201E-05 0.999101 9.99201E-05 9.99201E-05 9.99201E-05 9.99201E-05 9.99201E-05 9.99201E-05 9.99201E-05
9.99201E-05 9.99201E-05 0.999101 9.99201E-05 9.99201E-05 9.99201E-05 9.99201E-05 9.99201E-05 9.99201E-05 9.99201E-05
9.9955E-05 9.9955E-05 0.820628 9.9955E-05 9.9955E-05 0.0303308 0.0198388 0.0439432 0.0847592 9.9955E-05
9.9937E-05 9.9937E-05 0.903537 0.00904259 9.9937E-05 9.9937E-05 0.0867213 9.9937E-05 9.9937E-05 9.9937E-05
9.9937E-05 0.0687797 0.913566 9.9937E-05 9.9937E-05 9.9937E-05 9.9937E-05 9.9937E-05 0.0169543 9.9937E-05
0.142662 9.9937E-05 9.9937E-05 9.9937E-05 0.0383348 9.9937E-05 9.9937E-05 0.818304 9.9937E-05 9.9937E-05
0.123641 0.0211397 9.9955E-05 9.9955E-05 0.000866886 9.9955E-05 9.9955E-05 0.794342 0.0595106 9.9955E-05
0.0954572 0.116967 0.0635947 9.9946E-05 9.9946E-05 9.9946E-05 9.9946E-05 0.723382 9.9946E-05 9.9946E-05
0.0297668 0.0859567 0.00707486 9.9973E-05 0.0193554 9.9973E-05 0.139119 0.713254 0.00517302 9.9973E-05
0.128993 0.0545761 9.9946E-05 9.9946E-05 9.9946E-05 9.9946E-05 9.9946E-05 0.741484 0.0743474 9.9946E-05
9.9955E-05 9.9955E-05 0.0953773 0.139125 9.9955E-05 9.9955E-05 0.075643 0.352577 0.336779 9.9955E-05
9.9973E-05 9.9973E-05 0.182693 0.0215395 9.9973E-05 0.0543762 0.0205391 0.453361 0.232584 0.0346068
9.9973E-05 0.00209016 0.229529 9.9973E-05 9.9973E-05 0.0081397 0.052631 0.411855 0.218236 0.0772186
0.177792 9.9937E-05 9.9937E-05 9.9937E-05 9.9937E-05 9.9937E-05 0.0250091 0.796499 9.9937E-05 9.9937E-05
9.9973E-05 0.00709514 0.2587 0.00180448 0.0546002 0.119705 9.9973E-05 0.270522 0.287274 9.9973E-05
0.253421 0.318419 9.9955E-05 9.9955E-05 0.245262 9.9955E-05 9.9955E-05 0.137361 9.9955E-05 0.0450358
0.530864 0.139189 9.9973E-05 0.0993047 0.0745755 9.9973E-05 0.0321987 0.0485237 0.0750444 9.9973E-05
0.476778 0.252163 9.9955E-05 9.9955E-05 0.0831479 9.9955E-05 0.0382852 0.149126 9.9955E-05 9.9955E-05
0.311709 0.221614 0.0264136 0.111603 0.0775261 9.9973E-05 0.0449462 0.205888 9.9973E-05 9.9973E-05
0.52873 0.065914 0.103639 0.0499996 0.0452226 0.034493 0.0399203 0.129309 0.00267324 9.9991E-05
9.9955E-05 0.262384 9.9955E-05 0.100998 0.266814 9.9955E-05 9.9955E-05 0.353094 9.9955E-05 0.0162102
0.358102 9.9973E-05 0.0330932 0.0529699 9.9973E-05 0.0510869 0.341159 9.9973E-05 0.121562 0.0417267
0.337143 9.9973E-05 0.0532207 9.9973E-05 0.112443 0.121882 0.131436 9.9973E-05 0.0813584 0.162217
0.192354 9.9964E-05 0.0781685 9.9964E-05 9.9964E-05 9.9964E-05 0.471641 0.0763884 0.177617 0.00343214
0.413884 9.9973E-05 0.0510986 0.021517 9.9973E-05 0.0110192 0.110113 9.9973E-05 0.0877041 0.304364
9.9955E-05 9.9955E-05 0.0223529 9.9955E-05 0.179351 0.259171 0.145237 9.9955E-05 9.9955E-05 0.393387
0.533155 0.0229324 0.0229365 9.9973E-05 0.15032 9.9973E-05 0.104507 9.9973E-05 0.133238 0.0326114
0.358366 0.0266436 9.9991E-05 0.0752396 0.00621719 0.0189436 0.132797 0.0270732 0.12004 0.23458
0.217221 9.9955E-05 9.9955E-05 9.9955E-05 9.9955E-05 9.9955E-05 0.507285 0.0598391 0.106383 0.108771
0.430943 0.0831575 0.0297775 0.118561 0.0218606 0.0106018 0.109414 0.0264236 0.126953 0.0423077
9.9964E-05 9.9964E-05 0.0393629 0.0429288 0.173488 0.17163 0.505753 9.9964E-05 9.9964E-05 0.0664375
0.421256 9.9973E-05 0.0984695 0.0812095 0.035836 9.9973E-05 0.16557 9.9973E-05 0.0296976 0.167662
0.489202 9.9973E-05 0.081007 0.078162 9.9973E-05 0.000650292 0.253462 9.9973E-05 0.0482951 0.0489218
0.293112 0.200592 0.0923162 9.9982E-05 0.153145 0.13082 0.0644858 0.03701 0.0283181 9.9982E-05
0.265008 0.0130753 0.0132899 0.0806063 0.0141935 9.9973E-05 0.450584 9.9973E-05 9.9973E-05 0.162943
0.370687 0.00290668 0.040368 9.9982E-05 0.0268673 0.0694375 0.369507 0.0163494 9.9982E-05 0.103677
0.402668 0.0942903 0.0360669 0.0316323 9.9973E-05 0.136409 0.203894 9.9973E-05 9.9973E-05 0.0947392
0.502306 9.9982E-05 0.0519976 0.101232 0.0871147 0.045186 0.13432 9.9982E-05 0.0430424 0.0346018
0.619002 0.035886 0.0730795 0.0146752 9.9991E-05 0.0293351 0.121559 0.0558211 0.0497548 0.000787517
0.387074 9.9973E-05 9.9973E-05 9.9973E-05 0.105402 0.109895 0.277893 0.0814496 0.0112409 0.0267452
0.580242 9.9946E-05 9.9946E-05 9.9946E-05 0.135482 9.9946E-05 0.208238 9.9946E-05 0.0754387 9.9946E-05
0.142999 0.0624357 9.9946E-05 0.021228 9.9946E-05 9.9946E-05 9.9946E-05 0.772737 9.9946E-05 9.9946E-05
0.0570419 0.0499956 9.9964E-05 0.0257103 9.9964E-05 0.0404304 9.9964E-05 0.812382 9.9964E-05 0.0140395
0.0878199 9.9964E-05 9.9964E-05 0.0283434 0.0215871 0.0578839 9.9964E-05 0.720348 0.0836184 9.9964E-05
0.0474076 0.0207669 0.037701 9.9982E-05 0.0113862 0.0459543 9.9982E-05 0.766548 0.057919 0.0121167
0.146941 9.9946E-05 0.00783301 0.0305975 9.9946E-05 9.9946E-05 9.9946E-05 0.814029 9.9946E-05 9.9946E-05
9.9964E-05 0.058531 0.0128023 9.9964E-05 0.0479798 9.9964E-05 0.814081 0.00322954 0.0629762 9.9964E-05
0.400954 9.9964E-05 9.9964E-05 0.0291321 0.0750286 9.9964E-05 0.400231 9.9964E-05 0.0157856 0.0784684
0.517638 0.0505035 9.9973E-05 0.036179 0.0655744 9.9973E-05 9.9973E-05 0.222554 0.0364434 0.0708076
0.587629 0.0271702 9.9955E-05 9.9955E-05 0.076973 9.9955E-05 0.281593 0.0261355 9.9955E-05 9.9955E-05
0.451017 0.0103001 0.0865609 9.9973E-05 0.0659087 0.0517727 0.24003 9.9973E-05 0.0941106 9.9973E-05
0.2113 9.9964E-05 0.0783556 9.9964E-05 0.146104 9.9964E-05 0.366188 9.9964E-05 0.0751248 0.122528
9.9964E-05 9.9964E-05 0.0263593 9.9964E-05 0.0584423 0.0387356 0.535599 0.114583 0.225881 9.9964E-05
0.49657 9.9982E-05 0.136124 0.00180405 9.9982E-05 0.0343868 0.101762 0.0143293 0.171233 0.0435909
0.0465484 0.0188374 0.0641793 9.9973E-05 9.9973E-05 9.9973E-05 0.483594 0.0704508 0.15153 0.16456
0.439552 0.0116009 0.0440923 0.151017 0.0809583 9.9982E-05 0.0516787 9.9982E-05 0.148769 0.0721315
0.0974367 9.9973E-05 0.0547818 9.9973E-05 0.00876576 9.9973E-05 0.552205 0.141141 0.0774703 0.0678998
0.531585 0.0555756 9.9982E-05 0.0771759 0.00762076 0.013509 0.0927476 0.08864 0.132946 9.9982E-05
0.110073 9.9965E-05 9.9965E-05 0.0184954 9.9965E-05 9.9965E-05 0.590664 0.101382 0.148262 0.030723
0.249745 0.0820909 9.9982E-05 0.06217 9.9982E-05 0.0280909 0.325915 0.0212643 0.136552 0.0939723
0.359339 0.047902 9.9982E-05 0.262233 0.0353811 9.9982E-05 0.115168 0.0181717 0.11113 0.0504756
0.144579 0.0182493 9.9973E-05 0.638747 9.9973E-05 9.9973E-05 0.00196617 0.0264832 0.0703813 0.0992939
0.493882 0.00406151 9.9964E-05 0.232629 0.00523366 9.9964E-05 0.188976 0.0748189 9.9964E-05 9.9964E-05
0.539895 9.9964E-05 0.0507078 0.206632 0.0151764 0.0906228 9.9964E-05 0.0965659 9.9964E-05 9.9964E-05
0.196785 9.9955E-05 9.9955E-05 0.586468 9.9955E-05 0.0867533 0.0628635 9.9955E-05 9.9955E-05 0.0666306
0.381704 0.122039 9.9973E-05 0.237238 9.9973E-05 9.9973E-05 0.0449902 0.026358 0.0729505 0.11442
0.483367 9.9964E-05 0.0696717 0.226155 9.9964E-05 0.0874825 9.9964E-05 9.9964E-05 0.0609435 0.0719804
9.9955E-05 9.9955E-05 0.0118329 0.716492 9.9955E-05 0.128719 9.9955E-05 9.9955E-05 0.0457069 0.0967496
0.121701 9.9973E-05 0.0269616 0.580584 0.0778764 0.0732671 9.9973E-05 9.9973E-05 0.0266837 0.0926257
0.384454 9.9982E-05 0.0243707 0.366065 0.0137978 9.9982E-05 0.00351763 0.0132135 0.0865228 0.107859
0.047584 9.9973E-05 0.00838241 0.543149 0.0494741 0.107797 0.170485 9.9973E-05 9.9973E-05 0.0728291
0.346174 9.9973E-05 0.0501002 0.208905 0.124429 0.0558029 0.171063 9.9973E-05 0.0432254 9.9973E-05
0.0512405 0.0155689 0.0955198 9.9973E-05 0.0294945 0.0665418 0.640079 9.9973E-05 0.101256 9.9973E-05
0.205806 9.9973E-05 0.0132112 9.9973E-05 0.0420572 0.0666403 0.330858 9.9973E-05 0.0896216 0.251505
0.320768 9.9955E-05 0.0404889 9.9955E-05 9.9955E-05 9.9955E-05 0.461084 0.00777173 0.169387 9.9955E-05
0.543844 9.9955E-05 0.106032 9.9955E-05 0.00866854 9.9955E-05 0.3096 9.9955E-05 9.9955E-05 0.031356
0.129744 9.9973E-05 0.0272727 0.0442899 9.9973E-05 0.0761779 0.42856 9.9973E-05 0.193742 0.0999137
0.366708 0.108921 0.104735 0.0242622 0.143683 9.9982E-05 0.080143 0.0125436 9.9982E-05 0.158806
0.515112 0.0195749 0.0377795 9.9973E-05 0.146889 0.0295451 0.0745206 9.9973E-05 0.176279 9.9973E-05
0.429533 0.0397688 0.0645333 9.9973E-05 9.9973E-05 0.0500196 0.264698 9.9973E-05 0.118249 0.0328985
0.465573 0.0356276 0.0652496 0.00435819 0.0120062 0.0901968 0.246969 0.00303647 0.064464 0.0125189
0.357551 0.0489576 0.0966221 0.0520156 9.9982E-05 0.103478 0.21665 0.0110698 0.113456 9.9982E-05
0.0994337 0.0504688 0.0278678 9.9964E-05 9.9964E-05 0.0434105 0.62991 9.9964E-05 0.148509 9.9964E-05
0.289841 0.0826313 0.0852954 0.0471868 9.9982E-05 0.0141468 0.238938 9.9982E-05 0.200243 0.0415181
0.58587 0.00401369 9.9964E-05 9.9964E-05 9.9964E-05 0.0161317 0.238463 9.9964E-05 0.0722706 0.0828518
0.500659 0.0286365 0.0462138 9.9973E-05 0.059828 0.06874 0.241682 9.9973E-05 0.0539404 9.9973E-05
0.357462 9.9982E-05 0.0436034 0.087751 0.0619588 9.9982E-05 0.212125 0.0157719 0.0707207 0.150408
0.386205 0.103229 0.0718488 9.9982E-05 0.0360423 0.0482249 0.145869 9.9982E-05 0.0809216 0.127459
0.314594 9.9982E-05 0.0136467 0.0248033 0.0291 9.9982E-05 0.424435 0.0594318 0.118578 0.0152121
0.61626 0.00480416 0.0267178 0.0127832 0.0332473 0.0468792 0.172761 9.9982E-05 0.086348 9.9982E-05
0.489939 0.0256134 0.138353 9.9973E-05 9.9973E-05 9.9973E-05 0.234495 0.0167714 0.0436192 0.0509087
0.488627 0.134989 0.0424175 9.9982E-05 0.0439622 0.0387894 0.0627591 0.00788343 0.180372 9.9982E-05
0.434006 0.0411193 9.9982E-05 0.0072408 0.126812 0.00224266 0.0618286 0.292715 0.0338358 9.9982E-05
0.41942 0.145523 9.9964E-05 9.9964E-05 0.247041 0.0853802 9.9964E-05 0.00425234 0.0979835 9.9964E-05
0.527628 0.0802565 0.0372191 9.9982E-05 0.037508 0.113505 0.0702009 0.107551 0.0259311 9.9982E-05
0.564783 0.0809379 0.0953761 0.0601764 0.0192249 9.9982E-05 0.0395082 0.0478206 9.9982E-05 0.0919734
0.507479 0.0780418 9.9964E-05 9.9964E-05 0.124224 0.0228821 9.9964E-05 0.204552 9.9964E-05 0.062421
0.347484 0.0359062 9.9973E-05 0.114133 9.9973E-05 0.00597116 0.310881 9.9973E-05 0.0214123 0.163913
0.62694 0.0104849 0.0227696 9.9973E-05 0.0302353 9.9973E-05 0.0639016 0.171884 9.9973E-05 0.0734855
9.9973E-05 0.0970821 9.9973E-05 0.152167 0.391359 0.165575 0.0822406 0.0882102 9.9973E-05 0.0230665
0.497413 0.134719 0.0372244 9.9973E-05 0.09604 0.0271596 0.164266 0.0428786 9.9973E-05 9.9973E-05
0.553189 0.118068 0.080436 9.9973E-05 0.0970508 9.9973E-05 9.9973E-05 0.0677938 0.0223026 0.0608608
0.465165 0.135579 0.00452032 0.0143336 0.120466 9.9991E-05 0.0649262 0.0104367 0.0475359 0.136938
0.298123 0.113678 0.0535338 9.9991E-05 0.208499 0.024383 0.174966 0.0994015 0.00548628 0.0218284
0.505604 0.0840826 9.9964E-05 9.9964E-05 0.185967 9.9964E-05 0.109596 0.11369 9.9964E-05 0.000660434
0.536152 0.154659 9.9973E-05 9.9973E-05 0.0588544 9.9973E-05 0.062319 0.1196 0.00262075 0.0654948
9.9955E-05 0.103609 9.9955E-05 9.9955E-05 0.468608 0.0768984 9.9955E-05 0.289453 9.9955E-05 0.0609322
0.587365 0.100953 0.0336765 9.9964E-05 0.206729 9.9964E-05 9.9964E-05 0.0637145 0.00716294 9.9964E-05
0.434632 0.214647 0.00955688 9.9973E-05 0.10041 0.0246792 9.9973E-05 0.115859 9.9973E-05 0.0999157
0.536241 0.151087 9.9973E-05 0.129602 0.108734 0.00270723 0.0476398 0.0236878 9.9973E-05 9.9973E-05
0.562957 0.157132 9.9946E-05 9.9946E-05 0.144098 9.9946E-05 9.9946E-05 0.135214 9.9946E-05 9.9946E-05
0.369925 0.17908 0.0171152 0.0730974 0.0995408 9.9982E-05 0.128248 0.0460298 0.0867636 9.9982E-05
0.362586 0.0115821 9.9964E-05 0.123921 9.9964E-05 0.0913182 9.9964E-05 9.9964E-05 0.0475393 0.362654
0.520703 0.04501 9.9982E-05 0.0345982 0.0127963 0.0466467 9.9982E-05 0.0984318 0.0846895 0.156925
9.9946E-05 9.9946E-05 0.0646363 9.9946E-05 9.9946E-05 0.156196 0.111884 9.9946E-05 9.9946E-05 0.666685
9.99459E-05 9.99459E-05 9.99459E-05 9.99459E-05 9.99459E-05 0.0860267 9.99459E-05 0.0166331 0.0146745 0.882066
0.46391 0.113389 9.9973E-05 9.9973E-05 0.0348286 9.9973E-05 0.0249379 0.0329377 0.0186454 0.311052
0.328905 0.270708 9.9973E-05 9.9973E-05 0.126402 9.9973E-05 0.0748888 0.0628876 0.0104823 0.125427
0.377154 0.21343 9.9955E-05 9.9955E-05 0.110141 9.9955E-05 9.9955E-05 0.0881084 9.9955E-05 0.210668
0.214313 0.184546 0.0308379 0.0223846 0.250407 9.9973E-05 9.9973E-05 0.126003 9.9973E-05 0.171208
0.249662 0.250202 9.9955E-05 9.9955E-05 0.107143 9.9955E-05 9.9955E-05 0.167073 9.9955E-05 0.22542
0.0170703 0.0570795 0.0121672 0.120394 0.133273 9.9973E-05 9.9973E-05 0.0397631 9.9973E-05 0.619953
0.143421 0.0599941 9.9955E-05 9.9955E-05 0.181631 9.9955E-05 9.9955E-05 0.029651 9.9955E-05 0.584803
0.396678 0.130313 0.0176281 9.9955E-05 9.9955E-05 9.9955E-05 0.0398079 9.9955E-05 9.9955E-05 0.415074
0.365678 0.0999664 0.050575 9.9955E-05 9.9955E-05 9.9955E-05 9.9955E-05 0.0195442 9.9955E-05 0.463736
0.201643 0.0672079 0.00375199 9.9955E-05 0.0600802 9.9955E-05 9.9955E-05 9.9955E-05 9.9955E-05 0.666817
0.467915 0.00531808 9.9973E-05 9.9973E-05 0.00404058 9.9973E-05 0.027708 0.062818 0.0757267 0.356173
0.357995 0.125091 0.00676766 9.9964E-05 0.0431084 9.9964E-05 9.9964E-05 9.9964E-05 0.0313385 0.435299
0.355921 0.146667 0.0256628 0.179387 0.00899825 9.9982E-05 9.9982E-05 0.00948415 0.018109 0.25557
0.215248 9.9946E-05 9.9946E-05 0.0115333 9.9946E-05 9.9946E-05 0.142103 9.9946E-05 9.9946E-05 0.630515
0.259025 0.0250885 9.9964E-05 0.00263429 9.9964E-05 9.9964E-05 0.132519 0.00969547 9.9964E-05 0.570638
0.500437 9.9964E-05 9.9964E-05 9.9964E-05 0.0289813 0.000611946 9.9964E-05 0.0386517 0.0443261 0.386592
0.365545 9.9964E-05 9.9964E-05 0.0175378 9.9964E-05 0.0392859 9.9964E-05 0.0572716 0.114116 0.405844
0.353882 0.0572044 9.9982E-05 0.0261019 0.071262 0.106144 0.0716601 9.9982E-05 0.103637 0.209909
0.388951 9.9946E-05 9.9946E-05 0.131108 9.9946E-05 9.9946E-05 0.0873856 9.9946E-05 9.9946E-05 0.391956
0.100016 9.9955E-05 0.0207574 0.0626276 9.9955E-05 9.9955E-05 0.0611943 9.9955E-05 9.9955E-05 0.754905
0.537993 9.9955E-05 9.9955E-05 0.0134037 0.0169391 0.079603 9.9955E-05 9.9955E-05 9.9955E-05 0.351561
0.474032 9.9955E-05 9.9955E-05 9.9955E-05 0.110273 9.9955E-05 0.142075 0.0714489 9.9955E-05 0.201672
0.133692 9.9964E-05 0.0346316 0.0115069 9.9964E-05 0.0528708 9.9964E-05 9.9964E-05 0.0124016 0.754498
0.342003 0.022997 0.0227662 0.0522887 9.9973E-05 0.025588 9.9973E-05 9.9973E-05 0.0227653 0.511292
0.523843 0.0281519 0.057137 0.00307835 9.9973E-05 9.9973E-05 0.00828907 9.9973E-05 0.070332 0.308869
0.356359 0.0135002 0.0284913 0.00539423 9.9982E-05 0.101601 0.123789 0.0232101 9.9982E-05 0.347455
0.434895 0.135877 0.011085 0.0434773 0.0196316 0.114485 9.9991E-05 0.0989227 0.0130059 0.12852
0.220224 0.116888 0.0845882 0.0371539 0.0258375 0.00650653 0.0531318 0.156593 0.0516928 0.247384
0.325617 0.239365 9.9982E-05 0.110666 0.0733764 9.9982E-05 0.00998959 0.103224 0.0589278 0.0786338
0.346722 0.188293 0.0667576 0.0610678 0.104689 9.9991E-05 0.0595881 0.0647034 0.0494879 0.0585915
0.435836 0.192436 0.0589134 0.0403759 0.0902285 0.00920331 0.0033034 0.0412256 0.128378 9.9991E-05
0.409717 0.193839 9.9973E-05 0.00266912 0.053859 9.9973E-05 9.9973E-05 0.131062 0.0603756 0.148178
9.9955E-05 0.0846255 0.0164276 9.9955E-05 0.190257 9.9955E-05 9.9955E-05 0.120411 9.9955E-05 0.587778
0.639594 0.135184 0.0748714 0.000261504 0.00997027 9.9973E-05 9.9973E-05 0.0704105 9.9973E-05 0.0694089
9.9946E-05 0.0559369 9.9946E-05 9.9946E-05 0.194079 9.9946E-05 9.9946E-05 0.356857 9.9946E-05 0.392528
0.443274 0.16147 9.9955E-05 9.9955E-05 0.00223358 9.9955E-05 9.9955E-05 0.0859852 9.9955E-05 0.306538
0.00534641 9.9946E-05 9.9946E-05 0.0265618 9.9946E-05 0.182305 9.9946E-05 9.9946E-05 9.9946E-05 0.785187
