0.946089 9.9991E-05 0.0480057 0.00580529
0.952335 9.9982E-05 0.0474655 9.9982E-05
0.839105 0.055274 0.0257197 0.0799011
0.83662 0.0452398 0.0707414 0.0473982
0.927745 9.9991E-05 0.00511389 0.0670415
0.649503 0.14053 0.131763 0.0782048
0.868576 0.0468718 0.0844526 9.9991E-05
0.754536 9.9991E-05 0.194758 0.0506067
0.818755 9.9982E-05 0.181045 9.9982E-05
0.666147 0.0425004 0.139121 0.152231
0.782025 0.0469973 0.170878 9.9991E-05
0.0255425 0.443913 0.440681 0.0898635
0.0170977 0.49552 0.264445 0.222937
0.0139484 0.331875 0.485699 0.168477
0.0752458 0.379059 0.30556 0.240134
0.204053 0.444325 0.203528 0.148094
9.9991E-05 0.506783 0.274801 0.218316
0.146595 0.413225 0.288885 0.151294
0.0314389 0.17617 0.703702 0.0886888
0.0601377 0.520189 0.245756 0.173918
0.118067 0.406766 0.306082 0.169085
0.0396887 0.664312 0.146554 0.149445
0.0493459 0.475438 0.316006 0.159211
0.0605029 0.558686 0.165107 0.215704
0.10625 0.399704 0.403897 0.0901492
0.027823 0.310823 0.401728 0.259626
0.0230291 0.439416 0.430923 0.106631
0.853651 0.0354668 9.9991E-05 0.110782
0.87889 0.0697556 9.9991E-05 0.0512539
0.842918 0.149741 9.9991E-05 0.00724136
0.762183 0.167068 9.9991E-05 0.0706495
0.109287 0.757305 0.053901 0.0795071
0.0930875 0.840086 0.0166796 0.0501467
0.117995 0.32051 0.50269 0.0588042
0.0389646 0.692121 0.225602 0.043312
0.0908534 0.828093 9.9991E-05 0.0809541
0.134913 0.681617 0.0763774 0.107093
0.123485 0.699892 0.0397471 0.136875
0.0224227 0.619147 0.358331 9.9991E-05
0.0777033 0.618727 0.144744 0.158826
0.0289323 0.849476 0.121492 9.9991E-05
0.0813547 0.40457 0.513975 9.9991E-05
9.9982E-05 0.421996 0.577805 9.9982E-05
0.0354133 0.466719 0.497768 9.9991E-05
0.120945 0.419735 0.45922 9.9991E-05
0.0686982 0.58153 0.177738 0.172034
0.180591 0.603991 0.195095 0.0203229
0.186608 0.15359 0.516737 0.143065
0.111738 0.479485 0.260555 0.148222
0.111504 0.307906 0.58049 9.9991E-05
9.9991E-05 0.640672 0.261808 0.0974198
0.0579957 0.734876 0.0299002 0.177228
0.0671609 0.504695 0.354508 0.0736362
0.134443 0.591707 0.152767 0.121084
0.0640008 0.437379 0.486974 0.0116459
9.9982E-05 0.904101 0.0956988 9.9982E-05
0.0492275 0.713729 0.236944 9.9991E-05
9.9982E-05 0.572958 0.426842 9.9982E-05
9.9982E-05 0.647558 0.352242 9.9982E-05
9.9982E-05 0.756222 0.243578 9.9982E-05
0.00415858 0.825942 0.138718 0.0311817
0.0886072 0.737993 0.117888 0.0555111
0.070737 0.596585 0.332578 9.9991E-05
0.0347936 0.627346 0.33776 9.9991E-05
0.0582397 0.748875 0.19258 0.000304842
0.0923641 0.749423 0.105921 0.0522922
0.0205536 0.913563 0.0657836 9.9991E-05
0.0308952 0.519518 0.449487 9.9991E-05
0.851945 0.083558 0.00929339 0.0552036
0.962058 0.0377418 9.9982E-05 9.9982E-05
0.89469 0.0510086 9.9991E-05 0.0542017
0.971187 0.012229 9.9991E-05 0.0164843
0.904839 0.0311862 0.0115887 0.0523866
0.912648 0.0508237 9.9991E-05 0.0364287
0.990041 0.00501158 9.9991E-05 0.00484725
0.0427667 0.578764 0.378369 9.9991E-05
0.0534511 0.682562 0.198403 0.0655845
0.094666 0.835882 9.9991E-05 0.0693525
0.100593 0.783252 0.0670642 0.0490898
0.0505424 0.753047 0.0483665 0.148045
0.0402138 0.527968 0.431718 9.9991E-05
0.0686866 0.75723 0.173983 9.9991E-05
0.0635897 0.868096 0.0682142 9.9991E-05
0.102555 0.750888 0.127915 0.0186423
0.0156254 0.724497 0.182562 0.0773158
0.1484 0.696388 0.155112 9.9991E-05
0.0212708 0.356099 0.531448 0.0911817
0.0883985 0.414811 0.318737 0.178054
0.0910312 0.540647 0.268054 0.100268
0.126073 0.639876 0.162362 0.0716891
0.0234653 0.481856 0.31936 0.175319
0.0594968 0.683951 0.162248 0.0943038
0.113601 0.585492 0.26762 0.0332872
9.9991E-05 0.494165 0.246041 0.259694
0.0424463 0.573988 0.193364 0.190202
0.0917676 0.37063 0.395461 0.142142
0.0253366 0.679872 0.0852533 0.209539
0.0528547 0.668668 0.060319 0.218158
0.0844996 0.433414 0.388396 0.0936902
0.00280579 0.353978 0.517442 0.125774
9.9991E-05 0.323465 0.593749 0.0826862
0.0377092 0.528255 0.404876 0.02916
0.0538391 0.587344 0.313402 0.045415
0.0153087 0.482202 0.460838 0.0416515
0.0650429 0.446013 0.406215 0.0827285
0.131377 0.646242 0.0645387 0.157842
9.9991E-05 0.343583 0.561781 0.094536
0.113683 0.657389 0.0867442 0.142184
0.189771 0.309474 0.500656 9.9991E-05
0.083087 0.497767 0.266286 0.152861
0.206612 0.537609 0.102435 0.153344
0.137883 0.441694 0.391295 0.0291288
0.105083 0.542795 0.352022 9.9991E-05
0.0579409 0.634372 0.228183 0.0795039
0.115303 0.359474 0.407878 0.117344
0.0444273 0.698703 0.256769 9.9991E-05
0.0708926 0.648749 0.178825 0.101534
0.346218 0.140184 0.195816 0.317783
0.560774 9.9991E-05 0.228335 0.210791
0.517047 9.9991E-05 0.266873 0.21598
0.332589 0.00419536 0.197377 0.465839
9.9991E-05 0.88 0.00166424 0.118236
9.9991E-05 0.230839 0.00334384 0.765717
0.0220941 0.621818 0.287304 0.0687847
0.0302289 0.497361 0.400364 0.0720464
0.0787311 0.691929 0.0833664 0.145973
0.111722 0.637561 0.219184 0.0315334
0.067484 0.636189 0.113781 0.182546
9.9991E-05 0.522945 0.444616 0.0323395
9.9982E-05 9.9982E-05 0.023751 0.976049
9.9982E-05 0.0851584 9.9982E-05 0.914642
0.0475565 0.228622 9.9991E-05 0.723721
0.0201763 0.119721 0.0166543 0.843449
9.998E-05 9.998E-05 9.998E-05 0.9997
0.0010949 9.9991E-05 0.0105045 0.988301
9.9982E-05 0.147666 9.9982E-05 0.852134
9.9982E-05 9.9982E-05 0.0172306 0.982569
9.998E-05 9.998E-05 9.998E-05 0.9997
9.998E-05 9.998E-05 9.998E-05 0.9997
0.0213843 0.185429 0.0141088 0.779078
0.0458045 0.121016 0.0140404 0.819139
0.0233519 9.9982E-05 9.9982E-05 0.976448
0.0353084 0.190402 9.9991E-05 0.77419
9.9991E-05 0.0867972 0.00443833 0.908664
9.9982E-05 0.000804498 9.9982E-05 0.998996
0.0435179 0.0630829 0.00994645 0.883453
0.0211274 9.9982E-05 9.9982E-05 0.978673
0.134618 0.187276 9.9991E-05 0.678007
0.0357047 0.0255388 0.00753178 0.931225
0.416152 0.186311 0.32668 0.0708581
0.210003 0.434432 0.19505 0.160515
0.303732 0.491977 0.0870967 0.117194
0.248523 0.252137 0.295291 0.204049
0.246591 0.419026 0.153463 0.18092
0.19914 0.436902 0.131772 0.232185
0.21031 0.45883 0.0808825 0.249977
0.287822 0.368475 0.0908771 0.252826
0.856506 0.0321052 0.111288 9.9991E-05
0.965116 9.9982E-05 9.9982E-05 0.0346843
0.962081 9.9982E-05 0.0377193 9.9982E-05
0.973904 9.9982E-05 0.0258956 9.9982E-05
0.89072 9.9991E-05 0.0578083 0.0513719
0.962786 9.9982E-05 9.9982E-05 0.0370142
0.863201 9.9991E-05 0.0357245 0.100975
0.897288 0.0321684 0.0704435 9.9991E-05
0.997573 0.00222655 9.9982E-05 9.9982E-05
0.875375 9.9991E-05 0.0206555 0.10387
0.621941 9.9982E-05 0.377859 9.9982E-05
0.597209 0.0085736 0.378275 0.0159422
0.573344 9.9982E-05 0.426456 9.9982E-05
0.507006 0.0385716 0.454322 9.9991E-05
0.0544941 0.746864 0.143002 0.0556398
0.0158727 0.615889 0.226617 0.141621
0.0889103 0.565664 0.25298 0.0924458
9.9991E-05 0.285866 0.68279 0.0312435
0.0859204 0.783191 9.9991E-05 0.130789
0.00215952 0.729851 0.149334 0.118656
9.9991E-05 0.778103 0.119317 0.10248
9.9991E-05 0.706703 0.152895 0.140302
0.0582391 0.750189 0.166002 0.0255697
9.9982E-05 0.459667 0.540133 9.9982E-05
0.023613 0.709493 0.266794 9.9991E-05
0.0623854 0.754718 0.0927655 0.0901315
0.0276159 0.590665 0.38162 9.9991E-05
0.168606 0.0122345 0.819059 9.9991E-05
0.115907 0.0232344 0.801251 0.0596075
0.0323482 9.9991E-05 0.954961 0.0125903
0.0908095 9.9982E-05 0.908991 9.9982E-05
9.9982E-05 9.9982E-05 0.920298 0.0795024
0.0300049 9.9991E-05 0.834991 0.134904
0.904815 0.0429622 9.9991E-05 0.0521223
0.840818 0.0389562 0.0595107 0.0607147
0.818824 0.0614883 9.9991E-05 0.119588
0.789168 0.085203 0.0181401 0.107489
0.811425 0.0523988 0.00445051 0.131726
0.403053 9.9982E-05 0.596747 9.9982E-05
0.474883 0.000964916 0.524052 9.9991E-05
0.472108 9.9982E-05 0.527692 9.9982E-05
0.860375 0.0480246 9.9991E-05 0.0915004
0.416081 9.9982E-05 0.583719 9.9982E-05
0.2293 0.294246 0.0444533 0.432001
0.210951 0.33357 9.9991E-05 0.455379
0.309684 0.317654 0.0474691 0.325193
0.388215 9.9991E-05 0.181907 0.429778
0.0301012 0.525189 0.352662 0.092047
0.0311257 0.387791 0.430694 0.15039
0.127806 0.398375 0.4146 0.0592192
0.00867428 0.606124 0.258801 0.1264
9.9982E-05 0.265593 0.734207 9.9982E-05
0.0740417 0.606102 0.187877 0.131979
0.0830517 0.525566 0.358527 0.0328551
9.9982E-05 0.458054 0.541746 9.9982E-05
9.9991E-05 0.558944 0.308092 0.132864
0.000100152 0.576387 0.243544 0.179969
0.158663 0.422802 0.163634 0.254901
9.9991E-05 0.54009 0.320913 0.138897
0.00396196 0.597064 0.269982 0.128992
0.00134305 0.524445 0.207429 0.266783
0.0577117 0.651151 0.196715 0.0944227
0.0336966 0.620365 0.120013 0.225925
0.78189 0.084145 9.9991E-05 0.133865
0.868038 0.0654909 9.9991E-05 0.0663715
0.82572 0.0370468 0.0697441 0.0674888
0.828353 0.0966111 0.036355 0.0386811
0.88149 0.100356 9.9991E-05 0.018054
0.0176336 0.241451 0.611831 0.129085
0.0707795 0.566339 0.115218 0.247663
0.0388107 0.590545 0.266354 0.10429
9.9991E-05 0.354665 0.486783 0.158452
0.164988 0.156767 0.678145 9.9991E-05
0.00469989 0.493659 0.31275 0.188892
0.0688618 0.277248 0.534465 0.119425
0.150853 0.578703 0.208085 0.0623588
0.147302 0.282694 0.500219 0.0697852
0.0266163 0.29288 0.583422 0.0970825
0.0196049 0.385513 0.427643 0.167239
0.0847257 0.532567 0.322098 0.0606093
0.204002 0.649162 0.0707303 0.0761055
0.0646428 0.621743 0.299847 0.0137666
0.081265 0.653979 0.20229 0.0624659
0.00874316 0.468359 0.522798 9.9991E-05
0.0147821 0.597119 0.387999 9.9991E-05
0.100857 0.686719 0.171777 0.040647
0.0388511 0.54825 0.412799 9.9991E-05
0.0391819 0.698947 0.22959 0.0322815
9.9991E-05 0.23205 0.676045 0.0918045
9.9991E-05 0.382707 0.520997 0.0961961
0.0210209 0.430183 0.378539 0.170257
0.0814229 0.549122 0.128918 0.240538
9.9991E-05 0.435603 0.491114 0.0731835
0.0143386 0.530021 0.232205 0.223436
0.0222703 0.47317 0.361207 0.143352
9.9991E-05 0.359441 0.486548 0.153911
0.00929836 0.455934 0.379832 0.154936
9.9991E-05 0.642158 0.132812 0.22493
0.0336718 0.520826 0.321326 0.124177
9.9991E-05 0.586717 0.223104 0.190079
0.131135 0.397349 0.360021 0.111495
0.0651928 0.482421 0.297944 0.154441
0.418002 0.37882 9.9991E-05 0.203078
0.152029 0.492378 0.0946919 0.260902
0.0552851 0.556075 0.117101 0.271538
0.251576 0.45356 9.9991E-05 0.294764
9.9991E-05 0.516368 0.331786 0.151746
0.297503 0.334991 0.240672 0.126834
0.173246 0.399648 0.111047 0.316059
0.1039 0.416024 0.128282 0.351795
0.11533 0.305083 0.272968 0.30662
0.094749 0.517077 0.0630394 0.325135
0.519161 9.9991E-05 0.220457 0.260282
0.256249 0.404624 9.9991E-05 0.339027
0.288594 0.49147 9.9991E-05 0.219835
0.077594 0.749014 0.103552 0.0698401
9.9982E-05 0.446206 0.553594 9.9982E-05
9.9982E-05 0.450034 0.549766 9.9982E-05
0.131421 0.425955 0.0432771 0.399347
0.174119 0.396616 0.0506616 0.378604
0.2619 0.233943 0.19019 0.313966
0.241901 0.382428 0.0451058 0.330565
0.0439594 0.352491 0.42748 0.17607
0.15138 0.445873 0.250296 0.152451
0.0355845 0.750287 9.9991E-05 0.214029
0.167146 0.643675 9.9991E-05 0.18908
0.0477368 0.496315 0.278371 0.177577
0.0157616 0.592569 0.14997 0.2417
9.9991E-05 0.549759 0.181565 0.268575
0.0488935 0.644825 0.30504 0.00124221
0.0392829 0.543997 0.313279 0.103441
0.0358535 0.43157 0.374467 0.15811
9.9991E-05 0.691949 0.19711 0.110842
9.9991E-05 0.568763 0.417723 0.0134141
0.0189939 0.729342 0.108596 0.143068
9.9991E-05 0.541032 0.397645 0.0612228
0.00619003 0.616237 0.287934 0.0896382
0.216775 0.448273 0.0436029 0.291349
0.124142 0.357216 0.184871 0.333771
0.212451 0.190583 0.42174 0.175226
0.110698 0.527861 9.9991E-05 0.361341
0.35875 9.9991E-05 0.371996 0.269154
0.0656697 0.547263 0.0933029 0.293764
9.9982E-05 0.601895 0.397905 9.9982E-05
0.0346601 0.505246 0.459994 9.9991E-05
9.9991E-05 0.799746 0.126262 0.073892
0.0630206 0.779125 0.0558419 0.102013
0.0286012 0.722886 0.238046 0.010467
0.0286857 0.741356 0.132986 0.0969724
9.9991E-05 0.64716 0.177116 0.175625
0.800162 0.0929482 0.0488808 0.0580086
0.752537 9.9991E-05 0.178851 0.068512
0.938029 9.9982E-05 9.9982E-05 0.0617715
0.97688 0.0229202 9.9982E-05 9.9982E-05
0.0717178 0.806304 0.0761587 0.0458195
0.164578 0.81685 0.0184712 9.9991E-05
0.0633006 0.648895 0.287704 9.9991E-05
0.0229691 0.852096 9.9991E-05 0.124835
0.104383 0.773301 0.122217 9.9991E-05
0.298379 0.431935 9.9991E-05 0.269586
0.0157962 0.71869 0.149753 0.115761
0.0211179 0.755573 0.223209 9.9991E-05
0.0241468 0.720165 0.133351 0.122338
0.0627116 0.827128 0.11006 9.9991E-05
0.093507 0.849545 9.9991E-05 0.0568478
9.9982E-05 0.719753 0.280047 9.9982E-05
9.9982E-05 0.799784 0.200016 9.9982E-05
0.0384892 0.746056 0.214406 0.00104896
9.9982E-05 0.580452 0.419348 9.9982E-05
0.117268 0.733986 0.123298 0.0254471
9.9982E-05 0.66447 0.33533 9.9982E-05
9.9982E-05 0.547625 0.452175 9.9982E-05
0.0839966 0.810679 0.0233158 0.082009
0.0551741 0.710626 0.234099 9.9991E-05
0.0899528 0.652241 0.137837 0.119969
0.0420668 0.777858 0.107771 0.0723047
9.9991E-05 0.499643 0.374387 0.12587
0.0681356 0.720516 0.0978112 0.113537
0.0500046 0.730223 0.138647 0.081125
9.9982E-05 0.783409 0.216391 9.9982E-05
0.710678 9.9982E-05 0.289122 9.9982E-05
0.788405 0.0585251 0.15297 9.9991E-05
0.828316 9.9982E-05 0.171484 9.9982E-05
0.842863 9.9982E-05 0.156937 9.9982E-05
0.736762 0.0016377 0.261501 9.9991E-05
0.0733581 0.621539 0.305003 9.9991E-05
0.0818285 0.635739 0.282333 9.9991E-05
9.9982E-05 0.764409 0.235391 9.9982E-05
0.0320966 0.726527 0.241276 9.9991E-05
0.0619834 0.872282 9.9991E-05 0.0656343
0.165656 0.688401 0.0788434 0.0670992
0.0853932 0.782949 0.0816686 0.0499888
0.00195917 0.630426 0.367515 9.9991E-05
0.0195002 0.774708 0.205692 9.9991E-05
9.9982E-05 0.725265 0.274535 9.9982E-05
0.162299 0.665275 0.00651348 0.165912
0.0384416 0.91146 0.0499985 9.9991E-05
0.0864465 0.793478 0.0764583 0.0436176
0.116279 0.321973 9.9991E-05 0.561648
0.140267 0.209048 0.0443526 0.606333
0.0752697 0.705349 0.120306 0.0990756
0.289076 0.0131227 9.9991E-05 0.697702
0.196848 0.270046 9.9991E-05 0.533006
0.217555 0.560548 0.0266264 0.19527
0.171712 0.680426 9.9991E-05 0.147762
0.194746 0.555936 0.137231 0.112088
0.23217 0.218939 9.9991E-05 0.548791
0.0927078 0.315499 9.9991E-05 0.591693
0.132359 0.325143 9.9991E-05 0.542398
0.181575 0.250838 0.00549943 0.562088
0.135871 0.678061 0.0909417 0.0951264
0.186756 0.146081 9.9991E-05 0.667063
0.184217 0.41819 0.397493 9.9991E-05
0.0503328 0.678109 0.0708478 0.20071
0.242279 0.639292 9.9991E-05 0.118329
0.271777 0.632978 0.0476731 0.0475727
0.244708 0.416059 0.0696627 0.26957
0.259253 0.279354 0.0752366 0.386157
0.199827 0.0658493 0.0209263 0.713397
0.162781 0.656543 0.11837 0.0623059
0.171528 0.458862 0.260418 0.109192
0.171706 0.454234 0.261547 0.112513
0.233916 0.483038 9.9991E-05 0.282947
0.346914 0.0403596 0.353921 0.258805
0.373024 0.0672268 0.330137 0.229611
0.227031 0.394388 0.197895 0.180687
0.372915 0.0902244 0.289749 0.247111
0.454613 0.101874 0.153007 0.290506
0.230513 0.383019 0.210462 0.176006
0.306504 0.426695 0.0660098 0.200792
0.356352 0.323701 0.173715 0.146232
0.344421 0.250388 0.234992 0.170198
0.208696 0.479225 0.0858862 0.226193
0.242452 0.302395 0.291661 0.163491
0.499209 0.00754851 0.326542 0.166701
0.201761 0.314077 0.135587 0.348575
0.303963 0.422203 0.00590473 0.26793
0.170503 0.46083 9.9991E-05 0.368567
0.255434 0.464559 9.9991E-05 0.279907
0.345627 0.327591 9.9991E-05 0.326682
0.256943 0.455821 9.9991E-05 0.287137
0.25414 0.377012 9.9991E-05 0.368748
0.2556 0.306239 0.11403 0.324131
0.150848 0.390099 0.245688 0.213365
0.307752 0.370226 9.9991E-05 0.321922
0.409914 0.237424 0.0959648 0.256697
0.354428 0.230021 0.052015 0.363536
0.801676 9.9982E-05 0.198124 9.9982E-05
0.0308656 0.07555 0.774302 0.119282
0.0405873 9.9982E-05 0.959213 9.9982E-05
0.0458562 9.9982E-05 0.953944 9.9982E-05
9.9982E-05 9.9982E-05 0.914875 0.0849253
9.9982E-05 9.9982E-05 0.883442 0.116358
0.0205541 0.120119 0.830346 0.0289816
0.0407258 9.9991E-05 0.925401 0.0337731
0.199891 9.9991E-05 0.765178 0.0348315
0.9429 0.0560298 9.9991E-05 0.000970018
0.850623 0.0869558 0.053097 0.00932367
0.983841 0.00987547 9.9991E-05 0.00618399
0.855728 0.037712 0.10646 9.9991E-05
0.970353 0.00126348 9.9991E-05 0.0282836
0.915888 9.9982E-05 0.0839116 9.9982E-05
0.709291 0.0169489 0.119832 0.153928
0.891214 0.0271055 9.9991E-05 0.0815803
0.750015 0.0129509 0.166622 0.0704119
0.898823 0.028469 9.9991E-05 0.0726083
0.96233 0.0065754 0.0309944 9.9991E-05
0.884356 0.000734863 0.0558739 0.0590351
0.986454 0.0133464 9.9982E-05 9.9982E-05
0.983551 9.9982E-05 9.9982E-05 0.016249
0.898872 0.0251436 0.0333044 0.04268
0.871608 0.0478025 9.9991E-05 0.0804893
0.785497 0.0139648 9.9991E-05 0.200438
0.851554 0.0675051 9.9991E-05 0.0808406
0.82369 0.0405341 9.9991E-05 0.135676
0.203739 0.55663 0.178196 0.061435
0.175078 0.753178 9.9991E-05 0.0716435
0.0969372 0.496971 0.386691 0.019401
0.131935 0.573669 0.156728 0.137668
0.229715 0.432996 0.320171 0.0171178
0.153012 0.653376 9.9991E-05 0.193513
0.17427 0.62974 0.156779 0.0392111
0.165469 0.726742 0.107689 9.9991E-05
0.0968 0.806935 0.0513805 0.0448846
0.160163 0.549654 0.22436 0.0658226
0.132883 0.613183 0.131447 0.122488
9.9991E-05 0.247171 0.711363 0.0413661
0.0903177 0.367568 0.542014 9.9991E-05
0.120948 0.426785 0.39409 0.0581779
0.229126 0.694808 0.0118671 0.0641995
0.168742 0.704474 0.0213712 0.105413
0.294013 0.507613 9.9991E-05 0.198274
0.231279 0.486693 9.9991E-05 0.281928
0.434564 0.153832 0.209755 0.201849
0.284898 0.384687 0.0922034 0.238212
0.370406 0.0413907 0.306459 0.281744
0.341886 0.350112 0.0125147 0.295487
0.383037 0.324976 0.065895 0.226092
0.383356 0.475351 0.0366791 0.104613
0.238612 0.510828 0.0372582 0.213302
0.213364 0.46214 0.0838135 0.240682
0.504138 0.305713 0.00415274 0.185996
