0.0111734 9.9991E-05 0.0328305 0.955896
9.9982E-05 0.045977 9.9982E-05 0.953823
0.111072 9.9991E-05 0.0520321 0.836796
0.00775445 0.0792544 0.0737329 0.839258
9.999E-05 0.0194456 0.0792189 0.901235
0.0547532 0.188845 0.100015 0.656386
9.9982E-05 0.114611 9.9982E-05 0.885189
9.999E-05 0.189075 0.058636 0.752189
9.9982E-05 0.148112 9.9982E-05 0.851688
0.125389 0.0580183 0.0402411 0.776351
0.0585979 0.154482 9.9991E-05 0.786821
0.39749 0.475444 0.0820974 0.0449682
0.567387 0.251794 0.132662 0.0481569
0.41727 0.473533 0.0514344 0.0577627
0.431678 0.317928 0.16176 0.0886337
0.475239 0.217403 0.0853557 0.222003
0.690334 0.0599135 0.13686 0.112892
0.514656 0.353533 0.131711 9.9991E-05
0.518193 0.241444 0.0432448 0.197118
0.0750676 0.756774 0.0775489 0.0906093
0.519599 0.316115 0.142594 0.0216925
0.474373 0.339609 0.154099 0.0319183
0.765852 0.166158 9.9991E-05 0.06789
0.453627 0.373721 0.146357 0.0262953
0.741508 0.0194808 0.133288 0.105723
0.543517 0.24025 0.170312 0.0459207
0.3311 0.480084 0.10675 0.0820661
0.292537 0.487281 0.13845 0.0817325
0.32768 0.570779 0.0385177 0.0630231
0.0729474 9.9991E-05 0.0871313 0.839821
0.115095 9.9991E-05 0.0164503 0.868355
0.1433 9.9991E-05 0.0646114 0.791989
0.115229 9.9991E-05 0.14869 0.73598
0.704055 0.214834 9.9991E-05 0.0810103
0.619704 0.159989 0.132333 0.0879735
0.818465 0.0998752 9.9991E-05 0.0815596
0.296351 0.518861 9.9991E-05 0.184688
0.649527 0.294461 0.0218162 0.0341956
0.657208 0.186196 0.0566201 0.0999758
0.806619 0.0514369 0.070953 0.0709916
0.643172 0.17186 0.063832 0.121136
0.783128 0.0609496 0.0292444 0.126678
0.449479 0.52515 9.9991E-05 0.0252715
0.663449 0.149441 0.118326 0.0687841
0.683715 0.143284 0.156675 0.0163257
0.690897 9.9991E-05 0.141349 0.167654
0.598141 0.401659 9.9982E-05 9.9982E-05
0.864198 0.053782 9.9991E-05 0.08192
0.68977 0.0375866 0.101109 0.171534
0.124608 0.806851 9.9991E-05 0.068441
0.374938 0.617004 0.00247765 0.00558051
0.19898 0.6859 0.11502 9.9991E-05
0.624679 0.141496 0.147161 0.0866637
0.717538 0.0573034 0.140526 0.084633
0.571184 0.168296 0.157122 0.103398
0.336424 0.530926 9.9991E-05 0.13255
0.680267 0.216479 0.0603274 0.0429266
0.627701 0.210239 0.088625 0.0734348
0.514176 0.283172 0.0671907 0.135461
0.224675 0.46177 0.0492114 0.264344
0.620539 0.21317 0.125834 0.0404572
0.546117 0.308258 0.037302 0.108323
0.197437 0.68801 9.9991E-05 0.114453
0.640106 0.294801 0.0466102 0.0184831
0.673706 0.160964 0.164433 0.000897482
0.686414 0.15033 0.0667118 0.0965441
0.37872 0.446763 0.109219 0.0652976
0.593691 0.270693 0.119881 0.0157346
0.69219 0.154348 0.0606554 0.0928065
0.340788 0.577427 9.9991E-05 0.081685
0.757865 0.241935 9.9982E-05 9.9982E-05
0.561409 0.438241 9.9991E-05 0.000250256
0.692538 0.104149 0.140367 0.0629466
0.329695 0.670105 9.9982E-05 9.9982E-05
0.269309 0.730491 9.9982E-05 9.9982E-05
0.594132 0.405668 9.9982E-05 9.9982E-05
0.652428 0.292992 0.0152564 0.0393229
0.678654 0.0197134 0.142419 0.159214
0.683236 0.267996 0.0486676 9.9991E-05
0.431185 0.50553 9.9991E-05 0.0631846
0.463156 0.465502 9.9991E-05 0.0712414
0.696338 0.133717 0.0946417 0.0753031
0.596789 0.371851 0.0152989 0.0160615
0.649143 0.293544 9.9991E-05 0.0572134
0.673816 0.325984 9.9982E-05 9.9982E-05
0.235914 0.736529 0.0274567 9.9991E-05
0.835024 0.0644246 0.0537943 0.0467566
0.137238 9.9982E-05 9.9982E-05 0.862562
0.0718584 9.9982E-05 9.9982E-05 0.927942
0.0277129 9.9991E-05 0.0994439 0.872743
0.0398184 9.9991E-05 0.0218909 0.938191
0.0772577 9.9991E-05 0.0164948 0.906148
0.0262054 0.0260527 0.0512088 0.896533
0.0148271 9.9991E-05 0.0491174 0.935956
0.68436 0.18968 0.0870944 0.0388651
0.726291 0.0712409 0.0922638 0.110204
0.389719 0.602186 9.9991E-05 0.00799545
0.654877 0.181051 0.077898 0.0861737
0.708272 0.289497 9.9991E-05 0.00213075
0.708415 0.178063 0.0617083 0.0518139
0.680081 0.261084 0.0587352 9.9991E-05
0.741968 0.186352 0.0715807 9.9991E-05
0.243323 0.715752 9.9991E-05 0.0408252
0.738966 0.100265 0.0269794 0.13379
0.784352 0.0966287 0.105326 0.0136932
0.627677 0.113508 0.12536 0.133455
0.620262 0.37429 0.00534833 9.9991E-05
0.764882 0.209011 0.0260075 9.9991E-05
0.674054 0.239633 9.9991E-05 0.0862125
0.632685 0.32957 0.0376449 9.9991E-05
0.567425 0.296993 9.9991E-05 0.135482
0.794297 0.0545946 0.0221919 0.128916
0.327245 0.521946 0.0418554 0.108953
0.519018 0.24653 0.0572507 0.177201
0.603859 0.188647 0.0697306 0.137764
0.570862 0.138365 0.194736 0.0960368
0.610416 0.266949 0.0432606 0.079374
0.68222 0.197578 0.0498759 0.0703262
0.619048 0.276518 0.0398673 0.064566
0.650788 0.172584 0.0228127 0.153815
0.633299 0.163393 0.11108 0.0922276
0.786053 0.0956404 9.9991E-05 0.118206
0.685967 0.206934 9.9991E-05 0.106999
0.711788 0.0901471 0.140834 0.0572306
0.622313 0.103872 0.114094 0.159721
0.74376 0.165438 0.0716571 0.019145
0.651159 0.155439 0.0432816 0.15012
0.728666 0.111517 0.135322 0.0244953
0.432281 0.344314 0.107919 0.115486
0.761328 0.123164 0.0645736 0.0509348
0.79252 0.0460306 0.113936 0.0475133
0.323694 0.518172 0.158034 9.9991E-05
0.212588 0.62116 0.121013 0.0452392
0.605028 0.22295 0.0841777 0.0878443
0.127544 0.748898 0.123458 9.9991E-05
0.417208 0.444963 9.9991E-05 0.137728
0.579083 0.332774 9.9991E-05 0.0880425
0.513208 0.389581 9.9991E-05 0.0971118
0.419519 0.46703 0.0607609 0.0526903
0.761073 0.120937 0.0630232 0.0549671
0.577544 0.0742274 0.177217 0.171012
0.78376 0.0709878 0.0487056 0.0965465
0.236207 0.615277 0.111198 0.0373179
0.592697 0.148692 0.0711866 0.187425
0.561973 0.232662 0.16157 0.0437952
0.141561 0.639683 0.0122748 0.206482
0.77734 0.0495356 0.0310884 0.142036
0.480141 0.335479 0.0966402 0.0877399
0.575556 0.193607 0.134913 0.0959231
0.336934 0.483723 0.0908769 0.088466
0.333576 0.508385 0.00412496 0.153914
0.588333 0.312108 0.00996194 0.0895972
0.678984 0.0734166 0.0757743 0.171825
0.479392 0.201225 0.125333 0.19405
0.0698203 0.612621 0.254318 0.0632412
0.657446 0.122253 0.0902882 0.130013
0.554044 0.445757 9.9982E-05 9.9982E-05
0.620226 0.329112 0.0504539 0.000208031
0.825533 0.011069 0.0505824 0.112816
0.0881647 0.254845 0.340707 0.316284
9.9991E-05 0.20313 0.226372 0.570398
9.9991E-05 0.277874 0.202983 0.519043
0.0303504 0.165679 0.385754 0.418216
0.69435 0.223491 0.0683351 0.0138236
0.705802 0.176301 0.0426044 0.0752929
0.30202 9.9982E-05 0.69778 9.9982E-05
0.496639 0.0330648 0.408247 0.0620493
0.362051 0.119148 0.468794 0.0500068
0.439195 0.45852 0.102184 9.9991E-05
0.59056 0.198249 0.144898 0.0662941
0.248763 0.633251 0.114758 0.00322775
0.722132 0.235663 0.0247209 0.0174834
0.519745 0.328747 0.151355 0.000153155
0.659215 0.240732 0.0610692 0.0389832
0.237613 0.646113 0.106652 0.00962254
0.714619 0.117694 0.088249 0.0794375
0.592478 0.198749 0.134442 0.0743313
0.0198296 9.9982E-05 0.97997 9.9982E-05
0.0943502 9.9982E-05 0.90545 9.9982E-05
0.265445 0.0544537 0.672249 0.00785193
0.23537 9.9991E-05 0.753148 0.0113819
0.169231 0.0275688 0.8031 9.9991E-05
9.998E-05 9.998E-05 0.9997 9.998E-05
9.9991E-05 0.0145656 0.983238 0.00209671
0.113378 9.9982E-05 0.886422 9.9982E-05
0.0224753 9.9982E-05 0.977325 9.9982E-05
9.998E-05 9.998E-05 0.9997 9.998E-05
9.998E-05 9.998E-05 0.9997 9.998E-05
0.163928 9.9991E-05 0.789397 0.0465746
0.126296 9.9991E-05 0.730524 0.143081
0.0128484 9.9982E-05 0.986952 9.9982E-05
0.458317 0.0926203 0.399921 0.0491412
0.240487 0.0116112 0.651698 0.0962036
0.190877 9.9991E-05 0.758325 0.0506982
0.0365143 9.9991E-05 0.935297 0.0280885
9.998E-05 9.998E-05 0.9997 9.998E-05
0.0272402 0.00711786 0.926707 0.0389347
9.9982E-05 9.9982E-05 0.998939 0.0008612
0.227927 9.9991E-05 0.670116 0.101856
9.9991E-05 0.0309961 0.937711 0.0311932
9.9991E-05 0.496666 0.151995 0.351239
0.510267 0.147303 0.0996534 0.242776
0.396863 0.195347 0.135169 0.272621
0.148087 0.373826 0.224208 0.253879
0.510144 0.0590029 0.239639 0.191213
0.13191 0.373604 0.225951 0.268535
0.470062 0.243859 0.178377 0.107702
0.30336 0.276249 0.260643 0.159748
0.515138 0.10033 0.176275 0.208258
0.339972 0.170486 0.30104 0.188501
0.504492 0.138746 0.198037 0.158725
0.0480169 0.0667066 9.9991E-05 0.885176
9.9991E-05 0.0107964 0.0641264 0.924977
0.00406536 0.0160791 9.9991E-05 0.979756
0.00336621 0.01706 9.9991E-05 0.979474
9.9991E-05 0.0622683 0.0281559 0.909476
9.9982E-05 9.9982E-05 0.127309 0.872491
0.00921094 9.9991E-05 0.0813467 0.909342
0.0114507 0.0573059 0.00362273 0.927621
0.0791513 0.00394649 9.9991E-05 0.916802
0.0257972 9.9991E-05 0.101778 0.872324
9.9991E-05 0.332446 0.00975107 0.657703
0.0406717 0.308214 9.9991E-05 0.651014
9.9982E-05 0.43384 9.9982E-05 0.56596
0.0270741 0.377931 9.9991E-05 0.594895
0.782657 0.160616 9.9991E-05 0.0566268
0.684705 0.254298 0.0608972 9.9991E-05
0.786263 0.174016 0.0396206 9.9991E-05
0.634685 0.271823 9.9991E-05 0.093392
0.30317 0.651057 0.00501798 0.0407557
0.84737 0.0491507 0.0341166 0.0693624
0.736304 0.216582 0.0470138 9.9991E-05
0.720604 0.22469 0.0546054 9.9991E-05
0.646292 0.305006 0.0486015 9.9991E-05
0.687782 0.118321 0.0928276 0.101069
0.706305 0.256323 9.9991E-05 0.0372714
0.211858 0.787942 9.9982E-05 9.9982E-05
0.60007 0.237238 0.0599573 0.102734
0.46548 0.509772 0.0114291 0.0133192
0.776219 0.223581 9.9982E-05 9.9982E-05
0.373506 0.608284 9.9991E-05 0.0181107
0.0425606 0.694476 9.9991E-05 0.262863
0.147795 0.623505 9.9991E-05 0.2286
0.0858248 0.762851 9.9991E-05 0.151224
0.0456625 0.70414 9.9991E-05 0.250098
0.131942 0.742389 9.9991E-05 0.125569
0.187199 0.595315 0.00529427 0.212192
0.0686155 9.9991E-05 0.0361471 0.895137
0.0636403 0.000915653 0.047394 0.88805
0.066855 9.9991E-05 0.137561 0.795484
0.0826554 9.9991E-05 0.128392 0.788852
0.0712437 9.9991E-05 0.108072 0.820584
9.9982E-05 0.528399 9.9982E-05 0.471401
9.9982E-05 0.476052 9.9982E-05 0.523748
0.0256548 0.469557 9.9991E-05 0.504688
0.116227 9.9991E-05 0.0658883 0.817785
0.0139338 0.506561 9.9991E-05 0.479406
0.277067 0.0579988 0.404281 0.260654
0.615178 0.0164214 0.227234 0.141166
0.496212 9.9991E-05 0.335299 0.168389
0.397038 0.012084 0.278193 0.312684
0.493245 0.0760733 0.204717 0.225965
9.9991E-05 0.180971 0.353679 0.46525
0.576861 0.361172 9.9991E-05 0.0618661
0.489847 0.437067 0.0517845 0.0213009
0.465888 0.360704 9.9991E-05 0.173308
0.54708 0.375003 0.077817 9.9991E-05
9.998E-05 0.9997 9.998E-05 9.998E-05
0.578105 0.14298 0.14919 0.129726
0.613571 0.271004 0.0306663 0.0847589
0.461314 0.460303 9.9991E-05 0.0782831
0.650792 0.170635 0.0294551 0.149119
0.256368 0.689649 0.0350654 0.0189182
0.548561 0.33674 0.102503 0.0121958
0.578895 0.326038 0.0725871 0.0224795
0.443887 0.152872 0.236948 0.166293
0.493844 0.421698 0.0843579 9.9991E-05
0.559824 0.32723 0.0456106 0.0673355
0.539743 0.307933 0.133094 0.0192293
0.707083 0.225524 0.0226672 0.0447258
0.696034 0.13338 0.154891 0.015695
0.770882 0.0600794 0.0683855 0.100653
0.630345 0.145458 0.0980409 0.126155
0.0762225 9.9991E-05 0.0980045 0.825673
0.0748577 9.9991E-05 0.0533152 0.871727
0.0998048 0.0937827 0.000630401 0.805782
0.0249576 0.0337061 0.0941458 0.84719
0.100806 9.9991E-05 0.0461043 0.852989
0.316321 0.552765 0.0518725 0.0790413
0.514726 0.230817 0.0949157 0.159542
0.398903 0.137733 0.264971 0.198393
0.692634 0.0975001 0.134396 0.0754696
0.657765 0.208624 9.9991E-05 0.133511
0.356633 0.490849 0.100881 0.0516373
0.0769653 0.683141 9.9991E-05 0.239793
0.697496 0.207986 9.9991E-05 0.0944181
0.333289 0.499556 0.0282146 0.13894
0.51339 0.23824 0.129665 0.118705
0.227569 0.555738 0.0178319 0.198862
0.697592 0.0869226 0.078708 0.136777
0.360996 0.537616 9.9991E-05 0.101288
0.408366 0.431505 0.082948 0.0771807
0.5769 0.269432 0.0898584 0.0638101
0.320429 0.548741 0.0783507 0.052479
0.732049 0.139199 0.0375885 0.0911642
0.662799 0.114595 0.0255255 0.197081
0.4671 0.48783 0.0339366 0.0111333
0.599406 0.190333 0.101432 0.108829
0.667992 0.237388 0.0107911 0.0838282
0.219944 0.779856 9.9982E-05 9.9982E-05
0.379266 0.569548 0.0510863 9.9991E-05
0.695322 0.246901 9.9991E-05 0.0576776
0.291222 0.67773 0.00379266 0.0272548
0.596829 0.349735 9.9991E-05 0.0533356
0.239259 0.627713 0.0390998 0.0939283
0.396613 0.56648 0.0368069 9.9991E-05
0.493783 0.334288 0.0954762 0.0764534
0.627869 0.178687 0.16068 0.0327635
0.47389 0.513443 9.9991E-05 0.0125668
0.600641 0.245355 0.153904 9.9991E-05
0.729649 0.0923123 0.09726 0.0807786
0.578621 0.240337 0.116903 0.064139
0.579515 0.226499 0.182485 0.011502
0.484002 0.320731 0.107361 0.0879061
0.358038 0.530005 0.111857 9.9991E-05
0.431266 0.406113 0.141069 0.0215513
0.768172 0.181584 0.0493396 0.000904457
0.671333 0.127262 0.103863 0.0975416
0.5607 0.315847 0.0672965 0.0561569
0.555169 0.280455 0.161763 0.00261326
0.390223 0.349109 0.111471 0.149197
0.797513 0.144479 9.9991E-05 0.0579079
0.601572 0.204275 0.0775596 0.116594
0.569274 0.151179 0.136963 0.142584
0.461827 0.0240568 0.12197 0.392146
0.565627 0.0314435 0.256812 0.146117
0.524548 0.0608577 0.269765 0.144829
0.596874 0.0955092 0.193768 0.113849
0.582746 0.0237217 0.217352 0.176181
0.570733 0.306563 0.122604 9.9991E-05
0.652497 9.9991E-05 0.0986767 0.248726
9.9991E-05 0.497854 0.263847 0.238198
0.581848 0.104714 0.20156 0.111877
0.607095 0.122202 0.197397 0.0733057
0.54317 0.104406 0.261045 0.0913791
0.364482 0.27569 0.177173 0.182654
0.509267 0.0501049 0.272332 0.168296
0.583771 9.9991E-05 0.260522 0.155606
9.9991E-05 0.233249 0.26498 0.501671
0.502358 9.9991E-05 0.311148 0.186394
0.575547 9.9991E-05 0.320496 0.103857
0.680612 0.0481875 0.11851 0.15269
0.552089 9.9991E-05 0.269779 0.178033
0.609856 0.00705978 0.186417 0.196667
0.585696 0.262566 0.119284 0.0324534
0.539675 0.276011 0.110885 0.0734297
0.185593 0.779899 0.0344085 9.9991E-05
0.187488 0.788946 0.0234657 9.9991E-05
0.557857 0.22104 0.175082 0.0460206
0.459816 0.0649441 0.354401 0.12084
0.385533 0.0991977 0.393422 0.121848
0.182006 0.263663 0.339073 0.215258
0.379252 0.0767567 0.368491 0.1755
0.161329 0.552075 0.204514 0.0820819
0.245922 0.469913 0.192771 0.0913942
0.660378 0.166613 0.172909 9.9991E-05
0.562422 0.174421 0.174461 0.0886959
0.286846 0.425485 0.198297 0.0893717
0.572539 0.168903 0.176018 0.0825395
0.558772 0.20455 0.236578 9.9991E-05
0.38806 0.283587 0.232438 0.095915
0.487775 0.451798 0.0569248 0.00350245
0.430117 0.469395 0.100388 9.9991E-05
0.608863 0.24619 0.0495972 0.0953503
0.581196 0.2875 0.0112382 0.120066
0.560264 0.18967 0.205418 0.0446478
0.544159 0.392032 0.0637087 9.9991E-05
0.401367 0.561205 0.0373277 9.9991E-05
0.804693 0.0962212 0.0441323 0.0549538
0.372901 0.568098 0.0589008 9.9991E-05
0.639707 0.310179 0.0423485 0.00776506
0.732002 0.153877 0.0482785 0.0658426
0.546027 0.315646 0.0849003 0.053427
0.56977 9.9991E-05 0.235035 0.195095
0.415204 0.196092 0.213461 0.175243
0.359289 0.179093 0.291083 0.170535
0.394792 0.115609 0.253476 0.236123
0.438559 0.0955155 0.256154 0.209771
0.485662 0.08612 0.213565 0.214654
9.9991E-05 0.565613 0.264945 0.169342
0.687312 0.0132419 0.234517 0.0649286
9.9991E-05 0.403424 0.211017 0.385459
0.552647 0.0727032 0.267549 0.107101
0.391247 0.608553 9.9982E-05 9.9982E-05
0.13855 0.828329 0.0308871 0.00223403
0.609645 0.331437 0.0588172 9.9991E-05
0.725386 0.164738 0.109776 9.9991E-05
0.593566 0.376554 0.0297802 9.9991E-05
0.699586 0.258922 0.0413918 9.9991E-05
0.759515 0.211275 0.0291096 9.9991E-05
0.160374 0.00709652 0.0141197 0.81841
9.9991E-05 0.127193 0.14157 0.731137
9.9982E-05 9.9982E-05 0.0509361 0.948864
0.00490703 9.9991E-05 0.00180518 0.993188
0.645788 0.232017 0.0906073 0.0315885
0.676086 0.180611 0.0887778 0.0545244
0.746524 0.253276 9.9982E-05 9.9982E-05
0.777883 0.0797642 9.9991E-05 0.142253
0.608473 0.153804 0.0861353 0.151588
0.514624 0.446298 9.9991E-05 0.0389775
0.83778 0.146393 0.01373 0.00209742
0.536109 0.408855 0.0511054 0.0039305
0.4596 0.0341888 0.248391 0.25782
0.631746 0.310451 0.0577026 9.9991E-05
0.583023 0.400851 9.9991E-05 0.0160262
0.827425 0.148408 9.9991E-05 0.0240672
0.652955 0.333076 0.0138686 9.9991E-05
0.825598 0.141197 0.0331043 9.9991E-05
0.781914 0.103503 9.9991E-05 0.114483
0.390791 0.609009 9.9982E-05 9.9982E-05
0.483033 0.488746 0.02812 9.9991E-05
0.599307 0.384582 9.9991E-05 0.0160113
0.195202 0.804598 9.9982E-05 9.9982E-05
0.615009 0.291984 0.0381154 0.0548916
0.307983 0.647122 0.0447949 9.9991E-05
0.153519 0.831619 0.014762 9.9991E-05
0.781311 0.157806 0.0441802 0.0167023
0.50604 0.463457 9.9991E-05 0.0304038
0.6627 0.303312 0.0247922 0.00919562
0.629732 0.136345 0.161527 0.0723957
0.755166 0.230873 9.9991E-05 0.013861
0.442146 0.451993 0.105761 9.9991E-05
0.766099 0.215594 0.0182069 9.9991E-05
0.630872 0.30225 0.057028 0.00985021
0.553421 0.446379 9.9982E-05 9.9982E-05
0.655816 0.216579 0.0643071 0.0632978
0.0250992 0.237861 0.0147171 0.722323
0.0974257 0.107786 9.9991E-05 0.794688
9.9982E-05 0.117203 9.9982E-05 0.882597
9.9982E-05 0.165129 9.9982E-05 0.834671
0.0441341 0.153519 9.9991E-05 0.802247
0.41024 0.570634 9.9991E-05 0.0190268
0.374398 0.595127 9.9991E-05 0.0303749
0.452643 0.52076 0.0264968 9.9991E-05
0.690303 0.14137 0.0876567 0.0806705
0.70624 0.136261 0.032711 0.124787
0.503333 0.419521 0.0647331 0.0124132
0.7456 0.149242 0.0262704 0.0788876
0.632047 0.250003 0.0703275 0.0476226
0.780658 0.167513 0.00289709 0.0489317
0.725714 0.149337 0.0680923 0.0568562
0.511804 0.480581 0.00544859 0.00216655
0.609154 0.390646 9.9982E-05 9.9982E-05
0.623396 0.376404 9.9982E-05 9.9982E-05
0.74494 0.0904783 0.0225498 0.142032
0.70539 0.271465 9.9991E-05 0.023045
0.689307 0.213905 0.0595141 0.0372738
0.346504 0.0466771 0.54917 0.057649
0.324711 0.0422315 0.551529 0.081529
0.419305 9.9991E-05 0.467914 0.112681
0.257635 0.0740611 0.58167 0.0866331
0.470125 0.0408882 0.369019 0.119968
0.628084 0.258858 0.0876199 0.0254383
0.0617932 0.0152081 0.688136 0.234863
0.298705 0.000178496 0.514348 0.186768
0.33446 0.312162 0.260839 0.0925398
0.727822 0.0844121 9.9991E-05 0.187666
0.51586 0.284975 0.0472891 0.151876
0.655927 0.124922 0.0896993 0.129452
0.685284 0.178225 0.0752242 0.0612674
0.329962 9.9991E-05 0.492449 0.17749
0.444636 0.07321 0.422685 0.0594684
0.377266 9.9991E-05 0.591494 0.0311402
0.504767 9.9991E-05 0.355679 0.139454
0.342071 9.9991E-05 0.595321 0.0625078
0.415452 0.0817794 0.351899 0.15087
0.232253 9.9991E-05 0.61052 0.157127
0.450385 0.0359988 0.484051 0.0295656
0.598205 0.176535 0.0985213 0.126739
0.395576 0.0462424 0.364443 0.193738
0.180467 9.9991E-05 0.661881 0.157553
0.385578 0.151098 0.381148 0.0821759
0.309174 0.453614 0.0263527 0.210859
0.621545 0.193966 0.184389 9.9991E-05
0.404461 0.0718494 0.355098 0.168592
0.643175 0.139328 0.0892007 0.128296
0.603559 0.173575 0.0289464 0.19392
0.426037 0.146367 0.219341 0.208255
0.345209 0.0889763 0.35396 0.211855
0.555987 0.130513 0.171476 0.142024
0.392371 9.9991E-05 0.49057 0.116959
0.396676 9.9991E-05 0.534431 0.0687924
0.10289 0.0113321 0.660832 0.224946
0.671556 0.15275 0.0739238 0.101769
0.63542 0.176807 9.9991E-05 0.187673
0.191042 0.549176 0.130001 0.129782
0.670365 0.0618203 0.108742 0.159073
0.487131 0.325085 0.0298389 0.157945
0.48636 0.101734 0.181885 0.23002
0.535554 0.160419 0.131205 0.172822
9.9991E-05 0.408528 0.271168 0.320204
9.9991E-05 0.435921 0.219954 0.344025
0.327332 0.311966 0.172045 0.188657
9.9991E-05 0.334743 0.334995 0.330162
9.9991E-05 0.227983 0.341562 0.430355
0.317125 0.306558 0.268817 0.107501
0.339436 0.178952 0.228723 0.252889
0.197645 0.27786 0.236045 0.288449
0.049544 0.391359 0.300541 0.258556
0.456764 0.165132 0.221476 0.156629
0.076128 0.413942 0.310584 0.199347
9.9991E-05 0.358066 0.174912 0.466923
0.466769 0.140321 0.232163 0.160747
0.352615 0.144554 0.309064 0.193767
0.444875 9.9991E-05 0.231103 0.323922
0.529416 9.9991E-05 0.304971 0.165513
0.607244 9.9991E-05 0.259387 0.133269
0.539144 9.9991E-05 0.293512 0.167244
0.368744 9.9991E-05 0.212529 0.418626
0.535914 9.9991E-05 0.22953 0.234456
0.444102 9.9991E-05 0.31072 0.245078
0.36777 0.137463 0.29318 0.201587
0.384873 0.325456 0.120734 0.168937
0.618509 0.0343346 0.142522 0.204634
0.598024 0.0102381 0.224669 0.167069
0.6282 0.046554 0.180908 0.144337
0.372105 0.00365636 0.353423 0.270816
0.522887 0.0174902 0.291499 0.168124
0.181811 0.131812 0.260491 0.425886
0.59322 9.9991E-05 0.292038 0.114642
0.239387 0.137695 0.403564 0.219354
9.9991E-05 0.144476 0.0175505 0.837874
0.176517 0.637405 9.9991E-05 0.185978
0.0317949 0.788655 9.9991E-05 0.17945
0.0896486 0.726376 9.9991E-05 0.183875
0.143454 0.737597 9.9991E-05 0.118849
0.183278 0.62044 9.9991E-05 0.196182
0.224974 0.650989 9.9991E-05 0.123937
0.0386491 0.756952 9.9991E-05 0.204299
0.104044 0.558031 9.9991E-05 0.337825
0.0403233 0.0217643 9.9991E-05 0.937812
0.115848 0.0445838 9.9991E-05 0.839468
0.0332404 9.9991E-05 0.0404686 0.926191
0.0678778 0.103498 9.9991E-05 0.828524
0.00617135 9.9991E-05 0.0386644 0.955064
9.9991E-05 0.0936987 0.00927755 0.896924
0.0089501 0.0474654 0.137527 0.806057
0.0309329 9.9991E-05 0.0977248 0.871242
0.0741604 0.0815962 0.0764097 0.767834
9.9982E-05 9.9982E-05 0.107884 0.891916
9.9982E-05 0.0311507 9.9982E-05 0.968649
0.0193185 0.0344216 0.0965177 0.849742
9.998E-05 9.998E-05 9.998E-05 0.9997
0.00543918 9.9991E-05 0.0853023 0.909159
0.0844546 9.9991E-05 0.040963 0.874482
0.0102087 9.9991E-05 0.119179 0.870512
0.0658115 9.9991E-05 0.152428 0.781661
0.0980719 9.9991E-05 0.112542 0.789287
0.0930458 9.9991E-05 0.0860998 0.820754
0.501606 0.308901 9.9991E-05 0.189393
0.823191 0.0185357 9.9991E-05 0.158173
0.642092 0.143526 0.0894318 0.12495
0.1942 0.626189 0.116733 0.0628782
0.679098 0.125059 0.00517612 0.190667
0.122517 0.567154 0.118923 0.191405
0.711451 0.0944867 0.0603162 0.133746
0.568993 0.298973 9.9991E-05 0.131934
0.654387 0.184756 9.9991E-05 0.160757
0.720764 0.202399 0.0767375 9.9991E-05
0.555597 0.323566 0.0543689 0.0664688
0.773363 0.140191 9.9991E-05 0.0863456
0.685087 0.162567 0.0531899 0.0991559
0.16373 0.722124 0.0933302 0.020816
9.9991E-05 0.85682 0.076806 0.0662742
0.199139 0.607848 0.0944473 0.0985661
0.702888 0.0655263 0.0400934 0.191492
0.637075 0.169628 0.0708071 0.12249
0.630822 0.158476 0.0494442 0.161258
0.582117 0.128492 0.18598 0.103411
0.548514 0.0584139 0.174896 0.218176
0.660473 0.000845294 0.161286 0.177396
0.16549 0.226076 0.159542 0.448892
0.733322 0.052183 0.0510547 0.16344
0.481609 0.0502073 0.196416 0.271768
9.9991E-05 0.333342 0.244884 0.421674
0.330164 0.0841819 0.266662 0.318992
0.35384 0.054087 0.172986 0.419087
0.521884 0.0103877 0.0763558 0.391373
0.525389 0.02442 0.294138 0.156053
0.58944 0.0409681 0.140044 0.229548
0.589453 9.9991E-05 0.229936 0.180512
0.495342 0.0911488 0.201032 0.212477
0.337277 0.00350123 0.207329 0.451894
