0.0490259 0.896325 0.030449 9.9982E-05 0.0240001 9.9982E-05
9.9964E-05 0.940163 9.9964E-05 9.9964E-05 0.0594372 9.9964E-05
9.9982E-05 0.805882 0.0504913 9.9982E-05 0.033292 0.110134
0.104056 0.782627 0.0874833 9.9982E-05 9.9982E-05 0.0256334
0.00325241 0.880937 0.0667606 9.9982E-05 9.9982E-05 0.0488496
0.0490558 0.605688 0.0624725 0.135562 0.073592 0.07363
0.0146713 0.796789 0.0176716 0.126441 0.0443276 9.9991E-05
0.0818448 0.673465 0.0798144 0.164676 9.9982E-05 9.9982E-05
0.135663 0.835749 9.9982E-05 0.00110438 0.0272833 9.9982E-05
0.0241936 0.667266 0.0762542 0.100734 0.0251819 0.10637
0.0833929 0.72244 9.9991E-05 0.0732532 0.0432035 0.0776107
0.372353 9.9991E-05 0.0174378 0.00731413 0.149706 0.453089
0.326625 0.00446679 0.0895511 0.00893229 0.157437 0.412987
0.319588 0.0332142 0.0607062 0.186726 0.0524088 0.347357
0.271186 0.030378 0.182625 0.134246 0.0380837 0.343482
0.266186 0.111067 0.174488 0.0302665 0.0461842 0.371808
0.159777 0.0227931 0.0489004 0.132911 0.070394 0.565224
0.346926 0.12566 0.0444909 0.00100491 0.0526194 0.429299
0.542717 0.0697715 9.9991E-05 0.125524 0.089508 0.17238
0.224414 0.0605627 0.0862625 0.0472757 0.131829 0.449656
0.153043 0.0368336 0.0480782 0.211359 0.108547 0.442139
0.202169 0.0410273 0.058783 0.0349991 0.0619625 0.60106
0.325294 0.030805 0.0697375 0.0693483 0.095607 0.409209
0.128248 9.9991E-05 0.0549687 0.148117 0.0679336 0.600633
0.340817 0.118942 9.9982E-05 9.9982E-05 0.147818 0.392222
0.285427 0.0190518 0.164047 0.0650021 0.144363 0.322109
0.314361 0.0636793 9.9991E-05 0.190573 0.0362859 0.395002
9.9973E-05 0.785487 0.0255258 9.9973E-05 9.9973E-05 0.188687
9.9964E-05 0.763245 9.9964E-05 9.9964E-05 9.9964E-05 0.236355
0.0075248 0.777967 0.0504609 9.9991E-05 0.00723926 0.156708
9.9973E-05 0.74914 0.0539931 9.9973E-05 9.9973E-05 0.196567
0.154326 0.0630179 9.9991E-05 0.0324311 0.0873289 0.662796
9.9982E-05 0.074878 0.045552 9.9982E-05 0.374989 0.504381
0.529572 0.0788995 9.9991E-05 0.0618914 0.0304217 0.299116
0.0748796 9.9991E-05 0.0943637 0.0783923 0.5299 0.222364
9.9982E-05 9.9982E-05 0.0895103 0.0330451 0.296235 0.58101
0.063573 0.124428 0.0396915 0.122444 0.0390058 0.610858
0.0449118 0.144131 9.9982E-05 9.9982E-05 0.105094 0.705664
0.145446 9.9973E-05 9.9973E-05 9.9973E-05 0.701481 0.152773
9.9982E-05 0.0633714 0.074485 0.277242 9.9982E-05 0.584702
9.9973E-05 9.9973E-05 9.9973E-05 0.026075 0.638362 0.335263
9.9973E-05 0.0776597 9.9973E-05 0.166795 0.755246 9.9973E-05
0.462789 9.9982E-05 9.9982E-05 0.0647883 0.180898 0.291324
0.215228 9.9991E-05 0.0664383 0.413035 0.257036 0.0481635
0.288271 0.0588279 9.9991E-05 0.215748 0.245044 0.192009
0.242057 0.014726 0.105569 0.0839759 0.0706251 0.483048
0.201532 0.109734 9.9991E-05 0.137146 0.203998 0.34749
0.360252 0.188304 0.0887802 0.166102 0.0873479 0.109215
0.262163 0.0847733 0.0536658 0.0378111 0.0953287 0.466258
0.456009 0.0859829 9.9991E-05 0.111696 0.237192 0.109019
0.260571 0.00683209 0.0487243 0.0812411 0.0721874 0.530444
0.0622983 0.0128969 0.0793021 0.164243 0.0447038 0.636556
0.241001 0.0383251 0.0876638 0.181008 0.242018 0.209984
0.138623 0.0288459 9.9991E-05 0.135665 0.0911383 0.605628
0.343825 0.0414096 9.9991E-05 0.128552 0.163219 0.322894
0.00308407 9.9973E-05 9.9973E-05 9.9973E-05 0.466595 0.530021
0.0921306 0.0211183 9.9982E-05 9.9982E-05 0.652283 0.234268
9.9973E-05 9.9973E-05 0.0070924 0.0585288 0.934079 9.9973E-05
0.00959534 0.0245958 0.0109323 0.0854036 0.852858 0.016615
9.9982E-05 9.9982E-05 0.00667892 0.0177281 0.739309 0.236084
0.02451 0.0856307 9.9982E-05 9.9982E-05 0.439027 0.450632
0.0299791 9.9982E-05 0.0767955 9.9982E-05 0.438235 0.45479
0.175219 0.0124285 0.0155075 9.9991E-05 0.645632 0.151113
0.224535 0.0396861 9.9982E-05 9.9982E-05 0.456372 0.279207
0.0297778 0.0304716 0.079529 9.9991E-05 0.562442 0.297679
0.00785441 0.0655586 9.9982E-05 9.9982E-05 0.452823 0.473565
9.9982E-05 0.0171852 9.9982E-05 0.0245596 0.521845 0.43621
9.9973E-05 9.9973E-05 0.0116565 0.300581 0.687462 9.9973E-05
0.0269961 0.819188 0.0281796 9.9982E-05 9.9982E-05 0.125436
9.9964E-05 0.899394 9.9964E-05 9.9964E-05 9.9964E-05 0.100206
0.00794256 0.885474 0.00314909 9.9982E-05 9.9982E-05 0.103235
9.9982E-05 0.93103 0.0279168 9.9982E-05 0.0154131 0.0254403
9.9973E-05 0.89325 0.0366271 9.9973E-05 9.9973E-05 0.0698225
9.9982E-05 0.849381 0.0581839 9.9982E-05 0.0415557 0.0506793
9.9964E-05 0.934274 9.9964E-05 9.9964E-05 9.9964E-05 0.0653261
0.0083077 0.0420683 9.9982E-05 9.9982E-05 0.811782 0.137642
0.0837445 0.0346783 9.9982E-05 9.9982E-05 0.381271 0.500106
9.9991E-05 0.0699373 0.0064256 0.0499228 0.204758 0.668856
9.9991E-05 0.0550342 0.0203537 0.0892103 0.22359 0.611712
9.9973E-05 9.9973E-05 0.162082 9.9973E-05 0.491927 0.345691
0.162978 0.0509923 9.9982E-05 0.0295167 0.756313 9.9982E-05
0.00455405 0.008745 0.0594953 0.211328 0.513647 0.202231
9.9982E-05 0.00342366 0.015508 9.9982E-05 0.472461 0.508407
0.0649289 0.0369254 9.9982E-05 9.9982E-05 0.339843 0.558103
9.9982E-05 9.9982E-05 0.112966 0.0188029 0.596991 0.271041
0.0779145 0.104682 9.9982E-05 9.9982E-05 0.393491 0.423712
0.262622 0.0631641 9.9991E-05 0.187882 0.168658 0.317573
0.251304 0.148353 0.0166537 0.0658094 0.0482152 0.469665
0.264243 0.106514 9.9982E-05 0.0631892 9.9982E-05 0.565854
0.297579 0.0362014 0.0543649 9.9982E-05 9.9982E-05 0.611655
0.347893 0.0409682 0.0195667 9.9991E-05 0.0551362 0.536336
0.164501 0.048201 9.9991E-05 0.0351346 0.0631056 0.688958
0.366475 9.9973E-05 9.9973E-05 9.9973E-05 0.0421948 0.59103
0.227363 0.048435 0.0197838 0.00626554 0.0723146 0.625838
0.175171 9.9991E-05 0.0778188 0.0561782 0.0501197 0.640613
0.246567 0.0756037 0.0262438 0.278442 9.9991E-05 0.373043
0.167878 9.9991E-05 0.0717036 0.00489656 0.0786891 0.676733
0.0486601 0.0336002 9.9982E-05 0.137243 9.9982E-05 0.780296
0.347746 9.9991E-05 0.0614598 0.110913 0.218341 0.261441
0.334282 0.0269683 0.0668524 0.333925 0.14217 0.0958015
0.282875 9.9982E-05 9.9982E-05 0.425026 0.158266 0.133633
0.344297 0.032431 9.9991E-05 0.0885905 0.137476 0.397106
0.293972 9.9982E-05 9.9982E-05 0.0404434 0.195378 0.470007
0.445633 0.0198883 9.9982E-05 9.9982E-05 0.125112 0.409167
0.410253 0.0204176 9.9991E-05 0.0358622 0.19572 0.337647
0.129463 0.0395979 0.0425192 0.0398564 0.155582 0.592981
0.282161 9.9991E-05 0.0666581 0.248016 0.195064 0.208002
0.0210243 0.0656692 0.044424 0.301411 0.0285766 0.538895
0.124723 0.16302 9.9991E-05 0.557147 0.148538 0.00647149
0.0992374 0.10043 0.124972 0.231381 0.198664 0.245315
0.0227911 0.125483 0.0869719 0.252562 0.0358238 0.476369
0.109208 0.119539 9.9991E-05 0.474345 0.0284328 0.268375
0.157386 0.0805399 9.9991E-05 0.454883 0.125675 0.181416
0.173568 0.0683704 9.9991E-05 0.155535 0.0865629 0.515864
0.0745743 0.111691 0.0474648 0.383641 0.196841 0.185787
0.13785 9.9982E-05 9.9982E-05 0.280743 0.163407 0.4178
0.0964043 0.00425378 9.9991E-05 0.179889 0.232877 0.486476
9.9991E-05 0.365666 0.216844 0.177892 0.0194398 0.220059
9.9973E-05 0.516079 0.146154 0.337467 9.9973E-05 9.9973E-05
9.9973E-05 0.425982 0.107451 0.466267 9.9973E-05 9.9973E-05
9.9982E-05 0.37105 0.336041 0.21568 9.9982E-05 0.0770289
9.9982E-05 9.9982E-05 0.0133582 0.189321 0.156479 0.640641
0.000513127 0.0125876 0.648163 9.9982E-05 9.9982E-05 0.338536
9.9973E-05 9.9973E-05 9.9973E-05 0.555471 0.0692799 0.374949
0.036571 9.9973E-05 9.9973E-05 0.695458 9.9973E-05 0.267671
9.9982E-05 9.9982E-05 0.0232394 0.25309 0.0815854 0.641886
0.103065 9.9982E-05 0.00108406 0.399078 9.9982E-05 0.496573
0.00102388 9.9991E-05 0.0667913 0.291801 0.0380111 0.602273
0.019284 9.9982E-05 9.9982E-05 0.620231 0.113945 0.246339
9.9964E-05 9.9964E-05 0.951517 0.0480832 9.9964E-05 9.9964E-05
0.0470056 9.9973E-05 0.85432 9.9973E-05 9.9973E-05 0.0983749
9.9973E-05 0.0327455 0.645036 9.9973E-05 9.9973E-05 0.321919
0.0556136 9.9991E-05 0.812193 0.00272537 0.060663 0.0687052
9.996E-05 9.996E-05 0.9995 9.996E-05 9.996E-05 9.996E-05
0.0586933 9.9964E-05 0.940907 9.9964E-05 9.9964E-05 9.9964E-05
9.9964E-05 9.9964E-05 0.838152 9.9964E-05 9.9964E-05 0.161449
0.0336557 9.9964E-05 0.965944 9.9964E-05 9.9964E-05 9.9964E-05
9.9964E-05 9.9964E-05 0.995473 9.9964E-05 0.00412728 9.9964E-05
9.996E-05 9.996E-05 0.9995 9.996E-05 9.996E-05 9.996E-05
0.0711389 0.00808757 0.762824 9.9982E-05 9.9982E-05 0.157749
0.094515 0.028602 0.80756 9.9982E-05 9.9982E-05 0.0691231
0.0279882 9.9973E-05 0.956131 9.9973E-05 0.0155804 9.9973E-05
0.00108648 0.0431174 0.711345 0.00881257 9.9991E-05 0.235538
9.9982E-05 0.0464353 0.844242 9.9982E-05 0.0120671 0.0970556
9.9964E-05 0.0199619 0.979638 9.9964E-05 9.9964E-05 9.9964E-05
9.9991E-05 0.00621293 0.903515 0.000746641 0.0396654 0.0497597
9.996E-05 9.996E-05 0.9995 9.996E-05 9.996E-05 9.996E-05
0.00302506 0.0900205 0.588421 9.9991E-05 0.0764385 0.241995
0.0405582 0.0244425 0.851835 9.9991E-05 0.0517348 0.0313292
9.9982E-05 0.330102 0.0581084 0.583715 0.0278744 9.9982E-05
0.139943 0.19507 0.0373485 0.223038 9.9991E-05 0.4045
0.0471228 0.198623 0.101279 0.170417 0.0338378 0.448721
0.0189284 0.216414 0.0798345 0.438315 9.9991E-05 0.246408
9.9982E-05 0.207026 0.126206 0.433044 9.9982E-05 0.233524
9.9982E-05 0.0931398 0.205444 0.409245 9.9982E-05 0.291972
9.9991E-05 0.151488 0.120981 0.23553 0.067693 0.424208
9.9982E-05 0.128751 0.201766 0.293664 9.9982E-05 0.375619
0.0835792 0.865501 0.00385891 0.0110892 0.0358721 9.9991E-05
0.0347374 0.952532 0.0124303 9.9973E-05 9.9973E-05 9.9973E-05
0.00127414 0.991796 9.9973E-05 0.00662967 9.9973E-05 9.9973E-05
0.0561574 0.920047 9.9973E-05 9.9973E-05 9.9973E-05 0.0234959
0.0630296 0.858036 0.00286158 0.0125008 9.9991E-05 0.0634723
9.9973E-05 0.92113 0.054597 9.9973E-05 0.0239725 9.9973E-05
9.9982E-05 0.861411 0.089858 9.9982E-05 0.00618501 0.0423457
0.0334842 0.847627 0.00482549 0.0823929 0.0100911 0.021579
9.9982E-05 0.91901 0.0135699 0.0313786 0.0358419 9.9982E-05
0.0424525 0.818729 0.0972361 0.0413821 9.9982E-05 9.9982E-05
0.24882 0.582442 9.9982E-05 0.0158549 0.152683 9.9982E-05
0.341263 0.572949 0.00339279 9.9982E-05 0.0821949 9.9982E-05
0.269834 0.533251 9.9982E-05 0.0729766 0.123739 9.9982E-05
0.314098 0.490171 9.9982E-05 0.0157693 0.179762 9.9982E-05
0.178593 9.9991E-05 0.0931123 0.0155115 0.272932 0.439751
0.179378 0.0435466 0.037925 0.0224425 0.131188 0.58552
0.245092 0.0436417 9.9991E-05 0.00531873 0.300205 0.405643
0.55147 9.9991E-05 0.0242346 0.0344198 0.118617 0.271159
9.9991E-05 0.0530683 0.0887378 0.0238265 0.298277 0.53599
0.130123 0.00338155 0.0078716 0.0106469 0.270341 0.577636
0.0706047 9.9991E-05 0.0263014 0.119729 0.383181 0.400084
0.0124981 9.9991E-05 0.101981 0.038052 0.566064 0.281305
0.139451 9.9982E-05 9.9982E-05 0.0210841 0.370654 0.46861
0.081538 9.9973E-05 9.9973E-05 0.203695 0.714467 9.9973E-05
9.9991E-05 0.0167814 0.0145422 0.185419 0.515905 0.267252
0.0307074 0.0212669 0.00538257 0.040282 0.341004 0.561357
0.172347 0.0363776 9.9982E-05 9.9982E-05 0.682815 0.10826
0.805261 0.0863685 0.00123536 0.0743482 0.0326874 9.9991E-05
0.835111 0.057227 0.000562764 0.0470676 9.9991E-05 0.0599318
0.931379 0.00576798 9.9973E-05 0.0625527 9.9973E-05 9.9973E-05
0.920856 0.0567696 9.9973E-05 0.0220749 9.9973E-05 9.9973E-05
0.884914 9.9973E-05 0.0332406 0.0815455 9.9973E-05 9.9973E-05
0.836529 0.00324728 0.100202 9.9982E-05 9.9982E-05 0.0598208
0.00771038 0.837867 9.9973E-05 9.9973E-05 9.9973E-05 0.154122
0.0419635 0.857999 0.0178187 9.9982E-05 9.9982E-05 0.0820187
9.9973E-05 0.776667 0.0842216 9.9973E-05 9.9973E-05 0.138811
0.048451 0.783984 0.0444246 9.9982E-05 9.9982E-05 0.12294
0.0502125 0.759301 0.0821995 0.0112968 0.0234307 0.0735593
0.580953 0.364576 9.9973E-05 0.0541715 9.9973E-05 9.9973E-05
0.419673 0.478106 9.9982E-05 0.0555908 0.0464294 9.9982E-05
0.462494 0.467556 0.00552225 0.045939 0.0183879 9.9991E-05
9.9964E-05 0.795151 9.9964E-05 9.9964E-05 9.9964E-05 0.204449
0.515178 0.395582 9.9982E-05 0.0102358 0.0788045 9.9982E-05
9.9982E-05 0.177354 0.364132 0.251282 9.9982E-05 0.207032
9.9973E-05 0.190305 0.286906 9.9973E-05 9.9973E-05 0.522489
0.00802677 0.285772 0.230701 0.079852 0.115495 0.280152
9.9973E-05 0.368674 0.34829 0.282736 9.9973E-05 9.9973E-05
0.278979 0.031507 9.9991E-05 0.0803599 0.106756 0.502298
0.231902 9.9982E-05 9.9982E-05 0.329971 0.00130473 0.436622
0.4824 0.0351917 9.9973E-05 9.9973E-05 9.9973E-05 0.482109
0.150669 9.9991E-05 0.0260377 0.224584 0.152516 0.446094
0.184989 9.9973E-05 9.9973E-05 0.564953 0.249759 9.9973E-05
0.166101 0.0347573 9.9991E-05 0.181668 0.0824468 0.534927
0.319688 0.0410705 9.9991E-05 0.127612 0.0505828 0.460947
0.208671 9.9982E-05 9.9982E-05 0.406778 0.201392 0.182959
0.159386 9.9991E-05 0.0794289 0.229966 0.0588138 0.472306
0.227245 9.9991E-05 0.0282022 0.107875 0.0708055 0.565773
0.0984737 0.113264 0.213799 0.0767408 0.118665 0.379057
0.233446 9.9991E-05 0.0135668 0.275903 0.00300795 0.473976
0.233324 9.9991E-05 0.022205 0.103256 0.158276 0.482839
0.140528 9.9991E-05 0.196147 0.201083 0.150646 0.311496
0.209789 9.9982E-05 9.9982E-05 0.0902388 0.15017 0.549603
0.170907 0.0382233 0.121463 0.0419246 0.0573235 0.570158
9.9982E-05 0.754917 0.12804 9.9982E-05 0.00302823 0.113814
9.9982E-05 0.840313 0.0629421 9.9982E-05 0.0230249 0.0735203
0.0487253 0.80229 0.039062 9.9982E-05 0.109723 9.9982E-05
0.02583 0.820525 0.0645032 9.9991E-05 0.0819399 0.00710184
9.9973E-05 0.82561 0.0308674 9.9973E-05 9.9973E-05 0.143223
0.498055 0.0145323 0.0279851 0.104735 0.038224 0.316469
0.165654 0.0104641 0.0856095 0.011634 0.0815414 0.645097
0.273655 0.0140755 0.0275117 0.00847247 0.127542 0.548743
0.3117 9.9991E-05 0.160963 0.205678 0.0543117 0.267248
0.571162 0.140547 9.9991E-05 0.0619274 0.159568 0.0666951
0.327216 0.00910976 0.00698652 0.0836751 9.9991E-05 0.572913
0.529236 0.0712028 0.0355367 0.0681142 0.0185554 0.277355
0.152857 9.9991E-05 0.116962 0.259931 0.157948 0.312202
0.455341 0.0692734 0.0260439 0.193932 0.0296766 0.225733
0.488426 0.053378 9.9991E-05 0.0999371 0.0112142 0.346944
0.299252 0.0478747 0.0194389 0.190786 0.018775 0.423873
0.0353103 9.9973E-05 9.9973E-05 0.602364 9.9973E-05 0.362026
0.128219 0.0285581 0.0106113 0.240357 0.0571525 0.535102
0.0616406 9.9982E-05 9.9982E-05 0.49911 0.0185235 0.420526
0.0352011 0.0825299 9.9982E-05 0.296539 9.9982E-05 0.58553
0.0557363 9.9982E-05 9.9982E-05 0.697489 0.101816 0.144759
9.9973E-05 9.9973E-05 9.9973E-05 0.645286 0.0644601 0.289954
0.0541554 9.9973E-05 9.9973E-05 0.370479 9.9973E-05 0.575066
0.125768 9.9982E-05 9.9982E-05 0.53124 0.120727 0.222065
0.0492625 9.9982E-05 9.9982E-05 0.299288 0.109949 0.541301
0.55622 0.0113396 0.00557571 0.102724 0.171462 0.152678
0.264864 9.9991E-05 0.0462029 0.320815 0.09212 0.275898
0.364917 0.0293727 0.0443658 0.0375216 0.135084 0.388739
0.184525 0.084481 0.0311314 0.0151274 0.0212902 0.663445
0.436721 9.9982E-05 9.9982E-05 0.0633375 0.191569 0.308173
0.243178 9.9991E-05 0.155739 0.0281685 0.118407 0.454408
0.275134 9.9982E-05 0.0521724 9.9982E-05 0.244414 0.428079
0.450095 9.9982E-05 0.082811 9.9982E-05 0.225549 0.241344
0.433927 9.9982E-05 0.0984949 9.9982E-05 0.116128 0.351249
0.173772 9.9982E-05 0.0820256 0.0891684 9.9982E-05 0.654834
0.119196 0.0782756 0.0427648 0.203717 0.0966374 0.459409
0.201835 9.9991E-05 0.0900619 0.143763 0.0593589 0.504882
0.371139 0.0489525 0.0182746 0.0799185 9.9991E-05 0.481615
0.299491 0.0591095 0.0828593 9.9991E-05 0.00626937 0.55217
9.9991E-05 0.294636 0.201713 0.074828 0.078076 0.350647
9.9991E-05 0.220494 0.15121 0.0407699 0.0840445 0.503382
0.047817 0.0687136 0.133766 0.135346 9.9991E-05 0.614258
9.9991E-05 0.161324 0.182312 0.026277 0.0729894 0.556997
0.179969 9.9991E-05 0.0490039 0.264268 0.00193729 0.504722
9.9991E-05 0.232883 0.142996 0.48055 0.117092 0.0263788
0.0776561 0.135356 0.163972 0.114111 9.9991E-05 0.508806
0.0943471 0.00915228 0.243294 0.122582 0.0299327 0.500692
0.0597709 0.172609 0.149285 0.253951 0.102141 0.262244
9.9982E-05 0.248281 0.193109 0.0287494 9.9982E-05 0.52966
9.9973E-05 0.431071 0.200445 0.368184 9.9973E-05 9.9973E-05
9.9982E-05 0.214489 0.198176 0.0776242 9.9982E-05 0.509511
0.0925674 0.188616 0.113142 0.103919 0.0272486 0.474507
0.0950532 0.00679895 0.113299 0.292848 0.0403217 0.45168
0.108383 9.9982E-05 9.9982E-05 0.626873 0.178955 0.0855894
0.0720365 9.9982E-05 9.9982E-05 0.643004 0.204926 0.0798335
0.0236406 0.132048 0.30262 0.176977 0.00247382 0.36224
9.9982E-05 0.115471 0.345315 0.222304 9.9982E-05 0.316711
9.9991E-05 0.165386 0.367804 0.329495 0.0757376 0.0614775
9.9982E-05 0.246888 0.216461 0.189141 9.9982E-05 0.347309
9.9982E-05 0.0363612 0.0718389 0.72345 9.9982E-05 0.168149
0.026265 0.085369 0.0859442 0.502236 0.0144341 0.285752
9.9982E-05 9.9982E-05 0.169568 0.224792 0.123326 0.482114
9.9991E-05 0.0319718 0.197656 0.213617 0.11931 0.437345
0.0424002 0.000606585 0.123213 0.521166 0.0418654 0.270749
0.00924068 0.029023 0.207692 0.259401 0.0563043 0.438339
0.0424007 0.000730031 0.102383 0.201629 0.164129 0.488728
0.126124 0.0202659 9.9991E-05 0.387794 0.014526 0.45119
0.153817 9.9982E-05 9.9982E-05 0.370338 0.0438753 0.431769
0.11259 0.0595214 0.0750917 0.324658 0.0314209 0.396718
9.9973E-05 9.9973E-05 9.9973E-05 0.394822 0.0428347 0.562043
0.0971142 9.9982E-05 9.9982E-05 0.519348 0.0866713 0.296667
0.0021569 0.0280233 0.0256407 0.161736 0.15617 0.626273
0.0774981 9.9982E-05 9.9982E-05 0.52132 0.149296 0.251686
0.0388923 9.9982E-05 9.9982E-05 0.419759 0.0395454 0.501603
0.103111 0.149973 0.257784 0.135559 9.9991E-05 0.353473
0.0815562 0.186857 0.189542 0.142274 9.9991E-05 0.399671
9.9982E-05 0.138678 0.146827 0.619104 0.0951916 9.9982E-05
9.9982E-05 0.0907125 0.246729 0.127586 9.9982E-05 0.534773
9.9973E-05 0.323164 0.14352 0.533015 9.9973E-05 9.9973E-05
0.0192233 9.9991E-05 0.233727 0.213402 0.0436864 0.489861
9.9973E-05 9.9973E-05 9.9973E-05 0.693983 0.202125 0.103592
0.0233962 9.9982E-05 9.9982E-05 0.687169 0.249552 0.039683
9.9973E-05 9.9973E-05 9.9973E-05 0.287123 0.0673544 0.645223
9.9982E-05 9.9982E-05 0.00910869 0.208133 0.0130438 0.769515
9.9973E-05 9.9973E-05 9.9973E-05 0.407982 0.102927 0.48879
9.9973E-05 9.9973E-05 9.9973E-05 0.192162 0.17883 0.628707
9.9973E-05 9.9973E-05 9.9973E-05 0.286017 0.101762 0.611921
9.9982E-05 0.808913 0.0352821 0.0693347 9.9982E-05 0.0862699
0.141675 0.703827 0.0881966 9.9991E-05 0.027784 0.0384169
0.068282 0.845323 0.0860953 9.9973E-05 9.9973E-05 9.9973E-05
9.9973E-05 0.943876 9.9973E-05 0.0191821 9.9973E-05 0.0366419
0.011403 0.0969233 9.9991E-05 0.0231421 0.349719 0.518713
9.9973E-05 0.0368964 9.9973E-05 9.9973E-05 0.448894 0.51391
0.101352 0.0430443 0.0259479 0.0321328 0.499888 0.297636
9.9973E-05 9.9973E-05 0.174695 9.9973E-05 0.39126 0.433745
9.9973E-05 9.9973E-05 9.9973E-05 0.220793 0.375568 0.403339
0.0185318 0.271635 0.151276 0.0530308 9.9991E-05 0.505426
0.021917 9.9991E-05 0.068901 0.172428 0.278834 0.45782
0.0479673 0.0450034 9.9982E-05 9.9982E-05 0.539869 0.366961
0.0315084 9.9991E-05 0.0630059 0.0267465 0.37815 0.500489
0.0997909 0.0600333 9.9982E-05 9.9982E-05 0.346222 0.493754
9.9982E-05 9.9982E-05 0.04214 0.0501625 0.386537 0.52096
9.9973E-05 9.9973E-05 9.9973E-05 0.0396782 0.916895 0.0431269
9.9982E-05 9.9982E-05 0.0263361 0.132258 0.53086 0.310346
9.9982E-05 9.9982E-05 0.0318328 0.135024 0.513887 0.319056
9.9964E-05 9.9964E-05 9.9964E-05 0.11453 0.88507 9.9964E-05
0.0704457 0.0784921 9.9982E-05 9.9982E-05 0.334716 0.516146
9.9973E-05 9.9973E-05 9.9973E-05 0.310994 0.611224 0.0774822
9.9964E-05 9.9964E-05 9.9964E-05 0.229415 0.770185 9.9964E-05
9.9991E-05 0.0367964 0.0701484 0.0275721 0.27937 0.586013
0.0825632 0.0434545 9.9982E-05 9.9982E-05 0.517527 0.356255
0.138865 9.9982E-05 0.0665728 9.9982E-05 0.322808 0.471554
0.0980301 9.9982E-05 0.0133971 9.9982E-05 0.384707 0.503666
0.283713 9.9991E-05 0.107695 0.107616 0.149826 0.351051
0.0707092 9.9982E-05 0.0746878 9.9982E-05 0.344733 0.50967
0.105646 0.0518853 9.9982E-05 9.9982E-05 0.308482 0.533787
0.0192561 9.9973E-05 9.9973E-05 9.9973E-05 0.655646 0.324798
0.344144 0.633848 9.9973E-05 9.9973E-05 0.0217079 9.9973E-05
0.143258 0.741648 0.0169749 0.0256435 0.0112235 0.0612519
0.13717 0.813711 9.9982E-05 0.0327991 0.0161197 9.9982E-05
0.134763 0.826124 9.9982E-05 0.0332774 0.00563571 9.9982E-05
0.217036 0.722616 9.9982E-05 0.00935109 9.9982E-05 0.0507973
0.112873 0.0275369 0.0539241 9.9991E-05 0.761482 0.0440839
0.138059 0.080309 9.9982E-05 9.9982E-05 0.581984 0.199448
9.9982E-05 9.9982E-05 0.0130967 0.0930673 0.765864 0.127772
9.9991E-05 0.00227418 0.0465961 0.166602 0.505271 0.279156
0.0356802 9.9982E-05 0.0502639 9.9982E-05 0.355818 0.558038
0.000788922 0.0669865 0.0628539 0.0161297 0.449663 0.403578
0.0558058 0.0305521 0.0623451 0.117526 0.203385 0.530385
0.222316 9.9991E-05 0.0307917 0.000759226 0.590166 0.155867
0.0475945 0.0121095 9.9982E-05 9.9982E-05 0.518397 0.421699
0.087748 9.9982E-05 0.00438234 9.9982E-05 0.609886 0.297784
0.0936358 0.117797 0.0482549 0.104188 9.9991E-05 0.636024
0.0379507 0.00965244 9.9982E-05 9.9982E-05 0.477422 0.474775
0.0303878 0.0300289 0.0338142 0.0659841 0.389327 0.450458
9.9982E-05 0.0371472 0.445569 0.0378089 9.9982E-05 0.479275
0.0248436 0.129304 0.512533 0.0526112 9.9991E-05 0.280608
9.9991E-05 0.0702289 0.019518 0.14752 0.246586 0.516047
9.9982E-05 0.268467 0.579993 0.0651747 9.9982E-05 0.0861658
9.9982E-05 0.201558 0.446816 9.9982E-05 0.0672567 0.28417
9.9982E-05 0.172761 0.154157 0.25711 9.9982E-05 0.415772
9.9982E-05 0.173925 9.9982E-05 0.17931 0.0111559 0.635409
0.0808064 0.102104 0.0124684 0.231004 0.0679278 0.505689
9.9973E-05 0.199023 0.423905 9.9973E-05 9.9973E-05 0.376772
9.9973E-05 0.13333 0.426604 9.9973E-05 9.9973E-05 0.439766
9.9982E-05 0.126349 0.494814 0.0242132 9.9982E-05 0.354424
9.9991E-05 0.158902 0.454881 0.0825343 0.0148733 0.28871
9.9982E-05 0.124496 9.9982E-05 0.230883 0.0624377 0.581984
0.0132182 0.187985 0.599827 0.0161586 0.00897315 0.173838
0.199826 0.176542 9.9991E-05 0.262373 0.0761552 0.285004
0.008413 9.9991E-05 0.0763216 0.152798 0.0131853 0.749182
0.225529 0.104232 0.0103378 0.0282308 9.9991E-05 0.63157
0.0716352 0.165585 0.00255264 0.158405 0.0801465 0.521676
0.00406232 0.273083 0.144447 0.0379117 0.140131 0.400365
9.9991E-05 0.309211 0.235439 0.0107053 0.0403633 0.404181
9.9973E-05 0.246483 0.569858 9.9973E-05 9.9973E-05 0.18336
0.0597673 0.0925455 9.9991E-05 0.178848 0.135962 0.532777
9.9982E-05 0.126167 0.032089 0.623727 9.9982E-05 0.217817
0.177724 0.110526 0.000778498 0.209847 0.039346 0.461778
9.9991E-05 0.191898 0.186685 0.142313 0.0175148 0.461489
9.9973E-05 0.289195 0.215803 0.494703 9.9973E-05 9.9973E-05
9.9973E-05 0.286119 0.09218 0.621401 9.9973E-05 9.9973E-05
0.105081 0.155999 0.102663 0.324598 9.9991E-05 0.311558
9.9982E-05 0.381252 0.160896 0.398822 9.9982E-05 0.0588295
9.9973E-05 0.401075 0.250668 0.347957 9.9973E-05 9.9973E-05
9.9991E-05 0.151526 0.101 0.311691 0.00478439 0.430899
0.0269975 0.253371 0.12027 0.230849 0.00411329 0.364399
0.00084551 0.32536 0.154509 0.289233 9.9991E-05 0.229952
9.9982E-05 0.307691 0.160641 0.47495 9.9982E-05 0.0565177
9.9991E-05 0.0876625 0.187951 0.228123 0.0684643 0.427699
9.9991E-05 0.212658 0.162444 0.411938 0.109262 0.103599
9.9973E-05 0.439233 0.0854501 0.475017 9.9973E-05 9.9973E-05
0.0162782 0.201705 0.267076 0.210449 9.9991E-05 0.304392
0.00590531 0.347499 0.162689 9.9991E-05 0.125725 0.358081
9.9973E-05 0.188243 0.28946 9.9973E-05 9.9973E-05 0.521998
9.9991E-05 0.20493 0.220917 0.0653696 0.00899819 0.499686
9.9973E-05 0.346367 0.154392 9.9973E-05 9.9973E-05 0.49894
0.041 0.195223 0.247099 0.0841383 0.0354455 0.397094
9.9982E-05 0.25608 0.299754 9.9982E-05 0.0619591 0.382007
9.9991E-05 0.25466 0.227918 0.139498 0.0542931 0.323532
0.146295 0.1388 0.188825 0.0935602 0.224304 0.208215
0.0313953 0.246547 0.255702 0.0956893 9.9991E-05 0.370567
9.9991E-05 0.365979 0.236155 0.247036 0.0444822 0.106248
9.9982E-05 0.264198 0.402519 0.188816 9.9982E-05 0.144267
0.142133 0.809609 0.0158098 9.9982E-05 0.0322481 9.9982E-05
0.76459 0.0439889 9.9991E-05 0.0440738 0.0216302 0.125617
0.9995 9.996E-05 9.996E-05 9.996E-05 9.996E-05 9.996E-05
0.9995 9.996E-05 9.996E-05 9.996E-05 9.996E-05 9.996E-05
0.914362 9.9964E-05 9.9964E-05 9.9964E-05 9.9964E-05 0.0852378
0.898465 9.9973E-05 0.0197798 9.9973E-05 9.9973E-05 0.0814557
0.851066 9.9964E-05 9.9964E-05 9.9964E-05 9.9964E-05 0.148534
0.971199 0.0284013 9.9964E-05 9.9964E-05 9.9964E-05 9.9964E-05
0.812484 0.187116 9.9964E-05 9.9964E-05 9.9964E-05 9.9964E-05
0.0244282 0.871197 0.0512404 0.0230915 9.9991E-05 0.029943
0.0880461 0.79668 9.9973E-05 9.9973E-05 9.9973E-05 0.114974
9.9982E-05 0.889538 0.0565126 9.9982E-05 0.0425766 0.0111732
0.109471 0.777351 9.9982E-05 0.0160267 9.9982E-05 0.0969515
9.9973E-05 0.890584 0.0567182 9.9973E-05 0.0523976 9.9973E-05
0.0948041 0.898216 9.9973E-05 9.9973E-05 9.9973E-05 0.00667996
0.0769487 0.721469 0.116641 9.9982E-05 9.9982E-05 0.0847409
9.9991E-05 0.881897 0.0473255 0.0110306 0.0311412 0.0285055
0.096714 0.742068 0.0181565 0.0315184 0.0410846 0.0704589
9.9982E-05 0.874868 0.0417723 9.9982E-05 0.0349332 0.0482265
0.0182924 0.947219 9.9982E-05 0.00918732 0.0251015 9.9982E-05
0.0161966 0.827793 0.040343 0.0562107 9.9991E-05 0.0593564
0.0503884 0.941806 0.00750603 9.9973E-05 9.9973E-05 9.9973E-05
0.0287002 0.899017 0.0343142 9.9982E-05 9.9982E-05 0.0377687
0.010946 0.884214 0.0140965 9.9982E-05 9.9982E-05 0.0905437
9.9973E-05 0.832966 0.0503229 9.9973E-05 9.9973E-05 0.116411
9.9973E-05 0.769367 0.133251 9.9973E-05 9.9973E-05 0.0970827
9.9973E-05 0.806372 0.0479739 9.9973E-05 9.9973E-05 0.145354
9.9973E-05 0.78407 0.0878754 9.9973E-05 9.9973E-05 0.127755
0.102279 0.143344 9.9991E-05 0.244695 0.0380767 0.471506
0.0238675 0.0424789 9.9991E-05 0.146064 0.00353694 0.783952
0.0143724 0.0123605 0.0530023 0.682321 0.053555 0.184388
0.0842805 0.151445 9.9982E-05 0.102193 9.9982E-05 0.661881
9.9982E-05 0.123493 0.0142042 0.704033 9.9982E-05 0.15807
0.0617509 0.127027 9.9991E-05 0.145941 0.0275645 0.637617
0.165772 0.0754488 9.9982E-05 0.267182 9.9982E-05 0.491397
0.0629551 0.0732224 9.9991E-05 0.231718 0.0489557 0.583049
0.0467129 0.0419555 0.0667102 0.0477366 0.312669 0.484216
0.119353 0.0965758 9.9991E-05 0.209587 0.0327877 0.541597
0.121857 0.162564 9.9982E-05 0.129114 9.9982E-05 0.586264
0.400697 9.9991E-05 0.0556373 0.289854 0.229497 0.0242143
0.156197 9.9973E-05 9.9973E-05 0.807158 9.9973E-05 0.0363452
0.046838 0.0524762 9.9982E-05 0.597073 9.9982E-05 0.303413
0.00789501 0.118503 9.9982E-05 0.225767 9.9982E-05 0.647634
9.9982E-05 0.0989157 9.9982E-05 0.222091 0.0738049 0.604989
9.9991E-05 0.179114 0.194727 0.0472107 0.0589957 0.519853
0.011873 0.238595 0.183519 9.9991E-05 0.0202399 0.545673
0.0478418 0.434662 0.136815 0.164422 0.0174991 0.198761
0.0897571 0.249004 0.1274 0.0337664 0.00684571 0.493227
9.9973E-05 0.334854 0.214295 0.450551 9.9973E-05 9.9973E-05
9.9982E-05 0.262315 0.188372 0.245284 9.9982E-05 0.303829
0.0200944 0.321007 0.178846 0.034302 0.0971622 0.348588
0.120892 0.326621 0.102722 9.9991E-05 0.0437176 0.405947
9.9982E-05 0.199888 0.182081 9.9982E-05 0.0803101 0.537521
9.9991E-05 0.200764 0.142933 0.147172 0.106322 0.402709
0.047402 0.461085 0.111606 9.9991E-05 0.013909 0.365899
