9.9982E-05 0.0450643 9.9982E-05 0.921141 0.0335948
0.0645247 9.9973E-05 9.9973E-05 0.935175 9.9973E-05
9.999E-05 0.0418976 0.0783421 0.80049 0.0791703
9.9982E-05 0.107917 9.9982E-05 0.787562 0.104321
9.9982E-05 9.9982E-05 0.0781969 0.89714 0.024463
0.130007 0.0714947 0.112014 0.624166 0.062318
0.140303 0.00240623 0.00883772 0.848353 9.9991E-05
0.138631 0.100784 9.9991E-05 0.701008 0.0594777
0.0442359 0.103295 9.9982E-05 0.852269 9.9982E-05
0.106189 0.0506319 0.0566275 0.690915 0.0956365
0.0481614 0.104525 0.0600108 0.787203 9.9991E-05
0.0486454 0.436596 0.433231 9.9991E-05 0.0814284
0.090676 0.211161 0.563271 0.0455702 0.0893214
0.0817245 0.416578 0.34797 0.00554474 0.148183
0.00604504 0.305192 0.374613 0.0915864 0.222564
0.0567378 0.20036 0.450604 0.115237 0.177062
0.0360423 0.218955 0.585671 0.00982914 0.149503
0.015635 0.348263 0.407282 0.0881468 0.140673
0.111588 0.581893 0.195055 0.0774572 0.0340072
0.0269888 0.286826 0.529162 0.0151953 0.141828
0.160126 0.157477 0.465503 0.074574 0.142319
0.0873515 0.151363 0.630196 0.0527447 0.078345
0.0370795 0.286296 0.512066 0.0763003 0.0882578
0.0218271 0.19793 0.565099 0.028942 0.186202
0.00545939 0.438392 0.453502 0.0611094 0.0415368
0.0950609 0.350559 0.384217 0.0326065 0.137557
0.08814 0.401597 0.434492 0.00933206 0.0664391
9.9982E-05 9.9982E-05 0.12257 0.814701 0.0625284
9.9982E-05 9.9982E-05 0.155424 0.841119 0.00325702
9.9982E-05 9.9982E-05 0.158883 0.813471 0.0274467
9.9982E-05 9.9982E-05 0.185416 0.768781 0.0456026
0.0922091 0.160713 0.657282 0.0346491 0.0551461
0.0833312 0.00371797 0.76905 0.0614615 0.0824393
0.0741269 0.564021 0.253918 0.100903 0.00703158
0.288276 0.0541467 0.637371 0.0146299 0.00557646
0.0696399 9.9991E-05 0.847291 0.0176933 0.065276
0.121311 0.0234215 0.674558 0.133356 0.0473534
0.0690052 0.0394431 0.71307 0.128383 0.050099
0.318768 0.20069 0.480342 9.9982E-05 9.9982E-05
0.140322 0.0408978 0.553237 0.0894067 0.176136
0.373599 0.00577636 0.620425 9.9982E-05 9.9982E-05
0.714383 0.0942917 0.140767 0.0504582 9.9991E-05
0.174809 0.430852 0.39414 9.9982E-05 9.9982E-05
0.520845 0.186717 0.255367 0.0301071 0.00696427
0.255639 0.334959 0.340884 0.068418 9.9991E-05
0.0610348 0.215934 0.538736 0.0343105 0.149985
0.205027 0.160211 0.504371 0.120929 0.00946109
0.265688 0.345158 0.151774 0.192071 0.0453086
0.0588131 0.250486 0.512907 0.0591059 0.118688
0.266893 0.426851 0.214686 0.0914704 9.9991E-05
0.00826444 0.193093 0.671606 0.0634124 0.0636237
0.110553 0.121576 0.618808 9.9991E-05 0.148963
0.27687 0.287303 0.346148 0.0168377 0.0728415
0.0722675 0.227084 0.555052 0.0045753 0.141021
0.211934 0.393538 0.363715 0.0307142 9.9991E-05
0.143713 0.0643373 0.79175 9.9982E-05 9.9982E-05
0.267865 0.147046 0.583928 0.00106063 9.9991E-05
0.638157 0.00470796 0.356935 9.9982E-05 9.9982E-05
0.536027 0.0215733 0.4422 9.9982E-05 9.9982E-05
0.303756 0.0475139 0.64853 9.9982E-05 9.9982E-05
0.12021 0.0861084 0.760291 0.0332904 9.9991E-05
0.191608 0.0387694 0.682033 0.0398718 0.0477172
0.199346 0.198917 0.601223 0.000413722 9.9991E-05
0.0939965 0.271851 0.580038 0.0540142 9.9991E-05
0.172553 0.14163 0.678581 0.00713581 9.9991E-05
0.10818 0.167831 0.662672 0.0340177 0.0272989
0.272424 9.9982E-05 0.722 0.00537593 9.9982E-05
0.735842 9.9973E-05 0.263858 9.9973E-05 9.9973E-05
9.9991E-05 0.0391866 0.085205 0.859264 0.0162448
9.9973E-05 9.9973E-05 0.0667492 0.932951 9.9973E-05
9.9991E-05 0.00454394 0.0586989 0.875878 0.0607793
9.9982E-05 9.9982E-05 0.0214311 0.955554 0.0228152
0.0212504 9.9991E-05 0.0203031 0.912641 0.0457054
0.0566563 9.9991E-05 0.00423104 0.874509 0.0645032
9.9982E-05 9.9982E-05 0.0250523 0.970851 0.00389691
0.394027 0.137737 0.468036 9.9982E-05 9.9982E-05
0.0799272 0.133203 0.759581 0.027189 9.9991E-05
0.0875239 9.9991E-05 0.789261 0.0579939 0.065121
0.158628 0.0242826 0.684315 0.0704779 0.0622965
0.236068 9.9982E-05 0.64014 9.9982E-05 0.123592
0.395734 0.246556 0.35751 9.9982E-05 9.9982E-05
0.35164 0.00999771 0.598291 0.0286907 0.0113813
0.227897 9.9982E-05 0.758433 0.0134699 9.9982E-05
0.10045 0.112292 0.724317 0.0628406 9.9991E-05
0.318956 9.9982E-05 0.605205 9.9982E-05 0.0756391
0.0282617 0.127718 0.745588 0.0983328 9.9991E-05
0.258612 0.269549 0.374957 0.0224315 0.0744511
0.0489903 0.283895 0.466501 0.0833558 0.117258
9.9991E-05 0.317391 0.534355 0.0802997 0.0678542
9.9991E-05 0.266463 0.587027 0.000515786 0.145894
0.0683776 0.342535 0.535038 0.0160069 0.0380431
0.0140664 0.168769 0.728158 0.0889066 9.9991E-05
0.0275517 0.328198 0.554592 9.9991E-05 0.0895585
9.9982E-05 0.17691 0.710933 9.9982E-05 0.111957
0.0485545 0.211614 0.595519 0.0101357 0.134177
0.178271 0.208175 0.439598 0.10675 0.0672058
9.9991E-05 0.179092 0.624254 0.0525504 0.144003
0.0366075 0.159432 0.619486 0.0368509 0.147624
0.102671 0.424084 0.398716 0.00367589 0.0708534
0.390483 0.288921 0.234768 9.9991E-05 0.0857275
0.481346 0.289493 0.163191 9.9991E-05 0.0658692
0.0958038 0.355775 0.49058 0.0577406 9.9991E-05
0.082894 0.350125 0.47532 9.9991E-05 0.0915604
0.0633777 0.39806 0.517642 0.0208202 9.9991E-05
0.0301018 0.436562 0.481463 0.0273002 0.024573
0.0562398 0.164754 0.538413 0.0609417 0.179652
0.353058 0.318703 0.254451 9.9991E-05 0.0736879
0.254116 0.0322585 0.464422 0.07263 0.176573
0.66268 0.117755 9.9991E-05 0.178219 0.0412459
0.313903 0.07346 0.375017 0.0853949 0.152225
0.192684 0.0188042 0.575599 0.142901 0.0700122
0.423004 0.0944953 0.228716 0.178548 0.0752362
0.5447 0.0860442 0.276059 0.0930968 9.9991E-05
0.184076 0.0583303 0.669911 0.0875834 9.9991E-05
0.480349 0.0966514 0.192692 0.1264 0.103908
0.34655 0.152279 0.482466 9.9991E-05 0.0186048
0.324037 0.0789514 0.537331 9.9991E-05 0.05958
0.216994 0.0790783 0.0219081 0.282653 0.399367
0.275222 9.9982E-05 9.9982E-05 0.549196 0.175383
0.39931 9.9982E-05 9.9982E-05 0.44329 0.1572
0.123892 0.0904235 0.0217589 0.330199 0.433727
0.196872 9.9982E-05 0.726552 9.9982E-05 0.0763753
9.9973E-05 9.9973E-05 0.342312 9.9973E-05 0.657388
0.554729 0.0443 0.352882 0.00195407 0.0461348
0.734897 9.9982E-05 0.166234 9.9982E-05 0.0986684
0.276787 0.0392932 0.586878 9.9991E-05 0.0969419
0.32136 0.0452971 0.560022 0.0676331 0.00568745
0.246458 0.0254487 0.566226 0.00691535 0.154952
0.585975 0.0557728 0.329009 0.0195995 0.00964346
0.00364816 9.9973E-05 9.9973E-05 9.9973E-05 0.996052
9.9982E-05 0.0264507 0.0741004 9.9982E-05 0.899249
9.9991E-05 0.00768423 0.28681 0.0131354 0.69227
0.0149083 0.104345 0.0296679 9.9991E-05 0.850979
9.997E-05 9.997E-05 9.997E-05 9.997E-05 0.9996
9.9973E-05 0.04769 9.9973E-05 9.9973E-05 0.95201
9.9973E-05 9.9973E-05 0.155515 9.9973E-05 0.844185
9.9973E-05 0.0343441 9.9973E-05 9.9973E-05 0.965356
9.997E-05 9.997E-05 9.997E-05 9.997E-05 0.9996
9.9973E-05 9.9973E-05 9.9973E-05 0.00855681 0.991143
9.9991E-05 0.00359346 0.180959 0.0300042 0.785343
9.9991E-05 0.0190474 0.172708 0.0599887 0.748156
9.9991E-05 0.012042 0.0164293 0.00619487 0.965234
9.9982E-05 9.9982E-05 0.19178 0.0668611 0.741159
0.00286424 0.0567416 0.00778899 9.9991E-05 0.932505
9.9973E-05 9.9973E-05 0.0174522 9.9973E-05 0.982248
0.0128997 9.9991E-05 0.0862962 0.0158061 0.884898
9.997E-05 9.997E-05 9.997E-05 9.997E-05 0.9996
9.9982E-05 9.9982E-05 0.257303 0.0876134 0.654884
0.0156955 0.0641753 0.00185451 0.0193383 0.898936
0.551641 9.9982E-05 9.9982E-05 0.372778 0.075381
0.174144 0.106421 0.383461 0.201494 0.13448
0.214548 0.0262692 0.382986 0.221045 0.155152
0.425854 0.0680514 0.112637 0.227262 0.166195
0.418756 9.9991E-05 0.132133 0.245664 0.203347
0.284445 9.9991E-05 0.328934 0.161775 0.224746
0.104528 0.0885206 0.423076 0.167565 0.21631
0.260398 9.9991E-05 0.294501 0.148674 0.296328
0.0201228 0.102508 9.9982E-05 0.877169 9.9982E-05
9.9982E-05 0.0464106 9.9982E-05 0.937268 0.0161213
0.0167107 9.9973E-05 9.9973E-05 0.982989 9.9973E-05
9.9973E-05 0.0540931 9.9973E-05 0.945607 9.9973E-05
9.9982E-05 0.0822391 9.9982E-05 0.85409 0.0634707
9.9982E-05 9.9982E-05 0.0105808 0.940411 0.0488086
9.9982E-05 9.9982E-05 0.0327347 0.8953 0.0717653
0.12123 9.9982E-05 9.9982E-05 0.874767 0.00380301
0.0281103 0.0249009 0.0135326 0.915532 0.0179243
9.9982E-05 0.0297833 9.9982E-05 0.867815 0.102201
0.129239 0.250379 9.9982E-05 0.620183 9.9982E-05
0.00483954 0.393098 0.00915446 0.592808 9.9991E-05
0.179476 0.2731 9.9982E-05 0.547224 9.9982E-05
0.148989 0.382371 0.00844181 0.460099 9.9991E-05
0.0554633 0.141071 0.673931 0.0580292 0.0715053
0.132612 0.158646 0.562277 9.9991E-05 0.146365
0.0837383 0.297903 0.555414 0.062845 9.9991E-05
0.0618236 0.635298 0.302678 9.9982E-05 9.9982E-05
0.0666608 0.0631623 0.733557 0.0512241 0.0853957
0.132263 0.0935815 0.701336 0.0102566 0.0625629
0.191765 0.0847613 0.607089 9.9991E-05 0.116285
0.252831 0.10788 0.616575 9.9991E-05 0.0226136
0.161961 0.203499 0.612006 9.9991E-05 0.0224343
0.72165 0.122592 0.155558 9.9982E-05 9.9982E-05
0.473878 0.0187064 0.50297 9.9991E-05 0.00434558
0.235624 9.9991E-05 0.7416 0.00964334 0.0130327
0.260043 0.267875 0.455179 0.0168028 9.9991E-05
0.0968567 0.81658 9.9991E-05 0.0812233 0.00523951
0.0732745 0.841248 0.00813205 0.0424128 0.0349328
0.0541187 0.928797 0.00169022 9.9991E-05 0.0152942
0.0529858 0.897264 9.9982E-05 0.0495502 9.9982E-05
0.0356977 0.914164 9.9982E-05 9.9982E-05 0.0499385
9.9982E-05 0.846856 9.9982E-05 0.0277674 0.125176
9.9982E-05 0.0137114 0.107009 0.879079 9.9982E-05
9.9991E-05 0.0872696 0.00834905 0.834793 0.0694888
9.9982E-05 9.9982E-05 0.153853 0.782267 0.0636802
9.9991E-05 0.0752522 0.0470478 0.786942 0.0906578
9.9991E-05 0.102093 0.00213046 0.76576 0.129917
0.0912228 0.538077 9.9982E-05 0.3705 9.9982E-05
0.123689 0.431523 9.9982E-05 0.444589 9.9982E-05
0.0717157 0.481695 9.9982E-05 0.446389 9.9982E-05
9.9991E-05 0.0130379 0.10452 0.800315 0.0820278
0.105503 0.497482 9.9991E-05 0.3825 0.0144146
0.173275 0.00951773 0.150976 0.241322 0.424908
9.9982E-05 9.9982E-05 0.437596 0.164927 0.397277
0.0834964 0.0426158 0.288809 0.269521 0.315558
0.235981 9.9982E-05 9.9982E-05 0.396435 0.367384
0.0945815 0.268564 0.57451 9.9991E-05 0.0622445
0.316907 0.222193 0.391402 9.9991E-05 0.0693982
9.9982E-05 0.392789 0.511879 0.0951322 9.9982E-05
0.246586 0.1314 0.535415 9.9991E-05 0.0864991
0.816482 0.183218 9.9973E-05 9.9973E-05 9.9973E-05
0.218033 0.148692 0.510879 0.0408694 0.0815273
0.0869653 0.35306 0.509827 0.0500479 9.9991E-05
0.490637 0.222433 0.245797 9.9991E-05 0.0410321
0.252072 0.16993 0.458316 9.9991E-05 0.119583
0.0784815 0.244467 0.522625 9.9991E-05 0.154326
0.0591406 0.152772 0.383059 0.121719 0.28331
0.295647 0.236164 0.378124 9.9991E-05 0.0899641
0.153737 0.209649 0.50907 9.9991E-05 0.127444
0.201639 0.118789 0.476577 9.9991E-05 0.202895
0.132992 0.158156 0.646012 0.042907 0.0199332
0.0650037 0.139806 0.650485 9.9991E-05 0.144605
9.9982E-05 9.9982E-05 0.10755 0.787295 0.104955
9.9982E-05 9.9982E-05 0.0681213 0.859454 0.0722245
0.0516547 0.0749252 0.0370488 0.818437 0.0179341
0.0221392 0.0571351 0.0610301 0.81567 0.0440258
9.9982E-05 9.9982E-05 0.128214 0.818648 0.0529378
0.0714358 0.518404 0.320621 9.9991E-05 0.0894396
9.9982E-05 0.128658 0.655773 9.9982E-05 0.215369
0.00401275 0.311989 0.580392 0.041659 0.0619469
0.285067 0.263098 0.30777 9.9991E-05 0.143966
0.165866 0.594971 0.13588 0.103184 9.9991E-05
0.026244 0.303726 0.568231 9.9991E-05 0.101699
0.10182 0.465884 0.318308 0.0758897 0.038099
0.269004 0.109467 0.458794 0.0846305 0.0781037
0.202809 0.437092 0.252588 0.0849888 0.0225221
0.0848478 0.504474 0.306019 0.0347775 0.0698814
0.194047 0.272937 0.348215 0.0505339 0.134267
0.476119 0.0947526 0.331231 0.0500731 0.047824
0.322355 0.005112 0.500465 0.0648506 0.107217
0.549351 0.0777988 0.334121 9.9991E-05 0.0386292
0.182152 0.136997 0.559618 0.0604918 0.0607415
0.758829 0.0742571 0.166714 9.9982E-05 9.9982E-05
0.647514 0.0218839 0.330403 9.9982E-05 9.9982E-05
0.2762 0.0697257 0.553691 0.031482 0.068902
0.552884 0.132108 0.314808 9.9982E-05 9.9982E-05
0.233167 0.154866 0.563832 0.00353684 0.0445974
0.137531 0.531846 0.315311 0.00744805 0.00786403
0.344226 0.262484 0.270384 9.9991E-05 0.122805
0.0223822 0.38054 0.43251 0.0190692 0.145498
0.00599704 0.207179 0.687314 9.9991E-05 0.0994095
0.0760902 0.463597 0.450131 9.9991E-05 0.0100815
9.9991E-05 0.244672 0.546943 0.063519 0.144766
9.9991E-05 0.32586 0.557408 0.0729286 0.0437032
0.0650139 0.442948 0.389063 9.9991E-05 0.102875
0.0779883 0.406093 0.35162 9.9991E-05 0.164198
0.0102001 0.251912 0.563656 9.9991E-05 0.174132
0.12213 0.258047 0.46662 0.0478198 0.105383
0.0352352 0.250264 0.562233 9.9991E-05 0.152168
0.0169555 0.423529 0.346083 0.0374268 0.176006
9.9991E-05 0.210249 0.619668 0.072534 0.0974485
9.9982E-05 9.9982E-05 0.457845 0.350108 0.191847
0.159712 9.9991E-05 0.35942 0.143083 0.337685
0.0710979 0.0829362 0.62104 0.0185673 0.206359
0.0320518 0.0298049 0.444854 0.189937 0.303353
0.221276 0.164249 0.468614 9.9991E-05 0.145761
0.491283 9.9991E-05 0.119038 0.227736 0.161843
0.0982284 0.0114677 0.505898 0.166625 0.217781
0.0654511 0.159479 0.416553 0.00382497 0.354692
0.199583 0.12991 0.273022 0.160928 0.236557
9.9991E-05 0.0564649 0.481634 0.161705 0.300096
0.357539 9.9982E-05 9.9982E-05 0.414353 0.227909
0.0643936 9.9991E-05 0.460205 0.198414 0.276887
0.11015 9.9991E-05 0.488989 0.243922 0.156839
0.291878 0.101354 0.368735 9.9991E-05 0.237933
0.805798 0.0263445 0.167657 9.9982E-05 9.9982E-05
0.767698 0.107506 0.122766 0.00192967 9.9991E-05
0.125388 0.027123 0.409999 0.114157 0.323334
0.175835 9.9991E-05 0.286247 0.100707 0.43711
0.274566 0.039385 0.172686 0.247264 0.2661
0.16799 9.9991E-05 0.331475 0.179299 0.321136
0.653309 9.9991E-05 0.120917 0.0510579 0.174615
0.564725 9.9991E-05 0.1964 0.0719055 0.166869
0.221314 9.9991E-05 0.543153 0.0279695 0.207463
0.225439 9.9991E-05 0.516121 0.0359576 0.222382
0.481883 9.9991E-05 0.294001 0.0667286 0.157287
0.146411 0.0382669 0.513176 0.0997637 0.202383
0.226538 0.0645499 0.518582 0.0125299 0.177801
0.384861 0.100241 0.480222 9.9991E-05 0.0345761
0.423561 0.103306 0.412269 9.9991E-05 0.060764
0.333582 0.197044 0.251458 0.0507909 0.167125
0.404728 9.9991E-05 0.549271 0.0193392 0.0265622
0.570076 0.0387894 0.369866 9.9991E-05 0.0211689
0.251906 9.9991E-05 0.629334 0.0519027 0.0667566
0.568188 0.0887761 0.32444 9.9991E-05 0.0184958
0.416931 0.0258981 0.472862 0.0313177 0.0529905
0.112081 0.0253922 0.359008 0.182627 0.320892
0.162856 0.0782552 0.231052 0.174571 0.353265
0.623761 9.9982E-05 9.9982E-05 0.157294 0.218744
0.062052 0.0161004 0.546716 0.0857907 0.289341
0.47488 9.9982E-05 9.9982E-05 0.316682 0.208238
0.180619 9.9991E-05 0.476677 0.0645545 0.27805
0.788576 9.9973E-05 0.211124 9.9973E-05 9.9973E-05
0.870046 0.00931611 0.120438 9.9982E-05 9.9982E-05
0.309365 9.9982E-05 0.659757 9.9982E-05 0.0306785
0.190504 9.9982E-05 0.683424 9.9982E-05 0.125872
0.479229 9.9982E-05 0.498072 9.9982E-05 0.022499
0.332793 0.00539151 0.596508 9.99924E-05 0.065207
0.368345 9.9982E-05 0.58985 9.9982E-05 0.0416057
0.059862 0.00050764 0.115545 0.773863 0.0502227
0.0368174 0.135366 9.9991E-05 0.731208 0.0965089
9.9982E-05 0.0422216 9.9982E-05 0.87502 0.0825582
0.064572 9.9982E-05 0.0085206 0.926707 9.9982E-05
0.21083 0.0200837 0.66103 0.0813756 0.0266813
0.143891 9.9982E-05 0.818573 0.0373358 9.9982E-05
0.306409 0.130577 0.551399 0.0115154 9.9991E-05
0.133484 9.9982E-05 0.799393 9.9982E-05 0.0669227
0.437608 9.9982E-05 0.540125 0.0220665 9.9982E-05
9.9982E-05 9.9982E-05 0.503791 0.24859 0.247419
0.277662 0.0639529 0.574804 9.9991E-05 0.0834812
0.195343 0.0916784 0.712778 9.9982E-05 9.9982E-05
0.224532 0.018601 0.756667 9.9982E-05 9.9982E-05
0.206973 0.0408488 0.712801 0.039278 9.9991E-05
0.262106 9.9991E-05 0.670863 0.0079636 0.0589672
0.532338 9.9973E-05 0.467362 9.9973E-05 9.9973E-05
0.365684 0.0896482 0.510689 9.9991E-05 0.0338789
0.269675 0.102854 0.627271 9.9982E-05 9.9982E-05
0.784781 9.9973E-05 0.214919 9.9973E-05 9.9973E-05
0.127649 0.113273 0.758878 9.9982E-05 9.9982E-05
0.626439 0.0546075 0.318753 9.9982E-05 9.9982E-05
0.766364 9.9973E-05 0.233336 9.9973E-05 9.9973E-05
0.0830545 9.9991E-05 0.769756 0.0461758 0.100914
0.285039 0.138689 0.534889 0.0412835 9.9991E-05
0.131893 0.149261 0.711119 9.9991E-05 0.00762761
0.174016 0.127205 0.639174 9.9991E-05 0.0595047
0.213594 0.23201 0.390851 9.9991E-05 0.163445
0.127131 0.0713572 0.757659 0.0437536 9.9991E-05
0.124636 0.118938 0.7069 0.00553943 0.0439867
0.366031 0.0386277 0.595142 9.9982E-05 9.9982E-05
0.0449824 0.281463 9.9982E-05 0.673355 9.9982E-05
0.00237852 0.198305 0.0278814 0.727183 0.0442525
0.0478156 0.119137 9.9982E-05 0.832847 9.9982E-05
0.0475577 0.135165 9.9982E-05 0.817078 9.9982E-05
0.0198362 0.220697 0.0454458 0.713921 9.9991E-05
0.276899 0.183065 0.517159 0.0227776 9.9991E-05
0.366494 0.176525 0.434619 0.0222616 9.9991E-05
0.529009 9.9973E-05 0.470691 9.9973E-05 9.9973E-05
0.366817 0.015884 0.584145 9.9991E-05 0.0330534
0.140568 9.9991E-05 0.689446 0.0661906 0.103695
0.216432 0.0461844 0.646038 0.0611122 0.0302333
0.172568 9.9991E-05 0.723493 0.075309 0.0285298
0.294481 0.156581 0.548738 9.9982E-05 9.9982E-05
0.203528 0.0492358 0.740652 0.00648368 9.9991E-05
0.168387 0.210332 0.621081 9.9982E-05 9.9982E-05
0.108859 0.0529304 0.627919 0.158308 0.0519832
0.256127 0.0566278 0.687045 9.99824E-05 9.99824E-05
0.0438472 0.169018 0.701089 0.0815107 0.00453464
9.9982E-05 9.9982E-05 0.406528 0.111857 0.481415
0.0553199 9.9991E-05 0.271945 0.150294 0.522341
0.323063 9.9991E-05 0.509746 0.0815319 0.085559
0.0880695 9.9982E-05 9.9982E-05 0.278866 0.632864
9.9991E-05 0.0159028 0.294457 0.212542 0.476999
0.177969 9.9991E-05 0.475809 0.144206 0.201916
0.143253 9.9991E-05 0.698261 0.151238 0.0071486
0.214918 0.0712285 0.469124 0.184013 0.0607167
9.9991E-05 0.0369072 0.173638 0.183133 0.606222
9.9991E-05 0.0407868 0.289507 0.0452074 0.624399
0.0506214 9.9991E-05 0.232198 0.126941 0.59014
0.0467307 9.9991E-05 0.242678 0.0823647 0.628126
0.222655 9.9991E-05 0.486255 0.151086 0.139905
9.9982E-05 9.9982E-05 0.133173 0.225867 0.64076
0.245017 0.219059 0.35288 0.173564 0.00948008
0.151525 0.0141253 0.615272 0.0488615 0.170216
0.0592901 0.121912 0.570523 0.102712 0.145564
0.0567192 0.0728657 0.645493 0.185394 0.0395279
0.147046 9.9991E-05 0.393369 0.227474 0.232011
0.0776977 0.0837864 0.252352 0.196184 0.389979
9.9982E-05 9.9982E-05 0.146972 0.241729 0.6111
0.1542 0.0971558 0.597915 0.150629 9.9991E-05
0.603469 9.9991E-05 0.129535 0.13043 0.136467
0.108963 0.188554 0.453864 0.130199 0.11842
0.106712 0.0242825 0.454163 0.183384 0.231459
0.45191 9.9982E-05 9.9982E-05 0.314954 0.232936
0.509044 9.9982E-05 9.9982E-05 0.337788 0.152967
0.37106 0.0551114 0.224652 0.147545 0.201632
0.365046 9.9991E-05 0.0394747 0.391738 0.203641
0.281201 9.9991E-05 0.00575555 0.450797 0.262147
0.288945 9.9991E-05 0.373248 0.146912 0.190795
0.148668 0.00912395 0.39958 0.280477 0.162151
0.292333 9.9991E-05 0.213308 0.280008 0.214252
0.381014 9.9991E-05 0.0516233 0.344157 0.223107
0.133114 0.0310739 0.432447 0.151084 0.252282
0.470433 9.9991E-05 0.126094 0.198474 0.204899
0.429467 9.9982E-05 9.9982E-05 0.480028 0.0903045
0.160086 0.0399205 0.300599 0.188506 0.310888
9.9991E-05 0.00816421 0.472696 0.307689 0.21135
9.9982E-05 9.9982E-05 0.438405 0.167809 0.393586
0.138391 9.9991E-05 0.415777 0.154417 0.291315
9.9982E-05 9.9982E-05 0.430117 0.369152 0.200531
9.9991E-05 0.0163172 0.525698 0.21702 0.240865
9.9982E-05 9.9982E-05 0.405204 0.24327 0.351327
0.0668793 0.106726 0.273966 0.246516 0.305912
0.18296 0.1522 0.346239 0.128099 0.190502
0.0832736 0.0160765 0.311919 0.258294 0.330436
0.267405 9.9991E-05 0.0796688 0.345634 0.307192
0.217554 9.9991E-05 0.0945271 0.285957 0.401862
0.0139037 0.161574 0.0146017 0.779823 0.0300975
0.00699732 0.885027 0.104887 0.00298859 9.9991E-05
9.997E-05 0.9996 9.997E-05 9.997E-05 9.997E-05
9.997E-05 0.9996 9.997E-05 9.997E-05 9.997E-05
9.9982E-05 0.963033 0.0259277 9.9982E-05 0.0108392
9.9973E-05 0.929145 9.9973E-05 9.9973E-05 0.0705552
9.9973E-05 0.879523 0.120178 9.9973E-05 9.9973E-05
9.9973E-05 0.969211 9.9973E-05 0.0304886 9.9973E-05
9.9973E-05 0.830178 9.9973E-05 0.169522 9.9973E-05
0.0419779 0.0120143 9.9991E-05 0.890997 0.0549103
9.9991E-05 0.0923398 0.0688902 0.809424 0.0292456
9.9991E-05 0.00326807 0.0226377 0.928897 0.0450969
9.9982E-05 0.122503 0.0767059 0.800591 9.9982E-05
9.9991E-05 0.0120701 0.0344494 0.903223 0.0501577
9.9973E-05 0.120624 9.9973E-05 0.879076 9.9973E-05
9.9991E-05 0.0415566 0.099474 0.744693 0.114177
0.0129394 9.9991E-05 0.0555369 0.900042 0.0313815
0.0122468 0.0902604 0.135053 0.712699 0.0497403
9.9982E-05 9.9982E-05 0.0695846 0.901134 0.0290812
0.0446065 0.0415723 9.9982E-05 0.913621 9.9982E-05
0.00122567 0.032906 0.0634748 0.890401 0.0119925
9.9982E-05 0.049136 9.9982E-05 0.934918 0.0157463
9.9991E-05 0.00745243 0.0475338 0.918462 0.0264523
9.9991E-05 0.0138581 0.0411914 0.88942 0.0554309
9.9982E-05 9.9982E-05 0.0693122 0.856416 0.0740715
9.9982E-05 9.9982E-05 0.00743065 0.767229 0.225141
9.9982E-05 9.9982E-05 0.109739 0.810976 0.0790842
9.9982E-05 9.9982E-05 0.0987768 0.8235 0.0775233
0.252413 0.0609605 0.45264 0.141659 0.0923271
0.025934 9.9991E-05 0.752846 0.156102 0.0650175
0.676778 0.0432993 0.10897 0.0539933 0.116959
0.146579 0.128983 0.545942 0.128672 0.0498239
0.677344 0.0263393 0.0715578 0.0856993 0.139059
0.155422 0.0125381 0.620771 0.075399 0.13587
0.244194 0.0595836 0.577716 0.118407 9.9991E-05
0.143898 0.00213787 0.670597 0.171543 0.0118247
0.189175 0.0930748 0.644444 0.0529102 0.0203955
0.232044 0.100455 0.488218 0.110812 0.0684714
0.111587 0.110645 0.554586 0.0922882 0.130894
0.353914 0.447071 0.140655 9.9991E-05 0.0582595
0.783849 0.164469 9.9982E-05 9.9982E-05 0.0514824
0.633304 0.072121 0.140957 0.0767634 0.0768551
0.153143 0.0846038 0.532902 0.101616 0.127735
0.182963 0.0424011 0.557633 0.136245 0.0807592
0.029898 9.9991E-05 0.512568 0.219661 0.237773
9.9991E-05 0.0595597 0.528402 0.181301 0.230637
0.0983616 0.141691 0.150988 0.403861 0.205098
0.0125259 0.113853 0.537971 0.188887 0.146763
0.439037 9.9982E-05 9.9982E-05 0.338219 0.222544
0.302928 9.9991E-05 0.210486 0.265047 0.221439
0.0786074 0.0292826 0.375456 0.30473 0.211924
9.9991E-05 0.0801428 0.455045 0.358872 0.105841
0.00106145 0.0167862 0.570171 0.210576 0.201405
0.13624 0.0477272 0.410347 0.116686 0.288999
9.9982E-05 9.9982E-05 0.383716 0.437924 0.17816
