0.0119107 9.9982E-05 0.817594 0.0521752 0.00992499 9.9982E-05 0.0187533 0.0225517 0.0668904
0.0346113 0.0273824 0.828786 0.0151486 9.9982E-05 0.0280981 9.9982E-05 0.00257171 0.063202
0.0408232 9.9982E-05 0.692353 9.9982E-05 0.0889695 0.00600096 0.0243288 0.0663103 0.0810143
0.0673332 9.9973E-05 0.764948 9.9973E-05 0.0630142 9.9973E-05 0.0244669 0.0519002 0.0280381
9.9946E-05 9.9946E-05 0.899505 9.9946E-05 0.0968182 9.9946E-05 9.9946E-05 0.00307698 9.9946E-05
9.9964E-05 9.9964E-05 0.591398 9.9964E-05 0.184699 0.132921 0.0595157 0.031066 9.9964E-05
9.9973E-05 0.00524844 0.749305 9.9973E-05 0.0579446 0.139512 0.020175 9.9973E-05 0.0275151
0.00814125 0.0458818 0.673917 9.9982E-05 0.0299444 0.101442 0.0975873 9.9982E-05 0.042886
0.0746382 9.99729E-05 0.815296 0.01445 9.99729E-05 0.0188798 0.0580962 9.99729E-05 0.0183402
9.9973E-05 9.9973E-05 0.630218 9.9973E-05 0.123655 0.118739 0.0276526 0.047002 0.0524332
0.0915254 9.9964E-05 0.71612 9.9964E-05 0.0474153 0.123787 0.0207524 9.9964E-05 9.9964E-05
0.649033 9.9955E-05 9.9955E-05 0.0647072 0.253159 9.9955E-05 9.9955E-05 0.0326006 9.9955E-05
0.27192 9.9982E-05 0.0764902 0.00193763 0.511158 9.9982E-05 0.0892023 0.0332194 0.0158724
0.573299 0.00176237 9.9973E-05 9.9973E-05 0.258131 0.0683504 9.9973E-05 0.0680924 0.0300654
0.481599 0.0203091 9.9973E-05 9.9973E-05 0.251356 0.0157094 9.9973E-05 0.225632 0.00509472
0.337584 9.9964E-05 0.14663 0.09429 0.365778 9.9964E-05 9.9964E-05 0.0553179 9.9964E-05
0.313628 0.0683119 9.9991E-05 0.143487 0.349449 0.0107452 0.00130524 0.0784811 0.034493
0.513243 0.00929568 0.0744089 9.9982E-05 0.328365 0.0393458 9.9982E-05 0.0072282 0.0279133
0.792958 0.0323694 0.0359486 9.9964E-05 9.9964E-05 0.0901068 9.9964E-05 0.0482173 9.9964E-05
0.28495 0.0500051 0.0850444 0.123191 0.369948 0.0519713 0.0110008 0.00821055 0.0156791
0.349228 9.9973E-05 0.045277 0.0745489 0.406496 0.0947839 9.9973E-05 0.0293669 9.9973E-05
0.210807 9.9964E-05 0.0986882 0.0448344 0.615374 0.0298964 9.9964E-05 9.9964E-05 9.9964E-05
0.516465 0.0307021 0.0337854 0.0215147 0.177503 0.042772 0.034203 0.137425 0.0056298
0.36802 9.9973E-05 0.0655193 0.0057559 0.524539 9.9973E-05 9.9973E-05 0.028135 0.00773051
0.667023 9.9964E-05 9.9964E-05 0.0776906 0.1731 9.9964E-05 9.9964E-05 0.0439809 0.0378056
0.601161 9.9973E-05 0.0113208 0.0480817 0.126534 9.9973E-05 9.9973E-05 0.210514 0.00208816
0.625508 0.0496554 0.0214981 0.0112408 0.240202 0.0177531 9.9982E-05 0.0339429 9.9982E-05
9.993E-05 9.993E-05 9.993E-05 9.993E-05 9.993E-05 9.993E-05 9.993E-05 9.993E-05 0.999201
9.993E-05 9.993E-05 9.993E-05 9.993E-05 9.993E-05 9.993E-05 9.993E-05 9.993E-05 0.999201
0.0657794 9.9964E-05 0.460589 9.9964E-05 0.106252 9.9964E-05 9.9964E-05 0.00543501 0.361545
9.9982E-05 0.0030661 0.488829 0.0400355 0.101179 0.0369806 9.9982E-05 0.081323 0.248386
0.0978359 0.137674 0.0153126 0.126191 0.462881 9.9991E-05 0.09825 0.0178835 0.0438719
9.9955E-05 9.9955E-05 0.0156957 0.418115 0.564288 9.9955E-05 9.9955E-05 9.9955E-05 0.00140176
0.612092 0.0165276 0.0897185 9.9982E-05 0.212733 0.0216537 0.0384163 9.9982E-05 0.00865936
0.103907 0.0440174 9.9982E-05 0.457599 0.301568 0.0389529 9.9982E-05 0.0517784 0.00197749
9.9973E-05 0.00302608 0.0186763 0.24844 0.649029 9.9973E-05 0.0546518 0.0258771 9.9973E-05
0.0105669 9.9982E-05 0.0548696 0.0816911 0.608867 0.10221 0.0941567 9.9982E-05 0.0474391
9.999E-05 0.015087 0.051939 0.0874921 0.56396 0.0914897 0.0818096 0.035012 0.0731108
0.185118 9.9955E-05 9.9955E-05 0.629575 0.118889 9.9955E-05 9.9955E-05 9.9955E-05 0.0659191
0.000675191 0.0255761 0.0607876 0.102266 0.620011 0.150585 9.9982E-05 0.0398992 9.9982E-05
9.9955E-05 0.0912931 9.9955E-05 0.604118 0.290511 9.9955E-05 9.9955E-05 9.9955E-05 0.0135775
0.0677923 0.00795165 0.0344076 0.714059 9.9964E-05 0.17539 9.9964E-05 9.9964E-05 9.9964E-05
0.425473 0.109183 9.9973E-05 0.22115 0.147417 0.0164713 0.080006 9.9973E-05 9.9973E-05
0.301341 0.142842 9.9955E-05 9.9955E-05 0.18891 0.366407 9.9955E-05 9.9955E-05 9.9955E-05
0.306663 0.033824 0.0373045 0.240329 0.171735 9.9982E-05 0.150903 9.9982E-05 0.0590417
0.246913 0.0446804 9.9982E-05 0.0750712 0.532854 9.9982E-05 0.0300431 0.0286485 0.0415902
0.297854 0.0225131 0.0875663 0.169428 0.307468 0.0227936 0.00291044 0.0163145 0.0731518
0.371106 9.9991E-05 0.173215 0.0507636 0.105361 0.161361 0.0651996 0.0470762 0.0258183
0.321344 0.115454 0.0598738 9.9991E-05 0.362548 0.053079 0.0266524 0.0207119 0.0402374
0.49029 9.9982E-05 0.014702 0.185294 0.0261034 0.14536 0.0864855 9.9982E-05 0.0515652
0.393404 0.0623775 0.00654989 0.0333305 0.493624 9.9973E-05 9.9973E-05 0.0104143 9.9973E-05
0.115322 0.0588902 0.0161954 0.0580156 0.485701 0.102959 0.0235103 0.0968183 0.0425878
0.400829 0.0842246 9.9982E-05 0.152434 0.164853 0.0873283 9.9982E-05 0.0894102 0.0207205
0.270251 9.9982E-05 9.9982E-05 0.0467081 0.481325 0.127786 0.00851622 0.0252297 0.0399838
0.449501 0.0596938 9.9982E-05 0.1196 0.214342 0.0715413 0.0105147 9.9982E-05 0.0746077
9.9946E-05 9.9946E-05 9.9946E-05 0.469952 0.525025 9.9946E-05 9.9946E-05 9.9946E-05 0.00442361
0.0501621 9.9973E-05 0.00997896 0.741558 0.134638 9.9973E-05 9.9973E-05 0.0294417 0.0339206
9.9946E-05 9.9946E-05 9.9946E-05 0.888252 9.9946E-05 0.0929843 0.0181639 9.9946E-05 9.9946E-05
0.0939369 0.0604716 9.9964E-05 0.759642 0.0629307 0.0226185 9.9964E-05 9.9964E-05 9.9964E-05
9.9955E-05 0.0301835 9.9955E-05 0.741542 0.223578 9.9955E-05 0.00419615 9.9955E-05 9.9955E-05
0.00674906 9.9973E-05 0.0293155 0.441869 0.469005 9.9973E-05 0.0229945 9.9973E-05 0.0297671
0.0439181 0.00919316 9.9973E-05 0.390422 0.519697 9.9973E-05 0.0260944 9.9973E-05 0.0103757
0.0581354 9.9973E-05 0.0201911 0.671746 0.12021 9.9973E-05 0.0855806 0.0438373 9.9973E-05
0.0602374 9.9973E-05 0.0206595 0.571472 0.193196 9.9973E-05 0.146849 9.9973E-05 0.00728635
9.9964E-05 0.0358752 0.0876313 0.493001 0.368897 9.9964E-05 0.014196 9.9964E-05 9.9964E-05
0.0775372 9.9973E-05 0.0326361 0.429739 0.395125 0.00763865 9.9973E-05 9.9973E-05 0.0570246
9.9964E-05 0.0432165 0.00295943 0.544776 0.399229 9.9964E-05 0.00941843 9.9964E-05 9.9964E-05
9.9955E-05 0.129175 9.9955E-05 0.666625 9.9955E-05 0.190475 9.9955E-05 0.0132258 9.9955E-05
0.0324609 9.9964E-05 0.7505 9.9964E-05 0.110922 9.9964E-05 9.9964E-05 0.0404938 0.0652238
9.9946E-05 9.9946E-05 0.850843 9.9946E-05 0.0766617 9.9946E-05 9.9946E-05 9.9946E-05 0.0718957
9.9955E-05 9.9955E-05 0.784436 9.9955E-05 0.0681359 9.9955E-05 9.9955E-05 0.0262431 0.120685
9.9964E-05 9.9964E-05 0.813703 0.0504975 9.9964E-05 0.00492042 9.9964E-05 0.0224089 0.10807
9.9973E-05 9.9973E-05 0.719545 9.9973E-05 0.0319252 0.00668409 0.0255663 0.0540076 0.161972
9.9982E-05 0.0230601 0.786228 0.0135184 0.0540161 9.9982E-05 0.0125398 0.0112208 0.0992172
9.99551E-05 9.99551E-05 0.871054 9.99551E-05 0.0401394 0.00379739 9.99551E-05 9.99551E-05 0.0845094
0.103934 0.0253248 0.0665045 0.761238 0.0419503 9.9973E-05 9.9973E-05 0.000748044 9.9973E-05
0.0341658 9.9973E-05 0.0184292 0.451826 0.46788 9.9973E-05 0.0105263 9.9973E-05 0.016873
9.9955E-05 0.11528 0.0845747 0.198004 0.601641 9.9955E-05 9.9955E-05 9.9955E-05 9.9955E-05
0.136185 0.0721896 0.0165744 0.153753 0.524486 9.9982E-05 9.9982E-05 0.0634927 0.03312
0.0150431 9.9973E-05 9.9973E-05 0.417781 0.433209 0.0107989 9.9973E-05 0.106791 0.0160766
0.141264 9.9964E-05 0.0581647 0.723344 9.9964E-05 9.9964E-05 0.0671038 9.9964E-05 0.0097235
0.0420754 0.117474 9.9982E-05 0.431764 0.24454 0.0865044 9.9982E-05 0.0172408 0.0602022
9.9964E-05 0.0357614 9.9964E-05 0.442742 0.46439 9.9964E-05 0.0288039 9.9964E-05 0.0279036
0.0751127 9.9982E-05 9.9982E-05 0.403171 0.360009 0.0532637 0.014623 0.0499466 0.0436747
9.9964E-05 0.0674602 9.9964E-05 0.549999 0.271031 9.9964E-05 0.00150645 0.109603 9.9964E-05
0.0854248 9.9955E-05 0.110743 0.392332 0.411 9.9955E-05 9.9955E-05 9.9955E-05 9.9955E-05
0.364744 0.108714 0.0941572 0.0423569 0.259678 0.13005 9.9973E-05 9.9973E-05 9.9973E-05
0.283176 9.9991E-05 0.128303 0.0400037 0.406529 0.0053451 0.100288 0.0266741 0.00958167
0.451932 0.0643249 9.9964E-05 9.9964E-05 0.3677 0.0504622 9.9964E-05 9.9964E-05 0.0651805
0.214473 0.0362203 0.0343799 0.00206609 0.503749 0.0385707 0.0991413 0.0712997 9.9991E-05
0.355367 0.178978 0.0620655 9.9973E-05 0.314869 9.9973E-05 0.0414881 0.0469319 9.9973E-05
0.187739 9.9973E-05 9.9973E-05 0.0729131 0.586071 0.113302 0.0171856 9.9973E-05 0.0224895
0.421971 0.0446888 9.9964E-05 9.9964E-05 0.459447 9.9964E-05 0.068872 9.9964E-05 0.00462088
0.258929 9.9964E-05 9.9964E-05 0.104376 0.437556 9.9964E-05 0.0247902 0.17395 9.9964E-05
0.223493 9.9973E-05 9.9973E-05 9.9973E-05 0.600431 0.0578443 0.093671 0.0169292 0.00733091
0.330637 0.0264983 0.0509551 9.9991E-05 0.305282 0.212789 0.00759084 0.0456479 0.0205
0.211761 0.0480909 0.0291614 0.0053776 0.612415 0.00598306 0.0263585 0.0590021 0.00185036
0.151788 0.055569 0.0401745 9.9973E-05 0.659777 0.0881568 9.9973E-05 0.00423504 9.9973E-05
0.475208 0.0749084 0.0596752 0.118867 0.268843 9.9973E-05 0.0021978 9.9973E-05 9.9973E-05
0.345223 0.210363 9.9991E-05 0.0272207 0.128793 0.199966 0.0373816 0.0410436 0.0099088
0.302303 0.264701 9.9982E-05 0.123056 0.0722307 0.162809 0.0720211 0.00267931 9.9982E-05
0.535811 0.021676 0.038958 0.0832828 0.27288 0.0352448 0.0119478 9.9982E-05 9.9982E-05
0.453561 9.9964E-05 0.0103755 0.120548 0.389842 9.9964E-05 0.0252726 9.9964E-05 9.9964E-05
0.41322 0.0940775 9.9973E-05 0.110185 0.243807 9.9973E-05 0.0793308 9.9973E-05 0.059079
0.527612 0.0243886 0.00314994 0.109121 0.238888 9.9982E-05 0.0560587 0.0405816 9.9982E-05
0.103456 9.9991E-05 0.0631332 0.183836 0.544145 0.00550488 0.00102239 0.00552789 0.0932755
0.505032 0.0466119 9.9982E-05 0.0840366 0.14375 0.198647 9.9982E-05 0.0201234 0.00159912
9.9991E-05 0.0960089 0.0192089 0.0505555 0.473761 0.087715 0.126021 0.122832 0.0237977
0.0341524 0.125347 0.11555 0.10889 0.036683 0.484692 0.0944849 9.9982E-05 9.9982E-05
0.0513793 0.0497523 0.0850796 0.146608 0.414431 0.210895 0.0416546 9.9982E-05 9.9982E-05
0.0810325 0.0717247 0.0909094 0.064661 0.410319 0.140423 0.0174179 0.112681 0.0108317
0.0595588 9.9973E-05 0.0436241 0.0883055 0.250668 0.394807 0.162737 9.9973E-05 9.9973E-05
0.0991184 0.137052 0.0378033 0.0367581 0.188393 0.369296 0.0942294 9.9991E-05 0.0372499
0.0380479 0.191624 0.00939163 0.074191 0.419838 0.175839 0.0848904 9.9991E-05 0.00607806
0.198632 0.105782 0.04357 0.200527 0.017346 0.243773 9.9991E-05 0.153157 0.0371123
0.0620326 0.0793005 9.9973E-05 0.205601 0.370623 0.159157 0.122986 9.9973E-05 9.9973E-05
0.110084 0.0742124 9.9973E-05 0.12597 0.440625 0.149636 0.0991736 9.9973E-05 9.9973E-05
0.0635977 9.9973E-05 0.202892 9.9973E-05 0.20262 0.246637 9.9973E-05 0.201368 0.0825852
9.9955E-05 9.9955E-05 0.457898 9.9955E-05 9.9955E-05 0.382509 9.9955E-05 0.147978 0.0111155
9.9955E-05 9.9955E-05 0.378138 9.9955E-05 9.9955E-05 0.449409 9.9955E-05 0.149003 0.0229507
0.0520219 9.9973E-05 0.257858 9.9973E-05 0.0164864 0.273684 9.9973E-05 0.355276 0.0443745
9.9946E-05 9.9946E-05 9.9946E-05 0.179233 0.613136 0.207032 9.9946E-05 9.9946E-05 9.9946E-05
0.0383482 9.9946E-05 9.9946E-05 9.9946E-05 0.255665 9.9946E-05 9.9946E-05 0.705387 9.9946E-05
0.0517618 0.17745 9.9964E-05 0.0601628 0.340735 0.369491 9.9964E-05 9.9964E-05 9.9964E-05
0.00118951 0.196319 9.9964E-05 9.9964E-05 0.217576 0.525428 0.0590874 9.9964E-05 9.9964E-05
9.9982E-05 0.00490755 9.9982E-05 0.0853554 0.612062 0.201534 0.06469 0.0233339 0.00791687
0.155184 0.144781 0.0440751 9.9973E-05 0.439082 0.216299 9.9973E-05 9.9973E-05 0.000278694
0.0757415 0.0108328 9.9973E-05 0.0762039 0.540723 0.264209 9.9973E-05 0.0319897 9.9973E-05
0.0605416 0.101189 9.9973E-05 0.097947 0.206604 0.517661 0.015758 9.9973E-05 9.9973E-05
9.9937E-05 0.0121831 9.9937E-05 9.9937E-05 9.9937E-05 9.9937E-05 9.9937E-05 0.987117 9.9937E-05
9.9946E-05 9.9946E-05 9.9946E-05 0.0399621 0.104693 9.9946E-05 9.9946E-05 0.854745 9.9946E-05
9.9964E-05 0.00734338 9.9964E-05 9.9964E-05 0.278359 9.9964E-05 0.0300504 0.641495 0.0423525
9.9964E-05 9.9964E-05 9.9964E-05 0.0246851 0.130185 0.0305859 0.0355566 0.778588 9.9964E-05
9.9946E-05 9.9946E-05 9.9946E-05 9.9946E-05 9.9946E-05 0.00822383 0.0036538 0.987523 9.9946E-05
0.030615 0.033083 9.9946E-05 9.9946E-05 9.9946E-05 9.9946E-05 9.9946E-05 0.935702 9.9946E-05
9.9937E-05 9.9937E-05 9.9937E-05 9.9937E-05 0.225213 9.9937E-05 9.9937E-05 0.774088 9.9937E-05
9.9946E-05 9.9946E-05 9.9946E-05 9.9946E-05 0.0364297 9.9946E-05 0.0411901 0.921781 9.9946E-05
9.993E-05 9.993E-05 9.993E-05 9.993E-05 9.993E-05 9.993E-05 9.993E-05 0.999201 9.993E-05
9.993E-05 9.993E-05 9.993E-05 9.993E-05 9.993E-05 9.993E-05 9.993E-05 0.999201 9.993E-05
9.9973E-05 0.0534339 9.9973E-05 0.00572802 0.156962 9.9973E-05 0.0066345 0.712863 0.0640784
9.9955E-05 9.9955E-05 9.9955E-05 0.0256774 0.0507815 9.9955E-05 0.0657218 0.857319 9.9955E-05
9.9955E-05 9.9955E-05 9.9955E-05 0.0108429 9.9955E-05 9.9955E-05 0.0324464 0.927725 0.0284859
0.00791717 0.0587321 0.0819267 9.9964E-05 0.170416 9.9964E-05 9.9964E-05 0.680608 9.9964E-05
0.0132024 9.9964E-05 0.0325043 9.9964E-05 0.117554 9.9964E-05 9.9964E-05 0.832295 0.00404521
9.9955E-05 0.00700439 0.00813017 9.9955E-05 9.9955E-05 9.9955E-05 0.0218899 0.962476 9.9955E-05
0.0145943 0.00735641 0.0107678 9.9973E-05 0.0790221 9.9973E-05 9.9973E-05 0.877293 0.010666
9.9937E-05 9.9937E-05 9.9937E-05 9.9937E-05 9.9937E-05 9.9937E-05 9.9937E-05 0.97976 0.0195409
0.0251895 9.9973E-05 0.0880981 9.9973E-05 0.239529 9.9973E-05 0.0441405 0.584092 0.0186513
9.9964E-05 0.0918109 0.0231265 0.0397603 0.0115216 9.9964E-05 9.9964E-05 0.833381 9.9964E-05
9.9964E-05 0.0793793 0.283759 0.036396 9.9964E-05 0.529566 9.9964E-05 0.0705 9.9964E-05
0.0238552 0.00273406 0.141297 0.0928881 0.437216 0.192965 0.0673618 9.9991E-05 0.0415822
9.9982E-05 9.9982E-05 0.214249 0.0101908 0.433651 0.141143 0.135146 0.0488444 0.0165759
9.9982E-05 0.0826002 0.165102 9.9982E-05 0.234236 0.300246 0.0799949 0.0899903 0.0476305
9.9982E-05 0.034577 0.206963 0.0416665 0.232861 0.35858 9.9982E-05 0.11377 0.0113825
9.9982E-05 9.9982E-05 0.0635508 0.0222626 0.290602 0.396591 0.0221741 0.191342 0.0132772
9.9982E-05 9.9982E-05 0.0825891 0.0254244 0.476155 0.247473 0.0105251 0.118129 0.0395049
9.9964E-05 9.9964E-05 0.052334 9.9964E-05 0.360032 0.357838 9.9964E-05 0.19611 0.033286
9.9946E-05 0.0401595 0.866693 9.9946E-05 9.9946E-05 9.9946E-05 0.0925474 9.9946E-05 9.9946E-05
0.0017497 0.0463543 0.844442 9.9973E-05 0.0063801 9.9973E-05 9.9973E-05 0.0128004 0.0879734
0.0411833 9.9964E-05 0.874852 0.00618682 9.9964E-05 0.00375393 9.9964E-05 9.9964E-05 0.0736242
0.0717234 9.9973E-05 0.857252 9.9973E-05 0.00974293 0.000612121 0.00923914 9.9973E-05 0.0511301
0.0527487 9.9955E-05 0.799504 9.9955E-05 0.0294667 9.9955E-05 9.9955E-05 9.9955E-05 0.117781
0.00773422 0.0408321 0.816822 9.9964E-05 9.9964E-05 9.9964E-05 9.9964E-05 0.0569139 0.0772977
9.9955E-05 9.9955E-05 0.795041 9.9955E-05 0.0855022 9.9955E-05 9.9955E-05 0.0640143 0.0549432
0.00686988 0.0145659 0.865215 0.0218412 9.9973E-05 0.0576854 9.9973E-05 9.9973E-05 0.0335226
9.9955E-05 0.044161 0.904564 0.0277976 9.9955E-05 9.9955E-05 9.9955E-05 9.9955E-05 0.0229781
9.9955E-05 9.9955E-05 0.819936 9.9955E-05 9.9955E-05 0.0384613 0.0265611 0.114541 9.9955E-05
0.0530778 0.0966716 0.528834 0.0566167 9.9973E-05 9.9973E-05 0.182536 9.9973E-05 0.0819639
0.190414 0.0361293 0.53386 0.0336633 9.9973E-05 9.9973E-05 0.16254 9.9973E-05 0.0430933
0.180325 0.094389 0.54151 0.017781 9.9982E-05 0.0208138 0.119346 9.9982E-05 0.0256344
0.226048 0.0160917 0.470431 0.0956179 9.9973E-05 0.0241827 0.167329 9.9973E-05 9.9973E-05
0.0178887 9.9982E-05 0.0627886 0.332948 0.40676 0.00918851 0.0954795 0.0747459 9.9982E-05
0.191469 9.9973E-05 0.00946009 0.162221 0.534573 9.9973E-05 0.0894564 0.0125213 9.9973E-05
0.284496 0.053465 9.9973E-05 0.221398 0.334339 9.9973E-05 0.0443984 9.9973E-05 0.0616045
0.62738 0.0261808 9.9964E-05 0.0968667 0.162406 9.9964E-05 0.0867672 9.9964E-05 9.9964E-05
9.9982E-05 0.036958 0.0562725 0.344875 0.491443 9.9982E-05 0.00945038 0.0542521 0.00654973
0.10637 0.0341564 9.9973E-05 0.290149 0.556177 9.9973E-05 9.9973E-05 0.000208339 0.0126386
0.0411635 0.0331196 9.9964E-05 0.328435 0.530912 9.9964E-05 0.0659699 9.9964E-05 9.9964E-05
0.0202555 0.090659 9.9982E-05 0.462122 0.363774 0.0286782 0.0170317 0.017279 9.9982E-05
0.0171781 0.0134575 9.9982E-05 0.405483 0.394467 0.00617567 0.140572 9.9982E-05 0.0224662
0.0731398 0.153269 9.9964E-05 0.739774 9.9964E-05 0.0279542 0.00546263 9.9964E-05 9.9964E-05
0.0811528 0.0831709 0.000825926 0.50761 0.235757 0.0816025 0.00420312 9.9991E-05 0.00557784
0.0168131 0.156651 9.9982E-05 0.294828 0.436104 9.9982E-05 0.0114633 0.0388969 0.0450433
0.0973273 9.9964E-05 0.0454213 0.737131 0.09659 9.9964E-05 0.0231307 9.9964E-05 9.9964E-05
9.9973E-05 9.9973E-05 0.0341533 0.0304164 9.9973E-05 0.00377572 0.889349 0.00706887 0.0349365
9.9946E-05 9.9946E-05 9.9946E-05 9.9946E-05 0.0141502 9.9946E-05 0.966544 0.018706 9.9946E-05
9.993E-05 9.993E-05 9.993E-05 9.993E-05 9.993E-05 9.993E-05 0.999201 9.993E-05 9.993E-05
9.9937E-05 9.9937E-05 0.0221075 9.9937E-05 9.9937E-05 9.9937E-05 0.977193 9.9937E-05 9.9937E-05
9.99459E-05 9.99459E-05 9.99459E-05 9.99459E-05 9.99459E-05 0.0249129 0.909166 0.0653214 9.99459E-05
9.9946E-05 9.9946E-05 9.9946E-05 9.9946E-05 0.037136 9.9946E-05 0.89725 0.065014 9.9946E-05
9.9973E-05 0.0285409 0.780114 9.9973E-05 0.0766342 9.9973E-05 0.0284056 0.0329544 0.0530511
0.138096 9.9955E-05 0.75652 9.9955E-05 0.0660586 9.9955E-05 9.9955E-05 9.9955E-05 0.0388251
0.00738678 9.9982E-05 0.693113 9.9982E-05 0.082929 0.00660851 0.0282754 0.103105 0.078382
0.0629548 9.9964E-05 0.727075 9.9964E-05 0.124492 9.9964E-05 9.9964E-05 0.0320449 0.0530333
0.0735077 9.9955E-05 0.754765 9.9955E-05 0.139645 9.9955E-05 9.9955E-05 0.0315825 9.9955E-05
0.234796 9.9973E-05 0.376489 0.0571204 9.9973E-05 0.00563618 0.318297 9.9973E-05 0.00736241
0.11975 0.111075 0.442411 0.0697287 9.9964E-05 9.9964E-05 0.256635 9.9964E-05 9.9964E-05
0.100417 0.108826 0.421728 9.9964E-05 9.9964E-05 9.9964E-05 0.320066 9.9964E-05 0.0485635
9.993E-05 9.993E-05 9.993E-05 9.993E-05 9.993E-05 9.993E-05 9.993E-05 9.993E-05 0.999201
9.9964E-05 9.9964E-05 0.310093 0.180661 9.9964E-05 9.9964E-05 0.460694 0.0174824 0.0306699
9.9973E-05 0.0171368 0.1595 9.9973E-05 0.163137 0.233536 9.9973E-05 0.402552 0.0238378
9.9955E-05 9.9955E-05 0.171299 9.9955E-05 0.609784 9.9955E-05 9.9955E-05 0.178657 0.0397601
0.0204894 0.054792 0.290731 0.0753627 0.301108 0.0110279 0.00827328 0.238116 9.9991E-05
9.9946E-05 9.9946E-05 0.366118 9.9946E-05 9.9946E-05 0.305709 9.9946E-05 0.327574 9.9946E-05
0.263597 0.0564174 0.0463682 0.0320701 0.448024 9.9973E-05 0.153223 9.9973E-05 9.9973E-05
0.358748 0.11355 9.9964E-05 0.0201054 0.330188 0.177009 9.9964E-05 9.9964E-05 9.9964E-05
0.62251 9.9964E-05 0.0173894 9.9964E-05 0.288584 9.9964E-05 0.0303504 9.9964E-05 0.0407662
0.257509 0.147574 9.9973E-05 0.0939562 0.361933 0.0946089 9.9973E-05 0.0441193 9.9973E-05
0.296106 0.304776 9.9955E-05 0.169076 9.9955E-05 0.229543 9.9955E-05 9.9955E-05 9.9955E-05
0.261057 0.162983 0.0671593 0.00811938 0.44805 0.00282133 0.0434116 0.00629909 9.9991E-05
0.456988 0.0595023 0.0369574 0.107338 0.328358 0.010557 9.9973E-05 9.9973E-05 9.9973E-05
0.382591 0.119658 9.9964E-05 0.204134 0.0217379 0.271479 9.9964E-05 9.9964E-05 9.9964E-05
0.154024 0.156909 9.9973E-05 9.9973E-05 0.419199 0.141968 0.0595485 0.0680516 9.9973E-05
0.170822 0.0373802 9.9991E-05 0.0573163 0.528102 0.0606876 0.0762752 0.0568802 0.0124374
0.0660272 9.9982E-05 0.129497 0.106522 0.464926 0.0634416 0.0405482 0.128839 9.9982E-05
0.38336 0.241225 9.9973E-05 9.9973E-05 0.317026 0.00387259 0.0184379 0.0357786 9.9973E-05
0.190079 0.0871923 9.9982E-05 0.0228468 0.473599 0.10936 0.111315 9.9982E-05 0.00540715
0.163887 0.20176 9.9991E-05 0.00726375 0.379317 0.0517485 0.0638719 0.128044 0.00400778
0.231345 0.0642225 0.00142927 0.111171 0.540302 0.0472497 0.00408051 9.9982E-05 9.9982E-05
0.0332245 0.127662 0.0191376 9.9991E-05 0.593818 0.0612886 0.107101 0.0393168 0.018351
9.9946E-05 9.9946E-05 0.78121 9.9946E-05 0.129391 9.9946E-05 9.9946E-05 0.0887993 9.9946E-05
9.9964E-05 9.9964E-05 0.810036 0.0432387 0.0813259 9.9964E-05 9.9964E-05 0.0476261 0.0173731
9.9964E-05 0.061471 0.80974 0.0354768 0.0540747 9.9964E-05 0.0388373 9.9964E-05 9.9964E-05
9.9973E-05 9.9973E-05 0.789756 0.0999158 0.000483675 9.9973E-05 0.0501792 0.0364288 0.0229367
9.9955E-05 9.9955E-05 0.774537 9.9955E-05 0.151621 9.9955E-05 0.0489266 9.9955E-05 0.0244163
0.622424 0.000403795 0.0371211 0.000262866 0.249577 9.9982E-05 0.0784536 0.0115575 9.9982E-05
0.217067 0.0486728 0.00638172 0.0372105 0.544856 9.9982E-05 9.9982E-05 0.109601 0.0360114
0.225018 0.0272448 0.0452688 0.110749 0.492727 0.00304104 0.0698308 9.9991E-05 0.0260203
0.380939 0.116989 9.9991E-05 0.0243421 0.198089 0.160862 0.0331712 0.0593038 0.0262043
0.694171 9.9973E-05 0.0757349 0.0824153 9.9973E-05 0.0985898 0.0311574 9.9973E-05 0.0176322
0.247259 9.9982E-05 0.0509936 0.0680332 0.506376 0.00687908 0.10895 0.011308 9.9982E-05
0.444191 0.168844 0.0718236 9.9982E-05 0.130942 9.9982E-05 0.12804 0.0316527 0.0243078
0.161365 9.9982E-05 9.9982E-05 0.0866889 0.383493 0.295556 0.0317275 0.038127 0.00284251
0.564049 0.129738 0.116216 9.9982E-05 0.0912227 0.0264695 0.0594955 0.0126099 9.9982E-05
0.726167 9.9964E-05 0.0334597 9.9964E-05 0.17342 0.035018 9.9964E-05 9.9964E-05 0.0315355
0.350523 0.104178 0.0194813 9.9973E-05 0.352767 0.0951921 0.0775589 9.9973E-05 9.9973E-05
9.9964E-05 0.0142245 9.9964E-05 0.0826488 0.323531 0.460445 0.118751 9.9964E-05 9.9964E-05
9.9973E-05 0.0535888 0.0437116 9.9973E-05 0.55416 0.241467 0.0864221 9.9973E-05 0.0203508
0.00184931 0.0368345 9.9973E-05 0.101033 0.344058 0.444658 0.0712673 9.9973E-05 9.9973E-05
9.9973E-05 9.9973E-05 0.00447526 0.0937875 0.514478 0.26919 0.0883641 9.9973E-05 0.0294049
9.9964E-05 0.0977774 9.9964E-05 0.0271812 0.125146 0.669074 0.0804224 9.9964E-05 9.9964E-05
9.9964E-05 0.0529188 9.9964E-05 0.0709741 0.256086 0.546279 0.0733414 9.9964E-05 9.9964E-05
0.0109916 0.14851 9.9964E-05 9.9964E-05 0.475921 0.327341 0.0368365 9.9964E-05 9.9964E-05
0.0102131 0.136961 9.9973E-05 0.141772 0.158166 0.417438 0.135149 9.9973E-05 9.9973E-05
0.14771 9.9964E-05 9.9964E-05 0.0522898 0.454222 0.32891 0.0164678 9.9964E-05 9.9964E-05
0.700392 0.00363339 9.9973E-05 0.198996 0.0479846 0.00057417 9.9973E-05 9.9973E-05 0.0481199
0.482492 0.245623 9.9973E-05 0.0298796 0.131806 0.0393393 9.9973E-05 0.0705603 9.9973E-05
0.408972 0.0893786 9.9982E-05 0.0630529 0.275169 9.9982E-05 0.0347181 0.107505 0.0210049
0.271877 9.9973E-05 0.0486697 9.9973E-05 0.561494 0.0605893 9.9973E-05 0.0514317 0.00563839
0.503214 0.0659425 9.9964E-05 0.136641 0.279987 9.9964E-05 0.0138145 9.9964E-05 9.9964E-05
0.282662 0.109122 9.9964E-05 9.9964E-05 0.520049 9.9964E-05 9.9964E-05 0.0726076 0.015159
0.371859 9.9964E-05 9.9964E-05 0.0721438 0.461796 9.9964E-05 0.0824908 0.0113099 9.9964E-05
0.510062 9.9973E-05 9.9973E-05 0.17712 0.183974 9.9973E-05 0.0664358 0.0584892 0.00361963
0.391253 0.0619305 0.00390525 0.0338303 0.337735 0.0580061 0.0816712 0.0315678 9.9991E-05
0.186613 0.108062 9.9964E-05 9.9964E-05 0.552655 0.099339 9.9964E-05 0.0529299 9.9964E-05
0.282282 0.108198 0.0532632 9.9982E-05 0.427042 0.0855728 0.0188464 9.9982E-05 0.0245952
0.373267 0.118323 9.9964E-05 9.9964E-05 0.467239 9.9964E-05 0.00625413 0.0345171 9.9964E-05
0.4748 9.9982E-05 0.00494717 9.9982E-05 0.347643 0.02545 0.0488469 0.0211451 0.0769684
0.215239 0.0238062 0.0637486 0.0403784 0.49088 9.9982E-05 0.0779585 0.0877892 9.9982E-05
0.0421751 9.9982E-05 0.263317 9.9982E-05 0.447641 0.0822041 0.0109921 0.0893104 0.0641601
0.0163585 0.127682 0.0820594 0.0355467 0.296671 0.121919 9.9991E-05 0.270874 0.0487893
0.0426001 0.139156 9.9991E-05 0.0479608 0.4088 0.00627205 0.10583 0.182549 0.0667319
0.113333 0.000923956 0.185793 0.00789074 0.351287 0.0489272 9.9991E-05 0.275825 0.0159205
0.287914 0.054149 9.9964E-05 9.9964E-05 0.478814 0.176115 9.9964E-05 0.00260872 9.9964E-05
0.0785587 0.0277135 0.152297 0.0919678 9.9973E-05 0.47935 9.9973E-05 0.169813 9.9973E-05
0.105928 9.9991E-05 0.099342 0.07395 0.336682 0.0504409 0.0450347 0.252238 0.0362846
0.0816803 0.128396 0.0789571 9.9982E-05 0.454102 0.0270912 9.9982E-05 0.200351 0.0292227
0.161761 0.0552631 0.126643 0.0957149 0.243282 0.134898 9.9991E-05 0.118622 0.063717
0.0327559 0.0553844 0.20403 9.9982E-05 0.480316 0.0353621 9.9982E-05 0.178993 0.0129585
9.9964E-05 0.0100784 0.421636 9.9964E-05 9.9964E-05 0.35531 9.9964E-05 0.192729 0.0198465
0.056022 9.9964E-05 0.176127 9.9964E-05 0.436831 0.0998487 9.9964E-05 0.230771 9.9964E-05
0.0477361 0.0649592 0.19352 0.0379095 0.543737 0.0119018 9.9991E-05 0.0590442 0.0410915
0.0211055 0.344316 0.045379 9.9982E-05 0.449292 0.00543534 0.0887162 0.0455564 9.9982E-05
0.0836374 0.739673 9.9964E-05 0.0513804 9.9964E-05 0.0671736 0.057736 9.9964E-05 9.9964E-05
0.130491 0.786084 0.0236513 0.0592735 9.99549E-05 9.99549E-05 9.99549E-05 9.99549E-05 9.99549E-05
0.0082126 0.211616 0.171447 9.9973E-05 0.32973 0.00255107 9.9973E-05 0.276144 9.9973E-05
9.9973E-05 0.251033 0.0870062 9.9973E-05 0.319301 0.0270952 9.9973E-05 0.289869 0.0253954
9.9982E-05 0.139277 0.147605 0.0310209 0.150803 0.202514 9.9982E-05 0.263876 0.0647035
0.0245385 0.239371 0.179583 9.9973E-05 0.278987 9.9973E-05 9.9973E-05 0.267945 0.00927583
9.9964E-05 0.51971 0.0323942 9.9964E-05 0.0461461 0.254609 9.9964E-05 0.14674 9.9964E-05
9.9973E-05 0.589068 0.0648761 9.9973E-05 0.134581 0.0783166 9.9973E-05 0.0771912 0.0556669
9.9955E-05 0.359603 9.9955E-05 9.9955E-05 0.512097 9.9955E-05 9.9955E-05 0.0933218 0.0344789
9.9955E-05 0.401278 0.075107 9.9955E-05 0.400452 9.9955E-05 9.9955E-05 0.122664 9.9955E-05
9.9964E-05 0.710221 0.0482627 9.9964E-05 0.061826 9.9964E-05 9.9964E-05 0.130813 0.0484773
9.9973E-05 0.287775 0.0658286 9.9973E-05 0.556798 9.9973E-05 0.00766979 0.0437827 0.0378457
0.0361408 0.361196 0.050453 9.9973E-05 0.420394 9.9973E-05 9.9973E-05 0.101287 0.0302293
0.0136916 0.591341 0.0669656 9.9964E-05 0.219211 9.9964E-05 0.108391 9.9964E-05 9.9964E-05
0.0756701 0.422294 9.9982E-05 0.122326 0.308716 0.00315941 9.9982E-05 0.0227612 0.0448732
0.028977 0.393511 0.0440615 9.9991E-05 0.304493 0.0606423 0.0818192 0.0846004 0.00179554
0.0612254 0.361738 9.9964E-05 9.9964E-05 0.434043 0.110188 9.9964E-05 9.9964E-05 0.0324055
0.104049 0.630732 9.9964E-05 9.9964E-05 0.194867 0.0292781 0.0406733 9.9964E-05 9.9964E-05
9.9964E-05 0.344155 0.00397421 0.00642517 0.596351 9.9964E-05 9.9964E-05 9.9964E-05 0.0486945
9.9955E-05 0.783341 9.9955E-05 9.9955E-05 0.182188 9.9955E-05 0.0199253 0.0140457 9.9955E-05
0.000875749 0.542412 9.9973E-05 0.0149791 0.360017 9.9973E-05 0.0434955 9.9973E-05 0.0379204
0.008527 0.0555678 0.122522 0.041088 0.368693 0.114926 9.9991E-05 0.219226 0.0693491
0.0694802 0.0898251 0.0854569 9.9991E-05 0.328804 0.147954 0.0833403 0.177389 0.0176504
9.9973E-05 0.553521 0.154339 9.9973E-05 9.9973E-05 0.111252 0.0417498 0.119133 0.019705
9.9973E-05 0.105783 0.120924 9.9973E-05 0.540276 9.9973E-05 0.0337744 0.160399 0.0385431
9.9964E-05 0.409055 0.320522 9.9964E-05 9.9964E-05 0.1992 9.9964E-05 0.0670988 0.00372446
9.9955E-05 0.283996 0.0725299 9.9955E-05 0.459239 9.9955E-05 9.9955E-05 0.183736 9.9955E-05
9.9946E-05 0.881213 9.9946E-05 0.0847567 9.9946E-05 0.0334305 9.9946E-05 9.9946E-05 9.9946E-05
9.9937E-05 0.97706 9.9937E-05 9.9937E-05 9.9937E-05 9.9937E-05 9.9937E-05 9.9937E-05 0.0222402
0.00945268 0.480657 9.9964E-05 0.0544314 0.43882 9.9964E-05 9.9964E-05 9.9964E-05 0.0162394
9.9964E-05 0.442326 0.0456224 9.9964E-05 0.478538 9.9964E-05 9.9964E-05 0.0259865 0.00712719
0.0347641 0.611868 9.9946E-05 9.9946E-05 0.352768 9.9946E-05 9.9946E-05 9.9946E-05 9.9946E-05
0.0459328 0.426605 9.9964E-05 0.0233403 0.456709 9.9964E-05 9.9964E-05 0.0470132 9.9964E-05
0.00733979 0.424186 9.9946E-05 9.9946E-05 0.567875 9.9946E-05 9.9946E-05 9.9946E-05 9.9946E-05
9.9991E-05 0.0381553 0.684681 0.00890543 0.0706471 0.0666872 0.0162565 0.0570506 0.0575168
0.0742907 0.0414594 0.667318 9.9973E-05 9.9973E-05 9.9973E-05 0.0804336 0.11592 0.0202788
9.9964E-05 9.9964E-05 0.840154 9.9964E-05 0.00753136 9.9964E-05 0.0230248 0.0910513 0.0378389
9.9955E-05 0.0498948 0.82455 9.9955E-05 0.00852592 9.9955E-05 9.9955E-05 9.9955E-05 0.116529
0.0171 0.0933741 0.0110148 0.340127 0.417115 9.9991E-05 0.0114957 0.0343721 0.0753013
0.105604 0.00726802 9.9964E-05 0.397337 0.455942 9.9964E-05 9.9964E-05 9.9964E-05 0.033448
0.0227471 0.0208856 0.0406034 0.495869 0.313095 9.9973E-05 0.1065 9.9973E-05 9.9973E-05
9.9964E-05 0.0112053 0.0368957 0.374138 0.511663 9.9964E-05 9.9964E-05 0.0656984 9.9964E-05
9.9964E-05 0.11678 9.9964E-05 0.411937 0.354715 0.102889 9.9964E-05 9.9964E-05 0.0132783
0.0628414 9.9964E-05 0.224886 9.9964E-05 0.525587 9.9964E-05 9.9964E-05 0.109141 0.0771445
0.0748442 0.0808417 9.9982E-05 0.370879 0.333923 0.0456707 9.9982E-05 0.0852207 0.00841983
0.0798002 9.9973E-05 9.9973E-05 0.562898 0.319141 9.9973E-05 0.020821 0.013669 0.00337105
9.9973E-05 0.196667 9.9973E-05 0.200367 0.545668 9.9973E-05 0.042969 0.0119753 0.00205392
0.0417433 0.0550857 0.034462 0.466114 0.373179 9.9982E-05 0.0149286 9.9982E-05 0.0142884
9.9955E-05 0.130376 0.0428383 0.333136 0.49315 9.9955E-05 9.9955E-05 9.9955E-05 9.9955E-05
9.9955E-05 0.0538669 9.9955E-05 0.836978 0.0920906 0.0165643 9.9955E-05 9.9955E-05 9.9955E-05
0.0650638 0.0355949 9.9964E-05 0.576111 0.239303 0.0835265 9.9964E-05 9.9964E-05 9.9964E-05
0.0293615 0.0193516 0.0141178 0.611395 0.277258 9.9991E-05 0.00198291 0.0119385 0.0344947
9.9946E-05 0.011118 9.9946E-05 0.847967 9.9946E-05 0.140316 9.9946E-05 9.9946E-05 9.9946E-05
9.9964E-05 9.9964E-05 0.0263239 0.363175 0.494588 9.9964E-05 0.0961874 9.9964E-05 0.0193259
9.9946E-05 9.9946E-05 9.9946E-05 0.532824 0.11327 0.353307 9.9946E-05 9.9946E-05 9.9946E-05
9.9946E-05 0.0230844 9.9946E-05 0.816352 9.9946E-05 0.159964 9.9946E-05 9.9946E-05 9.9946E-05
9.9964E-05 0.0200083 9.9964E-05 0.282945 0.670926 9.9964E-05 9.9964E-05 0.0140676 0.0116533
0.112549 0.0493225 0.0524562 0.525441 0.23692 9.9973E-05 9.9973E-05 9.9973E-05 0.0230116
0.0635023 9.9973E-05 9.9973E-05 0.335231 0.414259 0.0848104 0.0341921 0.067705 9.9973E-05
0.14398 9.9982E-05 0.0394502 0.287503 0.475866 0.0488707 0.000874793 9.9982E-05 0.00325595
0.413754 0.0921181 9.9955E-05 9.9955E-05 0.357725 0.135903 9.9955E-05 9.9955E-05 9.9955E-05
0.00566699 0.0128346 0.0287628 0.374674 0.511551 9.9982E-05 0.0506515 0.0156595 9.9982E-05
0.10169 9.9964E-05 0.0745315 0.326271 0.466806 9.9964E-05 9.9964E-05 9.9964E-05 0.0303004
9.9964E-05 0.00317898 9.9964E-05 0.599284 0.320422 0.0491917 9.9964E-05 9.9964E-05 0.0275239
0.183884 0.0296712 0.605005 0.0368166 9.9973E-05 9.9973E-05 0.0841038 9.9973E-05 0.0602197
0.104549 0.0710291 0.68886 0.0178475 0.033075 9.9991E-05 0.0172989 0.00500493 0.0622359
0.0766443 0.0582308 0.709587 9.9964E-05 9.9964E-05 9.9964E-05 0.043751 9.9964E-05 0.111387
0.0404359 0.0143354 0.69316 0.0392538 9.9973E-05 9.9973E-05 0.113779 9.9973E-05 0.098736
0.0400772 9.9973E-05 0.632911 0.0508954 9.9973E-05 0.0387664 0.152223 9.9973E-05 0.0848271
0.131894 9.9964E-05 0.041032 0.650881 0.164252 9.9964E-05 0.0115409 9.9964E-05 9.9964E-05
0.104473 9.9964E-05 0.073838 0.652599 0.123003 9.9964E-05 9.9964E-05 9.9964E-05 0.0456866
9.9964E-05 0.02749 9.9964E-05 0.776324 0.17207 0.0142626 9.9964E-05 0.0094537 9.9964E-05
9.9973E-05 0.00796392 0.00870862 0.57478 0.274741 0.0937677 9.9973E-05 0.0397388 9.9973E-05
9.9991E-05 0.0268678 0.0116921 0.173685 0.625189 0.0367412 0.0901592 0.0126426 0.0229224
0.0203593 0.0175976 0.0293312 0.448318 0.436059 0.0470149 9.9982E-05 0.00112045 9.9982E-05
0.00800406 0.0287934 0.018384 0.249177 0.589034 0.00983913 0.0611535 9.9991E-05 0.0355151
0.0168349 9.9973E-05 9.9973E-05 0.545583 0.26622 0.0598603 0.11065 0.000551646 9.9973E-05
9.9955E-05 9.9955E-05 9.9955E-05 0.530046 0.396789 9.9955E-05 0.043771 9.9955E-05 0.0288946
0.119086 9.99549E-05 9.99549E-05 0.571661 0.270311 9.99549E-05 0.0384418 9.99549E-05 9.99549E-05
0.00223973 0.0160246 0.0918285 9.9973E-05 0.606656 0.238594 0.0443566 9.9973E-05 9.9973E-05
0.00599322 9.9964E-05 9.9964E-05 0.478522 0.462412 9.9964E-05 0.0286106 9.9964E-05 0.0240619
0.0321398 9.9982E-05 0.0477834 0.420148 0.389336 0.0464979 9.9982E-05 0.0528889 0.0110062
9.9964E-05 0.0142602 0.0838291 9.9964E-05 0.417668 0.0431963 9.9964E-05 0.440647 9.9964E-05
9.9964E-05 9.9964E-05 0.134602 9.9964E-05 0.310343 0.0650798 9.9964E-05 0.432009 0.0575664
9.9973E-05 0.0536504 0.0639938 0.207255 0.462873 0.150515 9.9973E-05 0.0614128 9.9973E-05
9.9973E-05 9.9973E-05 0.220649 9.9973E-05 0.0436794 0.0320275 0.0521348 0.599039 0.0521711
9.9964E-05 9.9964E-05 0.188043 0.0370574 0.248329 9.9964E-05 9.9964E-05 0.458428 0.0677426
9.9973E-05 0.0677013 0.14676 0.0496594 0.420509 0.219554 9.9973E-05 0.0955165 9.9973E-05
0.0284583 0.0110292 0.0692024 9.9973E-05 0.589361 0.23645 9.9973E-05 9.9973E-05 0.0651997
0.0432451 0.00110098 0.105527 0.0896215 0.452989 0.203983 0.0775171 9.9991E-05 0.0259174
9.9964E-05 9.9964E-05 0.275481 9.9964E-05 0.24946 0.00939052 9.9964E-05 0.439916 0.0253528
9.9964E-05 0.00795916 0.0957752 9.9964E-05 0.496242 0.0238849 9.9964E-05 0.375739 9.9964E-05
9.9973E-05 0.0258939 0.104392 0.0757363 0.276388 0.0354467 9.9973E-05 0.481843 9.9973E-05
9.9982E-05 0.0653438 0.0797928 0.0413595 0.160455 0.036977 9.9982E-05 0.569602 0.0462694
9.9955E-05 9.9955E-05 0.0446853 9.9955E-05 0.598641 0.333507 0.0226677 9.9955E-05 9.9955E-05
9.9973E-05 9.9973E-05 0.151046 9.9973E-05 0.135908 0.0947605 0.025808 0.568893 0.0232844
0.0461034 9.9973E-05 0.117991 0.0276214 0.298185 0.281768 0.228031 9.9973E-05 9.9973E-05
0.0568071 9.9973E-05 0.0384926 0.0153008 0.648506 0.219527 9.9973E-05 0.0210667 9.9973E-05
0.0654296 9.9982E-05 0.062114 9.9982E-05 0.566994 0.103947 0.0897682 0.0455746 0.0659726
0.015974 0.0374027 0.169921 0.0687664 0.494361 0.10789 0.0630442 0.00756574 0.0350745
0.015172 9.9991E-05 0.278142 0.121672 0.383679 0.0413904 0.0146748 0.122831 0.0223383
0.0547022 0.0470719 0.163092 9.9991E-05 0.37241 0.0681187 0.0210703 0.238057 0.0353775
0.00339374 9.9973E-05 0.194682 9.9973E-05 0.252533 0.0442122 9.9973E-05 0.478052 0.0268281
0.0952537 9.9973E-05 0.103213 0.00637967 0.503194 0.229378 0.0622821 9.9973E-05 9.9973E-05
9.9973E-05 0.0127892 9.9973E-05 9.9973E-05 0.199929 0.592664 0.101615 0.0454907 0.0472124
0.215254 0.0473807 0.0625746 0.0890503 0.308311 0.177864 0.0415014 0.0227126 0.0353514
9.9973E-05 9.9973E-05 0.203993 0.0454333 0.484725 0.129991 9.9973E-05 0.0762224 0.0593357
9.99633E-05 9.99633E-05 0.214356 9.99633E-05 9.99633E-05 0.574466 9.99633E-05 0.186419 0.0242593
9.9955E-05 9.9955E-05 0.18592 9.9955E-05 9.9955E-05 0.661146 9.9955E-05 0.068232 0.0842015
0.0410281 0.0333711 0.138311 9.9991E-05 0.322899 0.299252 0.0537664 0.0930569 0.0182161
0.0242824 9.9964E-05 0.219361 9.9964E-05 9.9964E-05 0.477179 9.9964E-05 0.205048 0.0737291
9.9946E-05 9.9946E-05 0.363432 9.9946E-05 9.9946E-05 0.361982 9.9946E-05 0.273987 9.9946E-05
0.0363214 0.123286 0.0993864 0.0717643 0.271938 0.195845 9.9991E-05 0.16155 0.0398086
0.0286796 0.0327383 0.149815 9.9982E-05 0.426769 0.189136 9.9982E-05 0.136823 0.0358397
9.9982E-05 9.9982E-05 0.290633 0.010752 0.224042 0.285225 0.0174882 0.157247 0.0144139
0.0474976 9.9973E-05 0.115848 9.9973E-05 0.0164523 0.557693 9.9973E-05 0.192162 0.0700472
0.0386858 0.120555 0.098898 9.9982E-05 0.475133 0.155039 9.9982E-05 0.092708 0.0187814
0.00266347 9.9982E-05 0.0897519 0.0786437 0.131664 0.478237 9.9982E-05 0.141649 0.0771912
9.9955E-05 9.9955E-05 0.280589 9.9955E-05 9.9955E-05 0.547609 9.9955E-05 0.0800508 0.0912512
0.0602404 0.0112033 0.117022 9.9991E-05 0.384727 0.222672 0.00303342 0.141881 0.0591206
0.0156978 9.9973E-05 0.320042 0.0529267 0.463144 9.9973E-05 9.9973E-05 0.134857 0.0130318
0.0207899 9.9964E-05 0.146163 9.9964E-05 0.573999 9.9964E-05 9.9964E-05 0.243985 0.0146637
0.129245 9.9973E-05 0.151331 0.0153194 0.395775 0.0814817 9.9973E-05 0.226548 9.9973E-05
0.0501922 9.9973E-05 0.301387 9.9973E-05 0.338267 0.0721812 9.9973E-05 0.214281 0.0233917
0.0457257 0.0453203 0.167077 9.9982E-05 0.577849 0.0175697 9.9982E-05 0.0867128 0.0595454
9.9973E-05 0.0323977 0.174501 9.9973E-05 0.393088 0.0318206 9.9973E-05 0.262389 0.105504
9.9979E-05 0.0792459 0.223643 9.9979E-05 0.349475 0.14078 9.9979E-05 0.160742 0.0458129
0.083925 0.0373661 0.181851 0.194491 0.344651 0.0886709 0.0100083 0.0589373 9.9991E-05
0.0331115 0.00182999 0.259907 9.9982E-05 0.407281 0.043952 9.9982E-05 0.178445 0.075273
9.9955E-05 9.9955E-05 0.324448 9.9955E-05 0.204296 0.248045 9.9955E-05 0.222711 9.9955E-05
9.9982E-05 0.0223414 0.24769 0.0943816 0.213487 0.11928 9.9982E-05 0.295657 0.00696264
0.0235175 9.9982E-05 0.758358 0.0827782 9.9982E-05 0.0325359 0.075503 0.0123664 0.0147414
0.631399 9.9955E-05 0.0677741 9.9955E-05 0.0609056 9.9955E-05 0.239422 9.9955E-05 9.9955E-05
0.633823 9.9946E-05 0.0274712 9.9946E-05 9.9946E-05 9.9946E-05 0.338106 9.9946E-05 9.9946E-05
0.642584 9.9946E-05 9.9946E-05 9.9946E-05 9.9946E-05 9.9946E-05 0.316359 9.9946E-05 0.0404577
0.715214 9.9946E-05 9.9946E-05 9.9946E-05 9.9946E-05 9.9946E-05 0.274572 0.00961392 9.9946E-05
0.586404 9.9955E-05 9.9955E-05 9.9955E-05 9.9955E-05 9.9955E-05 0.341316 0.0434866 0.0282933
0.581581 9.9955E-05 9.9955E-05 9.9955E-05 0.00452085 9.9955E-05 0.374526 9.9955E-05 0.0388724
0.712174 9.9955E-05 0.0572075 9.9955E-05 9.9955E-05 9.9955E-05 0.225358 9.9955E-05 0.00476082
0.440449 9.9955E-05 0.18111 9.9955E-05 9.9955E-05 9.9955E-05 0.347121 9.9955E-05 0.0308211
0.0610783 9.9964E-05 0.852958 9.9964E-05 0.0339638 9.9964E-05 9.9964E-05 0.0138474 0.0377523
0.0482963 0.00927344 0.710121 9.9982E-05 0.0505004 9.9982E-05 0.0445954 0.0484007 0.0886127
9.9964E-05 9.9964E-05 0.82162 9.9964E-05 0.00158842 9.9964E-05 0.0308179 0.058668 0.0869057
0.140426 9.9973E-05 0.75605 9.9973E-05 0.0316126 0.00414503 0.018543 9.9973E-05 0.048924
0.0167373 9.9982E-05 0.858368 0.0412299 0.00098703 9.9982E-05 0.0202587 0.0589955 0.00322316
9.9955E-05 0.0690397 0.864631 9.9955E-05 9.9955E-05 9.9955E-05 0.0527681 9.9955E-05 0.0130616
9.99831E-05 0.0180776 0.527346 9.99831E-05 0.0220052 0.0471151 0.0917394 0.17413 0.119387
9.9973E-05 0.0149359 0.838496 9.9973E-05 0.00488287 9.9973E-05 0.0188027 0.0748017 0.0477806
0.0912594 0.0502569 0.628817 9.9982E-05 0.020252 9.9982E-05 0.109483 0.0392876 0.0604441
9.9973E-05 0.0385373 0.852021 0.0264045 0.0305326 9.9973E-05 9.9973E-05 0.011391 0.0408136
9.9955E-05 0.0744203 0.83449 9.9955E-05 9.9955E-05 9.9955E-05 0.010864 9.9955E-05 0.0797264
0.0293121 0.0209784 0.794317 9.9982E-05 9.9982E-05 0.00906826 0.0144838 0.0829788 0.0486619
9.9946E-05 9.9946E-05 0.918262 9.9946E-05 9.9946E-05 9.9946E-05 0.0788345 9.9946E-05 0.00230332
9.9973E-05 9.9973E-05 0.804133 9.9973E-05 0.0242517 0.0151667 0.0225335 0.035264 0.0983516
0.000978951 9.9982E-05 0.816896 0.0443555 0.0295344 9.9982E-05 0.0260324 0.0205469 0.0614557
9.9955E-05 9.9955E-05 0.783781 9.9955E-05 0.0842407 9.9955E-05 9.9955E-05 0.0599864 0.0714925
9.9955E-05 9.9955E-05 0.755908 9.9955E-05 0.0796416 0.0417055 9.9955E-05 0.122245 9.9955E-05
9.9955E-05 9.9955E-05 0.714379 9.9955E-05 0.138878 9.9955E-05 9.9955E-05 0.0756798 0.0705625
9.9964E-05 9.9964E-05 0.734343 0.00414754 0.0728747 9.9964E-05 9.9964E-05 0.10323 0.0850051
0.0423671 9.9982E-05 0.128439 0.0531285 0.406192 0.259105 0.107259 9.9982E-05 0.00330972
9.9973E-05 9.9973E-05 0.0184252 0.0404137 0.687093 0.0968652 0.115459 9.9973E-05 0.0414442
9.9964E-05 0.01643 9.9964E-05 0.0982359 0.152206 0.661969 0.0707597 9.9964E-05 9.9964E-05
0.0403488 9.9982E-05 0.0919639 0.0107612 0.569078 0.139121 0.101613 9.9982E-05 0.046914
9.9964E-05 9.9964E-05 0.0470027 9.9964E-05 0.153978 0.782105 0.0105388 9.9964E-05 0.00597589
9.9964E-05 9.9964E-05 0.00697177 9.9964E-05 0.554528 0.227503 0.128782 0.0818154 9.9964E-05
0.0555525 9.9982E-05 0.0825979 0.0868808 0.441026 0.229964 0.0906204 9.9982E-05 0.0131577
0.0198086 9.9982E-05 0.0157575 0.0134949 0.540278 0.286814 0.0885059 9.9982E-05 0.0351409
0.0254157 0.0883958 0.0785251 0.325218 0.482046 9.9964E-05 9.9964E-05 9.9964E-05 9.9964E-05
