9.9991E-05 0.900532 0.0993684
0.00354574 0.956177 0.0402772
9.999E-05 0.814374 0.185526
9.999E-05 0.814791 0.185109
9.9991E-05 0.854835 0.145065
0.167161 0.701139 0.1317
0.0319211 0.878027 0.0900522
0.154441 0.794389 0.0511699
0.073231 0.926669 9.9991E-05
0.115117 0.762948 0.121936
0.139953 0.802851 0.0571964
0.756185 0.0929224 0.150893
0.637148 9.9991E-05 0.362752
0.72252 0.132324 0.145157
0.571828 0.116134 0.312038
0.472263 0.177995 0.349743
0.525854 0.0485916 0.425555
0.611992 0.0523216 0.335686
0.566206 0.19168 0.242114
0.753212 0.246688 9.9991E-05
0.647974 0.0285565 0.32347
0.631284 0.0923667 0.276349
0.618424 0.0314917 0.350084
0.723384 0.0659561 0.210659
0.549421 0.0476868 0.402892
0.616511 0.00828366 0.375206
0.660269 0.166972 0.172759
0.580884 0.190594 0.228522
0.805478 0.135667 0.058855
9.9991E-05 0.791404 0.208496
9.9991E-05 0.800342 0.199558
0.00597612 0.776561 0.217463
0.0379737 0.706892 0.255134
0.69322 9.9991E-05 0.30668
0.634673 0.0297464 0.335581
0.655676 9.9991E-05 0.344224
0.720223 0.265035 0.0147422
0.805221 9.9991E-05 0.194679
0.598893 0.0929683 0.308139
0.501265 9.9991E-05 0.498635
0.565604 0.0884954 0.3459
0.556586 0.0922491 0.351165
0.884888 0.0362834 0.0788289
0.512621 0.0682489 0.41913
0.609636 9.9991E-05 0.390264
0.513515 0.0953643 0.391121
0.874774 9.9991E-05 0.125126
0.624286 9.9991E-05 0.375614
0.495609 0.0473091 0.457082
0.819436 0.180464 9.9991E-05
0.864075 0.105477 0.0304473
0.814485 0.15205 0.0334649
0.460776 9.9991E-05 0.539124
0.551634 0.000720793 0.447646
0.59781 0.0108764 0.391314
0.797727 0.199393 0.00287993
0.692638 9.9991E-05 0.307262
0.485857 0.0973524 0.416791
0.607809 0.132531 0.25966
0.637345 0.335843 0.0268115
0.564517 9.9991E-05 0.435383
0.592264 0.142194 0.265542
0.786232 0.213668 9.9991E-05
0.691052 0.0136278 0.29532
0.6124 9.9991E-05 0.3875
0.568756 0.0359833 0.39526
0.655487 0.135901 0.208612
0.67829 0.00286973 0.318841
0.538908 0.0628337 0.398258
0.825562 0.143793 0.0306453
0.720061 9.9991E-05 0.279839
0.874219 9.9991E-05 0.125681
0.5906 0.0946609 0.314739
0.960719 0.0391807 9.9991E-05
0.968517 0.0313831 9.9991E-05
0.889481 9.9991E-05 0.110419
0.717984 9.9991E-05 0.281916
0.47573 0.0483289 0.475941
0.733092 9.9991E-05 0.266808
0.779698 0.0912233 0.129079
0.801556 0.105003 0.0934406
0.57577 0.0582022 0.366027
0.79494 0.0265634 0.178496
0.758268 0.0122364 0.229496
0.834971 0.00132266 0.163706
0.910775 0.0891253 9.9991E-05
0.573201 9.9991E-05 0.426699
0.00490959 0.796333 0.198757
9.9991E-05 0.901602 0.0982982
9.9991E-05 0.820279 0.179621
9.9991E-05 0.892557 0.107343
9.9991E-05 0.857282 0.142618
9.9991E-05 0.871171 0.128729
9.9991E-05 0.876976 0.122924
0.547872 0.0401062 0.412022
0.522236 0.0754532 0.402311
0.935138 0.0647617 9.9991E-05
0.622732 0.0464304 0.330837
0.778609 9.9991E-05 0.221291
0.59937 9.9991E-05 0.40053
0.709133 9.9991E-05 0.290767
0.628049 0.0325966 0.339355
0.868369 0.131531 9.9991E-05
0.662296 0.107613 0.230091
0.61326 9.9991E-05 0.38664
0.477593 0.054795 0.467612
0.764875 0.000145384 0.234979
0.66879 9.9991E-05 0.33111
0.742121 0.0292814 0.228597
0.731515 9.9991E-05 0.268385
0.7238 0.01018 0.26602
0.618839 0.0596446 0.321517
0.712247 0.170875 0.116878
0.553374 0.194016 0.25261
0.536517 0.0487197 0.414763
0.549236 0.0409977 0.409766
0.703744 0.0705643 0.225691
0.607624 0.0193774 0.372999
0.670299 0.0470014 0.2827
0.63125 0.0617104 0.307039
0.497492 0.0173771 0.485131
0.639942 0.0468434 0.313215
0.690773 0.0740603 0.235167
0.583474 0.0389961 0.37753
0.619406 9.9991E-05 0.380494
0.659722 0.00896603 0.331312
0.518925 0.0771095 0.403966
0.517519 0.0688187 0.413662
0.64451 0.145452 0.210037
0.564872 9.9991E-05 0.435028
0.55354 9.9991E-05 0.44636
0.761493 0.12052 0.117988
0.752471 0.15762 0.0899088
0.593505 0.0769499 0.329545
0.92529 0.0478617 0.0268483
0.794595 0.129923 0.0754818
0.753939 0.0555284 0.190532
0.819599 0.124191 0.05621
0.796974 0.0852439 0.117782
0.565478 0.0142728 0.42025
0.506276 0.0115347 0.482189
0.58089 0.0504542 0.368656
0.816602 0.151343 0.0320546
0.534465 0.149515 0.31602
0.62019 0.0307398 0.34907
0.729133 0.270767 9.9991E-05
0.521624 0.0147237 0.463652
0.592275 0.158308 0.249418
0.580965 0.0890804 0.329954
0.651519 0.228073 0.120408
0.788169 0.193096 0.0187351
0.714375 0.0596705 0.225955
0.547275 0.0837806 0.368944
0.558971 0.126635 0.314394
0.648109 0.217585 0.134306
0.529349 0.102026 0.368625
0.858862 9.9991E-05 0.141038
0.75211 9.9991E-05 0.24779
0.576012 0.0628501 0.361138
0.201643 0.398077 0.40028
0.0721569 0.768783 0.15906
0.178109 0.703379 0.118512
0.159536 0.441864 0.398599
0.60123 9.9991E-05 0.39867
0.536099 0.0875981 0.376303
0.0894544 9.9991E-05 0.910446
0.31297 0.0962773 0.590752
0.254966 0.0344303 0.710603
0.779173 0.039042 0.181785
0.551113 0.0248158 0.424071
0.805101 0.109596 0.0853035
0.625659 0.0107208 0.36362
0.636011 0.0719708 0.292018
0.612104 0.00941365 0.378483
0.8208 0.0483344 0.130866
0.475984 0.0215137 0.502502
0.587491 0.0384348 0.374074
9.9991E-05 0.068697 0.931203
9.9991E-05 0.0543714 0.945529
0.139958 0.0947019 0.76534
0.0864069 0.0331917 0.880401
0.0534029 0.089681 0.856916
9.9991E-05 0.0544059 0.945494
9.9991E-05 0.0900299 0.90987
9.9991E-05 0.00606183 0.993838
9.9991E-05 0.0122539 0.987646
9.9991E-05 0.0229653 0.976935
9.9991E-05 0.0792798 0.92062
9.9991E-05 0.16496 0.83494
0.0167494 0.141785 0.841465
9.9991E-05 0.0623737 0.937526
0.332478 0.109762 0.55776
0.112027 0.0883431 0.79963
0.0422991 0.0763917 0.881309
9.9991E-05 0.098695 0.901205
9.9991E-05 0.0600674 0.939833
9.9991E-05 0.0630009 0.936899
9.9991E-05 0.0679904 0.93191
0.105407 0.119134 0.775459
9.9991E-05 0.101549 0.898351
0.400206 0.531066 0.0687283
0.503749 0.217017 0.279234
0.418645 0.267632 0.313723
0.470521 0.334961 0.194518
0.45166 0.0839072 0.464433
0.450981 0.335181 0.213838
0.446621 0.15611 0.397269
0.390999 0.182666 0.426335
0.423029 0.137779 0.439192
0.286083 0.211222 0.502695
0.448544 0.192979 0.358477
0.0640487 0.839801 0.0961508
9.9991E-05 0.885992 0.113908
9.9991E-05 0.941685 0.0582152
9.9991E-05 0.931765 0.0681346
9.9991E-05 0.89154 0.10836
9.9991E-05 0.883064 0.116836
9.9991E-05 0.841525 0.158375
0.0217609 0.903744 0.0744948
9.9991E-05 0.892872 0.107028
9.9991E-05 0.865258 0.134642
0.273626 0.726274 9.9991E-05
0.31614 0.68376 9.9991E-05
0.346852 0.653048 9.9991E-05
0.392274 0.607626 9.9991E-05
0.637023 0.0708617 0.292116
0.66379 0.00243216 0.333778
0.673322 9.9991E-05 0.326578
0.720814 0.114982 0.164204
0.866191 0.113716 0.0200922
0.54352 0.0494851 0.406995
0.684355 9.9991E-05 0.315545
0.706909 9.9991E-05 0.292991
0.761592 9.9991E-05 0.238308
0.611193 0.0563668 0.33244
0.773754 9.9991E-05 0.226146
0.961951 0.0379488 9.9991E-05
0.641671 0.035041 0.323288
0.836393 0.0214166 0.142191
0.699824 9.9991E-05 0.300076
0.909261 0.0906389 9.9991E-05
0.674363 0.325537 9.9991E-05
0.7091 0.2908 9.9991E-05
0.738748 0.261152 9.9991E-05
0.69818 0.30172 9.9991E-05
0.775384 0.224516 9.9991E-05
0.69532 0.297644 0.00703556
9.9991E-05 0.840319 0.159581
9.9991E-05 0.838482 0.161418
9.9991E-05 0.757465 0.242435
0.00469822 0.806835 0.188467
0.00812474 0.780677 0.211198
0.439902 0.559998 9.9991E-05
0.359684 0.640216 9.9991E-05
0.445765 0.554135 9.9991E-05
9.9991E-05 0.78905 0.21085
0.475383 0.524517 9.9991E-05
0.178807 0.231128 0.590065
0.289605 0.0698628 0.640532
0.190976 0.129987 0.679037
0.232528 0.281153 0.48632
0.303126 0.168164 0.52871
0.0600875 0.588199 0.351713
0.747712 0.0398545 0.212433
0.775258 9.9991E-05 0.224642
0.707853 0.205807 0.0863391
0.754966 9.9991E-05 0.244934
0.892903 0.106997 9.9991E-05
0.515418 0.0818513 0.402731
0.703152 0.0742367 0.222612
0.747661 0.10728 0.14506
0.594531 0.0202344 0.385235
0.904866 0.0877885 0.00734585
0.658676 0.0459419 0.295382
0.684249 9.9991E-05 0.315651
0.436315 0.156437 0.407249
0.807704 9.9991E-05 0.192196
0.725136 0.017079 0.257785
0.603398 0.0397375 0.356864
0.690494 0.0272809 0.282225
0.566147 9.9991E-05 0.433753
0.464795 0.119612 0.415593
0.601784 0.0770463 0.321169
9.9991E-05 0.741141 0.258759
9.9991E-05 0.827982 0.171918
0.117308 0.79194 0.0907515
0.0518853 0.830805 0.11731
0.00286712 0.810389 0.186744
0.805381 0.136374 0.0582457
0.651168 9.9991E-05 0.348732
0.369151 0.160818 0.470031
0.534357 9.9991E-05 0.465543
0.671577 0.0601967 0.268226
0.72674 0.113554 0.159706
0.688185 0.311715 9.9991E-05
0.70314 0.00492035 0.29194
0.768974 0.18136 0.0496664
0.705139 0.0327182 0.262143
0.693781 0.282077 0.0241419
0.462088 0.0857034 0.452209
0.715269 0.202769 0.0819626
0.708771 0.0794116 0.211818
0.64254 0.0812487 0.276212
0.799332 0.101432 0.099236
0.575092 0.0892898 0.335618
0.578399 0.0833482 0.338253
0.744478 0.103016 0.152506
0.626365 0.0619884 0.311647
0.707393 9.9991E-05 0.292507
0.891892 0.102248 0.00585973
0.824656 0.074064 0.10128
0.746488 0.0199164 0.233596
0.868446 0.131454 9.9991E-05
0.770606 0.00852904 0.220865
0.819933 0.179967 9.9991E-05
0.894238 9.9991E-05 0.105662
0.663231 0.0937414 0.243027
0.579435 9.9991E-05 0.420465
0.84506 0.0374639 0.117476
0.588598 0.129423 0.281978
0.552713 0.093398 0.353889
0.650229 0.013515 0.336256
0.571295 9.9991E-05 0.428605
0.696956 0.00234537 0.300699
0.81811 0.0448795 0.13701
0.703284 0.0871811 0.209535
0.619822 9.9991E-05 0.380078
0.642475 0.0109565 0.346569
0.744452 0.0415034 0.214044
0.667285 0.00307906 0.329636
0.607558 0.163895 0.228547
0.581797 9.9991E-05 0.418103
0.609596 0.0691147 0.321289
0.498295 0.0507924 0.450913
0.307706 0.273165 0.419129
0.37473 0.0697297 0.555541
0.341436 0.155417 0.503146
0.543904 0.0209144 0.435181
0.286201 0.16665 0.547149
0.751683 9.9991E-05 0.248217
0.411904 0.14325 0.444845
0.446984 0.380214 0.172801
0.409885 0.107677 0.482439
0.412747 0.0855651 0.501688
0.432469 0.111131 0.456399
0.470922 0.240079 0.288998
0.259789 0.166346 0.573864
0.353146 0.1406 0.506255
0.124861 0.655882 0.219257
0.311773 0.122878 0.565349
0.349656 0.0953244 0.55502
0.475391 0.0361505 0.488459
0.293009 0.169985 0.537006
0.450283 0.0871286 0.462588
0.692663 0.0244265 0.28291
0.517665 0.0819461 0.400389
0.98078 0.0191197 9.9991E-05
0.902662 0.097238 9.9991E-05
0.693807 0.00236851 0.303824
0.341509 0.063676 0.594815
0.276204 0.0997181 0.624077
0.311104 0.276173 0.412723
0.302066 0.204012 0.493922
0.655631 0.189242 0.155127
0.577446 0.20094 0.221614
0.613287 9.9991E-05 0.386613
0.554126 0.0525154 0.393359
0.647868 0.143125 0.209007
0.530627 0.0613535 0.40802
0.538482 0.0285903 0.432928
0.510214 0.0693131 0.420473
0.860059 0.0313598 0.108581
0.737396 0.00126167 0.261342
0.634329 0.0298904 0.335781
0.641727 0.0832184 0.275054
0.500213 0.126115 0.373672
0.745243 9.9991E-05 0.254657
0.826793 0.0541088 0.119098
0.595426 9.9991E-05 0.404474
0.877172 0.0104792 0.112349
0.768729 9.9991E-05 0.231171
0.596381 0.0171404 0.386479
0.689648 0.0207177 0.289634
0.355771 0.108078 0.536151
0.52095 0.134565 0.344485
0.319251 0.185504 0.495244
0.421326 0.17371 0.404963
0.425859 0.121682 0.452459
0.420856 0.0890197 0.490124
0.512812 0.331544 0.155644
0.449822 0.0408141 0.509364
0.298903 0.533634 0.167463
0.467252 0.0448199 0.487928
0.967144 0.0120948 0.0207613
0.898258 0.101642 9.9991E-05
0.682237 9.9991E-05 0.317663
0.643397 9.9991E-05 0.356503
0.771864 9.9991E-05 0.228036
0.696095 9.9991E-05 0.303805
0.708441 9.9991E-05 0.291459
0.0336567 0.782662 0.183681
0.0566502 0.792628 0.150722
9.9991E-05 0.882615 0.117285
9.9991E-05 0.886935 0.112965
0.668749 9.9991E-05 0.331151
0.674969 0.0339813 0.29105
0.777102 9.9991E-05 0.222798
0.622665 0.033391 0.343944
0.591916 0.0497943 0.35829
0.851143 0.0542117 0.0946448
0.646504 9.9991E-05 0.353396
0.780545 0.021699 0.197756
0.254841 0.223415 0.521744
0.714896 9.9991E-05 0.285004
0.819076 9.9991E-05 0.180824
0.682142 9.9991E-05 0.317758
0.767233 9.9991E-05 0.232667
0.687183 9.9991E-05 0.312717
0.640973 0.0327486 0.326278
0.990439 9.9991E-05 0.00946092
0.819145 9.9991E-05 0.180755
0.797905 0.023455 0.17864
0.9998 9.999E-05 9.999E-05
0.713697 0.0181291 0.268174
0.959905 0.0399947 9.9991E-05
0.915992 0.0839081 9.9991E-05
0.634634 9.9991E-05 0.365266
0.821011 0.0682825 0.110707
0.678698 0.0357493 0.285553
0.531853 0.00573415 0.462413
0.68481 9.9991E-05 0.31509
0.769162 0.00263882 0.228199
0.691065 9.9991E-05 0.308835
0.721759 9.9991E-05 0.278141
0.848007 9.9991E-05 0.151893
0.60554 9.9991E-05 0.39436
0.300426 0.699474 9.9991E-05
0.136971 0.807546 0.0554838
0.0865622 0.913338 9.9991E-05
0.139184 0.860716 9.9991E-05
0.160258 0.835307 0.00443562
0.884105 0.0300753 0.0858193
0.884929 0.114971 9.9991E-05
0.934404 9.9991E-05 0.0654956
0.472852 0.0987939 0.428354
0.570179 0.0804384 0.349382
0.785418 0.042925 0.171657
0.61594 9.9991E-05 0.38396
0.749363 0.020611 0.230027
0.706359 9.9991E-05 0.293541
0.584712 9.9991E-05 0.415188
0.861972 0.0214893 0.116539
0.808006 9.9991E-05 0.191894
0.82097 9.9991E-05 0.17893
0.578532 0.0506819 0.370786
0.812296 9.9991E-05 0.187604
0.755752 9.9991E-05 0.244148
0.233112 0.0462035 0.720685
0.203591 0.0862607 0.710148
0.124275 0.106737 0.768988
0.112139 0.179864 0.707998
0.29503 0.0962602 0.60871
0.613634 9.9991E-05 0.386266
9.9991E-05 0.291678 0.708222
0.0697572 0.210836 0.719407
0.417679 0.151682 0.430639
0.553496 0.11178 0.334724
0.556589 0.11884 0.324571
0.514013 0.0872414 0.398746
0.577291 0.0118726 0.410836
0.080735 0.183966 0.735299
0.234533 0.145753 0.619713
0.134446 0.0857629 0.779791
0.383316 0.0807747 0.535909
0.153732 0.159047 0.687221
0.269951 0.179652 0.550396
0.0975036 0.236401 0.666096
0.22406 0.126017 0.649923
0.574376 0.0260895 0.399535
0.279768 0.221991 0.498241
9.9991E-05 0.227695 0.772205
0.268201 0.192183 0.539615
0.682243 0.255492 0.0622648
0.56308 9.9991E-05 0.43682
0.393729 0.113175 0.493097
0.540595 0.0834114 0.375993
0.506282 0.140603 0.353115
0.344967 0.179882 0.47515
0.255752 0.265589 0.478659
0.484241 0.0693674 0.446391
0.302265 0.0984168 0.599318
0.194238 0.128323 0.677439
9.9991E-05 0.262883 0.737017
0.530903 0.0325476 0.436549
0.615922 0.132792 0.251286
0.606876 0.249088 0.144035
0.515196 0.126857 0.357947
0.584507 0.127765 0.287728
0.377893 0.167001 0.455107
0.429835 0.171219 0.398947
0.33485 0.501035 0.164115
0.355562 0.506429 0.13801
0.510516 0.233509 0.255975
0.286034 0.461905 0.252061
0.189908 0.514937 0.295154
0.479186 0.171665 0.349149
0.378937 0.23978 0.381283
0.359752 0.340404 0.299844
0.353344 0.440844 0.205811
0.483785 0.139177 0.377038
0.448361 0.328341 0.223297
0.241638 0.672707 0.0856544
0.431083 0.120918 0.447999
0.368415 0.19572 0.435865
0.249307 0.288361 0.462332
0.215206 0.128629 0.656164
0.355371 0.118086 0.526543
0.255898 0.19853 0.545572
0.235727 0.316699 0.447574
0.294982 0.15199 0.553028
0.165293 0.217073 0.617634
0.272481 0.285073 0.442445
0.494209 0.237997 0.267794
0.417986 0.145467 0.436548
0.360912 0.119039 0.520049
0.419723 0.0653867 0.51489
0.187689 0.277226 0.535086
0.315944 0.129323 0.554733
0.194145 0.404383 0.401472
0.391232 0.142405 0.466363
0.188822 0.318841 0.492337
0.131212 0.847441 0.0213471
0.786169 0.213731 9.9991E-05
0.721126 0.278774 9.9991E-05
0.717492 0.282408 9.9991E-05
0.74424 0.25566 9.9991E-05
0.737533 0.262367 9.9991E-05
0.791824 0.208076 9.9991E-05
0.7008 0.2991 9.9991E-05
0.572333 0.427567 9.9991E-05
9.9991E-05 0.877294 0.122606
0.0637237 0.816596 0.119681
9.9991E-05 0.879059 0.120841
0.0600414 0.838671 0.101287
9.9991E-05 0.870381 0.129519
9.9991E-05 0.936676 0.0632245
0.0172287 0.769114 0.213657
9.9991E-05 0.847789 0.152111
0.129869 0.778622 0.0915093
9.9991E-05 0.885654 0.114246
9.9991E-05 0.988584 0.0113161
0.00351871 0.857571 0.13891
9.9991E-05 0.932639 0.0672611
9.9991E-05 0.898708 0.101192
9.9991E-05 0.829372 0.170528
9.9991E-05 0.800954 0.198946
9.9991E-05 0.746386 0.253514
9.9991E-05 0.770025 0.229875
9.9991E-05 0.769735 0.230165
0.569566 0.173738 0.256696
0.580481 0.0113505 0.408168
0.577551 0.0121083 0.410341
0.729229 0.183567 0.0872033
0.610243 0.0836857 0.306072
0.658781 0.277282 0.0639362
0.506072 0.0242306 0.469697
0.706825 0.11271 0.180465
0.617271 0.0644592 0.31827
0.717466 0.00276391 0.27977
0.621441 0.11344 0.265118
0.63879 0.0418603 0.31935
0.661148 0.0297208 0.309131
0.861007 0.138893 9.9991E-05
0.784895 0.215005 9.9991E-05
0.74627 0.209922 0.0438081
0.503794 0.0481794 0.448027
0.594756 0.0783053 0.326939
0.650478 0.0650837 0.284438
0.506753 0.0135376 0.479709
0.381573 0.137465 0.480962
0.275775 0.162308 0.561917
0.287287 0.465421 0.247293
0.471191 0.112211 0.416598
0.371416 0.221717 0.406867
0.229551 0.61132 0.159129
0.277977 0.271054 0.450969
0.261566 0.366885 0.371549
0.323308 0.308135 0.368558
0.396517 0.141283 0.4622
0.337141 0.187794 0.475065
0.362256 0.0276592 0.610084
0.434763 0.141187 0.42405
0.170804 0.450377 0.378819
