9.9973E-05 9.9973E-05 9.9973E-05 0.0138618 0.9142 0.0716385
9.9973E-05 9.9973E-05 9.9973E-05 0.0163538 0.942313 0.0410333
0.103271 0.0601357 9.9982E-05 9.9982E-05 0.79347 0.0429237
9.9973E-05 0.0705532 9.9973E-05 9.9973E-05 0.754345 0.174802
0.0255671 0.0449118 0.0130852 9.9991E-05 0.870759 0.0455765
0.00559841 0.111954 0.0775158 0.0524922 0.610193 0.142247
9.9982E-05 9.9982E-05 0.0971913 0.0184147 0.812316 0.0718777
0.0010361 0.0164607 0.0789207 0.0104295 0.748686 0.144467
9.9982E-05 9.9982E-05 0.0459359 0.0360964 0.848078 0.0696897
0.0803575 0.078336 0.0859776 9.9991E-05 0.713615 0.0416139
0.025595 9.9991E-05 0.0766202 0.0060722 0.739754 0.151858
0.222017 0.0943242 0.0218846 0.187555 9.9991E-05 0.474119
0.523943 0.148864 9.9982E-05 0.00727791 9.9982E-05 0.319715
0.222002 0.117546 0.0767734 0.129765 9.9991E-05 0.453814
0.215739 0.192407 9.9991E-05 0.211633 0.0505499 0.329571
0.324599 0.176476 9.9991E-05 0.190607 0.081557 0.226661
0.535181 0.128041 0.0473432 0.0703824 0.0927981 0.126254
0.363955 0.187253 0.026124 0.151394 0.00286576 0.268408
0.238281 0.128462 9.9991E-05 0.198551 0.151957 0.282649
9.9982E-05 0.0752218 0.152957 0.0988889 9.9982E-05 0.672732
0.376453 0.0923372 9.9982E-05 0.19023 9.9982E-05 0.34078
0.509587 0.00573938 0.270251 0.068766 0.0188558 0.126801
0.589612 0.0144331 0.0394391 0.11928 0.0556673 0.181568
0.272745 0.165578 0.0103717 0.165284 0.00494723 0.381073
0.630001 0.145641 9.9991E-05 0.0116202 0.0610798 0.151558
0.576235 0.109081 0.0238039 9.9991E-05 0.0535671 0.237213
0.18454 0.102803 9.9991E-05 0.170744 0.0129535 0.528859
0.170718 0.224714 9.9991E-05 0.164793 0.00568268 0.433992
0.236944 0.0444943 0.0936094 0.165912 9.9991E-05 0.458941
0.0954307 0.0366479 9.9973E-05 9.9973E-05 0.867621 9.9973E-05
0.148873 9.9964E-05 9.9964E-05 9.9964E-05 0.850727 9.9964E-05
0.111464 0.066059 9.9991E-05 0.0355117 0.777956 0.00890886
0.109742 0.0855737 9.9982E-05 0.0700157 0.734469 9.9982E-05
0.466965 0.00861967 0.0980372 0.254109 0.0407486 0.13152
0.405842 0.107072 9.9991E-05 0.326367 0.0814191 0.0792007
0.598043 0.0113458 9.9982E-05 0.365333 0.0250784 9.9982E-05
0.11404 0.0383087 0.033272 0.162677 0.0820327 0.56967
0.315397 9.9991E-05 0.11914 0.493429 0.0548251 0.0171083
0.528214 9.9982E-05 9.9982E-05 0.233845 0.140543 0.0971978
0.642017 0.0514077 9.9982E-05 0.252313 0.0540624 9.9982E-05
0.585882 0.00585139 0.163308 0.158555 0.0703699 0.0160332
0.528095 0.0874303 0.0168151 0.212748 0.0619869 0.0929243
0.0988953 9.9982E-05 9.9982E-05 0.720775 0.0492471 0.130883
0.66233 0.0125222 0.135275 0.0314187 0.0903306 0.0681233
0.56888 0.0079396 0.00689264 0.320951 0.0952362 9.9991E-05
0.502394 0.108563 0.130503 0.0658168 0.116343 0.0763806
0.261158 9.9973E-05 0.0702234 0.668319 9.9973E-05 9.9973E-05
0.55341 0.0243547 9.9982E-05 0.317269 0.104766 9.9982E-05
0.438856 0.104956 0.0101196 0.251262 0.104645 0.090162
9.9973E-05 9.9973E-05 0.365225 0.566676 0.0677987 9.9973E-05
0.179493 9.9982E-05 0.170514 0.205797 9.9982E-05 0.443997
0.120806 0.050116 0.476114 0.093835 9.9991E-05 0.259028
0.599712 0.0421131 0.148972 9.9991E-05 0.0494363 0.159666
0.687921 0.0409197 0.100996 0.0406089 9.9991E-05 0.129454
0.676253 0.0390444 0.129077 0.0133676 0.107235 0.0350236
0.19138 9.9991E-05 0.104399 0.293234 0.104332 0.306556
0.56807 0.00970268 0.126893 0.0398898 9.9991E-05 0.255345
0.5285 0.132892 0.129539 0.0340682 0.00499626 0.170005
0.368432 0.0432688 0.112643 0.133623 0.1157 0.226334
0.0748582 0.0651138 0.176289 0.129662 0.187532 0.366545
0.467249 0.128838 0.015656 0.269035 0.0463093 0.0729129
0.359062 0.0886579 0.0761605 0.105997 0.0718197 0.298302
0.0117813 9.9991E-05 0.134915 0.257065 0.0514087 0.544731
0.585038 0.00385322 0.155359 0.0241727 0.00323592 0.228341
0.589812 0.0383077 0.142496 0.177832 9.9991E-05 0.0514519
0.59059 0.00318175 0.185671 0.0395744 0.109088 0.0718947
0.276485 0.09548 0.155455 0.183114 0.0484284 0.241037
0.569919 0.0230434 0.194889 9.9991E-05 0.0318459 0.180203
0.565317 0.059375 0.140301 0.0757415 0.0614589 0.0978066
0.237206 9.9982E-05 0.195659 0.127264 9.9982E-05 0.43967
0.593651 9.9973E-05 9.9973E-05 0.405681 9.9973E-05 0.000367808
0.188737 0.0126075 9.9991E-05 0.671318 0.0182451 0.108992
0.589914 9.9991E-05 0.0448288 0.21712 0.0519758 0.0960613
9.9964E-05 9.9964E-05 0.152355 0.847246 9.9964E-05 9.9964E-05
9.9973E-05 9.9973E-05 0.178956 0.801432 9.9973E-05 0.019312
0.235187 9.9973E-05 9.9973E-05 0.747855 9.9973E-05 0.0166576
0.472626 0.0172699 9.9991E-05 0.425495 0.020806 0.063703
0.583266 0.0345571 0.0817345 0.128078 0.0996005 0.0727643
0.378887 0.0856613 0.0363019 0.419288 9.9991E-05 0.0797614
9.9982E-05 0.0600257 9.9982E-05 0.786541 0.0318795 0.121354
0.155106 9.9982E-05 9.9982E-05 0.531389 0.0575202 0.255785
0.509412 0.00286206 9.9991E-05 0.243682 0.110386 0.133558
0.226145 0.0472454 9.9991E-05 0.642783 0.0269089 0.0568172
0.410902 0.0179483 9.9991E-05 0.438204 0.0852886 0.0475578
0.38934 9.9973E-05 0.113529 0.496831 9.9973E-05 9.9973E-05
9.9982E-05 9.9982E-05 0.302742 0.673137 0.0153229 0.00859748
0.67173 0.0467448 9.9982E-05 0.226124 0.0552012 9.9982E-05
0.122703 9.9973E-05 9.9973E-05 9.9973E-05 0.82655 0.0504471
0.0879313 9.9964E-05 9.9964E-05 9.9964E-05 0.911669 9.9964E-05
0.0722721 0.0516093 9.9982E-05 9.9982E-05 0.855788 0.0201307
0.0425852 9.9973E-05 9.9973E-05 0.0339187 0.923196 9.9973E-05
0.0900825 9.9973E-05 9.9973E-05 0.00965556 0.899962 9.9973E-05
9.9982E-05 0.0458897 0.0365543 0.0596966 0.857659 9.9982E-05
0.0800093 9.9964E-05 9.9964E-05 9.9964E-05 0.919591 9.9964E-05
0.51993 0.0869779 9.9991E-05 0.187106 0.0843141 0.121572
0.487801 0.16719 0.0238534 0.128944 0.101239 0.0909713
9.9982E-05 9.9982E-05 0.0911978 0.766479 0.0434959 0.0986272
0.425592 0.0754566 9.9991E-05 0.361381 0.0784658 0.0590052
0.352859 0.000414508 9.9991E-05 0.481904 0.0418841 0.122838
0.475193 0.0591045 0.0365847 0.353804 0.0752141 9.9991E-05
0.581261 0.0287884 0.0039152 0.313667 0.0722682 9.9991E-05
0.391959 0.0731301 9.9982E-05 0.525635 0.00907509 9.9982E-05
9.9982E-05 9.9982E-05 0.0565623 0.661372 0.044231 0.237635
0.551367 9.9991E-05 0.193281 0.071697 0.174997 0.00855761
0.511741 0.110662 0.00688596 0.225761 0.0737496 0.0712003
0.632298 9.9991E-05 0.0458874 0.157633 0.102143 0.0619386
0.225249 9.9982E-05 0.17275 0.581397 0.0204044 9.9982E-05
0.43741 0.0228209 0.0910419 0.448527 9.9982E-05 9.9982E-05
0.510057 9.9991E-05 0.0248606 0.342917 0.0108737 0.111192
0.249222 0.111121 0.0231536 0.616303 9.9982E-05 9.9982E-05
0.417784 9.9982E-05 9.9982E-05 0.388008 0.0654788 0.12853
0.570885 0.0122555 0.0417196 0.164853 0.210187 9.9991E-05
0.293568 0.0308524 0.313848 0.0014799 0.0361143 0.324137
0.461609 0.0258253 0.0451722 0.0207226 0.147224 0.299447
0.641376 9.9973E-05 9.9973E-05 9.9973E-05 0.224307 0.134017
0.591769 0.046732 9.9991E-05 0.143773 0.160204 0.0574223
0.492831 9.9991E-05 0.0133694 0.0628464 0.0744553 0.356398
0.613732 9.9982E-05 0.0984626 0.00534924 9.9982E-05 0.282256
0.488654 0.0364281 0.102853 9.9991E-05 0.0458639 0.326101
0.605605 9.9991E-05 0.0166727 0.0717805 0.098893 0.206948
0.668866 0.00570113 0.112888 9.9991E-05 0.134026 0.0784184
0.596438 9.9991E-05 0.139242 0.0567411 0.06738 0.140099
0.549768 9.9973E-05 9.9973E-05 0.0837544 9.9973E-05 0.366177
0.579798 0.15313 0.088436 0.0184183 0.00411533 0.156103
0.534733 0.134732 0.0990943 0.0747263 0.0777545 0.0789599
0.645534 0.0341979 0.0486025 0.0602167 9.9991E-05 0.211349
0.56538 0.086615 0.0779171 9.9991E-05 0.0309431 0.239044
0.620392 0.0320481 0.136463 0.0552686 0.0116062 0.144223
0.366627 0.0499529 0.192036 0.0438524 0.0701294 0.277402
0.602591 0.11072 0.0215439 0.012616 9.9991E-05 0.252429
0.760863 9.9982E-05 0.144712 9.9982E-05 0.00910327 0.0851217
0.195127 0.0839299 0.0555108 0.209033 9.9991E-05 0.456299
0.203045 0.074664 0.384953 0.0671745 0.0159059 0.254258
0.59353 0.0628026 0.0613661 0.0817559 9.9991E-05 0.200446
0.125443 0.0252347 0.399405 0.143678 9.9991E-05 0.306139
0.276528 9.9991E-05 0.0769855 0.155817 0.0283805 0.462189
0.424145 9.9991E-05 0.0298833 0.160187 0.0101347 0.375549
0.33204 9.9991E-05 0.0331904 0.187318 0.053903 0.393448
0.219633 0.0630334 0.047748 0.179361 9.9991E-05 0.490125
0.553486 0.0510749 0.0905999 0.124095 0.0813946 0.09935
0.627928 0.042325 0.0788057 0.013149 0.108157 0.129635
0.501725 0.0599673 0.0533883 0.0804495 0.0873787 0.217091
0.115556 0.0552337 0.25737 0.195555 9.9991E-05 0.376184
0.61992 9.9991E-05 0.0860279 0.122394 0.167731 0.00382798
0.573051 0.0718554 0.181527 0.105346 0.0498544 0.0183664
0.0355445 9.9991E-05 0.539741 0.147154 0.169127 0.108334
0.607674 0.020365 0.032866 0.170657 0.168338 9.9991E-05
0.294425 0.0162045 0.307116 0.235464 0.119754 0.0270355
0.493574 0.123011 0.165965 0.0913348 0.0824884 0.0436274
0.328252 9.9991E-05 0.424587 0.027595 0.130424 0.0890413
0.241934 9.9991E-05 0.460246 0.0758621 0.0644103 0.157447
0.4408 9.9991E-05 0.26102 0.0923195 0.0427092 0.163052
0.505712 0.00471567 0.162156 0.00970091 0.153042 0.164674
0.361673 0.0856494 0.187013 0.0548793 0.12711 0.183674
9.9991E-05 0.216342 0.410978 0.226597 0.00337852 0.142605
0.604068 0.022929 0.203267 0.0113782 0.0538347 0.104523
0.425625 9.9982E-05 0.277595 0.17392 9.9982E-05 0.122659
0.488818 9.9982E-05 0.261757 0.134206 9.9982E-05 0.115019
0.581112 0.0764352 0.0586567 0.129974 0.0486587 0.105163
0.155699 0.258108 0.230921 9.9991E-05 0.318634 0.0365384
9.9973E-05 0.113544 0.331834 9.9973E-05 0.554322 9.9973E-05
9.9973E-05 0.169496 0.389952 9.9973E-05 0.440252 9.9973E-05
0.0162395 0.386896 0.194411 0.00529942 0.372019 0.0251351
0.718029 9.9982E-05 0.216673 0.0545794 9.9982E-05 0.010519
0.531381 0.0922155 0.0639356 0.127794 0.110785 0.073888
0.301208 0.658398 9.9973E-05 0.0400939 9.9973E-05 9.9973E-05
0.272023 0.48734 0.0183308 0.0892909 0.0021963 0.130819
0.435824 0.372002 0.0769533 9.9991E-05 0.0605498 0.0545713
0.330142 0.00901772 0.523771 0.112002 0.000981126 0.024086
0.526229 0.061717 0.0764779 0.070822 0.0895813 0.175173
0.311603 9.9973E-05 0.669294 0.018804 9.9973E-05 9.9973E-05
0.580394 9.9991E-05 0.230206 0.117617 0.0391154 0.0325674
0.517149 0.0342831 0.302724 0.0625715 0.00151369 0.0817585
0.582154 0.111007 0.225803 9.9991E-05 0.00266086 0.0782749
0.211768 9.9991E-05 0.492759 0.182949 0.00370601 0.108718
0.561491 0.154801 0.124754 0.102037 9.9991E-05 0.056817
0.628975 0.053799 0.22379 0.0299667 0.0454241 0.0180446
0.0687281 0.924162 0.00681004 9.9973E-05 9.9973E-05 9.9973E-05
0.0812776 0.881384 9.9982E-05 0.0220593 9.9982E-05 0.0150787
0.331271 0.563318 9.9991E-05 0.00939871 0.0507155 0.045197
0.274126 0.719456 9.9973E-05 9.9973E-05 9.9973E-05 0.00611852
0.0689831 0.844439 9.9991E-05 0.0690562 0.00994153 0.00748026
9.996E-05 0.9995 9.996E-05 9.996E-05 9.996E-05 9.996E-05
9.9964E-05 0.987664 9.9964E-05 9.9964E-05 9.9964E-05 0.0119362
0.140897 0.843572 9.9973E-05 0.0152311 9.9973E-05 9.9973E-05
9.9964E-05 0.953846 9.9964E-05 9.9964E-05 9.9964E-05 0.0457538
9.996E-05 0.9995 9.996E-05 9.996E-05 9.996E-05 9.996E-05
9.996E-05 0.9995 9.996E-05 9.996E-05 9.996E-05 9.996E-05
0.186218 0.757068 9.9982E-05 9.9982E-05 0.0562305 0.000283904
0.146768 0.78489 9.9982E-05 9.9982E-05 0.0231218 0.0450203
9.9973E-05 0.986946 9.9973E-05 0.00809165 9.9973E-05 0.0046621
0.341502 0.489632 0.0779188 0.0276563 9.9991E-05 0.0631914
0.136053 0.732946 9.9991E-05 0.060437 0.0226463 0.0478175
0.146349 0.782876 9.9982E-05 9.9982E-05 0.0647334 0.00584117
0.0764969 0.912145 9.9973E-05 9.9973E-05 9.9973E-05 0.011058
9.996E-05 0.9995 9.996E-05 9.996E-05 9.996E-05 9.996E-05
0.074172 0.912451 9.9973E-05 9.9973E-05 0.0130769 9.9973E-05
9.996E-05 0.9995 9.996E-05 9.996E-05 9.996E-05 9.996E-05
0.287177 0.612214 9.9991E-05 0.00500885 0.0854251 0.0100758
0.001606 0.929911 9.9973E-05 9.9973E-05 9.9973E-05 0.068183
9.9973E-05 0.0473012 0.604732 9.9973E-05 0.347667 9.9973E-05
0.402658 0.0951659 0.136999 0.0881165 0.206869 0.0701918
0.469176 0.0287017 0.219926 0.0322554 0.228912 0.0210291
0.207763 0.0750669 0.49688 9.9982E-05 0.22009 9.9982E-05
0.479134 0.119143 0.140803 0.0883315 0.172489 9.9991E-05
0.215167 0.116079 0.417145 0.0564563 0.195053 9.9991E-05
0.472555 0.0471274 0.211654 9.9991E-05 0.228375 0.0401889
0.326991 0.206108 0.321848 9.9982E-05 0.144853 9.9982E-05
0.474033 0.100631 0.186887 0.0553965 0.182953 9.9991E-05
0.310018 0.27234 0.297906 9.9982E-05 0.119537 9.9982E-05
0.503218 0.0396795 0.157707 0.0598395 0.223752 0.0158046
0.0467933 9.9982E-05 0.0406386 9.9982E-05 0.83748 0.0748879
9.9982E-05 0.06775 0.049549 0.00224204 0.880259 9.9982E-05
9.9973E-05 9.9973E-05 0.00932767 9.9973E-05 0.966454 0.0239183
0.0278457 9.9973E-05 9.9973E-05 9.9973E-05 0.921268 0.0505866
0.0222758 9.9982E-05 0.0178674 9.9982E-05 0.872497 0.0871602
9.9964E-05 0.107979 9.9964E-05 9.9964E-05 0.891621 9.9964E-05
0.0261005 0.0473001 9.9982E-05 9.9982E-05 0.899885 0.0265141
9.9991E-05 0.0109872 0.0830598 0.0204846 0.875741 0.00962713
0.0121361 9.9982E-05 0.00237648 0.0738381 0.911449 9.9982E-05
0.00830446 0.0793814 0.000270517 9.9991E-05 0.860285 0.0516588
9.9982E-05 9.9982E-05 0.024369 0.134472 0.612208 0.228751
9.9982E-05 0.00746016 9.9982E-05 0.0962131 0.588816 0.307311
9.9982E-05 9.9982E-05 0.187013 0.0519254 0.537391 0.223471
9.9982E-05 9.9982E-05 0.0479628 0.121857 0.475097 0.354883
0.457938 0.0324493 9.9991E-05 0.258421 0.0718423 0.179249
0.455506 0.0835038 9.9991E-05 0.288077 0.0337966 0.139017
0.473258 0.105489 0.0741395 0.168251 9.9991E-05 0.178762
0.413857 0.0172171 0.115487 0.189491 0.0560011 0.207947
0.196969 9.9982E-05 0.0137244 0.102687 9.9982E-05 0.686419
0.611219 0.00864674 0.10001 0.206095 0.0372836 0.0367456
0.586617 0.00879659 0.0371717 0.31898 9.9991E-05 0.0483352
0.488054 9.9991E-05 0.113271 0.289279 0.00318892 0.106106
0.295748 0.0676296 0.0421811 0.594242 9.9982E-05 9.9982E-05
0.574641 0.0795954 9.9991E-05 0.157574 0.0118591 0.176231
0.421943 9.9982E-05 0.0877788 0.387217 9.9982E-05 0.102861
9.9973E-05 9.9973E-05 0.272027 0.695293 9.9973E-05 0.0323797
0.550322 9.9991E-05 0.150813 0.0561432 0.0626439 0.179977
0.269683 9.9973E-05 0.275276 0.454741 9.9973E-05 9.9973E-05
0.468237 9.9991E-05 0.0813306 0.384093 0.052123 0.0141157
0.095732 9.9991E-05 0.0499579 0.636432 0.0501891 0.167589
0.00444738 9.9982E-05 0.120622 9.9982E-05 0.112618 0.762113
0.091688 9.9982E-05 0.0474142 9.9982E-05 0.121663 0.739035
9.9973E-05 9.9973E-05 0.0951285 9.9973E-05 0.019838 0.884734
0.00128385 9.9991E-05 0.0708845 0.0220454 0.110949 0.794737
0.00569326 0.0352555 0.106399 9.9991E-05 0.0345357 0.818016
0.104755 0.0556034 0.0364505 9.9991E-05 0.005514 0.797577
0.0780553 0.00644102 9.9973E-05 9.9973E-05 0.915204 9.9973E-05
0.0592094 0.0307918 9.9982E-05 9.9982E-05 0.843735 0.0660642
0.123398 0.114737 9.9973E-05 9.9973E-05 0.761565 9.9973E-05
9.9973E-05 0.173199 9.9973E-05 9.9973E-05 0.746677 0.0798245
0.132682 0.0472617 9.9982E-05 9.9982E-05 0.76527 0.0545866
9.9982E-05 9.9982E-05 0.0130777 0.0756419 0.373093 0.537988
9.9982E-05 9.9982E-05 0.077925 0.066219 0.435964 0.419692
9.9973E-05 9.9973E-05 9.9973E-05 0.0869484 0.453965 0.458787
0.165783 0.0185454 9.9973E-05 9.9973E-05 0.815371 9.9973E-05
9.9982E-05 9.9982E-05 0.0457547 0.100918 0.386435 0.466692
0.271297 0.381072 0.103652 9.9982E-05 0.243778 9.9982E-05
0.554819 0.224657 0.126995 9.9991E-05 0.0920863 0.00134378
0.542257 0.24214 9.9973E-05 9.9973E-05 0.215303 9.9973E-05
0.351162 0.215843 0.0564847 0.064534 0.279036 0.0329407
0.519556 0.154708 9.9991E-05 0.0951083 0.169264 0.0612641
9.9973E-05 0.289396 0.265014 9.9973E-05 0.44529 9.9973E-05
0.512902 9.9982E-05 0.103872 0.106373 9.9982E-05 0.276653
0.395101 9.9991E-05 0.223651 0.132686 0.0237992 0.224662
0.288529 9.9982E-05 9.9982E-05 0.0914968 0.0871373 0.532637
0.532264 9.9982E-05 0.20426 0.125856 9.9982E-05 0.13742
9.9973E-05 9.9973E-05 0.678051 0.15576 9.9973E-05 0.165888
0.470354 0.177346 0.042999 0.0846092 0.0804187 0.144273
0.542584 0.0136544 0.24685 9.9991E-05 0.0539397 0.142872
0.323244 9.9991E-05 0.0567809 0.160937 0.0348254 0.424112
0.547614 0.0714231 0.0942148 9.9991E-05 0.0628883 0.22376
0.167761 9.9982E-05 0.426324 0.180201 9.9982E-05 0.225514
0.524105 0.0589462 0.235995 0.0896891 9.9991E-05 0.0911647
0.521992 0.0385836 0.00165311 0.15019 0.00799903 0.279582
0.442561 0.150596 0.0928705 0.0914997 0.124627 0.097846
0.448621 0.0357945 0.245549 0.0249578 9.9991E-05 0.244978
0.408071 0.0243136 0.0604397 0.142557 0.0267681 0.33785
0.496551 0.0499218 0.23188 0.146658 0.0154008 0.0595888
0.443654 0.0592343 0.0449567 0.332881 9.9991E-05 0.119174
0.546268 0.0897235 0.0512609 0.161379 0.0358084 0.11556
0.599895 0.015823 0.0826489 0.120187 0.0981746 0.0832714
0.535779 0.0574037 0.0315895 0.045603 0.119914 0.209711
0.103177 0.0889121 9.9973E-05 9.9973E-05 0.807611 9.9973E-05
0.0737284 0.0414204 0.00500157 0.0487907 0.830959 9.9991E-05
0.110396 9.9991E-05 0.0634417 0.00357439 0.796486 0.0260023
9.9982E-05 0.0507982 9.9982E-05 0.114188 0.820136 0.0146777
0.13481 9.9964E-05 9.9964E-05 9.9964E-05 0.86479 9.9964E-05
0.216919 0.0352633 0.0203224 0.0730231 0.00942125 0.645051
0.513521 0.0771993 0.0736612 0.0953897 0.0686702 0.171558
0.379997 0.171173 0.227432 0.0197426 0.201555 9.9991E-05
0.637661 0.0582989 0.0317704 9.9991E-05 0.0353961 0.236773
0.533998 9.9991E-05 0.0919047 0.134314 0.0508965 0.188787
0.345806 0.010071 0.293181 9.9982E-05 9.9982E-05 0.350742
0.0254976 9.9991E-05 0.196938 0.0822241 0.127658 0.567583
0.506439 0.0223094 0.100452 0.0989802 9.9991E-05 0.271719
0.125824 0.132356 0.141695 0.063691 0.0161222 0.520312
0.339072 0.114486 0.181868 0.117588 0.019624 0.227361
0.117935 0.0188445 0.049527 0.164694 0.152198 0.496802
0.536272 0.105296 9.9991E-05 0.0857193 0.0858386 0.186774
0.22794 0.0186384 0.0836902 0.0759234 0.0619094 0.531899
0.380972 0.0913927 0.151725 0.0514047 0.0373075 0.287198
0.494576 0.0335709 0.22061 0.081034 0.0928478 0.0773611
0.370591 9.9973E-05 0.452637 9.9973E-05 9.9973E-05 0.176472
0.661716 9.9991E-05 0.200493 0.0720678 0.0566542 0.0089691
0.578182 0.0546639 0.155091 0.0169614 0.140037 0.0550647
0.432427 9.9982E-05 0.424012 0.0172458 9.9982E-05 0.126115
0.554141 9.9991E-05 0.221956 0.0150668 0.0800059 0.12873
0.600141 9.9982E-05 0.300905 0.0789628 0.0197912 9.9982E-05
0.125992 9.9982E-05 0.691887 0.0547239 9.9982E-05 0.127197
0.336362 9.9973E-05 0.627424 9.9973E-05 9.9973E-05 0.0359136
0.54655 9.9973E-05 0.359725 9.9973E-05 9.9973E-05 0.0934242
0.160461 9.9982E-05 0.548531 0.150964 9.9982E-05 0.139844
0.528919 9.9982E-05 0.282026 0.0111462 9.9982E-05 0.177709
0.1232 0.0209939 0.0392879 0.187361 0.0283421 0.600815
0.231591 0.0232344 0.293455 0.165967 9.9991E-05 0.285653
0.298774 0.0685355 0.0702352 0.199708 9.9991E-05 0.362648
0.572827 0.101084 0.0180753 0.0902674 0.0189012 0.198846
0.18167 0.0355845 0.0227327 0.283101 9.9991E-05 0.476812
0.539443 9.9982E-05 0.24911 9.9982E-05 0.0659705 0.145276
0.549352 0.0951342 0.0354293 0.0992156 0.0670176 0.153852
0.58524 0.0404702 0.0483722 0.0491518 0.0244254 0.252341
0.465224 0.11224 9.9982E-05 0.200139 9.9982E-05 0.222197
0.31652 0.0912192 9.9982E-05 0.233181 9.9982E-05 0.35888
0.231077 0.103739 9.9982E-05 0.170165 9.9982E-05 0.494818
0.282784 0.0994514 0.00681912 0.115376 0.0518033 0.443766
0.590184 0.0447025 9.9982E-05 0.121797 9.9982E-05 0.243116
0.675603 9.9991E-05 0.0537242 0.043532 0.101586 0.125455
0.461667 9.9991E-05 0.0603221 0.179148 0.0974921 0.201271
0.380835 0.114473 0.164972 0.119646 9.9991E-05 0.219973
0.407402 0.0519366 0.0277252 0.0129882 0.0525268 0.447421
0.589459 0.0366664 9.9991E-05 0.107212 0.0516411 0.214921
0.456691 0.132348 0.0272092 0.080384 9.9991E-05 0.303267
0.600313 0.114134 0.138952 9.9991E-05 0.0626228 0.0838786
0.409943 0.0568937 9.9982E-05 0.0930484 0.439915 9.9982E-05
0.411415 0.216857 0.0878175 0.119767 0.164043 9.9991E-05
0.475753 0.210511 0.0306955 0.0320437 0.0708762 0.180121
0.652031 0.103461 0.0559729 0.0412249 0.0948133 0.0524974
0.454917 0.215829 9.9982E-05 0.144535 0.184518 9.9982E-05
0.460465 0.0415671 0.296203 0.0605123 9.9991E-05 0.141152
0.637348 0.0696852 0.0991599 9.9991E-05 0.183769 0.00993829
0.0501626 0.13921 0.478467 0.0746464 0.257414 9.9991E-05
0.495451 0.169988 0.0788321 9.9991E-05 0.0666257 0.189003
0.496698 0.140548 0.0757337 0.0147005 0.118413 0.153907
0.446794 0.251481 0.104141 0.0797801 0.0685995 0.0492039
0.373278 0.121126 0.161365 0.0530796 0.166995 0.124157
0.459712 0.257222 0.129212 9.9982E-05 0.153654 9.9982E-05
0.577841 0.142956 0.0839607 9.9982E-05 0.195042 9.9982E-05
9.9973E-05 0.222469 0.30535 9.9973E-05 0.471881 9.9973E-05
0.470387 0.196911 0.0314274 0.0818818 0.219293 9.9991E-05
0.521694 0.224633 0.0395654 9.9982E-05 0.213907 9.9982E-05
0.493528 0.158028 0.161402 0.0517917 0.111738 0.0235114
0.614806 0.128874 0.0608016 9.9982E-05 0.195318 9.9982E-05
0.58629 0.0877017 0.0816661 9.9991E-05 0.168078 0.0761647
0.5615 0.0303118 0.301826 0.0812103 0.00753071 0.017621
0.56413 0.0633625 0.112287 0.0698879 0.127318 0.0630141
0.0637902 9.9982E-05 0.570588 0.24941 9.9982E-05 0.116012
0.0552639 9.9982E-05 0.700871 0.175988 9.9982E-05 0.0676775
0.527999 0.0963288 0.164131 0.135974 0.011254 0.0643121
0.372883 0.334958 0.21012 9.9982E-05 0.0818381 9.9982E-05
0.24091 0.395052 0.171976 0.124564 0.0673978 9.9991E-05
0.13141 0.346435 0.258311 0.0367704 0.163261 0.0638123
0.302134 0.305754 0.15874 0.0561337 0.177138 9.9991E-05
0.145673 0.081956 0.682658 0.0458618 0.0437511 9.9991E-05
0.221193 0.110958 0.619853 9.9982E-05 0.0477964 9.9982E-05
0.548683 0.131076 0.193222 0.126819 9.9982E-05 9.9982E-05
0.455993 0.0966488 0.258839 0.14478 0.0436395 9.9991E-05
0.334771 0.0625463 0.522637 9.9982E-05 0.079846 9.9982E-05
0.520841 0.0992531 0.162821 0.121679 0.0330652 0.0623415
0.588827 0.126385 0.251935 9.9991E-05 0.00202538 0.0307268
0.475364 0.106089 0.203609 0.022124 0.098067 0.0947468
0.374728 9.9982E-05 0.344204 0.202539 9.9982E-05 0.0783287
0.36528 9.9982E-05 0.390979 0.144838 9.9982E-05 0.0987032
0.501065 0.0284363 0.275118 0.0581768 0.0790162 0.0581875
0.408243 0.0361739 0.27093 0.162987 0.0503914 0.0712748
0.618746 0.0190788 0.212478 0.00817276 0.088556 0.0529693
0.484763 9.9982E-05 0.441732 0.0565935 9.9982E-05 0.0167115
0.311522 9.9982E-05 0.52145 0.0710268 9.9982E-05 0.0958007
0.497532 0.0299262 0.191074 0.251455 0.0299133 9.9991E-05
0.284056 9.9982E-05 0.491459 0.17561 9.9982E-05 0.0486756
0.526735 9.9991E-05 0.360863 0.045944 0.00145258 0.0649054
0.579802 0.0730534 0.194131 0.0900015 0.0629126 9.9991E-05
0.45946 9.9982E-05 0.24044 0.167691 9.9982E-05 0.132208
0.54708 0.143351 0.0963111 0.0623066 0.14776 0.00319039
0.320926 0.202942 0.297059 0.0290293 0.13575 0.0142935
0.331353 0.279498 0.155876 0.0344788 0.166917 0.0318775
0.265925 0.302813 0.14346 9.9991E-05 0.154578 0.133124
0.461095 0.143137 0.0278612 0.14685 0.178183 0.0428744
0.306421 0.233709 0.157159 0.0950836 0.17213 0.035498
9.9982E-05 0.174205 0.634446 0.064807 0.126342 9.9982E-05
0.553099 0.252543 0.037686 9.9991E-05 0.0538033 0.102769
9.9973E-05 0.119147 0.525448 9.9973E-05 0.355105 9.9973E-05
0.598828 0.149927 0.192211 0.00491338 0.054021 9.9991E-05
0.129732 9.9973E-05 0.527052 0.342916 9.9973E-05 9.9973E-05
9.9964E-05 9.9964E-05 0.668131 0.331469 9.9964E-05 9.9964E-05
0.483958 0.011488 0.249139 0.201354 9.9991E-05 0.0539614
0.592721 9.9982E-05 0.190331 0.191115 0.0256321 9.9982E-05
0.44076 9.9973E-05 0.340158 0.218782 9.9973E-05 9.9973E-05
0.467261 0.0137633 0.177228 0.333483 9.9991E-05 0.00816465
0.552255 0.0187104 0.285874 0.142961 9.9982E-05 9.9982E-05
0.108655 0.0337655 0.0558738 9.9982E-05 0.801506 9.9982E-05
9.9982E-05 0.143166 0.0159966 9.9982E-05 0.706901 0.133736
9.9973E-05 0.0533335 9.9973E-05 9.9973E-05 0.933165 0.0132018
0.0499674 9.9964E-05 9.9964E-05 9.9964E-05 0.949633 9.9964E-05
0.457435 9.9991E-05 0.0350807 0.376159 0.101476 0.0297497
0.356977 0.0793932 9.9991E-05 0.455312 0.0634025 0.0448158
0.42804 9.9973E-05 9.9973E-05 0.545527 9.9973E-05 0.0261326
0.527137 0.0538613 0.000990056 0.278453 0.0740291 0.0655293
0.500146 0.12057 0.0258864 0.208857 0.0710624 0.0734781
0.174847 0.0544201 0.0378331 0.652043 0.0119636 0.068893
0.5299 9.9973E-05 9.9973E-05 0.411971 0.057829 9.9973E-05
0.307823 9.9973E-05 0.267367 0.42451 9.9973E-05 9.9973E-05
0.457112 0.178929 0.0280156 9.9991E-05 0.246065 0.0897793
0.375249 0.068603 0.135525 0.347752 9.9991E-05 0.0727702
0.228507 9.9982E-05 9.9982E-05 0.646957 0.0564291 0.0679073
0.561599 0.0104102 9.9982E-05 0.385881 9.9982E-05 0.0419099
0.366319 0.0145507 0.0171721 0.510037 0.00807655 0.0838446
0.490134 0.0389831 9.9973E-05 0.470583 9.9973E-05 9.9973E-05
0.545476 0.00352827 9.9982E-05 0.419401 0.0313953 9.9982E-05
0.0413519 9.9973E-05 0.0930723 0.865276 9.9973E-05 9.9973E-05
0.121378 0.0649177 0.138761 0.67096 0.00388395 9.9991E-05
0.285466 9.9991E-05 0.0725261 0.547137 0.0214745 0.0732968
9.9964E-05 9.9964E-05 0.272553 0.727047 9.9964E-05 9.9964E-05
0.355809 0.0120863 0.00470109 0.493396 0.0330042 0.101003
0.00596624 0.0206612 0.266375 0.686874 9.9991E-05 0.0200232
9.9964E-05 9.9964E-05 0.354909 0.644691 9.9964E-05 9.9964E-05
0.552128 0.0677752 0.0308441 0.309678 0.014863 0.0247122
0.164349 9.9991E-05 0.047342 0.628438 0.0461013 0.11367
0.317369 0.102747 9.9991E-05 0.480485 0.0282179 0.0710813
0.418905 0.0957979 0.113863 0.306783 0.0645514 9.9991E-05
0.500047 9.9982E-05 9.9982E-05 0.389672 0.0288499 0.0812303
0.39211 0.0771452 0.252903 0.0390777 9.9991E-05 0.238664
0.571213 9.9973E-05 9.9973E-05 0.319181 9.9973E-05 0.109306
0.391025 0.0750255 0.00343816 0.413169 0.0162635 0.101079
0.267476 9.9973E-05 0.0739531 0.658271 9.9973E-05 9.9973E-05
0.453878 0.104425 0.066224 0.299089 0.0528466 0.0235367
9.9982E-05 9.9982E-05 0.0878922 0.00247612 0.627826 0.281605
0.0549181 0.00885702 9.9991E-05 0.0873707 0.741648 0.107106
9.9973E-05 9.9973E-05 0.0416034 9.9973E-05 0.833071 0.125026
9.9973E-05 9.9973E-05 0.0481325 9.9973E-05 0.774721 0.176847
0.0323364 9.9982E-05 9.9982E-05 0.000348767 0.7424 0.224715
0.00649898 0.058848 9.9991E-05 0.73042 0.0202317 0.183901
0.0834604 9.9991E-05 0.0773965 0.687451 0.0722208 0.0793709
0.0917849 9.9973E-05 0.116831 0.791084 9.9973E-05 9.9973E-05
0.424683 0.0713258 0.0288892 0.307285 0.127228 0.0405891
0.4586 0.0680761 0.0262274 0.221431 0.160151 0.0655153
0.2357 0.0504912 0.128019 0.546534 0.039156 9.9991E-05
0.559593 0.0402854 9.9982E-05 0.371018 0.0289042 9.9982E-05
0.214883 0.147806 0.121714 0.50474 0.0107569 9.9991E-05
0.544329 0.0174769 0.0675367 0.293209 0.0301488 0.0472997
0.507638 0.128089 9.9982E-05 0.291368 0.0727057 9.9982E-05
0.133973 0.0589231 0.04526 0.65363 9.9991E-05 0.108114
0.32586 9.9973E-05 9.9973E-05 0.583831 9.9973E-05 0.0900086
0.304615 0.0533576 9.9982E-05 0.506792 9.9982E-05 0.135035
0.674772 9.9982E-05 0.169541 9.9982E-05 0.103534 0.0519525
0.318834 9.9973E-05 9.9973E-05 0.675299 0.00556651 9.9973E-05
0.374552 0.0623921 0.00381503 0.487747 0.0188779 0.0526158
0.373459 0.397195 9.9991E-05 0.101109 0.0424123 0.0857245
0.440409 0.402874 0.0506666 9.9982E-05 0.105851 9.9982E-05
0.405625 0.429038 0.00897224 0.0759431 0.0803218 9.9991E-05
0.318096 0.451607 0.0555119 0.00460353 0.170081 9.9991E-05
0.550667 0.282352 0.00868007 0.0282189 0.126286 0.0037966
0.497485 0.0361011 0.142223 0.32399 9.9982E-05 9.9982E-05
0.0774584 0.659472 0.0333991 0.000860589 0.189778 0.0390327
0.352182 0.443866 0.0197664 0.00229435 0.181792 9.9991E-05
0.400209 0.148933 0.183319 0.13401 0.133428 9.9991E-05
0.657949 9.9991E-05 0.123579 0.0349678 0.14549 0.0379138
0.418749 0.0411457 0.226286 0.064409 0.114327 0.135084
0.651504 0.0189011 0.093832 0.0203231 0.146156 0.0692832
0.610588 9.9991E-05 0.0779746 0.0960166 0.135371 0.0799496
0.367843 0.456008 9.9973E-05 9.9973E-05 0.175849 9.9973E-05
0.512286 0.32541 0.0203618 0.0211864 0.117426 0.00332872
0.465115 0.465427 0.00752671 9.9982E-05 0.0617318 9.9982E-05
0.434195 0.283886 0.044688 0.076939 0.116272 0.0440204
0.29888 0.545249 0.0399064 0.0486757 0.0671886 9.9991E-05
0.399228 0.395809 0.0354448 0.0402522 0.102533 0.0267331
0.276554 0.559638 0.0291366 9.9991E-05 0.121031 0.0135404
0.472456 0.357575 9.9991E-05 0.025301 0.0735595 0.0710092
0.554436 0.0327139 0.20599 0.0354363 0.101267 0.0701566
0.377508 0.332035 9.9991E-05 0.01893 0.114019 0.157408
0.151897 0.662779 9.9973E-05 9.9973E-05 0.185024 9.9973E-05
0.38205 0.33919 0.111786 0.0506844 0.0838461 0.0324436
0.250607 9.9991E-05 0.290211 0.0653443 0.147956 0.245782
0.532099 0.117852 0.160581 0.0462808 0.0631509 0.0800363
0.447815 0.303395 0.02998 0.0612167 0.140854 0.0167389
0.620624 0.00356436 0.11898 9.9991E-05 0.149338 0.107395
0.453919 0.00890756 0.209685 0.155581 0.171807 9.9991E-05
0.342042 0.24653 0.101107 0.0547334 0.212347 0.0432402
0.372247 0.241764 0.162227 9.9982E-05 0.223562 9.9982E-05
0.596394 0.0814492 0.0589855 0.0457522 0.0883093 0.12911
0.329677 0.365396 0.032762 0.180315 0.0917495 9.9991E-05
0.449513 0.457088 0.0351515 9.9982E-05 0.0580478 9.9982E-05
0.197636 0.56262 0.00491376 9.9982E-05 0.23463 9.9982E-05
0.606404 0.0518967 0.196278 9.9991E-05 0.090097 0.0552241
0.529522 9.9991E-05 0.161441 0.0329025 0.131957 0.144077
0.228034 9.9982E-05 0.625778 0.0516262 0.0943619 9.9982E-05
0.593042 0.0460507 0.0975516 0.0159228 0.127267 0.120167
0.340947 0.101832 0.144875 0.0618339 0.0433547 0.307157
0.506283 0.103606 0.166197 0.0170707 0.206742 9.9991E-05
0.522347 0.119355 0.138549 9.9991E-05 0.12771 0.0919386
9.9973E-05 0.195313 0.483443 9.9973E-05 0.320944 9.9973E-05
9.9973E-05 0.119165 0.580757 9.9973E-05 0.299778 9.9973E-05
0.289009 0.150339 0.370316 9.9991E-05 0.132953 0.0572827
0.0353743 0.213424 0.427849 9.9982E-05 0.323153 9.9982E-05
9.9973E-05 0.263693 0.32006 9.9973E-05 0.415948 9.9973E-05
0.322779 0.146931 0.307474 0.0832874 0.139429 9.9991E-05
0.348322 0.153088 0.222257 0.0909142 0.18532 9.9991E-05
0.264731 0.132021 0.308612 9.9982E-05 0.294436 9.9982E-05
0.104577 0.173728 0.441458 9.9982E-05 0.280038 9.9982E-05
0.475513 0.103698 0.172484 0.0356065 0.197363 0.0153357
0.132361 0.201646 0.472163 0.00740085 0.186329 9.9991E-05
9.9973E-05 0.0639229 0.495344 9.9973E-05 0.440434 9.9973E-05
0.473559 0.282087 0.0549649 9.9991E-05 0.109294 0.0799952
0.288419 0.298494 0.181489 9.9991E-05 0.139219 0.0922781
0.329363 0.256331 9.9982E-05 0.104452 0.309654 9.9982E-05
0.524793 0.297348 9.9991E-05 0.000919772 0.134097 0.042742
0.504165 0.17619 0.0362512 0.049517 0.233777 9.9991E-05
0.486514 0.255547 0.0831753 9.9991E-05 0.12641 0.0482529
0.313199 0.273302 9.9982E-05 9.9982E-05 0.315601 0.0976979
0.476743 0.167938 0.0710607 9.9991E-05 0.214947 0.0692109
0.461984 0.26471 0.000125015 9.9991E-05 0.271494 0.00158614
0.3626 0.178665 0.0637889 0.105928 0.288917 9.9991E-05
0.286874 0.155967 0.0192501 0.213843 0.157854 0.166211
0.538059 0.0995907 0.0807763 0.0370877 0.109752 0.134734
0.401845 0.214995 0.0437757 0.0791571 0.127793 0.132434
0.67562 0.0452603 0.127018 0.0522934 0.0997084 9.9991E-05
0.369165 0.244128 0.0742204 9.9982E-05 0.312287 9.9982E-05
0.576359 0.167348 0.0297589 9.9982E-05 0.226335 9.9982E-05
0.172049 0.222711 0.219232 9.9982E-05 0.385808 9.9982E-05
0.555863 0.175544 0.0389287 9.9982E-05 0.229464 9.9982E-05
0.213348 0.308835 0.235557 9.9982E-05 0.242061 9.9982E-05
9.9991E-05 0.000898001 0.0161963 0.0425018 0.784738 0.155566
0.1204 0.00622358 0.0283371 0.0189345 0.0752666 0.750838
9.996E-05 9.996E-05 9.996E-05 9.996E-05 9.996E-05 0.9995
9.99635E-05 9.99635E-05 9.99635E-05 9.99635E-05 9.99635E-05 0.9995
9.996E-05 9.996E-05 9.996E-05 9.996E-05 9.996E-05 0.9995
0.0207654 0.0599796 9.9982E-05 9.9982E-05 0.0500111 0.869044
0.0985878 9.9964E-05 9.9964E-05 9.9964E-05 9.9964E-05 0.901012
9.9973E-05 9.9973E-05 9.9973E-05 0.0253607 0.0124834 0.961856
9.9964E-05 9.9964E-05 9.9964E-05 9.9964E-05 0.206276 0.793324
0.0226283 0.000324336 9.9991E-05 0.0110267 0.91249 0.0534309
0.0422242 9.9973E-05 9.9973E-05 9.9973E-05 0.794589 0.162887
9.9982E-05 0.0836979 0.0344332 0.0111408 0.870528 9.9982E-05
0.0549054 9.9982E-05 0.0336204 9.9982E-05 0.820201 0.0910728
9.9982E-05 0.0415564 9.9982E-05 0.0286732 0.922447 0.00712318
9.9982E-05 9.9982E-05 0.0324655 0.0386819 0.875696 0.0529565
0.000961784 0.142668 0.00171548 9.9991E-05 0.733501 0.121054
9.9973E-05 0.0764776 9.9973E-05 0.0602151 0.863007 9.9973E-05
9.9982E-05 0.0856313 9.9982E-05 0.0526283 0.677346 0.184195
9.9973E-05 0.0742327 9.9973E-05 0.0386827 0.886785 9.9973E-05
9.9973E-05 9.9973E-05 0.0594462 0.00474579 0.935508 9.9973E-05
0.0705683 0.0465353 9.9991E-05 0.0131477 0.856934 0.0127149
0.00784761 0.0148235 9.9982E-05 9.9982E-05 0.963778 0.0133514
0.074708 0.0104422 9.9973E-05 9.9973E-05 0.91455 9.9973E-05
0.101086 0.0145237 9.9973E-05 9.9973E-05 0.884091 9.9973E-05
0.127374 9.9964E-05 9.9964E-05 9.9964E-05 0.872226 9.9964E-05
0.116293 0.128861 9.9973E-05 9.9973E-05 0.754546 9.9973E-05
0.151471 0.0585709 9.9973E-05 9.9973E-05 0.789658 9.9973E-05
0.141758 0.0287092 9.9973E-05 9.9973E-05 0.829233 9.9973E-05
0.449104 9.9991E-05 0.327192 0.0250425 0.180246 0.0183156
0.690812 0.0117255 0.173058 0.065567 0.0587376 9.9991E-05
0.565915 0.108358 0.074161 0.0340811 0.130336 0.0871491
0.194461 9.9982E-05 0.685469 0.0730809 0.0467888 9.9982E-05
0.547674 9.9982E-05 0.210214 9.9982E-05 0.0981805 0.143731
0.182582 9.9973E-05 0.661917 9.9973E-05 0.155201 9.9973E-05
0.673298 9.9973E-05 0.156329 9.9973E-05 0.170073 9.9973E-05
0.45705 9.9991E-05 0.15865 0.147885 0.0825969 0.153717
0.577205 9.9991E-05 0.12204 0.130387 0.107875 0.062393
0.482605 9.9991E-05 0.0286502 0.351271 0.0298137 0.10756
0.471636 9.9991E-05 0.206837 0.0500686 0.0259499 0.245409
0.664139 9.9982E-05 0.0278261 0.181716 0.126118 9.9982E-05
0.586353 9.9991E-05 0.0892356 0.0796035 0.11625 0.128458
0.146847 0.0265162 0.325686 0.0486203 9.9991E-05 0.452231
0.00277107 9.9991E-05 0.801153 0.0518583 0.0173268 0.126791
0.224327 9.9982E-05 0.702995 9.9982E-05 0.0530524 0.0194256
0.646812 0.0289882 0.189503 9.9991E-05 0.0476108 0.0869865
0.593618 9.9982E-05 0.195863 9.9982E-05 0.103686 0.106632
0.485998 9.9982E-05 0.224493 0.136892 0.152418 9.9982E-05
0.585839 0.0281693 0.139914 0.138985 0.106992 9.9991E-05
0.512675 0.166452 0.117271 9.9982E-05 0.203402 9.9982E-05
0.610954 0.111788 9.9982E-05 9.9982E-05 0.160586 0.116472
0.132672 0.147258 0.130696 9.9991E-05 0.393776 0.195498
0.648276 9.9991E-05 0.0146497 0.0763484 0.181525 0.0791006
0.481666 0.0831458 9.9991E-05 0.0757197 0.290346 0.0690222
9.9973E-05 0.175816 0.41925 9.9973E-05 0.404634 9.9973E-05
0.354791 0.198155 0.173293 0.0137212 0.25994 9.9991E-05
0.248476 0.152459 9.9991E-05 0.188346 0.38432 0.0262995
0.450628 0.0481028 0.031537 9.9991E-05 0.331412 0.13822
0.60141 0.174903 0.0165809 0.0058088 0.137905 0.0633921
0.50355 0.114561 0.0577092 0.0994068 0.224673 9.9991E-05
0.577584 0.186265 0.0180621 0.0706788 0.111021 0.0363887
0.465265 0.184838 0.180205 0.0163054 0.153287 9.9991E-05
0.270702 0.135643 9.9991E-05 0.102973 0.490278 0.000304512
