9.9973E-05 0.0818846 0.885594 0.0322212 9.9973E-05 9.9973E-05
0.0199917 0.0436607 0.932889 9.9982E-05 9.9982E-05 0.00325867
9.9982E-05 0.0150715 0.818045 0.0181594 0.148524 9.9982E-05
9.9982E-05 0.0935221 0.792819 0.0448013 0.0686574 9.9982E-05
0.0131261 9.9991E-05 0.870828 0.0462755 0.0666649 0.00300525
0.0405599 0.0903546 0.589983 0.0589197 0.0473287 0.172854
9.9973E-05 0.0799995 0.83416 9.9973E-05 9.9973E-05 0.0855402
9.9982E-05 0.126877 0.675205 0.0528312 9.9982E-05 0.144887
0.0354875 0.111506 0.82668 9.9982E-05 9.9982E-05 0.0261268
9.9991E-05 0.0895944 0.648478 0.037331 0.080802 0.143694
9.9982E-05 0.144048 0.712823 9.9982E-05 0.0176275 0.125302
0.112023 0.461243 9.9991E-05 0.0958098 0.259062 0.0717627
9.9991E-05 0.289909 0.00208682 0.0961393 0.547719 0.0640455
0.0582588 0.431117 0.0308025 0.0811753 0.240473 0.158173
0.0412958 0.303293 0.0478438 0.102911 0.383564 0.121093
0.0538797 0.173154 0.0716671 0.113624 0.427023 0.160653
0.092573 0.159176 0.0392585 0.147726 0.534726 0.0265407
0.0872776 0.300657 9.9991E-05 0.0465438 0.458205 0.107217
0.0961601 0.322104 0.124029 0.0640585 0.371406 0.022243
9.9982E-05 0.660945 9.9982E-05 0.0364917 0.0755621 0.226801
0.134391 0.308808 9.9991E-05 0.110531 0.430432 0.0157382
0.003316 0.223806 0.0213285 0.00345502 0.512861 0.235234
0.0796378 0.226593 0.109465 9.9991E-05 0.551788 0.0324162
0.0912104 0.345538 9.9991E-05 0.0623106 0.305295 0.195546
0.19907 0.0692524 0.119458 0.09264 0.513757 0.00582199
9.999E-05 0.311189 0.000480225 0.171201 0.469422 0.0476076
0.124535 0.498021 0.0156326 0.12788 0.208271 0.0256601
0.0025756 0.45798 0.0249503 0.190847 0.235031 0.0886157
0.076582 0.429752 9.9991E-05 0.00316602 0.337867 0.152533
9.9973E-05 9.9973E-05 0.831884 0.0778869 0.089929 9.9973E-05
9.9973E-05 9.9973E-05 0.852536 0.0251947 0.121969 9.9973E-05
0.0157016 9.9982E-05 0.778068 0.0422217 0.163809 9.9982E-05
0.074902 9.9982E-05 0.757235 0.11029 0.0573734 9.9982E-05
0.198466 0.110266 0.0313196 9.9991E-05 0.554868 0.10498
0.366255 0.0218619 0.103333 0.0157156 0.489334 0.00350098
0.482452 9.9982E-05 0.0280828 0.0368045 0.45246 9.9982E-05
0.00504547 0.611652 0.0593802 0.00720637 0.224685 0.0920314
0.573133 0.0304498 9.9991E-05 0.0516788 0.286432 0.0582064
0.176138 0.131619 0.103612 0.054633 0.504491 0.029506
0.214064 0.0165322 0.0392536 0.109735 0.611067 0.0093477
0.0163144 0.123484 0.0639121 9.9991E-05 0.65859 0.137599
0.0520949 0.141411 0.136311 9.9991E-05 0.641261 0.0288228
0.753929 0.096398 0.0563051 9.9982E-05 0.093168 9.9982E-05
0.122366 0.0345843 0.0265699 0.0500241 0.650208 0.116248
0.338556 9.9991E-05 0.0455495 0.0723249 0.53285 0.0106201
0.133179 9.9991E-05 0.137589 0.0394702 0.636597 0.0530645
0.680664 9.9982E-05 9.9982E-05 0.0360001 0.245861 0.037275
0.313722 0.0138457 0.0368546 9.9982E-05 0.635377 9.9982E-05
0.265048 9.9991E-05 0.0780799 0.083476 0.523151 0.0501447
0.62445 9.9973E-05 0.0641544 9.9973E-05 9.9973E-05 0.311096
0.188664 0.474336 9.9982E-05 9.9982E-05 0.186023 0.150777
0.168928 0.194297 0.00286939 0.0243288 0.14474 0.464837
9.9991E-05 0.226342 0.0499303 0.0150673 0.62479 0.08377
0.0879709 9.9991E-05 0.0645246 0.130451 0.620465 0.0964886
0.126169 0.0246478 0.040761 0.0905666 0.599813 0.118043
0.165552 0.334647 0.0791334 9.9991E-05 0.256968 0.163599
0.106016 0.325737 9.9991E-05 0.0271232 0.517837 0.0231863
9.9991E-05 0.136704 0.03538 0.0731894 0.628873 0.125754
0.158402 0.21479 0.0836707 0.0103265 0.395472 0.137339
0.0724404 0.4127 0.162118 0.0805217 0.0651977 0.207023
0.1366 0.0670682 0.106236 0.0606122 0.560864 0.0686196
0.226754 0.22477 0.119572 0.0570794 0.371724 9.9991E-05
0.188524 0.549167 0.0314551 9.9991E-05 0.051571 0.179183
0.0848595 0.221999 9.9982E-05 9.9982E-05 0.588815 0.104127
0.135474 9.9991E-05 0.00767032 0.0468267 0.596132 0.213797
0.00486637 0.200944 0.0578532 0.177328 0.497711 0.0612972
0.162599 0.282733 0.0331029 0.0315454 0.355268 0.134752
0.113483 0.162133 9.9991E-05 0.0534061 0.534019 0.136859
0.0207761 0.143112 0.0306822 0.0376609 0.662809 0.10496
0.178298 0.32212 0.0271343 9.9991E-05 0.228932 0.243416
0.407672 0.0413262 9.9973E-05 9.9973E-05 0.550701 9.9973E-05
0.615147 0.107901 0.028633 9.9982E-05 0.248119 9.9982E-05
0.261735 0.0744399 0.0605231 9.9982E-05 0.603102 9.9982E-05
0.813422 9.9973E-05 0.00289025 9.9973E-05 9.9973E-05 0.183388
0.843414 0.022833 0.0174537 9.9982E-05 9.9982E-05 0.116099
0.70194 9.9973E-05 9.9973E-05 9.9973E-05 0.270231 0.027529
0.483227 0.0792946 0.017544 9.9982E-05 0.419735 9.9982E-05
0.222523 0.0315192 0.178384 0.0134964 0.518142 0.0359353
0.458211 0.00766432 0.00352561 0.0364499 0.438656 0.0554932
0.613843 0.151235 0.0551487 0.0508921 0.128781 9.9991E-05
0.460481 0.244779 0.0524486 9.9982E-05 0.242091 9.9982E-05
0.215814 0.11478 0.0639807 0.105908 0.447539 0.0519773
0.512677 0.119392 0.046619 0.0179332 0.303278 9.9991E-05
0.460111 9.9973E-05 0.0812867 9.9973E-05 0.458303 9.9973E-05
0.549962 9.9973E-05 9.9973E-05 9.9973E-05 0.422663 0.0270755
0.692005 9.9982E-05 0.00104715 0.0263676 9.9982E-05 0.28038
0.300913 0.0346974 0.0218013 0.00803969 0.634448 9.9991E-05
0.031564 0.0331139 0.809379 0.0299313 0.0959118 9.9991E-05
9.9964E-05 9.9964E-05 0.926472 9.9964E-05 0.0731286 9.9964E-05
9.9973E-05 9.9973E-05 0.856357 0.012657 0.130686 9.9973E-05
9.9973E-05 9.9973E-05 0.918011 9.9973E-05 0.062497 0.0191921
9.9982E-05 9.9982E-05 0.859181 0.0227615 0.0820673 0.0357907
0.0107831 9.9973E-05 0.89407 9.9973E-05 0.094847 9.9973E-05
9.9973E-05 9.9973E-05 0.886533 0.00492396 0.108243 9.9973E-05
0.24887 0.0501248 0.132209 0.0358155 0.53288 9.9991E-05
0.185324 0.0703148 0.0843154 0.0922476 0.567699 9.9991E-05
0.845123 0.0718756 0.0463535 9.9991E-05 0.0263296 0.0102186
0.275618 0.0703134 0.0195961 0.0814467 0.542544 0.0104821
0.410692 0.155066 0.00169856 0.019212 0.413231 9.9991E-05
0.343597 9.9991E-05 0.055641 0.0339353 0.551687 0.0150393
0.274648 9.9982E-05 0.0424214 9.9982E-05 0.563955 0.118775
0.35316 9.9982E-05 0.0594962 0.0590334 0.52811 9.9982E-05
0.706983 0.246684 0.0460329 9.9973E-05 9.9973E-05 9.9973E-05
0.257148 0.0951299 0.111005 0.0498307 0.486787 9.9991E-05
0.180852 0.0602146 0.0618391 0.0208094 0.657742 0.0185421
0.101562 0.207675 0.0289317 0.103222 0.558509 9.9991E-05
0.578429 9.9991E-05 0.00873051 0.0588902 0.263993 0.0898577
0.482145 9.9982E-05 0.0718992 0.0333474 0.412408 9.9982E-05
0.410481 0.116393 0.0783161 9.9982E-05 0.39461 9.9982E-05
0.626661 9.9973E-05 9.9973E-05 0.139156 0.233883 9.9973E-05
0.389242 0.0829703 0.0911255 9.9982E-05 0.436462 9.9982E-05
0.224783 0.112291 0.0266988 0.0855992 0.493784 0.0568438
0.163102 0.317124 0.0102783 0.0668011 0.222434 0.22026
9.9991E-05 0.262834 0.115683 0.0487745 0.456303 0.116306
9.9991E-05 0.296098 0.0958126 0.0666827 0.526718 0.0145882
0.0551162 0.151114 0.0957298 0.0623251 0.635615 9.9991E-05
0.0659219 0.383045 0.0574998 9.9991E-05 0.474614 0.0188194
0.101545 0.27917 9.9991E-05 0.0546644 0.510664 0.0538562
0.0775227 0.399447 0.00812398 0.0242973 0.487384 0.0032257
0.130422 0.169436 0.146192 9.9991E-05 0.528807 0.0250421
0.0199788 0.160975 0.0573395 0.0227633 0.614921 0.124022
0.0993265 0.205618 0.0462314 9.9991E-05 0.640453 0.00827096
0.10574 0.309451 9.9982E-05 9.9982E-05 0.561173 0.0234354
0.0412416 0.152976 9.9991E-05 0.0877103 0.605777 0.112195
0.0369064 0.175498 0.043209 0.057511 0.618575 0.0683012
0.182623 0.189523 0.013092 0.0629006 0.495107 0.0567547
0.075811 0.149594 0.0447601 0.0868586 0.466438 0.176538
0.256564 0.1542 0.0198587 0.0975108 0.457339 0.014527
9.9991E-05 0.282989 0.0180671 0.00773167 0.386584 0.304528
0.0551537 0.275343 0.018057 0.0833676 0.567979 9.9991E-05
9.9982E-05 0.202516 9.9982E-05 0.053563 0.667259 0.0764623
0.270902 0.332582 0.0779276 0.0188333 0.264348 0.0354073
0.123989 0.279698 0.0382465 0.0196261 0.200249 0.338192
0.059424 0.276698 0.028858 0.0562639 0.564799 0.0139567
0.2713 0.277875 9.9991E-05 0.0598437 0.0810129 0.309868
0.0752482 0.431697 0.0656899 9.9991E-05 0.289971 0.137294
0.170242 0.272678 0.0764817 9.9991E-05 0.471134 0.00936479
0.1515 0.410908 0.0373516 9.9982E-05 0.400041 9.9982E-05
0.121706 0.491463 9.9991E-05 0.017681 0.290613 0.0784369
0.0882112 0.121186 0.0918708 9.9982E-05 0.698533 9.9982E-05
0.176326 0.091005 0.138827 0.00379178 0.58995 9.9991E-05
0.187618 0.222062 9.9991E-05 0.0162159 0.528561 0.0454423
0.224239 0.282112 9.9991E-05 0.0441728 0.183328 0.266048
0.108752 0.109951 0.157201 0.00438966 0.474575 0.145132
0.116097 0.0136871 0.0198258 0.0135187 0.578782 0.258089
0.181471 0.158985 0.0724358 9.9991E-05 0.0267455 0.560263
0.11643 0.0592681 0.0973274 9.9991E-05 0.651701 0.0751732
0.26637 0.0905656 0.0880203 0.013959 0.364666 0.176419
0.0492454 0.0439863 0.0291582 0.145968 0.530186 0.201457
0.0781037 0.145637 0.0420123 9.9991E-05 0.294578 0.439569
0.0878095 0.164228 0.0341272 9.9991E-05 0.206637 0.507098
0.183076 0.140447 9.9982E-05 9.9982E-05 0.452085 0.224191
0.102714 0.094334 0.108437 0.102205 0.519331 0.0729789
0.180404 0.109527 0.155772 0.0944306 0.342206 0.117659
0.265238 0.0610982 0.043869 0.155428 9.9991E-05 0.474267
0.0156471 0.0538416 0.0693706 0.0436863 0.603672 0.213783
0.142751 0.0931499 9.9982E-05 9.9982E-05 0.425838 0.338061
0.151957 0.0852508 9.9982E-05 9.9982E-05 0.505581 0.257012
9.9991E-05 0.108902 0.0496961 0.0720525 0.625672 0.143578
9.9991E-05 0.00559364 0.295074 0.238783 0.127705 0.332745
9.9973E-05 9.9973E-05 0.478191 0.156317 9.9973E-05 0.365193
9.9973E-05 9.9973E-05 0.418249 0.12172 9.9973E-05 0.459731
9.9982E-05 9.9982E-05 0.387114 0.287478 0.105429 0.219778
0.0109153 9.9973E-05 9.9973E-05 9.9973E-05 0.708551 0.280234
0.0796494 0.122461 0.105209 9.9991E-05 0.621378 0.0712017
9.9964E-05 9.9964E-05 9.9964E-05 0.699892 0.299708 9.9964E-05
0.050943 0.0667021 0.0667441 0.405407 0.383845 0.0263588
0.0483887 0.0525736 0.0410783 0.410913 0.384817 0.0622293
0.150394 0.0237543 9.9982E-05 9.9982E-05 0.360438 0.465214
0.0567761 0.0995306 0.104069 0.00879695 0.562101 0.168726
0.158157 9.9973E-05 9.9973E-05 9.9973E-05 0.224897 0.616646
0.0918363 0.0102153 9.9982E-05 9.9982E-05 0.627506 0.270243
0.134893 0.0570203 9.9991E-05 0.011869 0.49464 0.301477
0.0360073 0.0497646 0.0145493 0.033772 0.599737 0.26617
0.130954 0.0867305 9.9982E-05 9.9982E-05 0.26155 0.520565
0.119303 9.9991E-05 0.0177733 0.133684 0.556339 0.172802
0.0134932 0.0727382 9.9991E-05 0.145839 0.546866 0.220963
0.0146793 9.9964E-05 9.9964E-05 0.984921 9.9964E-05 9.9964E-05
0.0716619 9.9973E-05 9.9973E-05 0.872414 0.0556241 9.9973E-05
0.0559703 0.0184083 0.0432244 0.611139 0.271159 9.9991E-05
9.9973E-05 0.0256433 9.9973E-05 0.672624 0.301433 9.9973E-05
0.0494412 0.0122075 0.00826875 0.821855 0.0577317 0.0504955
9.996E-05 9.996E-05 9.996E-05 0.9995 9.996E-05 9.996E-05
9.9973E-05 0.00949585 0.0503764 0.939828 9.9973E-05 9.9973E-05
9.9964E-05 9.9964E-05 9.9964E-05 0.870764 0.128837 9.9964E-05
9.9973E-05 0.00450145 9.9973E-05 0.956631 0.038568 9.9973E-05
9.996E-05 9.996E-05 9.996E-05 0.9995 9.996E-05 9.996E-05
9.996E-05 9.996E-05 9.996E-05 0.9995 9.996E-05 9.996E-05
9.9982E-05 0.0177642 0.012275 0.729813 0.239947 9.9982E-05
9.9982E-05 0.0166727 0.0428269 0.800583 0.139718 9.9982E-05
9.9964E-05 0.00734176 9.9964E-05 0.992258 9.9964E-05 9.9964E-05
0.0374493 0.0492674 0.049847 0.394152 0.374711 0.0945732
9.9982E-05 0.0914718 0.0448623 0.627374 0.236092 9.9982E-05
9.9982E-05 0.0701777 0.0308416 0.723114 0.175667 9.9982E-05
9.9973E-05 0.0496503 9.9973E-05 0.875174 0.074876 9.9973E-05
9.996E-05 9.996E-05 9.996E-05 0.9995 9.996E-05 9.996E-05
0.01038 0.0099079 0.0459058 0.884023 0.049683 9.9991E-05
9.996E-05 9.996E-05 9.996E-05 0.9995 9.996E-05 9.996E-05
9.9982E-05 0.110777 0.014895 0.636661 0.237467 9.9982E-05
0.0404115 0.0421044 9.9973E-05 0.917184 9.9973E-05 9.9973E-05
0.0168014 9.9982E-05 0.327345 0.0183709 9.9982E-05 0.637283
9.9991E-05 0.149917 0.119583 0.146151 0.365417 0.218832
0.065904 0.0252797 0.241312 0.0585867 0.440551 0.168367
0.0224666 0.0809164 0.183145 0.13158 0.149469 0.432423
0.0949725 9.9991E-05 0.0928809 0.151967 0.403611 0.256468
0.061633 9.9991E-05 0.227573 0.0689921 0.218027 0.423674
0.0530463 9.9991E-05 0.156067 0.0594514 0.483387 0.247948
9.9982E-05 9.9982E-05 0.075241 0.20579 0.27861 0.440158
9.9982E-05 9.9982E-05 0.110116 0.0392337 0.597954 0.252496
9.9982E-05 9.9982E-05 0.133723 0.160691 0.353381 0.352006
9.9982E-05 0.0439532 0.129831 9.9982E-05 0.607931 0.218085
0.0109001 0.0498455 0.821027 9.9991E-05 0.0866381 0.0314898
9.9973E-05 9.9973E-05 0.89812 0.0547867 9.9973E-05 0.046793
0.0235994 0.051469 0.924632 9.9973E-05 9.9973E-05 9.9973E-05
9.9973E-05 0.046472 0.933561 9.9973E-05 0.0196667 9.9973E-05
9.9991E-05 0.0472616 0.863791 0.0265825 0.0298369 0.0324283
0.00340133 9.9982E-05 0.872721 0.0841902 9.9982E-05 0.0394874
9.9973E-05 0.0141657 0.873753 0.111782 9.9973E-05 9.9973E-05
0.0608669 0.00614633 0.873107 9.9982E-05 9.9982E-05 0.0596802
0.0366985 9.9982E-05 0.908376 0.00273331 0.0519927 9.9982E-05
9.9991E-05 0.0109717 0.847915 0.0880884 0.011359 0.0415656
0.120459 0.261851 0.604764 9.9982E-05 9.9982E-05 0.0127252
0.0965082 0.293979 0.609213 9.9973E-05 9.9973E-05 9.9973E-05
0.0458479 0.295022 0.498396 9.9982E-05 9.9982E-05 0.160534
0.127102 0.302204 0.504796 9.9982E-05 9.9982E-05 0.0656991
0.282954 0.168574 0.0543198 0.0390131 0.455039 9.9991E-05
0.3543 0.00967674 0.1004 0.0152723 0.512685 0.00766587
0.163247 0.191771 9.9982E-05 9.9982E-05 0.592133 0.0526483
0.168681 0.323588 0.0250637 9.9991E-05 0.41203 0.070538
0.181748 0.635963 9.9982E-05 9.9982E-05 0.163532 0.0185564
0.275441 0.0336717 0.0238658 0.011681 0.611721 0.0436186
0.340211 0.0997985 9.9982E-05 0.0745321 0.485258 9.9982E-05
0.24651 0.109561 9.9982E-05 9.9982E-05 0.525959 0.11777
0.557848 9.9982E-05 9.9982E-05 0.0407746 0.354215 0.0469627
0.166522 0.13061 0.12229 9.9982E-05 0.580378 9.9982E-05
0.358374 0.189184 0.0132014 9.9982E-05 0.43904 9.9982E-05
0.799401 0.124684 9.9973E-05 9.9973E-05 9.9973E-05 0.0756151
0.230415 0.113874 0.093489 9.9991E-05 0.554618 0.00750414
0.557456 0.0199033 0.0215044 9.9991E-05 0.214234 0.186803
0.45653 0.0162395 0.036994 0.0217915 0.3998 0.0686451
0.638326 0.205783 0.0307655 9.9982E-05 0.124925 9.9982E-05
0.014034 0.703219 0.115043 9.9991E-05 0.0445517 0.123053
9.9982E-05 0.675226 0.074291 9.9982E-05 0.109677 0.140606
9.9982E-05 0.81138 0.014019 9.9982E-05 0.045972 0.128429
0.0174573 0.797055 0.111978 9.9982E-05 9.9982E-05 0.0733099
9.9982E-05 0.780197 0.00651306 9.9982E-05 0.088715 0.124375
9.9991E-05 0.803111 0.0507315 0.0593689 0.0701024 0.0165862
0.0277958 9.9982E-05 0.846564 0.0534289 0.0720114 9.9982E-05
9.9973E-05 0.0570486 0.834362 9.9973E-05 0.108289 9.9973E-05
9.9982E-05 9.9982E-05 0.764641 0.0665625 0.130718 0.0378778
9.9982E-05 0.0980992 0.758838 0.126909 0.0159543 9.9982E-05
9.9991E-05 0.0343165 0.762854 0.0984733 0.0899586 0.0142975
9.9973E-05 0.553286 0.391453 9.9973E-05 9.9973E-05 0.0549616
9.9973E-05 0.432383 0.465981 9.9973E-05 9.9973E-05 0.101336
0.0850545 0.422716 0.452287 9.9982E-05 9.9982E-05 0.0397425
9.9982E-05 0.0159116 0.837059 0.0255538 0.121275 9.9982E-05
0.0724059 0.480946 0.419019 9.9982E-05 9.9982E-05 0.0274293
9.9982E-05 9.9982E-05 0.19849 0.335662 0.299448 0.166201
9.9982E-05 0.0502264 0.198101 0.186452 0.565021 9.9982E-05
9.9973E-05 9.9973E-05 0.209059 0.231596 0.559045 9.9973E-05
0.0693472 9.9991E-05 0.28444 0.213772 0.360103 0.0722388
0.0366945 0.0441072 0.136635 0.164988 0.550085 0.0674896
9.9973E-05 9.9973E-05 0.45638 0.274384 9.9973E-05 0.268936
0.183094 0.213816 9.9991E-05 0.0129413 0.496264 0.0937853
0.128424 0.219147 9.9982E-05 9.9982E-05 0.402555 0.249675
0.0387013 0.539042 0.0548924 0.0325219 0.266763 0.0680796
0.135823 0.130183 9.9982E-05 9.9982E-05 0.523885 0.209909
0.346241 0.15638 9.9973E-05 9.9973E-05 9.9973E-05 0.49708
0.0658308 0.184115 0.0592285 0.0666131 0.500139 0.124073
0.106533 0.14767 0.0325899 9.9991E-05 0.555315 0.157791
0.157437 0.493663 9.9973E-05 9.9973E-05 0.3486 9.9973E-05
0.106823 0.140811 0.0489872 0.121989 0.491275 0.0901154
0.196149 0.290549 9.9982E-05 9.9982E-05 0.159587 0.353515
0.195857 0.186156 9.9982E-05 9.9982E-05 0.443096 0.174691
0.175309 0.208932 0.0341093 0.0562388 0.488699 0.0367112
0.0988052 0.0977263 0.153417 0.223209 0.359787 0.0670554
0.129193 0.291391 9.9982E-05 9.9982E-05 0.42122 0.157996
0.144245 0.251221 0.00165671 9.9991E-05 0.492187 0.110589
0.085893 0.236797 9.9991E-05 0.0952926 0.457954 0.123963
0.216647 0.165834 0.0277997 9.9991E-05 0.49515 0.0944691
0.11846 0.118218 9.9991E-05 0.0259664 0.659897 0.0773591
0.102049 0.10637 0.109792 0.029754 0.609965 0.0420698
0.046344 0.21883 0.0758313 0.0303962 0.581275 0.0473232
9.9982E-05 9.9982E-05 0.773282 0.0837657 0.134519 0.00823385
9.9982E-05 9.9982E-05 0.864349 0.0356601 0.0712551 0.0285361
0.0179045 0.0952863 0.757676 0.00349624 0.0851518 0.0404849
0.100257 0.0355511 0.81549 0.0130415 0.0355605 9.9991E-05
9.9964E-05 9.9964E-05 0.823668 9.9964E-05 0.175932 9.9964E-05
0.0226023 0.657151 9.9991E-05 0.0635341 0.192761 0.0638519
0.119962 0.164078 9.9991E-05 0.108818 0.502438 0.104604
9.9982E-05 9.9982E-05 0.23329 0.109857 0.489103 0.16755
9.9982E-05 0.199091 9.9982E-05 0.0388191 0.663801 0.0980887
0.0881816 0.300451 0.0405737 0.00607659 0.564617 9.9991E-05
9.9982E-05 0.29784 9.9982E-05 0.0348823 0.311876 0.355202
0.101042 0.633888 0.114896 9.9982E-05 9.9982E-05 0.149974
0.0688508 0.366681 0.0200276 9.9982E-05 0.54424 9.9982E-05
0.0740256 0.564934 0.0211203 0.0913521 0.178346 0.070222
0.192188 0.173928 0.0309492 0.0581922 0.385512 0.15923
0.135512 0.566896 0.101726 0.0177908 0.133831 0.0442443
9.9991E-05 0.191576 0.086229 0.0919021 0.571426 0.0587676
0.16794 0.557425 0.047788 0.044131 0.173249 0.0094671
0.0766357 0.259208 9.9991E-05 0.125479 0.337062 0.201515
0.133513 0.162658 0.0503816 9.9991E-05 0.51055 0.142798
0.0442079 0.127855 9.9982E-05 9.9982E-05 0.351906 0.475832
0.0356499 0.0325109 0.067978 9.9991E-05 0.606761 0.257001
0.0190042 9.9982E-05 0.112976 9.9982E-05 0.6138 0.25402
0.0304886 0.111818 9.9982E-05 9.9982E-05 0.368334 0.489159
0.162125 0.115104 0.129454 0.0967591 0.417098 0.0794608
0.116618 0.114063 0.00464219 9.9991E-05 0.55316 0.211417
0.119331 0.0903637 9.9982E-05 9.9982E-05 0.14123 0.648875
9.9973E-05 0.0628941 9.9973E-05 9.9973E-05 0.319144 0.617662
0.0672318 0.110519 0.0129291 9.9991E-05 0.528787 0.280432
0.19113 0.166674 9.9982E-05 9.9982E-05 0.172753 0.469243
0.0997466 0.169993 0.0160415 9.9991E-05 0.446244 0.267875
0.145167 0.634099 9.9991E-05 0.0552105 0.02994 0.135483
0.240824 0.332664 9.9991E-05 0.0135463 0.247597 0.165269
0.216449 0.297359 0.0631827 0.0502005 0.372708 9.9991E-05
0.029626 0.198634 0.00803721 0.121174 0.558655 0.0838734
0.234561 0.448947 9.9991E-05 0.0179545 0.266217 0.0322207
0.072419 0.216905 0.0461763 0.105571 0.429797 0.129132
0.0804694 0.19903 9.9991E-05 0.198236 0.517798 0.00436647
0.0649579 0.316999 0.00140423 0.0711488 0.534726 0.0107638
0.107428 0.269264 9.9991E-05 0.0550842 0.515835 0.0522893
0.138954 0.4031 0.021391 0.0874215 0.349034 9.9991E-05
0.193019 0.514915 9.9982E-05 0.0949158 0.19695 9.9982E-05
0.126528 0.390365 9.9991E-05 0.154066 0.291667 0.0372749
0.00327026 0.275325 9.9991E-05 0.0261014 0.645938 0.0492657
0.100412 0.157361 0.0897712 0.0796634 0.571542 0.00124999
0.111922 0.325603 0.0248238 0.0274167 0.414286 0.0959479
0.0587698 0.334459 9.9982E-05 0.107401 0.499171 9.9982E-05
0.015372 0.38177 0.0712875 0.0525501 0.360102 0.118918
0.100472 0.229322 0.0130881 9.9982E-05 0.656918 9.9982E-05
0.166376 0.205895 0.031562 0.073623 0.504507 0.0180378
0.0131904 0.224036 0.0411859 0.0977152 0.516056 0.107817
9.9991E-05 0.0315736 0.321741 0.108293 0.412895 0.125397
0.110395 9.9991E-05 0.131705 0.23703 0.427122 0.0936475
0.23586 0.0175742 0.13683 0.130815 0.478821 9.9991E-05
0.0534613 0.0109818 0.136998 0.0832537 0.647408 0.0678979
0.0585231 9.9991E-05 0.208564 0.198997 0.443278 0.0905386
0.153991 0.172558 9.9991E-05 0.0169436 0.484611 0.171797
9.9991E-05 0.130739 0.127412 0.0718601 0.587137 0.0827519
0.164158 9.9991E-05 0.203515 0.156934 0.0281135 0.44718
0.045307 0.0957744 0.103943 0.133406 0.55392 0.0676493
0.100262 0.0350507 0.186372 0.162762 0.515454 9.9991E-05
0.085368 0.0906654 0.104781 0.187892 0.471693 0.0596007
0.138908 0.0956796 0.129626 0.145188 0.259604 0.230995
9.9991E-05 0.053675 0.162632 0.163737 0.564362 0.055494
9.9991E-05 0.0312132 0.107565 0.161134 0.595872 0.104116
9.9973E-05 9.9973E-05 0.463837 0.168867 9.9973E-05 0.366996
0.0197295 0.0353132 0.1755 0.24794 0.493079 0.0284386
0.0529154 9.9991E-05 0.157003 0.248987 0.472085 0.0689109
0.0207992 0.00454183 0.115798 0.0994039 0.600462 0.158995
9.9982E-05 9.9982E-05 0.15533 0.179652 0.550511 0.114307
0.045887 0.0333895 0.206732 0.161209 0.472426 0.0803563
0.267319 0.0269157 9.9991E-05 0.0446712 0.465101 0.195893
0.145572 0.0399424 0.118941 0.064743 0.48457 0.146231
0.500774 0.084305 9.9973E-05 9.9973E-05 9.9973E-05 0.414622
0.486238 0.0239671 9.9982E-05 9.9982E-05 0.00607418 0.483521
0.213505 0.0663546 0.067046 0.0581584 0.475628 0.119308
9.9991E-05 0.0956263 0.0617116 0.260294 0.46659 0.115678
0.136614 9.9991E-05 0.069481 0.379331 0.242527 0.171947
0.0393626 0.0331916 0.152808 0.334138 0.130282 0.310217
9.9982E-05 9.9982E-05 0.179011 0.235918 0.377029 0.207842
0.176425 9.9991E-05 0.0420416 0.0869859 0.0835219 0.610925
0.1854 9.9991E-05 0.0718227 0.113821 0.196506 0.43235
0.171553 0.0414918 9.9991E-05 0.162374 0.510311 0.114171
0.231809 9.9991E-05 0.0978174 0.0220462 0.471906 0.176322
0.264272 0.00397185 0.0499996 0.128148 0.209242 0.344367
0.232668 0.00372085 0.0818364 0.0550711 0.537508 0.0891955
0.162073 0.000303558 9.9991E-05 0.146029 0.474459 0.217035
9.9991E-05 0.171287 0.00482783 0.168265 0.524703 0.130817
0.34233 0.0651842 9.9982E-05 9.9982E-05 0.362748 0.229537
0.328234 0.0916061 9.9991E-05 0.0456642 0.307096 0.227299
0.131197 0.139218 0.0314943 0.0346961 0.558156 0.105239
0.147424 0.141813 0.0658452 0.0335147 0.390624 0.22078
0.121772 0.0544787 0.0848876 0.0788502 0.503759 0.156253
0.217383 9.9973E-05 9.9973E-05 9.9973E-05 0.49436 0.287956
0.2248 0.0876359 9.9982E-05 9.9982E-05 0.264599 0.422765
0.283262 9.9991E-05 0.00566361 0.0222921 0.547424 0.141258
0.404657 0.0464694 9.9982E-05 9.9982E-05 0.265838 0.282836
0.232208 0.0217237 9.9982E-05 9.9982E-05 0.474318 0.27155
0.182874 0.10802 0.0963186 9.9991E-05 0.541709 0.0709781
0.183784 0.143558 0.0343718 0.0348351 0.451355 0.152095
0.0681986 0.0813065 0.114324 0.273418 0.361449 0.101304
0.149603 0.113052 0.156724 0.158798 0.376277 0.0455461
9.9991E-05 0.046417 0.137874 0.260896 0.328753 0.22596
0.0648473 0.109044 0.151507 0.194495 0.402814 0.0772927
0.0507224 0.156646 0.179065 0.139704 0.423861 0.0500018
0.0756297 0.0867822 0.0913825 0.14258 0.489546 0.11408
0.164367 0.0593669 0.165083 0.158806 9.9991E-05 0.452277
9.9991E-05 0.116868 0.0948558 0.189789 0.549292 0.049096
9.9973E-05 9.9973E-05 0.331921 0.163812 9.9973E-05 0.503967
0.0562376 9.9991E-05 0.019702 0.190522 0.56275 0.170688
0.56465 9.9973E-05 9.9973E-05 9.9973E-05 0.0751788 0.359872
0.610097 0.0215463 9.9973E-05 9.9973E-05 9.9973E-05 0.368057
0.317734 9.9991E-05 0.0117858 0.00299102 0.496894 0.170495
0.163824 9.9991E-05 0.0390549 0.0157561 0.650616 0.13065
0.25966 0.028682 9.9982E-05 9.9982E-05 0.421681 0.289777
0.36796 9.9982E-05 9.9982E-05 0.0029003 0.531371 0.0975687
0.228767 0.0141457 9.9982E-05 9.9982E-05 0.551828 0.205059
0.0320256 9.9991E-05 0.824583 0.0245796 0.0617343 0.056978
9.9982E-05 0.142809 0.691698 0.114543 9.9982E-05 0.0507493
9.9973E-05 0.00971002 0.901551 0.0884388 9.9973E-05 9.9973E-05
9.9964E-05 9.9964E-05 0.926566 9.9964E-05 0.0730344 9.9964E-05
0.42645 0.03708 0.046167 0.087139 0.403064 9.9991E-05
0.404764 0.0443197 0.0718096 0.0599704 0.419036 9.9991E-05
0.501178 0.0283891 0.0338869 9.9982E-05 0.436346 9.9982E-05
0.256996 9.9973E-05 0.101397 9.9973E-05 0.641307 9.9973E-05
0.184124 0.019891 0.0899762 0.0113416 0.56757 0.127097
0.584829 0.108835 0.0370592 9.9991E-05 0.217057 0.0521207
0.379377 9.9982E-05 0.036267 0.04498 0.539176 9.9982E-05
0.501748 9.9973E-05 9.9973E-05 9.9973E-05 0.366862 0.13109
0.00227905 0.0604191 0.269674 0.162803 0.504725 9.9991E-05
0.410667 0.0639571 9.9991E-05 0.0697005 0.378539 0.0770359
0.533463 0.0978385 0.0419586 9.9982E-05 0.32654 9.9982E-05
0.427476 9.9973E-05 0.0210088 9.9973E-05 0.551215 9.9973E-05
0.522561 0.0270752 0.0319116 9.9982E-05 0.418252 9.9982E-05
0.416124 9.9982E-05 9.9982E-05 0.0255228 0.541905 0.0162485
0.279649 0.0976952 0.0350367 0.0119406 0.568665 0.00701306
0.943997 9.9964E-05 9.9964E-05 9.9964E-05 0.0556027 9.9964E-05
0.536068 0.0311079 0.026744 9.9991E-05 0.263339 0.142641
0.542384 0.143067 0.0563691 9.9991E-05 0.253156 0.00492416
0.823376 9.9964E-05 9.9964E-05 9.9964E-05 9.9964E-05 0.176225
0.415408 0.0884775 0.0486818 0.0367111 0.410622 9.9991E-05
0.596869 0.0387663 9.9982E-05 9.9982E-05 0.105079 0.259085
0.748045 0.00557665 0.000144873 9.9982E-05 9.9982E-05 0.246033
0.267412 9.9991E-05 0.0556988 0.0186306 0.617593 0.0405657
0.635512 0.135236 0.0411346 0.0184334 0.169584 9.9991E-05
0.342708 0.127443 9.9991E-05 0.0713378 0.399063 0.0593487
0.241353 0.000706414 0.148143 9.9982E-05 0.609597 9.9982E-05
0.343595 0.148794 9.9973E-05 9.9973E-05 0.507311 9.9973E-05
0.0964441 0.287729 9.9991E-05 0.032962 0.39775 0.185015
0.344929 0.0598712 0.00724029 9.9982E-05 0.587759 9.9982E-05
0.351436 0.126358 0.0258088 0.0452943 0.451002 9.9991E-05
0.668919 9.9964E-05 9.9964E-05 9.9964E-05 0.330681 9.9964E-05
0.245737 0.0228796 0.0720782 0.0573092 0.529281 0.0727151
9.9991E-05 0.29296 0.619959 0.00184935 0.00880421 0.0763276
0.0717894 0.0731023 0.779481 0.0308897 0.014123 0.0306148
9.9973E-05 0.133306 0.807934 9.9973E-05 9.9973E-05 0.0584599
0.0102741 0.174212 0.788503 9.9982E-05 9.9982E-05 0.0268115
9.9982E-05 0.197369 0.72803 9.9982E-05 0.0364684 0.0379327
0.641953 0.158617 0.0476565 0.0548786 0.0967957 9.9991E-05
0.680472 0.145485 0.0860079 9.9982E-05 0.0878351 9.9982E-05
0.800469 9.9982E-05 9.9982E-05 0.0356269 0.106264 0.0574396
0.263084 0.0324161 0.133571 0.0319617 0.499728 0.0392389
0.213912 9.9991E-05 0.139015 0.0620746 0.554937 0.0299615
0.587617 0.0175157 0.00871911 0.0315623 0.274629 0.079957
0.254071 9.9982E-05 9.9982E-05 0.0444822 0.624023 0.0772236
0.501094 9.9982E-05 0.057105 0.0328211 0.40878 9.9982E-05
0.237142 0.129159 0.00406383 9.9991E-05 0.577136 0.0523993
0.281287 0.111749 9.9982E-05 0.0444005 0.562364 9.9982E-05
0.584258 0.133576 9.9982E-05 0.0452634 0.236703 9.9982E-05
0.519463 0.0756697 9.9973E-05 9.9973E-05 0.404568 9.9973E-05
0.518692 0.1648 9.9982E-05 0.0446926 0.271615 9.9982E-05
9.9982E-05 0.0194833 0.047003 9.9982E-05 0.664752 0.268561
0.587384 0.00454088 0.0251406 9.9982E-05 0.382734 9.9982E-05
0.381528 0.0948568 0.0604899 9.9982E-05 0.462925 9.9982E-05
0.0959309 0.0414302 0.0450235 0.414569 0.392017 0.0110296
9.9982E-05 9.9982E-05 0.0735566 0.481244 0.325153 0.119846
9.9982E-05 9.9982E-05 0.111784 0.429071 0.435671 0.0232738
9.9982E-05 9.9982E-05 0.0266815 0.534474 0.284023 0.154621
9.9991E-05 0.055114 0.0899944 0.307319 0.496708 0.0507647
0.370907 9.9991E-05 0.0234549 0.0172702 0.464812 0.123456
9.9982E-05 9.9982E-05 0.226766 0.665436 0.0279111 0.0796865
0.12896 0.0017188 0.174313 0.491867 0.203041 9.9991E-05
0.053165 0.0337218 0.134336 0.145506 0.40306 0.230211
9.9973E-05 9.9973E-05 0.14493 9.9973E-05 0.596522 0.258248
0.0511727 0.106671 0.0825284 0.0696124 0.404759 0.285257
9.9991E-05 0.0926126 0.0989315 0.00651074 0.692292 0.109553
0.106513 0.0570198 0.062359 0.0790491 0.555414 0.139645
0.046183 9.9991E-05 0.22503 0.452045 0.276395 0.000246199
0.0810382 0.110116 0.14051 0.394225 0.274011 9.9991E-05
9.9982E-05 9.9982E-05 0.0661637 0.483875 0.414248 0.0355132
0.0184501 0.134532 0.175927 0.20743 0.463561 9.9991E-05
0.0973847 9.9991E-05 0.0650285 0.53075 0.260957 0.0457797
0.0289285 9.9991E-05 0.195472 0.311048 0.413858 0.0505933
9.9991E-05 0.0392187 0.0717087 0.606748 0.20697 0.0752544
0.0539662 0.0819079 0.0760771 0.513805 0.27016 0.00408429
9.9982E-05 0.0367614 0.124264 9.9982E-05 0.559215 0.27956
0.0286242 0.0855946 0.23887 0.342029 0.292674 0.0122089
9.9982E-05 9.9982E-05 0.175133 0.614601 0.172825 0.0372414
9.9991E-05 0.0855753 0.0327456 0.373865 0.382602 0.125112
0.0210481 0.208849 0.106936 9.9991E-05 0.280921 0.382145
9.9982E-05 0.0766427 9.9982E-05 0.145927 0.583353 0.193877
0.0935138 0.0290882 0.137333 0.387805 0.292461 0.0597997
9.9982E-05 0.133134 0.0916863 9.9982E-05 0.610193 0.164787
0.0503399 9.9982E-05 0.143411 9.9982E-05 0.522888 0.283161
0.124669 0.118258 0.202217 0.197554 0.357202 9.9991E-05
0.152227 0.0954835 0.172351 0.342093 0.223882 0.0139634
0.0160578 0.0142574 0.0412339 0.11867 0.601061 0.20872
0.0716105 9.9991E-05 0.136027 0.378504 0.381343 0.0324157
9.9982E-05 9.9982E-05 0.094794 0.446178 0.410832 0.0479961
9.9982E-05 9.9982E-05 0.239715 0.55542 0.175451 0.0292143
9.9991E-05 0.0151346 0.105047 0.107308 0.626021 0.14639
0.0727883 0.138651 0.0641984 9.9991E-05 0.505576 0.218686
0.0606435 9.9991E-05 0.0572302 0.0110623 0.215836 0.655128
0.0422959 9.9991E-05 0.132683 0.0498786 0.654602 0.12044
0.033437 0.230862 0.137638 9.9991E-05 0.47955 0.118413
0.0761049 0.00784809 0.212447 0.0776446 0.501131 0.124824
0.0399742 0.113191 0.11109 0.100981 0.472367 0.162397
9.9973E-05 9.9973E-05 0.232187 0.185546 9.9973E-05 0.581967
9.9973E-05 9.9973E-05 0.248842 0.104553 9.9973E-05 0.646305
9.9991E-05 0.0492461 0.111996 0.122801 0.29602 0.419836
9.9982E-05 9.9982E-05 0.297802 0.154106 0.0677837 0.480108
9.9973E-05 9.9973E-05 0.416479 0.181625 9.9973E-05 0.401596
9.9991E-05 0.0235247 0.0774685 0.118639 0.4579 0.322368
9.9991E-05 0.00594533 0.217531 0.121979 0.415356 0.239089
9.9991E-05 0.0252785 0.256768 0.187077 0.159626 0.37115
9.9982E-05 9.9982E-05 0.287811 0.134654 0.0590761 0.518258
0.0154146 0.0404912 0.13413 0.105568 0.53066 0.173736
0.0802198 9.9991E-05 0.129785 0.146629 0.1221 0.521166
9.9973E-05 9.9973E-05 0.372291 0.0415446 9.9973E-05 0.585864
9.9991E-05 0.110465 0.150463 0.169749 0.443326 0.125897
9.9991E-05 0.0167627 0.146821 0.203117 0.359535 0.273665
0.051385 9.9982E-05 0.332442 0.168607 0.447366 9.9982E-05
9.9982E-05 0.0138231 0.159951 0.302171 0.523854 9.9982E-05
0.0042774 9.9991E-05 0.150718 0.229016 0.485622 0.130267
9.9982E-05 9.9982E-05 0.140318 0.199948 0.507514 0.15202
0.0260269 9.9991E-05 0.347952 0.204253 0.326693 0.0949751
9.9982E-05 9.9982E-05 0.257596 0.0511107 0.632638 0.058455
0.000833625 0.00396315 0.260375 0.197451 0.53293 0.00444701
0.0100749 9.9991E-05 0.215365 0.258985 0.337781 0.177695
0.248765 0.181903 0.157803 0.1365 0.274928 9.9991E-05
9.99977E-05 0.0544712 0.142835 0.135243 0.4799 0.187451
0.0229679 9.9991E-05 0.188887 0.0961197 0.572792 0.119133
0.152683 0.0497137 0.11973 0.138967 0.532698 0.0062078
9.9982E-05 9.9982E-05 0.292111 0.190839 0.451721 0.065129
9.9991E-05 0.0760399 0.189544 0.177602 0.510423 0.0462911
0.00670205 9.9991E-05 0.363563 0.193452 0.195478 0.240705
0.0236534 0.121809 0.182774 0.151314 0.52035 9.9991E-05
9.9982E-05 9.9982E-05 0.29117 0.326408 0.18822 0.194002
0.027589 0.113755 0.763349 0.00715082 9.9991E-05 0.0880564
0.0337607 0.773186 0.0578172 9.9991E-05 0.12979 0.00534659
9.996E-05 0.9995 9.996E-05 9.996E-05 9.996E-05 9.996E-05
9.9973E-05 0.96971 0.0287585 9.9973E-05 0.00123195 9.9973E-05
9.9964E-05 0.967538 9.9964E-05 9.9964E-05 0.0320619 9.9964E-05
9.9973E-05 0.936211 9.9973E-05 0.00252573 0.0609632 9.9973E-05
0.00256691 0.904615 9.9973E-05 9.9973E-05 0.0925181 9.9973E-05
9.9964E-05 0.958256 0.0413446 9.9964E-05 9.9964E-05 9.9964E-05
9.9964E-05 0.817916 0.181684 9.9964E-05 9.9964E-05 9.9964E-05
9.9982E-05 0.0395077 0.878139 0.0456917 0.0364612 9.9982E-05
0.0317395 0.105129 0.80643 0.0145754 0.0420264 9.9991E-05
0.0549873 9.9973E-05 0.887217 0.0574957 9.9973E-05 9.9973E-05
9.9982E-05 0.128615 0.788926 9.9982E-05 0.00163291 0.0806263
0.0133314 0.0391173 0.859417 0.0639 0.0241339 9.9991E-05
9.9964E-05 0.0910606 0.90854 9.9964E-05 9.9964E-05 9.9964E-05
9.9982E-05 0.0630984 0.782645 0.0926844 0.0613726 9.9982E-05
9.9973E-05 9.9973E-05 0.869673 0.0653591 0.0646675 9.9973E-05
0.0134343 0.166054 0.722695 0.0733601 0.0243565 9.9991E-05
0.0239826 9.9973E-05 0.924603 0.051114 9.9973E-05 9.9973E-05
9.9964E-05 0.0470476 0.952553 9.9964E-05 9.9964E-05 9.9964E-05
9.9991E-05 0.0427707 0.842954 0.0527411 0.0556081 0.00582582
9.99808E-05 0.0571213 0.930603 9.99808E-05 0.0119754 9.99808E-05
9.9982E-05 9.9982E-05 0.911331 0.0282438 0.0209768 0.0392488
0.015874 9.9982E-05 0.878133 0.0246019 0.0811915 9.9982E-05
9.9973E-05 9.9973E-05 0.844247 0.0344303 0.121023 9.9973E-05
9.9973E-05 9.9973E-05 0.81835 0.0716648 0.109686 9.9973E-05
9.9973E-05 9.9973E-05 0.78836 0.0812477 0.130092 9.9973E-05
0.00973928 9.9982E-05 0.8022 0.0954092 0.0924521 9.9982E-05
9.9982E-05 0.134101 0.137263 9.9982E-05 0.496894 0.231542
9.9982E-05 0.0418819 0.0869543 9.9982E-05 0.728648 0.142316
0.112902 0.0819187 0.103623 0.0437159 0.586632 0.0712093
0.0561663 0.0395433 0.0101931 9.9991E-05 0.220496 0.673501
9.9982E-05 0.142851 0.100662 9.9982E-05 0.598808 0.157479
9.9973E-05 9.9973E-05 0.0803975 9.9973E-05 0.201723 0.717579
0.0253286 9.9982E-05 0.0811528 9.9982E-05 0.608739 0.284579
0.0333949 0.191065 0.100248 9.9991E-05 0.50918 0.166012
0.0128518 0.110062 0.0761065 9.9991E-05 0.545759 0.255121
0.379832 0.0367009 0.0512517 0.0645098 0.467606 9.9991E-05
9.9982E-05 0.149546 0.0598498 9.9982E-05 0.491485 0.29892
0.00225564 9.9982E-05 0.123189 9.9982E-05 0.680308 0.194048
9.9982E-05 0.0604699 0.0864526 9.9982E-05 0.640366 0.212512
0.265903 0.460816 9.9991E-05 0.0834985 0.00686959 0.182813
0.0766896 0.110651 9.9973E-05 9.9973E-05 9.9973E-05 0.812359
9.9973E-05 0.123075 9.9973E-05 9.9973E-05 0.202876 0.673749
9.9991E-05 0.115382 0.0419961 0.0196595 0.658726 0.164136
9.9982E-05 0.0513009 0.0596886 9.9982E-05 0.563044 0.325767
0.0268967 0.00807474 0.136381 9.9991E-05 0.587642 0.240906
0.108751 0.0176707 0.0695138 0.0909788 0.595215 0.11787
9.9982E-05 9.9982E-05 0.158847 0.18699 0.535829 0.118133
9.9982E-05 0.0745138 0.154916 0.172264 0.598106 9.9982E-05
0.00160433 0.107174 0.389061 0.148301 0.159265 0.194594
0.126555 0.117541 0.123288 0.0372939 0.566861 0.0284602
0.129223 0.0640638 0.269193 0.0492399 0.447769 0.0405112
9.9973E-05 9.9973E-05 0.383678 0.152161 9.9973E-05 0.463861
9.9982E-05 9.9982E-05 0.250197 0.193817 0.332365 0.22342
0.103386 0.0759645 0.312849 0.159575 0.319944 0.0282817
9.9991E-05 0.107991 0.329639 0.0188202 0.502116 0.0413336
9.9991E-05 0.0726874 0.132474 0.179399 0.515813 0.0995271
0.00929204 0.0702849 0.265481 0.165407 0.489436 9.9991E-05
9.9982E-05 9.9982E-05 0.149264 0.0794422 0.67919 0.0919036
0.0986246 0.0123902 0.125461 0.0975985 0.422939 0.242987
0.102063 0.00380678 0.460701 0.111716 0.303616 0.0180962
