0.0166718 0.0419019 9.9982E-05 0.0364306 0.893481 9.9982E-05 0.011315
9.9973E-05 0.0550164 0.00607551 0.00316692 0.935441 9.9973E-05 9.9973E-05
0.0696407 0.0460205 9.9982E-05 0.0318387 0.808969 0.0433308 9.9982E-05
0.0614969 9.9982E-05 0.0321401 0.0443051 0.810995 0.0508632 9.9982E-05
0.0670491 9.9973E-05 0.0391141 9.9973E-05 0.881467 0.01207 9.9973E-05
0.152956 9.9982E-05 0.0117172 0.130128 0.526905 9.9982E-05 0.178094
0.022038 9.9982E-05 9.9982E-05 0.00152697 0.75874 0.00389071 0.213604
0.0412843 9.9991E-05 0.0513035 0.0908703 0.654209 0.00262245 0.159611
9.99729E-05 0.0255136 9.99729E-05 0.134237 0.835618 9.99729E-05 0.00433089
0.117082 9.9982E-05 9.9982E-05 0.0400407 0.632819 0.0493208 0.160538
9.9982E-05 0.0054515 9.9982E-05 0.0902212 0.675254 0.0127744 0.216099
0.051105 0.125631 9.9982E-05 0.421054 9.9982E-05 0.401499 0.000510676
0.1058 0.0593345 0.015312 0.213008 9.9991E-05 0.534412 0.0720333
9.9982E-05 0.0852762 0.145939 0.336781 0.0419153 0.389888 9.9982E-05
0.138565 0.0475687 0.0703085 0.294381 0.0629016 0.386175 9.9991E-05
0.0769686 0.06096 9.9991E-05 0.161316 0.145942 0.467026 0.0876873
0.0521015 0.0988867 0.0585603 0.253088 0.0416521 0.434614 0.0610975
0.0459462 0.0408761 9.9991E-05 0.276869 0.13476 0.480806 0.0206434
0.0669576 0.0722329 9.9991E-05 0.613686 0.0389321 0.114398 0.0936937
0.075639 0.163292 0.0481215 0.216475 0.0522332 0.439787 0.00445168
0.0114323 9.9991E-05 0.0341307 0.165073 0.00319333 0.598865 0.187205
0.106909 0.111565 0.047967 0.182308 9.9991E-05 0.496052 0.0550997
0.113525 0.112817 9.9982E-05 0.36546 9.9982E-05 0.355107 0.0528908
0.150554 0.0433539 9.9982E-05 0.258992 9.9982E-05 0.522457 0.024443
0.0114944 0.164225 9.9982E-05 0.421193 0.062712 0.340176 9.9982E-05
0.160291 0.0955606 9.9991E-05 0.387824 0.013324 0.251733 0.0911676
9.9982E-05 0.0554881 0.0072855 0.434043 9.9982E-05 0.416806 0.0861774
0.0735813 9.9964E-05 9.9964E-05 9.9964E-05 0.820295 0.105724 9.9964E-05
0.0278864 9.9964E-05 9.9964E-05 9.9964E-05 0.846043 0.125671 9.9964E-05
9.9964E-05 0.0130068 9.9964E-05 9.9964E-05 0.792916 0.193678 9.9964E-05
0.0403713 0.0314882 9.9973E-05 9.9973E-05 0.74235 0.185491 9.9973E-05
9.9982E-05 0.150518 0.056373 0.100032 9.9982E-05 0.570388 0.12249
0.0484704 0.376572 9.9973E-05 9.9973E-05 0.0448223 0.529835 9.9973E-05
0.00327302 0.0409584 9.9991E-05 0.443528 0.0519169 0.334781 0.125443
0.0557121 0.508779 9.9982E-05 9.9982E-05 0.0336399 0.303201 0.0984686
0.0398995 0.210283 9.9982E-05 9.9982E-05 0.036247 0.672361 0.041009
9.999E-05 0.123254 0.00381556 0.0500898 0.0849404 0.669446 0.0683544
0.0357398 0.13302 9.9991E-05 0.0727156 0.103815 0.601201 0.0534079
9.9973E-05 0.657894 9.9973E-05 0.0679344 0.0247823 0.249089 9.9973E-05
0.0197523 0.0118906 9.9982E-05 0.0646277 9.9982E-05 0.64856 0.25497
9.9964E-05 0.63196 9.9964E-05 9.9964E-05 9.9964E-05 0.343623 0.0240172
9.9964E-05 0.713725 9.9964E-05 9.9964E-05 0.0520952 9.9964E-05 0.23378
9.9982E-05 0.20909 0.0578432 0.435083 9.9982E-05 0.208158 0.0896267
0.010311 0.219609 0.0764882 0.247084 9.9991E-05 0.128819 0.317589
0.0187857 0.22283 0.01759 0.346649 0.0662765 0.210229 0.11764
0.0387673 0.0299073 0.00835203 0.189798 9.9991E-05 0.64989 0.083186
9.999E-05 0.204189 0.00979207 0.194905 0.0954377 0.40285 0.0927261
0.0267174 0.165377 0.0233616 0.325486 0.211756 0.118539 0.128762
0.0653587 9.9991E-05 0.0219869 0.266772 0.0578597 0.514534 0.0733896
9.9982E-05 0.131862 9.9982E-05 0.466262 0.0298741 0.193517 0.178284
0.00912492 0.104541 0.126528 0.166139 0.0394182 0.509361 0.0448879
0.0437808 0.0464108 0.124768 0.0934714 0.0791079 0.597385 0.0150757
0.0986191 0.211865 0.0953633 0.211529 0.0177169 0.268283 0.0966238
0.0798366 0.111745 0.0944543 0.118797 0.0106758 0.521395 0.0630966
9.9982E-05 0.16445 0.0853213 0.334208 9.9982E-05 0.303168 0.112653
0.0380801 0.464107 0.00545617 9.9973E-05 9.9973E-05 0.492057 9.9973E-05
0.052924 0.709388 9.9973E-05 0.0720757 9.9973E-05 0.165312 9.9973E-05
9.9964E-05 0.921004 9.9964E-05 9.9964E-05 0.00272941 9.9964E-05 0.0758671
0.00250919 0.8741 0.0858349 0.00222971 9.9991E-05 0.0264961 0.00873025
0.0435366 0.655896 9.9973E-05 9.9973E-05 9.9973E-05 0.245054 0.0552131
0.0140166 0.482816 9.9973E-05 0.0771137 9.9973E-05 0.425754 9.9973E-05
0.0894534 0.458586 9.9991E-05 0.00620582 0.0101813 0.413575 0.0218982
0.0381187 0.6208 9.9982E-05 0.181528 0.0207602 0.138594 9.9982E-05
9.9964E-05 0.443097 9.9964E-05 0.245579 9.9964E-05 0.310923 9.9964E-05
0.0574453 0.538475 9.9982E-05 0.0908086 0.04987 0.263201 9.9982E-05
9.9982E-05 0.373657 9.9982E-05 0.0490073 0.0775356 0.477311 0.0222892
9.9982E-05 0.527705 0.0274478 9.9982E-05 0.00563543 0.427397 0.0116148
0.00699504 0.699957 0.115433 9.9973E-05 9.9973E-05 9.9973E-05 0.177314
0.0209209 9.9973E-05 9.9973E-05 0.0672038 0.79878 0.112795 9.9973E-05
9.9964E-05 9.9964E-05 0.0176498 9.9964E-05 0.915596 0.066354 9.9964E-05
0.0120805 9.9973E-05 9.9973E-05 0.00584156 0.880394 0.101384 9.9973E-05
0.0432508 9.9964E-05 9.9964E-05 9.9964E-05 0.905145 9.9964E-05 0.0512044
0.068051 9.9982E-05 9.9982E-05 0.0220718 0.856794 0.0239856 0.0288974
0.0199901 0.00807686 0.0174378 0.012889 0.890772 0.0507338 9.9991E-05
9.9964E-05 9.9964E-05 0.000937527 9.9964E-05 0.939048 0.059615 9.9964E-05
9.9973E-05 0.734505 9.9973E-05 0.0700645 0.0879526 0.107178 9.9973E-05
9.9973E-05 0.364048 9.9973E-05 0.111506 0.013719 0.510427 9.9973E-05
9.9973E-05 0.160142 0.0894767 9.9973E-05 0.107768 0.642314 9.9973E-05
0.10689 0.232298 0.103267 9.9991E-05 0.033658 0.492178 0.0316092
0.105261 0.52874 0.00811753 9.9973E-05 9.9973E-05 0.357581 9.9973E-05
9.9964E-05 0.779386 9.9964E-05 0.143577 0.0766369 9.9964E-05 9.9964E-05
0.0487392 0.531415 0.0402895 9.9991E-05 0.0169703 0.281132 0.0813544
0.0212549 0.323311 0.101243 9.9991E-05 0.0356247 0.507903 0.0105639
0.0074335 0.387184 0.0282079 0.0511383 0.0560045 0.469932 9.9991E-05
0.117862 0.619041 9.9973E-05 0.00302575 9.9973E-05 0.259772 9.9973E-05
9.9973E-05 0.424327 9.9973E-05 0.0471194 0.0938488 0.434405 9.9973E-05
9.9991E-05 0.163031 0.189968 0.309 0.0229427 0.249791 0.0651674
0.0879542 9.9982E-05 9.9982E-05 0.291469 0.0628788 0.494731 0.0627673
9.9982E-05 9.9982E-05 0.0850737 0.237761 0.0242709 0.542537 0.110158
0.000348877 0.0463702 0.0227892 0.25586 0.0522509 0.590347 0.0320343
0.0232065 0.0143418 0.0983652 0.345536 0.0491029 0.469348 9.9991E-05
9.9991E-05 0.0702579 0.00339152 0.147576 0.0675113 0.617122 0.0940418
9.9964E-05 9.9964E-05 0.055846 0.39773 9.9964E-05 0.546024 9.9964E-05
0.114586 0.0750004 0.113967 0.197475 9.9982E-05 0.498772 9.9982E-05
0.0844413 0.0593472 0.0637 0.172333 9.9991E-05 0.577525 0.0425528
9.9982E-05 9.9982E-05 0.108961 0.19311 0.0615155 0.429692 0.206522
0.067944 0.057005 0.0433392 0.162993 0.00987557 0.658743 9.9991E-05
0.0695169 9.9991E-05 0.0880274 0.137668 0.00313507 0.650792 0.0507601
9.9982E-05 0.132995 0.12732 0.35668 0.0595227 0.323282 9.9982E-05
0.0318536 9.9982E-05 0.229673 0.269445 9.9982E-05 0.189546 0.279283
0.0137675 0.163804 0.286182 0.305695 9.9991E-05 0.0500132 0.180438
9.9991E-05 0.212823 0.131905 0.244598 0.0280999 0.335606 0.0468681
9.9973E-05 0.0818569 9.9973E-05 0.350587 9.9973E-05 0.547487 0.0197696
9.9973E-05 0.143458 0.0273201 0.441487 9.9973E-05 0.387435 9.9973E-05
9.9982E-05 0.0764608 0.0412141 0.422879 9.9982E-05 0.377563 0.0816822
0.081521 0.117275 9.9991E-05 0.123925 0.0452977 0.50026 0.131622
9.9982E-05 0.100994 0.0855426 0.261044 9.9982E-05 0.344958 0.207262
0.0589343 0.10784 0.104075 0.0503216 0.117557 0.468177 0.0930957
9.9991E-05 0.0190735 0.179662 0.134862 0.0913229 0.0779969 0.496982
0.0476346 0.214573 9.9991E-05 0.0293923 0.0241435 0.41166 0.272496
0.108842 0.0564176 0.074414 0.0285632 0.091379 0.442165 0.198219
9.9991E-05 0.0391058 0.00276412 0.165531 0.0484234 0.310811 0.433264
9.9991E-05 0.0693984 0.100326 0.123618 0.0291831 0.244435 0.43294
9.9991E-05 0.0379385 0.094662 0.12052 0.0837594 0.468046 0.194975
0.122185 0.247263 0.12102 0.044209 0.0707108 0.0516178 0.342995
9.9982E-05 0.197555 0.0443341 0.0904388 9.9982E-05 0.418883 0.248588
0.0437571 0.195915 0.033537 0.0989101 9.9991E-05 0.464904 0.162877
0.314876 0.0580273 0.00857466 9.9991E-05 0.248785 0.084906 0.284731
0.152725 9.9964E-05 9.9964E-05 9.9964E-05 0.467652 9.9964E-05 0.379223
0.123671 9.9964E-05 9.9964E-05 9.9964E-05 0.383171 9.9964E-05 0.492759
0.371065 9.9964E-05 9.9964E-05 9.9964E-05 0.314798 9.9964E-05 0.313737
9.9964E-05 0.0184892 9.9964E-05 9.9964E-05 9.9964E-05 0.751814 0.229297
0.705195 9.9964E-05 9.9964E-05 0.0325008 9.9964E-05 0.261904 9.9964E-05
0.00557314 0.169946 0.143728 9.9982E-05 9.9982E-05 0.321694 0.35886
0.00866936 0.133975 0.185449 9.9982E-05 9.9982E-05 0.199232 0.472474
0.0316886 0.0979052 0.0495651 0.0383408 9.9991E-05 0.612222 0.170178
9.9991E-05 0.164794 0.0514465 0.0279795 0.0881383 0.448436 0.219106
0.00074858 0.0169933 0.152269 0.0507848 0.0298733 0.630253 0.119078
9.9982E-05 0.147709 0.0949061 0.0209753 9.9982E-05 0.2354 0.500809
0.922449 0.0134272 0.0637242 9.9964E-05 9.9964E-05 9.9964E-05 9.9964E-05
0.882495 0.0496821 9.9964E-05 9.9964E-05 9.9964E-05 0.0674234 9.9964E-05
0.665111 9.9964E-05 9.9964E-05 9.9964E-05 0.0147652 0.319724 9.9964E-05
0.822218 0.0122777 9.9973E-05 0.0438194 9.9973E-05 0.121385 9.9973E-05
0.9994 9.995E-05 9.995E-05 9.995E-05 9.995E-05 9.995E-05 9.995E-05
0.929214 9.9955E-05 9.9955E-05 0.0702861 9.9955E-05 9.9955E-05 9.9955E-05
0.838723 0.0116753 0.0243252 9.9973E-05 9.9973E-05 0.124977 9.9973E-05
0.906358 9.9964E-05 9.9964E-05 0.051464 9.9964E-05 0.0417779 9.9964E-05
0.996156 9.9955E-05 9.9955E-05 9.9955E-05 9.9955E-05 9.9955E-05 0.00334446
0.9994 9.995E-05 9.995E-05 9.995E-05 9.995E-05 9.995E-05 9.995E-05
0.692558 9.9973E-05 9.9973E-05 0.0313368 0.0276947 0.24811 9.9973E-05
0.799731 9.9973E-05 9.9973E-05 0.0222815 9.9973E-05 0.0868965 0.0907916
0.946787 0.0217189 9.9973E-05 0.00296185 0.0282324 9.9973E-05 9.9973E-05
0.75182 9.9973E-05 9.9973E-05 0.0521009 0.00864868 0.18713 9.9973E-05
0.791048 9.9964E-05 9.9964E-05 0.0482116 9.9964E-05 0.16034 9.9964E-05
0.993678 9.9955E-05 9.9955E-05 9.9955E-05 0.0058223 9.9955E-05 9.9955E-05
0.875139 0.00177176 9.9973E-05 9.9973E-05 0.081695 0.041094 9.9973E-05
0.9994 9.995E-05 9.995E-05 9.995E-05 9.995E-05 9.995E-05 9.995E-05
0.602469 0.0553842 0.0595603 0.0211135 0.0749091 0.186464 9.9991E-05
0.916219 9.9973E-05 0.0465154 0.00445057 9.9973E-05 0.0325154 9.9973E-05
0.0407677 0.00789734 0.123615 9.9982E-05 0.289355 9.9982E-05 0.538165
0.0836432 0.00677271 0.00968834 0.130278 0.116929 0.412452 0.240236
0.0425722 9.9982E-05 0.0160532 9.9982E-05 0.238797 0.453549 0.248828
0.122834 9.9991E-05 0.0733985 0.0818624 0.151184 0.119245 0.451377
0.0735368 0.00928343 9.9982E-05 9.9982E-05 0.225007 0.287785 0.404188
0.173231 0.027823 0.0124944 9.9991E-05 0.121387 0.287282 0.377683
0.0956223 9.9973E-05 9.9973E-05 9.9973E-05 0.158877 0.464769 0.280432
0.199269 9.9982E-05 0.0250153 9.9982E-05 0.165467 0.316258 0.29379
9.9991E-05 0.00143424 0.00612021 0.0939682 0.835192 0.0207498 0.0424352
0.0408865 9.9973E-05 9.9973E-05 0.0259153 0.931741 9.9973E-05 0.00115689
9.9964E-05 9.9964E-05 9.9964E-05 0.00465697 0.937308 9.9964E-05 0.0576348
0.00740875 9.9973E-05 9.9973E-05 0.0581838 0.916665 9.9973E-05 0.0174421
0.0340152 9.9982E-05 9.9982E-05 0.0452526 0.8554 0.0358706 0.0292618
0.0694244 9.9964E-05 0.0345336 9.9964E-05 0.895642 9.9964E-05 9.9964E-05
0.104511 0.0216412 9.9973E-05 0.0261067 0.847441 9.9973E-05 9.9973E-05
0.000748565 0.0286484 0.0332097 0.00552996 0.858924 9.9991E-05 0.0728389
9.9964E-05 9.9964E-05 0.0391119 9.9964E-05 0.943906 0.0165825 9.9964E-05
0.0820287 9.9973E-05 9.9973E-05 0.0497727 0.822279 9.9973E-05 0.0456197
9.9973E-05 0.0969539 0.0607382 0.246426 0.595582 9.9973E-05 9.9973E-05
9.9964E-05 0.0922619 9.9964E-05 0.339349 0.567989 9.9964E-05 9.9964E-05
9.9973E-05 0.049594 0.0961786 0.304699 0.549228 9.9973E-05 9.9973E-05
9.9964E-05 0.166369 9.9964E-05 0.340568 0.492663 9.9964E-05 9.9964E-05
0.0972781 0.325432 0.0546718 0.107339 0.0167158 0.398464 9.9991E-05
0.00164442 0.131929 0.0152658 0.17628 0.0267912 0.61505 0.0330398
9.9973E-05 0.293411 9.9973E-05 0.220263 0.0753678 0.410658 9.9973E-05
9.9964E-05 0.150805 9.9964E-05 0.551195 9.9964E-05 0.2976 9.9964E-05
0.0840558 0.137235 0.108622 0.0346807 0.0405648 0.594741 9.9991E-05
0.0432736 0.229126 0.073626 0.0337648 0.00411456 0.584368 0.0317272
0.0352715 0.363762 9.9982E-05 0.107289 9.9982E-05 0.449762 0.0437153
0.09463 0.586107 0.0197598 0.00676922 9.9982E-05 0.292534 9.9982E-05
9.9991E-05 0.412086 0.052017 0.107222 0.00195504 0.425606 0.00101454
9.9973E-05 0.785439 0.0791398 0.0447913 9.9973E-05 9.9973E-05 0.0903297
0.0172943 0.514439 0.0842615 9.9982E-05 9.9982E-05 0.215311 0.168495
0.0332914 0.413683 0.00767963 9.9982E-05 0.0642984 0.480847 9.9982E-05
9.9973E-05 0.653879 9.9973E-05 0.179634 0.0630087 0.103178 9.9973E-05
9.9964E-05 9.9964E-05 9.9964E-05 0.773069 0.115966 9.9964E-05 0.110565
9.9982E-05 9.9982E-05 0.0715101 0.771025 0.0857379 0.0687751 0.00275145
9.9973E-05 9.9973E-05 0.0177458 0.942952 0.0340403 0.00496194 9.9973E-05
9.9973E-05 9.9973E-05 0.0452664 0.860784 0.0816743 9.9973E-05 0.0119749
0.0137156 9.9973E-05 0.0690245 0.884865 9.9973E-05 0.0320954 9.9973E-05
0.0782025 9.9982E-05 0.0135028 0.870126 9.9982E-05 0.0274496 0.0105189
0.0416442 0.00365851 0.0490986 9.9982E-05 0.832352 0.0730469 9.9982E-05
9.9964E-05 9.9964E-05 9.9964E-05 0.0744016 0.785707 0.139492 9.9964E-05
0.0369216 9.9964E-05 9.9964E-05 9.9964E-05 0.772208 0.19047 9.9964E-05
0.031545 9.9973E-05 9.9973E-05 0.00770564 0.79448 0.16597 9.9973E-05
0.0764387 0.000490609 9.9991E-05 0.0219321 0.7512 0.13422 0.0156185
9.9964E-05 9.9964E-05 9.9964E-05 0.527957 0.365194 9.9964E-05 0.106449
9.9973E-05 0.0460441 0.071757 0.457119 0.42478 9.9973E-05 9.9973E-05
9.9982E-05 0.0196451 0.071118 0.470502 0.43666 0.00187456 9.9982E-05
0.0639043 9.9973E-05 9.9973E-05 0.0393441 0.768757 0.127695 9.9973E-05
9.9982E-05 0.0700727 0.00597396 0.55183 0.361708 9.9982E-05 0.0102151
0.347344 9.9982E-05 0.0613345 9.9982E-05 0.171868 0.256093 0.16316
0.229524 9.9973E-05 9.9973E-05 9.9973E-05 0.205299 0.55212 0.012757
0.254547 0.0693298 0.00686241 0.00671216 0.217637 0.290127 0.154785
0.357093 9.9964E-05 9.9964E-05 9.9964E-05 0.371243 9.9964E-05 0.271264
0.0139154 0.109091 0.132196 0.218384 0.0730435 0.441211 0.0121583
0.0480503 0.0300195 0.21615 0.157807 0.0313103 0.322061 0.194602
9.9973E-05 0.0261011 9.9973E-05 0.442708 0.106403 0.424488 9.9973E-05
9.9991E-05 0.15303 0.233673 0.0907445 0.0123145 0.490848 0.0192906
9.9973E-05 0.248859 0.353643 0.185063 9.9973E-05 9.9973E-05 0.212136
0.0184299 0.0561676 0.167931 0.17973 0.0352575 0.542383 9.9991E-05
9.9991E-05 0.112585 0.125764 0.293722 0.0572446 0.402007 0.00857808
9.9982E-05 0.155324 0.154147 0.189719 9.9982E-05 0.170167 0.330443
0.0155321 0.0821595 0.162103 0.112026 9.9991E-05 0.506719 0.12136
0.0588362 0.0336271 0.0775192 0.238681 9.9991E-05 0.589472 0.00176394
0.200875 0.222175 9.9991E-05 0.120719 0.145231 0.266734 0.0441648
0.00566134 9.9982E-05 0.329422 0.219285 9.9982E-05 0.406227 0.0392046
0.114682 0.0139044 0.190358 0.229209 0.00587697 0.441359 0.00461021
0.0983611 0.0599018 0.177393 0.127245 9.9991E-05 0.479086 0.0579133
9.9991E-05 0.106622 0.0757103 0.152703 0.0656452 0.56239 0.0368295
0.14111 0.152273 0.0565941 0.0873652 0.0442795 0.518278 9.9991E-05
0.102228 9.9964E-05 9.9964E-05 9.9964E-05 0.749604 0.147769 9.9964E-05
0.0666779 0.0189339 9.9982E-05 9.9982E-05 0.83827 0.0727265 0.00319185
0.035539 0.0267195 9.9991E-05 0.0768926 0.779778 0.0227675 0.0582036
0.058137 0.0248273 0.10545 0.00740923 0.790507 0.0135696 9.9991E-05
9.9955E-05 9.9955E-05 9.9955E-05 9.9955E-05 0.844699 0.154801 9.9955E-05
0.0704771 0.137726 9.9991E-05 0.484968 0.0266064 0.273011 0.00711124
0.0629997 0.00267201 0.0587205 0.122811 0.00633997 0.721374 0.0250833
9.9973E-05 0.0890314 9.9973E-05 0.249294 0.080523 0.580852 9.9973E-05
0.0426481 9.9991E-05 0.133991 0.285921 0.0119324 0.356518 0.168889
9.9982E-05 0.117188 9.9982E-05 0.529902 0.0999995 0.119225 0.133485
0.108649 0.11479 9.9982E-05 0.276193 9.9982E-05 0.464057 0.0361101
0.0725857 0.0669332 0.101775 0.531767 0.0563539 0.170486 9.9991E-05
0.0859566 0.135397 0.150261 0.13787 0.0270671 0.354056 0.109393
0.0117431 0.0650452 0.196747 0.401832 0.12567 0.198863 9.9991E-05
0.0585817 0.0815421 9.9982E-05 0.531952 9.9982E-05 0.258129 0.0695952
0.0482279 0.0374447 0.26014 0.233812 0.0453865 0.343511 0.031478
9.9982E-05 0.0941795 0.129824 0.0559386 9.9982E-05 0.318418 0.40144
9.9982E-05 0.0349128 9.9982E-05 0.0477223 0.0363143 0.589759 0.291091
9.9982E-05 0.000910401 0.0543436 0.0686873 9.9982E-05 0.401149 0.47471
9.9991E-05 0.106145 0.061188 0.0503736 0.0578189 0.489362 0.235012
9.9982E-05 0.0710885 0.114721 0.107817 9.9982E-05 0.0887116 0.617462
9.9982E-05 0.118994 0.0213481 0.00757331 9.9982E-05 0.293084 0.5588
9.9982E-05 9.9982E-05 0.129026 0.0807164 0.0171911 0.489682 0.283185
9.9982E-05 0.191675 0.0980829 0.123963 9.9982E-05 0.143822 0.442258
9.9973E-05 0.133925 9.9973E-05 0.0263306 9.9973E-05 0.555462 0.283983
0.0275575 0.141863 9.9982E-05 0.530891 9.9982E-05 0.221899 0.0775897
0.0435743 0.133601 0.273527 0.288418 9.9982E-05 0.26068 9.9982E-05
0.0541356 0.115723 0.0630123 0.31904 9.9982E-05 0.447889 9.9982E-05
0.0810826 0.0933946 9.9991E-05 0.182307 0.0255159 0.610208 0.00739195
9.9973E-05 0.118242 0.0525924 0.439401 9.9973E-05 0.389465 9.9973E-05
0.126404 9.9973E-05 0.0660588 0.264791 9.9973E-05 0.542446 9.9973E-05
0.0639744 0.131412 9.9973E-05 0.307387 9.9973E-05 0.496927 9.9973E-05
0.049066 0.197348 9.9973E-05 0.390549 9.9973E-05 0.362737 9.9973E-05
0.0639093 0.145798 0.00546716 0.357793 0.0118008 0.415131 9.9991E-05
0.117013 9.9973E-05 0.126841 0.144583 9.9973E-05 0.611263 9.9973E-05
0.00900772 9.9991E-05 0.145826 0.192636 0.0347637 0.49911 0.118556
0.0842007 9.9982E-05 0.148896 0.221128 9.9982E-05 0.493093 0.0524826
9.9982E-05 9.9982E-05 0.0279911 0.386163 0.0855344 0.411466 0.0886455
0.076579 0.012823 0.126396 0.220085 0.056078 0.507939 9.9991E-05
0.107992 0.0174573 9.9982E-05 9.9982E-05 0.297152 0.460872 0.116326
0.301015 0.135877 0.0438445 0.0187294 0.114147 0.259648 0.126739
0.185915 0.0430293 0.138533 0.133102 0.00220875 0.481042 0.0161702
0.176007 0.0176447 0.136163 0.0203936 0.160315 0.482375 0.00710228
9.9973E-05 9.9973E-05 0.189478 0.179594 9.9973E-05 0.508988 0.121641
0.1046 0.0996265 0.0305894 9.9991E-05 0.169731 0.107729 0.487624
0.186009 9.9991E-05 0.0115313 0.118725 0.0998273 0.458978 0.12483
0.241252 0.0976103 0.127112 0.00319624 0.106759 0.409483 0.0145882
0.155683 9.9991E-05 0.014721 0.128387 0.140499 0.316729 0.243881
0.208881 0.0348546 0.00491585 9.9991E-05 0.130227 0.585518 0.035503
0.188782 9.9973E-05 0.0708124 9.9973E-05 0.436592 9.9973E-05 0.303514
0.143369 9.9964E-05 9.9964E-05 9.9964E-05 0.263986 0.592245 9.9964E-05
0.119638 0.0215493 0.0934486 9.9991E-05 0.189479 0.480755 0.0950302
0.103842 0.0774006 0.412938 0.0392845 9.9982E-05 0.366335 9.9982E-05
9.9973E-05 0.138458 0.781472 0.0553296 9.9973E-05 9.9973E-05 0.0244406
9.9973E-05 0.080909 0.858358 0.0466356 0.0137976 9.9973E-05 9.9973E-05
0.253644 9.9991E-05 0.0937385 0.0143081 0.151236 0.438138 0.0488351
0.343252 9.9982E-05 0.323551 9.9982E-05 0.0954578 0.214002 0.0235381
0.234633 0.0554498 0.142883 0.00671015 0.266639 0.195559 0.098127
0.278529 9.9982E-05 0.267041 9.9982E-05 0.199464 0.235239 0.0195269
0.0666443 9.9973E-05 0.64757 9.9973E-05 0.0867976 9.9973E-05 0.198688
0.132278 9.9982E-05 0.632797 9.9982E-05 0.124306 0.0522849 0.0581341
0.108573 0.0115751 0.379517 9.9982E-05 0.0203076 0.479827 9.9982E-05
0.134012 9.9973E-05 0.496291 9.9973E-05 0.0315645 0.337833 9.9973E-05
0.125943 9.9973E-05 0.727768 9.9973E-05 0.0719859 0.0740032 9.9973E-05
0.0637527 9.9982E-05 0.302001 0.0413109 0.101482 0.491253 9.9982E-05
0.0634705 0.0124536 0.43847 0.00313268 0.0703595 0.412014 9.9991E-05
9.9973E-05 9.9973E-05 0.588252 0.100465 0.0332735 0.27771 9.9973E-05
0.0121916 0.142137 0.496036 0.0147186 0.00670381 0.315207 0.0130053
0.0870217 0.00788058 0.357307 0.124125 0.0735997 0.324914 0.0251519
9.9973E-05 0.009952 0.499993 9.9973E-05 9.9973E-05 0.443219 0.0465359
9.9964E-05 9.9964E-05 0.78237 0.068795 9.9964E-05 0.148435 9.9964E-05
0.0642681 0.0741177 0.297738 9.9982E-05 0.0367527 0.526923 9.9982E-05
0.00116252 0.0908802 0.764665 9.9973E-05 9.9973E-05 0.142992 9.9973E-05
9.9973E-05 0.0491859 0.477498 0.106 9.9973E-05 0.367016 9.9973E-05
0.281889 9.9982E-05 0.107698 9.9982E-05 0.144474 0.355282 0.110457
0.259799 0.0194815 9.9991E-05 0.0240004 0.119231 0.361665 0.215723
0.0797271 9.9973E-05 0.667149 9.9973E-05 0.215582 9.9973E-05 0.0372422
0.222246 9.9991E-05 0.104863 0.056338 0.0632043 0.475359 0.0778893
0.108847 9.9973E-05 0.372623 9.9973E-05 0.332003 9.9973E-05 0.186227
0.214638 9.9973E-05 0.345997 9.9973E-05 0.0298258 0.40924 9.9973E-05
9.9973E-05 0.115821 0.867236 9.9973E-05 9.9973E-05 0.0127084 0.00393515
9.9964E-05 0.152222 0.830938 0.0164399 9.9964E-05 9.9964E-05 9.9964E-05
9.9973E-05 0.0802974 0.474209 0.0132792 9.9973E-05 0.431915 9.9973E-05
0.0505196 9.9973E-05 0.405637 9.9973E-05 0.0105972 0.532946 9.9973E-05
9.9955E-05 9.9955E-05 0.651259 9.9955E-05 9.9955E-05 0.348242 9.9955E-05
9.9973E-05 0.0299997 0.491703 9.9973E-05 0.0191186 0.458879 9.9973E-05
9.9973E-05 9.9973E-05 0.48161 0.0136716 0.0124176 0.492001 9.9973E-05
0.0151769 0.00469372 0.0975792 0.0279978 0.768276 0.0861765 9.9991E-05
0.0801242 9.9973E-05 0.00026134 0.205029 0.714286 9.9973E-05 9.9973E-05
0.0517009 9.9973E-05 9.9973E-05 0.0670665 0.877251 0.00368179 9.9973E-05
9.9973E-05 9.9973E-05 0.00358776 9.9973E-05 0.943498 0.0480826 0.00453182
0.0847525 0.326998 0.140267 0.0649775 0.0806921 0.302213 9.9991E-05
9.9964E-05 0.464378 0.00256165 9.9964E-05 9.9964E-05 0.532661 9.9964E-05
9.9982E-05 0.519467 9.9982E-05 0.140375 0.0455087 0.28602 0.00842971
0.125006 0.338775 0.0400007 9.9973E-05 9.9973E-05 0.495919 9.9973E-05
9.9982E-05 0.521243 0.0716248 9.9982E-05 0.0360926 0.301882 0.0689573
0.127079 9.9982E-05 0.0588515 9.9982E-05 0.28155 0.478932 0.0533876
0.0995582 0.430257 0.160192 0.0225768 9.9991E-05 0.282615 0.00470155
9.9973E-05 0.507772 9.9973E-05 0.0736034 9.9973E-05 0.382393 0.0359323
0.0316722 0.322027 0.099168 9.9982E-05 0.00130235 0.545631 9.9982E-05
9.9982E-05 0.424092 0.0703543 0.0110961 0.0627536 0.431504 9.9982E-05
0.0426026 0.266795 0.0265199 9.9973E-05 9.9973E-05 0.663783 9.9973E-05
0.000266507 0.954561 0.0265547 9.9973E-05 9.9973E-05 0.0183182 9.9973E-05
9.9982E-05 0.538114 9.9982E-05 0.00663778 0.00859578 0.317829 0.128623
0.0654892 0.556412 9.9991E-05 0.0340824 0.00182065 0.338032 0.00406379
9.9955E-05 0.877821 9.9955E-05 9.9955E-05 9.9955E-05 9.9955E-05 0.121679
0.00229489 0.284143 0.05073 0.151826 0.0741753 0.436731 9.9991E-05
9.9973E-05 0.535278 0.0537894 9.9973E-05 9.9973E-05 0.143414 0.267219
9.9955E-05 0.773753 9.9955E-05 9.9955E-05 9.9955E-05 9.9955E-05 0.225747
0.0709502 0.233828 0.0794188 9.9991E-05 0.0304116 0.568357 0.0169342
9.9973E-05 0.596487 9.9973E-05 0.0877988 0.0529893 0.262425 9.9973E-05
0.160928 0.33907 9.9982E-05 0.12662 0.00651193 0.36667 9.9982E-05
9.9982E-05 0.416735 9.9982E-05 0.0319572 0.0289598 0.499461 0.0226869
0.00241204 0.0314656 0.19161 0.227114 9.9991E-05 0.395053 0.152245
0.00507192 0.367279 0.031303 0.0420658 9.9982E-05 0.554081 9.9982E-05
0.0984385 0.380016 0.00736284 0.0279031 0.0294391 0.45674 9.9991E-05
9.9964E-05 0.652118 9.9964E-05 9.9964E-05 9.9964E-05 0.296124 0.0513579
9.9964E-05 0.0267893 9.9964E-05 0.311658 0.661153 9.9964E-05 9.9964E-05
9.9982E-05 0.0479452 0.00612452 0.121592 0.751313 0.0728253 9.9982E-05
9.9964E-05 9.9964E-05 9.9964E-05 0.158363 0.802426 9.9964E-05 0.038811
9.9964E-05 9.9964E-05 0.0541131 0.145334 0.800153 9.9964E-05 9.9964E-05
9.9973E-05 9.9973E-05 9.9973E-05 0.183226 0.684493 0.0718153 0.0601659
9.9973E-05 0.645841 9.9973E-05 0.137622 0.0448363 0.171401 9.9973E-05
9.9973E-05 0.703203 9.9973E-05 0.0425231 0.093918 0.160056 9.9973E-05
0.0135917 0.79644 0.0597808 9.9982E-05 9.9982E-05 0.0728691 0.0571181
0.0587822 0.515155 0.0703768 9.9991E-05 0.0630547 0.246032 0.0464998
0.0397138 0.225294 0.0448056 0.0433658 0.0190896 0.609319 0.0184119
0.0609331 0.425608 9.9982E-05 9.9982E-05 0.0486594 0.329618 0.134981
9.9991E-05 0.242919 0.097352 0.0115816 0.0446543 0.58157 0.0218228
0.0228792 0.591796 9.9982E-05 0.145455 9.9982E-05 0.233511 0.00615799
9.9973E-05 0.575918 9.9973E-05 0.0483047 0.0204183 0.355059 9.9973E-05
9.9964E-05 0.546348 9.9964E-05 0.116083 9.9964E-05 0.33717 9.9964E-05
0.020094 9.9973E-05 9.9973E-05 9.9973E-05 0.0693165 0.658171 0.252118
9.9973E-05 0.572339 9.9973E-05 0.0243136 0.026962 0.376085 9.9973E-05
0.0962141 0.432639 0.0362799 0.034555 0.00392571 0.396286 9.9991E-05
0.471998 0.0168717 0.0160434 9.9991E-05 0.0609458 0.344583 0.089458
0.516546 9.9982E-05 0.0785805 9.9982E-05 0.0745904 0.296577 0.0335061
0.00767084 0.215046 9.9982E-05 9.9982E-05 0.0333457 0.525621 0.218117
0.672221 9.9973E-05 0.0390938 9.9973E-05 0.272698 9.9973E-05 0.0156866
0.46054 9.9973E-05 0.0707937 9.9973E-05 0.247745 0.220621 9.9973E-05
0.197173 0.155545 9.9991E-05 0.0085339 0.0785854 0.387737 0.172326
9.9973E-05 9.9973E-05 9.9973E-05 0.0489702 0.103124 0.579618 0.267987
0.0195447 0.0907356 9.9991E-05 0.0384445 0.0955809 0.497994 0.257601
0.440733 9.9973E-05 9.9973E-05 9.9973E-05 0.228323 0.308201 0.0224431
0.487026 9.9982E-05 0.00832514 9.9982E-05 0.0830869 0.382447 0.038915
0.555043 9.9982E-05 0.102164 9.9982E-05 0.0327482 0.272477 0.0373686
0.520196 9.9991E-05 0.134467 0.00744143 0.114164 0.204377 0.0192552
0.0418211 0.0545021 9.9991E-05 0.00677353 0.060352 0.492501 0.343951
0.676043 9.9973E-05 9.9973E-05 9.9973E-05 0.152795 0.138635 0.0322269
9.9982E-05 0.0277245 9.9982E-05 0.220878 0.0998708 0.290112 0.361214
0.0799471 9.9973E-05 9.9973E-05 0.00303814 9.9973E-05 0.670288 0.246427
0.0187174 9.9973E-05 9.9973E-05 9.9973E-05 0.161919 0.618077 0.200986
9.9991E-05 0.0888649 0.00089162 0.0153793 0.141365 0.54667 0.20673
0.226859 0.141541 0.0409418 0.0408066 0.204848 0.242266 0.102738
0.37459 9.9982E-05 0.107698 0.0737559 0.213054 0.230701 9.9982E-05
0.596808 9.9982E-05 0.0340751 9.9982E-05 0.19723 0.12252 0.0491673
9.9982E-05 0.0526147 9.9982E-05 0.0797955 0.1024 0.48219 0.2828
9.9982E-05 0.0208206 0.0209981 9.9982E-05 0.0953337 0.299496 0.563151
9.9991E-05 0.0654661 0.0893681 0.221023 0.0690751 0.382182 0.172786
0.135464 0.109356 9.9982E-05 9.9982E-05 0.146903 0.412554 0.195523
0.197362 9.9964E-05 9.9964E-05 9.9964E-05 0.200349 9.9964E-05 0.60189
0.103963 9.9964E-05 9.9964E-05 9.9964E-05 0.230519 9.9964E-05 0.665118
0.112797 0.027007 0.000652274 0.0473686 0.188789 0.350286 0.2731
0.19952 0.0697275 0.000113131 9.9991E-05 0.287573 0.00751662 0.43545
0.265392 9.9964E-05 9.9964E-05 9.9964E-05 0.335065 9.9964E-05 0.399143
0.182998 0.0880966 0.139627 0.00304235 0.11944 0.224745 0.242051
0.137613 0.0105825 0.0355501 9.9991E-05 0.217809 0.449519 0.148826
0.172498 9.9982E-05 9.9982E-05 0.050496 0.241369 0.207625 0.327812
0.175664 9.9973E-05 9.9973E-05 9.9973E-05 0.202909 0.100193 0.520934
0.160564 9.9991E-05 0.0945148 0.0240552 0.144701 0.440263 0.135802
0.111829 0.108915 9.9982E-05 9.9982E-05 0.186485 0.128435 0.464137
0.0912012 9.9964E-05 9.9964E-05 9.9964E-05 0.325944 9.9964E-05 0.582455
0.233252 0.00381055 0.0816187 0.0770802 0.172361 0.249273 0.182604
0.192372 0.00558776 9.9991E-05 0.101534 0.263863 0.374307 0.0622369
0.295788 9.9973E-05 9.9973E-05 9.9973E-05 0.14578 0.510896 0.0472361
0.243354 0.00265407 0.0436358 0.0435717 0.181524 0.485161 9.9991E-05
0.216443 9.9973E-05 9.9973E-05 9.9973E-05 0.300038 0.393677 0.0895413
0.0935869 9.9982E-05 0.0939688 9.9982E-05 0.249874 0.501477 0.0608941
0.24721 0.0595337 9.9982E-05 9.9982E-05 0.243972 0.386575 0.0625094
0.189717 0.0751465 0.0556718 0.00323707 0.307169 0.335294 0.0337642
0.157311 0.230014 0.0257561 0.178216 0.130562 0.213124 0.0650171
0.22021 9.9982E-05 9.9982E-05 0.00322985 0.282237 0.384326 0.109797
0.283572 0.0037352 0.0040451 9.9991E-05 0.267203 0.114741 0.326603
0.295137 9.9991E-05 0.0723685 0.00890967 0.222563 0.226303 0.174619
0.00669708 0.028608 0.0149883 0.12142 0.764799 9.9991E-05 0.063387
9.9991E-05 0.00938455 0.0572103 0.702878 0.0847525 0.136961 0.0087139
9.9955E-05 0.0386406 9.9955E-05 0.96086 9.9955E-05 9.9955E-05 9.9955E-05
9.9955E-05 9.9955E-05 9.9955E-05 0.974945 0.0245551 9.9955E-05 9.9955E-05
0.0110589 9.9964E-05 9.9964E-05 0.914419 9.9964E-05 0.0741222 9.9964E-05
0.095209 9.9973E-05 9.9973E-05 0.870553 9.9973E-05 0.0170936 0.0168445
9.9964E-05 9.9964E-05 0.000589353 0.859204 9.9964E-05 0.139807 9.9964E-05
0.0039234 0.00318524 0.00423908 0.969739 0.018713 9.9982E-05 9.9982E-05
0.0520663 9.9973E-05 9.9973E-05 0.759586 0.165703 0.0223444 9.9973E-05
0.0478734 9.9973E-05 9.9973E-05 9.9973E-05 0.876454 0.0512199 0.0241528
0.0172918 9.9973E-05 9.9973E-05 0.100542 0.799824 0.082043 9.9973E-05
0.013824 0.0820764 9.9973E-05 9.9973E-05 0.897084 0.00671538 9.9973E-05
9.9982E-05 9.9982E-05 0.050731 0.0722696 0.763054 0.111382 0.00236291
0.0690965 0.00196178 9.9973E-05 9.9973E-05 0.92396 0.00468166 9.9973E-05
9.9973E-05 9.9973E-05 0.0628057 0.0563445 0.857194 9.9973E-05 0.0233563
0.127594 9.9982E-05 9.9982E-05 0.138209 0.584239 0.0787827 0.0709763
0.0727851 0.045403 0.0420608 9.9982E-05 0.83792 0.00163145 9.9982E-05
0.139722 9.9973E-05 9.9973E-05 0.177895 0.664543 9.9973E-05 0.0175401
0.054689 0.0314735 0.0327006 9.9982E-05 0.871969 0.0089678 9.9982E-05
9.9964E-05 9.9964E-05 0.0578757 0.0351682 0.906556 9.9964E-05 9.9964E-05
0.0578562 9.9991E-05 0.036366 0.0187014 0.844376 0.0170458 0.0255542
9.9964E-05 9.9964E-05 9.9964E-05 0.0150524 0.897842 9.9964E-05 0.0867061
0.0142771 9.9973E-05 9.9973E-05 9.9973E-05 0.935383 0.0293043 0.0207357
0.0165866 0.0622348 9.9973E-05 9.9973E-05 0.859078 0.0618011 9.9973E-05
0.0110037 9.9973E-05 0.00171999 9.9973E-05 0.84082 0.146156 9.9973E-05
0.121818 9.9964E-05 9.9964E-05 9.9964E-05 0.765201 0.11258 9.9964E-05
0.0298428 9.9964E-05 9.9964E-05 9.9964E-05 0.807737 0.16202 9.9964E-05
0.0757092 0.00692909 9.9973E-05 9.9973E-05 0.826211 0.0908509 9.9973E-05
9.9982E-05 0.0213906 9.9982E-05 0.0635281 0.0929045 0.477062 0.344915
0.0306181 0.102664 9.9982E-05 9.9982E-05 0.0657191 0.668274 0.132526
9.9991E-05 0.0761783 0.0770733 0.0087973 0.00736475 0.175417 0.655069
9.9973E-05 9.9973E-05 9.9973E-05 0.141067 0.0923219 0.608871 0.15744
9.9964E-05 9.9964E-05 9.9964E-05 9.9964E-05 0.0281074 0.192816 0.778677
0.0564291 9.9973E-05 9.9973E-05 9.9973E-05 0.0285469 0.685605 0.229119
9.9982E-05 0.00675897 9.9982E-05 0.191206 0.0684084 0.496132 0.237294
9.9982E-05 0.0144007 9.9982E-05 0.0652768 0.0325485 0.568494 0.31908
9.9973E-05 0.35567 0.0168892 9.9973E-05 0.0952662 0.531875 9.9973E-05
0.029209 0.0713278 9.9991E-05 0.119472 0.0457797 0.481259 0.252853
0.0352824 9.9982E-05 9.9982E-05 0.192303 0.04941 0.538243 0.184561
0.0389887 0.333977 0.182891 0.38058 9.9991E-05 0.0188452 0.0446183
9.9982E-05 0.0672185 0.0783556 0.13819 9.9982E-05 0.0201131 0.695923
9.9964E-05 9.9964E-05 9.9964E-05 0.0855145 9.9964E-05 0.238565 0.675521
9.9973E-05 9.9973E-05 9.9973E-05 0.0190057 0.0550127 0.584534 0.341147
9.9973E-05 9.9973E-05 9.9973E-05 0.0379275 0.0910436 0.593884 0.276845
0.0826057 0.0363734 0.0442442 9.9991E-05 0.228685 0.581044 0.0269472
0.175252 0.0189618 9.9991E-05 0.037115 0.142912 0.564386 0.0612734
0.129551 0.0917859 9.9991E-05 0.0985586 0.462649 0.14444 0.0729152
0.139597 0.143001 0.00537028 0.0159675 0.215266 0.448099 0.0326988
0.189571 0.0121772 0.118358 9.9982E-05 0.307266 9.9982E-05 0.372428
0.190446 0.0302667 0.0102638 9.9991E-05 0.291421 0.268961 0.208541
0.208338 0.0845063 9.9991E-05 0.031886 0.285604 0.329586 0.0599796
0.0775112 9.9973E-05 9.9973E-05 0.127094 0.31187 0.483225 9.9973E-05
0.190751 0.109278 9.9982E-05 9.9982E-05 0.215913 0.452604 0.031254
0.15053 9.9991E-05 0.0890785 0.0617969 0.137983 0.384849 0.175663
0.136057 0.00151847 9.9991E-05 0.0581302 0.434833 0.357475 0.0118857
