0.896098 0.103802 9.9991E-05
0.899321 0.0949949 0.00568385
0.81765 0.178282 0.00406745
0.819143 0.168016 0.0128414
0.861267 0.138633 9.9991E-05
0.621509 0.132359 0.246132
0.853486 0.0659599 0.0805543
0.761735 0.0780474 0.160218
0.961232 9.9991E-05 0.0386683
0.722282 0.173976 0.103742
0.827618 0.0280431 0.144339
0.0535668 0.114015 0.832418
0.0978485 0.319119 0.583033
0.164783 0.14861 0.686607
0.0998631 0.296488 0.603648
0.173968 0.275016 0.551016
0.0556571 0.283408 0.660935
0.143178 0.229163 0.627659
0.246008 9.9991E-05 0.753892
0.0745233 0.276079 0.649398
0.0772223 0.290508 0.63227
0.0376309 0.265147 0.697223
0.0954649 0.190995 0.71354
0.0738882 0.355901 0.570211
0.171101 0.108532 0.720367
0.143958 0.262438 0.593605
0.109557 0.0954413 0.795002
0.772731 0.227169 9.9991E-05
0.791539 0.205315 0.0031463
0.73775 0.187022 0.0752288
0.689219 0.21194 0.0988407
0.00978965 0.262949 0.727261
9.9991E-05 0.251396 0.748504
0.233267 0.00392413 0.762809
9.9991E-05 0.195333 0.804567
9.9991E-05 0.29692 0.70298
0.0896377 0.290196 0.620167
0.0821864 0.354106 0.563708
0.0793691 9.9991E-05 0.920531
0.0283486 0.347769 0.623882
9.9991E-05 0.106587 0.893313
0.148257 9.9991E-05 0.851643
0.106004 9.9991E-05 0.893896
0.159228 0.0025101 0.838262
0.209193 9.9991E-05 0.790707
9.9991E-05 0.292393 0.707507
0.110744 0.162934 0.726323
0.344621 0.0769093 0.57847
0.0905459 0.224763 0.684691
0.192642 9.9991E-05 0.807258
0.0340206 0.218387 0.747592
9.9991E-05 0.361344 0.638556
0.0857091 0.190546 0.723745
0.0283377 0.297931 0.673731
0.127666 0.0303304 0.842004
9.9991E-05 0.190919 0.808981
0.0210588 0.0698165 0.909125
0.0492463 9.9991E-05 0.950654
0.028712 9.9991E-05 0.971188
9.9991E-05 0.0937444 0.906156
9.9991E-05 0.208012 0.791888
9.9991E-05 0.252432 0.747468
0.0589179 0.111044 0.830038
0.0807086 0.120467 0.798824
0.0702711 0.153959 0.77577
0.0470527 0.191124 0.761823
0.0014335 0.138845 0.859721
0.0665327 9.9991E-05 0.933367
0.820459 0.142123 0.037418
0.870579 0.129321 9.9991E-05
0.860009 0.139891 9.9991E-05
0.911991 0.0879095 9.9991E-05
0.86001 0.13989 9.9991E-05
0.844418 0.155482 9.9991E-05
0.896148 0.103752 9.9991E-05
0.0738712 9.9991E-05 0.926029
0.0249806 0.182606 0.792414
9.9991E-05 0.295506 0.704394
0.0142343 0.339493 0.646273
9.9991E-05 0.313234 0.686666
0.0892785 9.9991E-05 0.910622
0.053528 0.143202 0.80327
9.9991E-05 0.245635 0.754265
0.037934 0.21005 0.752016
9.9991E-05 0.208016 0.791884
0.0739519 0.174227 0.751821
0.105535 0.0707176 0.823747
0.184837 0.220744 0.594419
0.086786 0.136603 0.776611
0.0594132 0.317115 0.623472
0.049873 0.24237 0.707757
9.9991E-05 0.318553 0.681347
0.000676553 0.199006 0.800317
9.9991E-05 0.301412 0.698488
9.9991E-05 0.277489 0.722411
0.207833 0.175762 0.616405
0.014435 0.334472 0.651093
0.0292546 0.356988 0.613758
0.0858903 0.148078 0.766032
0.135299 0.0735577 0.791144
0.0532149 0.0798473 0.866938
0.159539 0.0647327 0.775729
0.0337159 0.142616 0.823668
0.115072 0.0882888 0.796639
0.0939438 0.0751805 0.830876
0.0287563 0.341146 0.630097
0.0712053 0.0914748 0.83732
0.114494 0.307487 0.578019
0.287182 9.9991E-05 0.712718
0.188398 0.123284 0.688318
0.11368 0.306146 0.580175
0.163115 0.121455 0.71543
0.189748 0.0742082 0.736044
0.0441093 0.184487 0.771404
0.173341 0.183854 0.642806
0.0152695 0.107203 0.877528
0.0312324 0.207809 0.760958
0.34053 0.368945 0.290525
0.664434 0.227389 0.108177
0.621459 0.231894 0.146648
0.395741 0.448723 0.155535
9.9991E-05 0.271104 0.728796
9.9991E-05 0.838479 0.161421
0.00639541 0.19055 0.803055
0.0828279 0.0997071 0.817465
9.9991E-05 0.286401 0.713499
0.0728693 0.223374 0.703756
9.9991E-05 0.283758 0.716142
0.0716655 0.0596481 0.868686
0.0331994 0.966701 9.9991E-05
9.9991E-05 0.941631 0.0582689
0.0335809 0.881184 0.0852356
0.0982983 0.814284 0.0874173
0.0163958 0.983504 9.9991E-05
0.0282496 0.97165 9.9991E-05
9.9991E-05 0.984753 0.0151468
9.999E-05 0.9998 9.999E-05
9.999E-05 0.9998 9.999E-05
9.999E-05 0.9998 9.999E-05
0.0389502 0.877322 0.0837273
0.0419733 0.899422 0.0586046
0.0284918 0.971408 9.9991E-05
0.0421412 0.880397 0.0774616
0.0313124 0.937053 0.0316341
9.999E-05 0.9998 9.999E-05
0.0448227 0.955077 9.9991E-05
9.999E-05 0.9998 9.999E-05
0.113937 0.732892 0.153171
0.0930493 0.906851 9.9991E-05
0.410682 0.110056 0.479262
0.174354 0.307028 0.518618
0.203554 0.267327 0.529118
0.315912 0.231984 0.452104
0.306019 0.264847 0.429135
0.166752 0.377627 0.455622
0.125238 0.369854 0.504908
0.104774 0.493258 0.401968
0.87958 0.0365094 0.0839109
0.889884 0.110016 9.9991E-05
0.978226 0.0216738 9.9991E-05
0.951101 0.048799 9.9991E-05
0.899092 0.100808 9.9991E-05
0.879548 0.120352 9.9991E-05
0.831402 0.168498 9.9991E-05
0.903484 0.0417831 0.0547325
0.904681 0.0952186 9.9991E-05
0.857962 0.141938 9.9991E-05
0.706632 9.9991E-05 0.293268
0.713235 9.9991E-05 0.286665
0.717521 9.9991E-05 0.282379
0.619847 9.9991E-05 0.380053
0.00441475 0.273437 0.722148
0.065183 0.236194 0.698623
0.0715287 0.147147 0.781324
0.138202 9.9991E-05 0.861698
9.9991E-05 0.337426 0.662474
9.9991E-05 0.248267 0.751633
9.9991E-05 0.262459 0.737441
9.9991E-05 0.240524 0.759376
0.0317247 0.141661 0.826614
0.0601461 9.9991E-05 0.939754
0.00279903 0.15303 0.844171
9.9991E-05 0.255972 0.743928
0.0749 0.0285032 0.896597
0.37085 9.9991E-05 0.629051
0.300132 9.9991E-05 0.699768
0.279825 9.9991E-05 0.720075
0.332013 9.9991E-05 0.667887
0.263338 9.9991E-05 0.736562
0.288848 0.00180732 0.709345
0.824059 0.175841 9.9991E-05
0.817818 0.163505 0.0186769
0.75471 0.23804 0.00725025
0.73906 0.238029 0.0229115
0.76413 0.166551 0.069319
0.586614 9.9991E-05 0.413286
0.613576 9.9991E-05 0.386324
0.625406 9.9991E-05 0.374494
0.777231 0.219517 0.00325127
0.545507 9.9991E-05 0.454393
0.217718 0.584699 0.197583
0.104084 0.653502 0.242414
0.244359 0.471852 0.283789
0.494846 0.418185 0.0869692
0.0675399 0.153432 0.779028
0.0647267 0.134266 0.801007
0.171394 0.072328 0.756278
9.9991E-05 0.220075 0.779825
0.0826791 9.9991E-05 0.917221
0.0203587 0.241732 0.73791
0.111035 0.123954 0.76501
0.0834701 9.9991E-05 0.91643
0.0488462 0.270784 0.68037
0.00184808 0.311171 0.686981
0.138549 0.430695 0.430756
0.0188813 0.203645 0.777474
0.0435075 0.191911 0.764581
0.021291 0.320213 0.658496
0.0883678 0.163952 0.747681
0.0211486 0.377793 0.601058
0.770481 0.229419 9.9991E-05
0.818135 0.181765 9.9991E-05
0.824359 0.0906353 0.0850053
0.816974 0.142318 0.0407081
0.814201 0.13791 0.0478897
0.129453 0.0944292 0.776118
0.000834466 0.398932 0.600233
0.0247916 0.254151 0.721057
0.109112 0.17168 0.719208
0.290419 9.9991E-05 0.709481
0.067648 0.240294 0.692058
0.217955 0.0726472 0.709397
9.9991E-05 0.250512 0.749388
0.245767 0.0282789 0.725954
0.208189 0.0525201 0.739291
0.109264 0.155124 0.735612
0.0825823 0.12823 0.789188
0.0710995 0.278062 0.650839
0.0314306 0.110094 0.858476
9.9991E-05 0.271748 0.728152
0.056189 9.9991E-05 0.943711
0.0674835 0.0668619 0.865655
0.0482624 0.224032 0.727705
0.114137 9.9991E-05 0.885763
0.0439729 0.143349 0.812678
0.166573 9.9991E-05 0.833327
9.9991E-05 0.16684 0.83306
0.119323 0.213437 0.66724
9.9991E-05 0.390284 0.609616
0.0954337 0.0576014 0.846965
0.0267041 0.361914 0.611382
0.0253921 0.321575 0.653032
0.0415581 0.145221 0.813221
0.0757277 0.224123 0.70015
9.9991E-05 0.353045 0.646855
0.0690321 0.239803 0.691165
9.9991E-05 0.30104 0.69886
0.120099 0.188562 0.691339
0.071684 0.272336 0.65598
0.299841 0.387602 0.312557
0.123512 0.452942 0.423546
0.0372889 0.391095 0.571616
0.170375 0.419949 0.409676
9.9991E-05 0.231754 0.768146
0.319346 0.19561 0.485044
0.128093 0.405314 0.466593
0.110178 0.455004 0.434818
0.223033 0.324709 0.452258
0.137289 0.480077 0.382634
0.602777 0.235584 0.16164
0.164011 0.536041 0.299948
0.135568 0.43279 0.431642
0.0218566 0.228301 0.749842
9.999E-05 9.999E-05 0.9998
0.10815 9.9991E-05 0.89175
0.109768 0.52619 0.364042
0.102163 0.577251 0.320586
0.311338 0.418362 0.2703
0.183918 0.496715 0.319367
0.188039 0.171701 0.64026
0.163196 0.226552 0.610251
9.9991E-05 0.417093 0.582807
0.0513808 0.336647 0.611973
0.0839754 0.260692 0.655332
0.0645799 0.393824 0.541596
0.0178674 0.367581 0.614552
0.0103681 0.109066 0.880566
0.0622143 0.179515 0.758271
0.0892135 0.237369 0.673418
9.9991E-05 0.240445 0.759455
0.0152005 0.093437 0.891362
9.9991E-05 0.295781 0.704119
0.0227202 0.126147 0.851132
9.9991E-05 0.264143 0.735757
0.1542 0.441873 0.403928
0.177199 0.448046 0.374755
0.276072 0.171499 0.552429
0.0524825 0.470867 0.476651
0.526432 0.179556 0.294012
0.0630098 0.453485 0.483505
0.0254772 9.9991E-05 0.974423
0.0864147 9.9991E-05 0.913485
9.9991E-05 0.235715 0.764185
9.9991E-05 0.344625 0.655275
9.9991E-05 0.170482 0.829418
0.00741649 0.249951 0.742633
9.9991E-05 0.250872 0.749028
0.78341 0.154051 0.0625387
0.7297 0.175625 0.0946745
0.886974 0.112926 9.9991E-05
0.926737 0.0731631 9.9991E-05
0.019906 0.26125 0.718844
9.9991E-05 0.227542 0.772358
0.041378 0.113122 0.8455
9.9991E-05 0.295751 0.704149
9.9991E-05 0.147273 0.852627
0.209343 0.432262 0.358395
9.9991E-05 0.277576 0.722324
0.00822376 0.167765 0.824011
9.9991E-05 0.222775 0.777125
9.9991E-05 0.171326 0.828574
9.9991E-05 0.320656 0.679244
9.999E-05 9.999E-05 0.9998
0.0138464 0.096306 0.889848
9.9991E-05 0.155421 0.844479
9.999E-05 9.999E-05 0.9998
0.0582691 0.179306 0.762425
0.0180087 0.0216374 0.960354
0.0613686 9.9991E-05 0.938531
9.9991E-05 0.349866 0.650034
0.0364373 0.117192 0.84637
9.9991E-05 0.250595 0.749305
0.0180492 0.228536 0.753414
9.9991E-05 0.183862 0.816038
9.9991E-05 0.273887 0.726013
0.0195026 0.208512 0.771986
9.9991E-05 0.119181 0.880719
0.737148 0.010644 0.252208
0.794462 0.0645372 0.141001
0.913589 9.9991E-05 0.0863109
0.88491 9.9991E-05 0.11499
0.808402 9.9991E-05 0.191498
0.130541 0.0382979 0.831161
0.107327 9.9991E-05 0.892573
9.9991E-05 0.0901493 0.909751
0.0115819 0.198295 0.790123
9.9991E-05 0.350763 0.649137
0.0303783 0.204115 0.765507
9.9991E-05 0.213947 0.785953
9.9991E-05 0.10669 0.89321
9.9991E-05 0.161877 0.838023
9.9991E-05 0.0642438 0.935656
0.122631 0.330274 0.547095
9.9991E-05 0.163595 0.836305
0.0111337 0.276957 0.711909
0.083103 0.685 0.231897
0.112806 0.725897 0.161297
9.9991E-05 0.313934 0.685966
0.297833 0.702067 9.9991E-05
0.213768 0.665306 0.120926
0.121329 0.432554 0.446117
0.0989238 0.332931 0.568145
0.115619 0.262609 0.621771
0.189477 0.68963 0.120893
0.065256 0.721287 0.213457
0.0687294 0.730291 0.200979
0.19405 0.64541 0.160539
0.073647 0.285097 0.641256
0.155722 0.755855 0.0884228
0.238534 0.0726176 0.688849
9.9991E-05 0.394171 0.605729
0.12835 0.304008 0.567642
0.148545 0.308752 0.542702
0.21243 0.40531 0.38226
0.1955 0.500199 0.304302
0.268557 0.668805 0.0626377
0.133979 0.160009 0.706012
0.215001 0.148621 0.636378
0.152567 0.209106 0.638327
0.151763 0.401823 0.446415
0.471973 0.228856 0.299171
0.475756 0.164349 0.359895
0.231524 0.283249 0.485228
0.432698 0.274616 0.292686
0.506905 0.361508 0.131587
0.167696 0.382344 0.44996
0.238634 0.352065 0.409301
0.366669 0.293878 0.339453
0.391634 0.290413 0.317954
0.137182 0.390599 0.472219
0.285904 0.211603 0.502493
0.576103 0.16839 0.255507
0.256468 0.410537 0.332994
0.231169 0.394787 0.374044
0.0851839 0.578456 0.33636
0.168938 0.485658 0.345404
0.34166 0.462022 0.196318
0.209035 0.438764 0.352201
0.250694 0.468976 0.28033
0.297917 0.378426 0.323656
0.213066 0.227307 0.559627
0.260118 0.551935 0.187947
0.373285 0.387252 0.239463
0.31036 0.492498 0.197142
0.848517 0.0500277 0.101455
0.290561 9.9991E-05 0.709339
0.293963 9.9991E-05 0.705937
0.298695 9.9991E-05 0.701205
0.235641 9.9991E-05 0.764259
0.294381 9.9991E-05 0.705519
0.180282 9.9991E-05 0.819618
0.318986 9.9991E-05 0.680914
0.431222 9.9991E-05 0.568678
0.870372 0.129528 9.9991E-05
0.801357 0.0926307 0.106013
0.898473 0.101427 9.9991E-05
0.879191 0.0319142 0.0888952
0.89893 0.10097 9.9991E-05
0.92079 0.0546427 0.0245672
0.739862 0.23118 0.0289575
0.877034 0.122866 9.9991E-05
0.755353 0.0955248 0.149122
0.859121 0.140779 9.9991E-05
0.962586 0.0373136 9.9991E-05
0.884681 0.115219 9.9991E-05
0.937696 0.0622036 9.9991E-05
0.872397 0.127503 9.9991E-05
0.853359 0.146541 9.9991E-05
0.774199 0.225701 9.9991E-05
0.741625 0.258275 9.9991E-05
0.754027 0.245873 9.9991E-05
0.784356 0.215544 9.9991E-05
0.204215 0.17511 0.620675
0.00919646 0.305106 0.685698
0.14576 0.0786032 0.775636
0.1187 0.253714 0.627585
0.270791 0.0897987 0.639411
0.0319543 0.392733 0.575312
0.14564 0.120002 0.734358
0.0805987 0.198145 0.721256
0.0132051 0.276549 0.710246
0.0578172 0.246602 0.695581
0.114301 0.254799 0.6309
0.150352 9.9991E-05 0.849548
0.195515 9.9991E-05 0.804385
0.211931 0.0134412 0.774628
0.0649431 0.274775 0.660282
0.101922 0.291492 0.606586
0.183396 0.45164 0.364965
0.197118 0.461401 0.341481
0.521772 0.207215 0.271013
0.169736 0.380493 0.449771
0.497056 0.218662 0.284283
0.214556 0.422304 0.36314
0.309547 0.369252 0.321201
0.281334 0.312415 0.406251
0.216635 0.473784 0.309581
0.198385 0.371683 0.429932
0.377632 0.385055 0.237313
