9.9982E-05 0.843755 0.0560519 0.0461811 0.0380633 0.0157484 9.9982E-05
9.9973E-05 0.9253 0.0168258 9.9973E-05 9.9973E-05 0.0389923 0.0185816
0.0805899 0.74126 0.100743 0.0266845 0.0485506 0.00207214 9.9991E-05
0.0206052 0.714201 0.0679917 0.0745256 0.122476 9.9982E-05 9.9982E-05
0.0467879 0.842785 9.99818E-05 0.075296 0.0348312 9.99818E-05 9.99818E-05
0.0675575 0.605133 0.00794937 0.0387005 0.0481059 0.109405 0.123149
9.9982E-05 0.778373 0.0650282 0.0109717 0.0466193 9.9982E-05 0.0988074
9.9982E-05 0.711039 0.028454 0.0141765 0.14821 9.9982E-05 0.0979207
9.9982E-05 0.814338 0.0389575 9.9982E-05 0.0803593 0.00685202 0.0592935
0.0905844 0.692963 0.0292939 0.0560422 0.0372426 0.0205933 0.0732812
0.0347088 0.749811 0.0140497 9.9991E-05 0.0675347 0.0234236 0.110372
0.176855 9.9973E-05 9.9973E-05 0.104477 0.461024 0.257343 9.9973E-05
0.565996 9.9982E-05 0.0173832 0.100799 0.313714 9.9982E-05 0.00190746
0.20614 9.9991E-05 0.0326726 0.104717 0.420181 0.148433 0.0877571
0.198783 9.9982E-05 0.0273008 0.23217 0.352923 0.188623 9.9982E-05
0.308056 0.133489 9.9991E-05 0.20354 0.231905 0.085017 0.0378936
0.492028 0.0061585 0.0716037 0.178189 0.166466 0.0854548 9.9991E-05
0.384348 9.9991E-05 0.0667572 0.117568 0.179715 0.165275 0.086237
0.27484 0.118373 0.00402887 0.144228 0.320986 0.121721 0.0158226
0.0186054 0.00454618 0.0150289 0.0962159 0.634253 0.132067 0.099284
0.302543 9.9991E-05 0.00245202 0.113365 0.283306 0.2372 0.0610332
0.556663 0.00464652 0.0429443 0.0174068 0.148067 0.0940971 0.136175
0.612521 0.0417473 0.021607 9.9991E-05 0.191357 0.101892 0.0307753
0.226444 9.9991E-05 0.0208851 0.118317 0.345785 0.201206 0.0872632
0.653605 0.121674 9.9991E-05 0.0130783 0.150582 0.0189 0.0420611
0.489403 9.9991E-05 0.00998798 0.0970911 0.245463 0.149797 0.00815717
0.142189 0.0175458 0.0171216 0.119112 0.512619 0.136716 0.054696
0.161169 9.9982E-05 9.9982E-05 0.242778 0.411737 0.176517 0.00759976
0.230875 0.00986805 9.9991E-05 0.0191649 0.406527 0.12549 0.207975
9.995E-05 9.995E-05 0.9994 9.995E-05 9.995E-05 9.995E-05 9.995E-05
9.995E-05 9.995E-05 0.9994 9.995E-05 9.995E-05 9.995E-05 9.995E-05
0.0162731 0.506393 0.351813 0.0610409 0.0346346 0.0297447 9.9991E-05
0.0732247 0.551147 0.233636 0.0784043 9.9982E-05 0.0633885 9.9982E-05
0.558076 0.0284206 0.0241986 9.9991E-05 0.0542088 0.318008 0.0169879
0.442192 0.111543 0.0406728 0.0339124 9.9982E-05 0.37148 9.9982E-05
0.526397 0.0858957 0.0122455 0.015405 9.9982E-05 0.359857 9.9982E-05
0.0815432 0.0778735 0.0309269 0.0590971 0.536064 0.162067 0.0524276
0.273629 0.0526396 0.00233376 0.00793106 9.9991E-05 0.612983 0.050384
0.352245 0.0899029 9.9991E-05 0.0570575 0.167424 0.304356 0.028915
0.616572 9.9982E-05 9.9982E-05 0.0569833 0.0122108 0.270331 0.0437035
0.605424 0.065107 0.0406876 9.9991E-05 0.0332533 0.125479 0.12995
0.673708 0.0489224 0.0214919 9.9991E-05 0.151411 0.0527198 0.0516473
0.0345886 0.0530655 0.0148859 9.9991E-05 0.130105 0.76053 0.00672438
0.456081 0.0555926 0.020321 0.0961278 0.10466 0.0985621 0.168655
0.577085 0.030976 0.0363144 0.049579 9.9991E-05 0.302282 0.00366329
0.465336 0.12629 9.9991E-05 0.104843 0.0564011 0.134643 0.112387
0.267709 9.9964E-05 9.9964E-05 9.9964E-05 9.9964E-05 0.707583 0.0243076
0.570251 9.9982E-05 0.0406885 0.0604203 9.9982E-05 0.314919 0.0135209
0.50438 0.158646 0.018376 0.0387938 0.0360922 0.243613 9.9991E-05
9.9964E-05 0.0787937 9.9964E-05 9.9964E-05 9.9964E-05 0.592139 0.328667
0.171585 9.9973E-05 9.9973E-05 9.9973E-05 0.46421 0.262824 0.10108
0.09703 0.0504284 9.9991E-05 0.00534397 0.149377 0.240435 0.457286
0.502286 9.9991E-05 0.125523 0.0383942 0.14265 0.147407 0.0436395
0.652522 0.0447811 9.9982E-05 0.0786364 9.9982E-05 0.0796589 0.144202
0.537538 0.0355837 9.9982E-05 0.113554 0.151941 9.9982E-05 0.161183
0.0644167 0.0810197 0.0348211 9.9991E-05 0.310801 0.364155 0.144687
0.583138 9.9982E-05 0.033409 9.9982E-05 0.181613 0.111525 0.0901156
0.541958 0.0885779 0.0384299 0.0884322 0.140779 0.101723 9.9991E-05
0.388337 0.0444721 0.100656 9.9991E-05 0.233724 0.160784 0.0719264
0.0913933 0.181101 0.0569074 0.0147936 0.282111 0.153796 0.219898
0.560635 9.9991E-05 0.0927495 0.0344146 0.141254 0.0654761 0.105371
0.376099 0.0243247 0.0587347 0.0417652 0.257562 0.149414 0.0921002
9.9973E-05 9.9973E-05 0.0723338 9.9973E-05 0.467761 0.313682 0.145923
0.494426 9.9982E-05 0.0199754 9.9982E-05 0.269026 0.153348 0.063025
0.658687 0.0242774 0.0215621 0.0251779 0.110053 0.120992 0.0392504
0.517524 0.00724133 0.056932 0.10197 0.139591 0.022975 0.153767
0.28881 9.9991E-05 0.079544 0.0552809 0.16598 0.252072 0.158214
0.541473 0.0542965 0.0317643 9.9991E-05 0.196923 0.129907 0.0455364
0.57942 9.9991E-05 0.038736 0.0124223 0.157603 0.152172 0.0595478
0.152286 9.9982E-05 0.100166 9.9982E-05 0.366262 0.269114 0.111972
0.495161 0.000565238 0.033346 9.9982E-05 0.0597278 0.411 9.9982E-05
0.145535 9.9973E-05 0.0319556 9.9973E-05 0.0768997 0.74531 9.9973E-05
0.632202 0.136887 0.0107427 9.9991E-05 0.061588 0.13478 0.0237001
9.9964E-05 9.9964E-05 0.00587966 9.9964E-05 9.9964E-05 0.787292 0.206429
9.9964E-05 9.9964E-05 9.9964E-05 9.9964E-05 0.020426 0.823055 0.156119
0.274904 9.9973E-05 9.9973E-05 0.00300643 0.00355285 0.718237 9.9973E-05
0.424564 9.9973E-05 0.0175367 9.9973E-05 0.0477247 0.509875 9.9973E-05
0.499053 0.123871 9.9982E-05 0.0960526 0.043456 0.237367 9.9982E-05
0.3987 0.00281782 0.0565913 0.00895357 0.048611 0.477173 0.00715284
0.100778 0.0742032 9.9973E-05 9.9973E-05 0.120453 0.704267 9.9973E-05
0.185787 0.0308676 0.0275942 9.9982E-05 0.305712 0.449839 9.9982E-05
0.435352 0.102669 0.0520293 0.112768 0.018078 0.279005 9.9991E-05
0.216207 0.0726676 9.9982E-05 0.0709846 0.0529498 0.586991 9.9982E-05
0.357409 0.0653684 0.0810318 0.00127361 0.0626013 0.432216 9.9991E-05
0.365638 9.9973E-05 0.00887673 9.9973E-05 9.9973E-05 0.558415 0.0667706
9.9982E-05 0.000669372 9.9982E-05 0.00516185 0.0374624 0.666535 0.289971
0.651392 9.9991E-05 0.0367122 0.00507987 0.0799858 0.206161 0.0205688
0.0292097 0.795737 0.0611572 0.0741645 0.0395316 9.9982E-05 9.9982E-05
0.0751158 0.831202 0.0932825 9.9964E-05 9.9964E-05 9.9964E-05 9.9964E-05
0.059036 0.774295 0.123983 0.0423866 9.9973E-05 9.9973E-05 9.9973E-05
0.0287688 0.812008 0.124585 0.00696426 9.9982E-05 9.9982E-05 0.0274733
0.070989 0.806752 0.100916 9.9982E-05 9.9982E-05 0.0209427 0.000199529
0.00102758 0.858147 0.0516554 0.0475786 9.9982E-05 0.0413917 9.9982E-05
0.058133 0.852778 0.0886896 9.9964E-05 9.9964E-05 9.9964E-05 9.9964E-05
0.496298 0.0554197 0.0423865 0.0572812 0.0453245 0.284272 0.0190178
0.46955 0.0518934 9.9982E-05 0.101852 0.131897 0.244607 9.9982E-05
0.00980954 0.0263639 9.9982E-05 9.9982E-05 0.108221 0.812344 0.0430616
0.550861 0.0844213 0.0576983 0.0374665 0.0545151 0.11306 0.101977
0.423815 0.0924034 0.000645272 9.9982E-05 0.0713534 0.411583 9.9982E-05
0.56862 0.0422669 0.0181506 0.0432823 0.062192 0.265388 9.9991E-05
0.585546 0.0596301 0.0368303 0.0182247 9.9991E-05 0.201071 0.0985984
0.438436 0.00278418 9.9973E-05 0.0756082 9.9973E-05 0.482872 9.9973E-05
9.9964E-05 0.081414 9.9964E-05 9.9964E-05 0.203978 0.714208 9.9964E-05
0.446024 0.104051 0.0203169 0.0785455 0.0412518 0.24172 0.0680897
0.632215 0.0620556 9.9982E-05 0.0111611 0.00435093 0.290017 9.9982E-05
0.484977 0.0672011 0.0951447 0.0561952 0.0760139 0.220368 9.9991E-05
0.226177 0.0140158 0.0186972 0.0342375 9.9991E-05 0.597744 0.109029
0.463293 0.0569253 0.0290805 0.024257 9.9982E-05 0.426244 9.9982E-05
0.424079 0.0173527 0.00543562 9.9991E-05 0.0900943 0.456478 0.00646052
0.155107 9.9964E-05 9.9964E-05 0.158429 9.9964E-05 0.686064 9.9964E-05
0.431075 0.0493226 9.9973E-05 9.9973E-05 0.187181 0.332122 9.9973E-05
0.504777 0.120283 0.0295318 0.0427508 0.125281 0.177277 9.9991E-05
0.318886 0.0652261 9.9982E-05 9.9982E-05 0.308775 0.0277758 0.279137
0.433585 0.0869096 0.0610118 0.00673056 0.360528 0.0216212 0.0296132
0.609504 0.0988875 0.00377004 0.0709724 0.123815 0.039781 0.0532699
0.608459 0.111582 0.0200737 0.0470345 0.0801199 0.125449 0.00728193
0.52308 9.9982E-05 0.101656 9.9982E-05 0.363294 0.00936177 0.00240779
0.654377 9.9964E-05 9.9964E-05 9.9964E-05 0.32343 9.9964E-05 0.0217929
0.495975 0.0257354 0.0234336 0.00617483 0.436751 0.0118298 9.9991E-05
0.45239 0.130871 0.00792583 0.0184685 0.122199 0.177891 0.0902548
0.541071 0.0544437 0.0063917 0.0645145 0.211611 0.0634025 0.0585659
0.635482 9.9982E-05 0.0571481 9.9982E-05 0.19561 0.040853 0.0707069
0.62446 9.9982E-05 0.0301648 9.9982E-05 0.281115 0.027971 0.0360896
0.719088 0.0531905 9.9982E-05 0.0130631 0.120182 9.9982E-05 0.0942767
0.506945 0.0864866 0.0322572 0.060841 0.0962621 9.9991E-05 0.217108
0.569294 9.9973E-05 9.9973E-05 0.0788675 0.251538 0.100001 9.9973E-05
0.586678 0.0285944 0.00147106 0.0853104 0.102245 9.9991E-05 0.195601
0.541975 9.9991E-05 0.0652218 0.111118 0.129721 0.0652753 0.0865883
0.398806 0.0618606 0.0530214 9.9982E-05 0.204061 9.9982E-05 0.28205
0.582188 0.0858434 0.0302961 0.0885954 0.160584 9.9991E-05 0.0523928
0.737433 9.9973E-05 0.044527 9.9973E-05 0.152438 9.9973E-05 0.0653023
0.178926 0.0253305 0.00761293 0.105492 0.356712 0.286945 0.038982
0.17199 0.0343824 0.00929056 0.0577754 0.253623 0.152295 0.320643
0.503113 0.0312381 0.0374367 0.0138002 0.259929 0.119363 0.0351202
0.0449347 9.9982E-05 9.9982E-05 0.077609 0.307398 0.210412 0.359446
0.232898 9.9991E-05 0.0422775 0.0169644 0.425489 0.236926 0.0453445
0.41783 9.9973E-05 9.9973E-05 9.9973E-05 0.310546 0.209987 0.0613374
0.269095 9.9982E-05 0.0527325 9.9982E-05 0.419274 0.24932 0.009378
0.246619 0.00611899 9.9991E-05 0.030219 0.497538 0.21061 0.00879428
0.641439 0.0469822 0.00570746 0.0313498 0.0401504 0.0424879 0.191883
0.53274 0.168294 9.9982E-05 9.9982E-05 0.133134 0.140401 0.0252319
0.450259 0.0124951 9.9991E-05 0.0671313 0.245224 0.189674 0.0351165
0.197807 9.9991E-05 0.00950306 0.0177563 0.322252 0.114952 0.33763
0.447638 0.0703327 0.0408573 0.0462904 0.16359 0.130842 0.10045
0.374963 9.9991E-05 0.0185115 0.0984813 0.117637 0.134129 0.256178
0.00470265 0.118838 9.9982E-05 9.9982E-05 0.0825039 0.149839 0.643917
0.506081 0.124158 0.00824434 0.0891916 0.00105414 0.130032 0.141238
0.393587 0.114812 9.9991E-05 0.0137158 0.0354226 0.13803 0.304334
0.458293 0.0523468 0.0113112 0.141021 0.0707712 0.0499982 0.216258
0.296154 0.0739003 0.0183672 9.9991E-05 0.0924346 0.100233 0.418811
0.214243 0.0200368 0.0529788 9.9991E-05 0.152415 0.0265551 0.533671
0.488739 0.0209297 9.9982E-05 9.9982E-05 0.143864 0.055217 0.291051
0.499793 0.0603599 0.0211544 0.0502418 0.0941742 9.9991E-05 0.274177
0.325186 0.178345 9.9991E-05 0.0779029 0.21773 0.0929394 0.107797
9.9991E-05 0.0386491 0.0406528 0.145386 0.0864086 0.227423 0.461381
0.335751 9.9991E-05 0.0871009 0.0758662 0.166764 0.217852 0.116566
0.37427 9.9973E-05 9.9973E-05 9.9973E-05 0.141392 0.154178 0.32986
0.539402 9.9973E-05 9.9973E-05 9.9973E-05 0.133954 0.113807 0.212537
0.579697 0.0582695 0.0255446 0.0759691 9.9991E-05 0.0956736 0.164746
0.154049 0.203192 0.0824661 0.258556 0.0260812 0.00250724 0.273148
9.9973E-05 0.526229 0.0158494 0.0994166 9.9973E-05 9.9973E-05 0.358205
9.9973E-05 0.403908 0.0305256 0.130612 9.9973E-05 9.9973E-05 0.434655
0.0417854 0.371425 0.0106701 0.326524 0.0400818 9.9991E-05 0.209413
0.722061 9.9964E-05 0.00498377 9.9964E-05 9.9964E-05 9.9964E-05 0.272556
0.524803 0.114672 0.0792874 0.00375176 9.9991E-05 0.0510984 0.226287
0.243169 9.9973E-05 9.9973E-05 0.683624 0.0365783 0.036329 9.9973E-05
0.333115 9.9982E-05 0.00311814 0.425649 0.152659 0.0852589 9.9982E-05
0.339093 0.0746677 0.0159337 0.407035 9.9991E-05 0.0668063 0.0963641
0.397944 9.9982E-05 0.0369654 9.9982E-05 0.0566655 0.0221618 0.486063
0.468939 0.0524133 0.0275304 0.000166007 0.0854686 0.113134 0.252349
0.315869 9.9964E-05 9.9964E-05 9.9964E-05 0.0241812 9.9964E-05 0.65955
0.623537 0.035099 9.9982E-05 9.9982E-05 0.0526926 0.0634411 0.22503
0.469948 9.9982E-05 0.0566986 0.035989 9.9982E-05 0.154194 0.28297
0.632846 9.9982E-05 0.0199827 0.0112076 0.0253917 9.9982E-05 0.310372
0.274199 9.9973E-05 9.9973E-05 9.9973E-05 0.0312761 0.111096 0.583129
0.525488 9.9982E-05 0.0372259 0.0943615 9.9982E-05 0.20475 0.137975
0.514777 0.0752494 9.9991E-05 0.0901353 0.0454919 0.0926542 0.181593
9.9955E-05 9.9955E-05 9.9955E-05 0.973803 9.9955E-05 0.0256976 9.9955E-05
0.0123945 9.9964E-05 9.9964E-05 0.949512 0.0376935 9.9964E-05 9.9964E-05
0.211065 9.9973E-05 9.9973E-05 0.593817 0.0759395 0.118879 9.9973E-05
0.373264 9.9973E-05 0.0153453 0.600439 0.0106512 9.9973E-05 9.9973E-05
0.120578 0.0345157 9.9973E-05 0.834696 0.00991081 9.9973E-05 9.9973E-05
9.995E-05 9.995E-05 9.995E-05 0.9994 9.995E-05 9.995E-05 9.995E-05
9.9964E-05 9.9964E-05 0.0264981 0.931493 0.0416086 9.9964E-05 9.9964E-05
0.168912 9.9955E-05 9.9955E-05 0.830589 9.9955E-05 9.9955E-05 9.9955E-05
9.9964E-05 9.9964E-05 0.00162727 0.947069 0.0509039 9.9964E-05 9.9964E-05
9.995E-05 9.995E-05 9.995E-05 0.9994 9.995E-05 9.995E-05 9.995E-05
9.9955E-05 9.9955E-05 0.0158961 0.983604 9.9955E-05 9.9955E-05 9.9955E-05
0.0870244 9.9982E-05 0.079003 0.76379 0.0142733 0.0557098 9.9982E-05
0.0713995 0.0488269 9.9982E-05 0.842635 0.00415843 0.0327804 9.9982E-05
9.9973E-05 9.9973E-05 0.0241144 0.955782 0.0114992 0.008304 9.9973E-05
0.273156 0.0627124 9.9991E-05 0.428679 0.144977 0.0833533 0.00702279
0.246296 0.0454462 0.0415514 0.61363 0.0149417 0.0103986 0.0277362
0.134677 0.0148481 0.0228418 0.722106 0.0742726 9.9991E-05 0.0311546
0.0477605 0.0518768 0.00892433 0.873489 0.0177492 9.9982E-05 9.9982E-05
0.0182804 9.9955E-05 9.9955E-05 0.98122 9.9955E-05 9.9955E-05 9.9955E-05
0.112902 0.0512593 9.9964E-05 0.835439 9.9964E-05 9.9964E-05 9.9964E-05
9.9955E-05 9.9955E-05 0.033371 0.966129 9.9955E-05 9.9955E-05 9.9955E-05
0.17471 9.9982E-05 0.0506586 0.672512 0.0918047 9.9982E-05 0.0101152
9.9973E-05 0.0160979 0.000557019 0.928402 9.9973E-05 0.0546436 9.9973E-05
9.9973E-05 0.345775 9.9973E-05 0.0385921 9.9973E-05 0.039113 0.57622
0.489066 0.146726 0.0254172 0.0388794 0.0543481 0.0426416 0.202922
0.423005 0.253411 0.033364 0.0290739 9.9991E-05 0.0368988 0.224148
0.190843 0.177154 0.0808368 0.0778008 9.9982E-05 9.9982E-05 0.473165
0.370627 0.0748119 0.0190964 0.214553 0.104982 0.050603 0.165327
0.200786 0.221969 0.0394211 0.116808 9.9991E-05 0.0391224 0.381793
0.424132 0.215251 0.0260349 0.103216 0.0539866 0.0328388 0.14454
0.283588 0.135739 9.9973E-05 0.224692 9.9973E-05 9.9973E-05 0.35568
0.440039 0.107957 0.10167 0.132265 9.9982E-05 9.9982E-05 0.217868
0.422213 0.146036 0.0320184 0.131157 9.9982E-05 9.9982E-05 0.268376
0.406829 0.125788 0.0186868 0.141481 0.0812152 0.0511618 0.174838
0.0372151 0.841336 9.9982E-05 9.9982E-05 0.0590965 0.0182488 0.0439041
9.9973E-05 0.838578 0.0787601 0.065566 9.9973E-05 0.0167962 9.9973E-05
0.0146326 0.914793 0.0525951 9.9973E-05 0.0176798 9.9973E-05 9.9973E-05
0.0097757 0.919785 0.0321691 9.9982E-05 0.0242067 9.9982E-05 0.0138638
9.9973E-05 0.767521 0.147994 0.0156095 0.0685754 9.9973E-05 9.9973E-05
9.9973E-05 0.824323 0.0993095 0.0635238 9.9973E-05 9.9973E-05 0.0125434
0.0782829 0.828606 0.0765204 0.0162911 9.9973E-05 9.9973E-05 9.9973E-05
9.9973E-05 0.902529 0.0170431 9.9973E-05 9.9973E-05 0.0409037 0.0392242
0.0236142 0.887028 0.027167 0.0162178 9.9982E-05 0.0457727 9.9982E-05
0.0471591 0.835467 0.0161042 0.061649 9.9982E-05 9.9982E-05 0.0394209
9.9982E-05 0.602395 0.0124664 9.9982E-05 0.270906 0.0898867 0.0241467
9.9982E-05 0.584133 0.0226651 9.9982E-05 0.366624 0.015148 0.0112305
9.9982E-05 0.542614 0.0278306 9.9982E-05 0.25261 0.0124997 0.164246
9.9973E-05 0.513669 9.9973E-05 9.9973E-05 0.315535 0.108992 0.0615039
0.479649 0.0508973 0.0291616 0.0167886 0.140831 0.233086 0.0495869
0.4141 0.0544728 9.9991E-05 0.0750177 0.0886608 0.309592 0.0580568
0.469247 0.021291 9.9982E-05 0.0757194 0.191215 0.242327 9.9982E-05
0.332362 0.0116892 0.0622139 9.9991E-05 0.209635 0.328587 0.0554133
0.133828 9.9982E-05 0.028571 9.9982E-05 0.644234 0.167891 0.0252765
0.662504 0.0496937 0.049542 9.9991E-05 0.0319016 0.138048 0.0682104
0.499967 9.9982E-05 9.9982E-05 0.0400351 0.0742957 0.369447 0.0160553
0.454747 9.9982E-05 9.9982E-05 0.00701931 0.108369 0.339523 0.0901411
0.284528 9.9973E-05 9.9973E-05 0.0835936 9.9973E-05 0.577401 0.0541775
0.659096 0.0298898 0.0167915 9.9991E-05 0.071896 0.118335 0.103892
0.37969 9.9973E-05 0.00208627 9.9973E-05 0.11939 0.498534 9.9973E-05
9.9964E-05 9.9964E-05 9.9964E-05 9.9964E-05 0.0565634 0.697069 0.245968
0.535474 0.119249 9.9982E-05 9.9982E-05 0.098251 0.149696 0.0971298
0.256009 0.00944731 0.0198969 9.9991E-05 0.0210782 0.416362 0.277107
0.527427 0.0190799 0.00983438 0.0237548 9.9991E-05 0.324477 0.0953269
0.113097 0.0575667 9.9973E-05 9.9973E-05 0.179173 0.649864 9.9973E-05
9.9973E-05 0.088592 0.0261644 9.9973E-05 0.71309 9.9973E-05 0.171854
0.0424812 0.121908 9.9973E-05 9.9973E-05 0.698417 9.9973E-05 0.136894
9.9964E-05 0.0500251 9.9964E-05 9.9964E-05 0.750873 9.9964E-05 0.198702
9.9973E-05 0.119866 9.9973E-05 9.9973E-05 0.743619 0.0746252 0.0615899
0.0670216 0.00138785 0.0351304 9.9991E-05 0.767265 0.0203067 0.108789
0.0974504 0.0520287 9.9982E-05 0.0338598 0.667088 9.9982E-05 0.149373
0.0353812 0.81821 0.0861761 0.0437502 9.9982E-05 0.0162821 9.9982E-05
0.0610249 0.791614 0.0355313 0.0247155 0.0869142 9.9982E-05 9.9982E-05
0.0770913 0.725561 0.0862332 0.110815 9.9973E-05 9.9973E-05 9.9973E-05
0.0907159 0.699216 0.0371538 0.0844605 0.0882536 9.9982E-05 9.9982E-05
0.0803246 0.778776 0.0518192 0.0497713 0.0391093 9.9982E-05 9.9982E-05
9.9973E-05 0.363412 0.0282472 9.9973E-05 0.52472 9.9973E-05 0.0833207
9.9982E-05 0.443459 0.0112886 9.9982E-05 0.395561 0.0328022 0.116689
9.9982E-05 0.45611 0.0149887 9.9982E-05 0.380305 0.0836295 0.0647675
9.995E-05 9.995E-05 0.9994 9.995E-05 9.995E-05 9.995E-05 9.995E-05
9.9982E-05 0.370317 0.0408732 9.9982E-05 0.474132 0.0474699 0.0670084
0.313386 0.234975 9.9973E-05 0.286298 9.9973E-05 9.9973E-05 0.165041
0.439852 0.120532 9.9991E-05 0.264287 0.0648498 0.0146357 0.0957432
0.541602 0.146825 0.0411194 0.239252 9.9982E-05 0.0310029 9.9982E-05
0.329047 0.314775 9.9991E-05 0.167156 0.0108054 0.10561 0.0725066
0.486268 0.203965 9.9982E-05 0.150074 0.0735267 0.0859672 9.9982E-05
9.9964E-05 0.471456 9.9964E-05 0.295047 9.9964E-05 9.9964E-05 0.233097
0.396527 9.9973E-05 9.9973E-05 9.9973E-05 0.284485 0.233443 0.0852445
0.386756 0.029075 9.9991E-05 0.014229 0.238932 0.0409203 0.289988
0.251893 0.033322 0.0442672 9.9982E-05 0.521579 0.148738 9.9982E-05
0.507737 0.0012726 9.9982E-05 9.9982E-05 0.125657 0.120513 0.24462
9.9964E-05 9.9964E-05 9.9964E-05 9.9964E-05 0.163987 0.202866 0.632747
0.504437 0.0185615 0.0363978 0.106819 0.209635 0.0109262 0.113224
0.484099 0.0712254 9.9982E-05 0.00967384 0.264999 9.9982E-05 0.169802
0.368482 0.0313196 0.0140196 9.9991E-05 0.394238 0.111784 0.0800574
0.605714 0.145227 0.0139945 9.9982E-05 0.218958 9.9982E-05 0.015906
0.139059 9.9973E-05 9.9973E-05 9.9973E-05 0.244897 0.172667 0.443076
0.470961 9.9982E-05 9.9982E-05 0.0436455 0.133762 0.0979171 0.253515
0.410524 9.9991E-05 0.0694914 0.0213004 0.252896 0.17939 0.0662983
0.396073 0.154925 9.9991E-05 0.168279 0.0665606 0.11661 0.0974526
0.456767 9.9973E-05 9.9973E-05 9.9973E-05 0.301464 0.0680742 0.173394
0.46176 0.00621125 9.9991E-05 0.0436659 0.26931 0.0833527 0.1356
0.480001 9.9982E-05 9.9982E-05 0.0872533 0.138235 0.116198 0.178113
0.533944 0.043344 9.9991E-05 0.00402739 0.131901 0.110704 0.17598
0.624818 9.9982E-05 9.9982E-05 0.0721732 0.182903 0.0844814 0.035424
0.537255 0.129245 9.9982E-05 0.0423566 0.105941 0.185003 9.9982E-05
0.537631 0.0804937 0.0116857 0.0487607 0.170814 0.0422313 0.108384
0.127626 0.798311 9.9964E-05 0.0736638 9.9964E-05 9.9964E-05 9.9964E-05
0.0186279 0.824917 9.9973E-05 0.0927056 9.9973E-05 0.06345 9.9973E-05
0.0423272 0.798741 9.9991E-05 0.0204246 0.0641965 0.0524999 0.0217109
0.0194943 0.813966 0.0462835 0.0106664 9.9982E-05 0.10939 9.9982E-05
0.123207 0.802471 0.0704603 0.00356201 9.9973E-05 9.9973E-05 9.9973E-05
0.201775 9.9991E-05 0.0069936 0.0300669 0.507042 0.134501 0.119522
0.498522 0.0861466 0.024265 0.0632086 0.079647 0.152576 0.0956342
0.458667 0.202728 0.0616242 0.0616771 0.00764076 9.9991E-05 0.207562
0.647054 9.9991E-05 0.0373817 0.0273197 0.213898 0.0201039 0.054142
0.469857 0.0733366 0.0479583 0.00260524 0.186274 0.178806 0.0411626
0.274555 9.9982E-05 0.025465 0.0669669 0.341865 9.9982E-05 0.290948
9.9982E-05 0.0692049 0.0729688 9.9982E-05 0.563298 0.124931 0.169398
0.518264 0.0465566 0.0507809 9.9991E-05 0.269113 0.0989734 0.0162116
0.169451 0.0627213 0.0173696 0.0546796 0.478393 0.108453 0.108932
0.378173 0.061495 0.00695185 0.0729625 0.208409 0.102303 0.169705
0.125071 0.160807 9.9982E-05 9.9982E-05 0.505623 0.123845 0.0844545
0.541247 0.0943293 0.0343327 0.0620674 0.267824 9.9982E-05 9.9982E-05
0.167648 0.0932681 0.0217738 9.9991E-05 0.473178 0.135199 0.108833
0.360979 0.00835665 0.0246101 0.0957495 0.334621 0.00242623 0.173258
0.52397 0.0625494 9.9982E-05 9.9982E-05 0.195937 0.0452699 0.172073
0.30879 9.9964E-05 9.9964E-05 9.9964E-05 0.160387 9.9964E-05 0.530424
0.659833 0.0173954 9.9982E-05 9.9982E-05 0.059807 0.0230346 0.239731
0.530698 0.172304 9.9991E-05 0.00237333 0.0186351 0.0842201 0.19167
0.401715 9.9973E-05 9.9973E-05 9.9973E-05 0.0779795 0.00745433 0.512551
0.498946 0.0490729 0.00582798 0.124168 0.0753669 0.0623639 0.184254
0.501954 0.0512325 0.0392752 9.9982E-05 9.9982E-05 0.133163 0.274176
0.148568 9.9982E-05 0.00467396 9.9982E-05 0.0514767 0.0226014 0.77248
0.305431 9.9973E-05 9.9973E-05 9.9973E-05 0.031955 0.07286 0.589454
0.557542 0.00170744 0.00887876 9.9991E-05 0.0773827 0.00567948 0.34871
0.146889 9.9973E-05 9.9973E-05 9.9973E-05 0.066922 0.215659 0.570231
0.487751 9.9973E-05 9.9973E-05 9.9973E-05 0.139925 0.0834794 0.288544
0.121698 9.9991E-05 0.0105849 0.0435842 0.607242 0.132095 0.0846963
0.245975 9.9982E-05 9.9982E-05 0.000717577 0.32577 0.204005 0.223332
0.274079 9.9982E-05 0.0401063 0.126117 0.450012 0.109485 9.9982E-05
0.53711 9.9982E-05 0.0175935 0.152952 0.200063 0.0920809 9.9982E-05
0.170776 9.9991E-05 0.00466952 0.0442561 0.486641 0.25589 0.037667
0.570803 0.0637606 0.0252862 0.0815871 0.113247 0.0223833 0.122933
0.571675 0.077465 0.0365071 0.0802612 0.188528 9.9991E-05 0.0454643
0.423353 9.9982E-05 9.9982E-05 0.123865 0.345325 0.0565315 0.0507264
0.506895 9.9991E-05 0.0498293 0.0186643 0.250849 0.0982367 0.0754253
0.426346 9.9982E-05 0.0420014 0.0321104 0.403574 0.0957675 9.9982E-05
0.232481 9.9982E-05 0.00577944 0.070308 0.509987 0.181244 9.9982E-05
0.321809 0.00394755 9.9991E-05 0.0522044 0.4296 0.112353 0.0799855
0.542768 9.9982E-05 9.9982E-05 0.0729916 0.248233 0.0356646 0.100142
0.631435 9.9982E-05 0.0167143 9.9982E-05 0.193924 0.0448039 0.112923
0.410062 9.9982E-05 0.0536448 9.9982E-05 0.29236 0.0286733 0.21506
0.519607 9.9982E-05 9.9982E-05 0.113015 0.250541 0.0225518 0.0940847
0.333951 0.0440333 0.0137671 0.0779412 0.465425 9.9991E-05 0.0647826
0.59363 0.0426839 9.9973E-05 9.9973E-05 0.240716 0.12267 9.9973E-05
0.519673 0.0617686 9.9991E-05 0.0604854 0.182617 0.106995 0.068361
0.454921 0.0632146 0.0215003 0.126364 0.153882 0.072338 0.10778
0.375924 0.318075 0.0449315 0.165333 9.9982E-05 0.0955358 9.9982E-05
0.500443 0.17977 0.0153721 0.18503 9.9991E-05 0.0830824 0.0362032
0.477841 0.0695625 0.0280754 0.104324 0.101417 0.042026 0.176755
0.574401 0.0116797 0.0684793 0.127544 0.0703621 0.0404909 0.107042
0.497473 0.179408 0.00501061 0.191988 0.0122673 0.0216813 0.0921719
0.50144 9.9982E-05 0.0138273 9.9982E-05 0.180294 0.0190113 0.285227
0.628428 0.172151 0.0736823 0.0553469 9.9991E-05 0.0200699 0.0502222
0.0387221 0.254483 9.9982E-05 0.112824 9.9982E-05 0.136953 0.456818
0.536658 0.0974045 0.024773 0.156447 0.0900772 9.9991E-05 0.0945403
0.557836 0.104144 0.0120431 0.155475 0.0267733 0.110897 0.0328313
0.457614 0.0192271 0.0326252 0.223077 0.0817199 0.0351055 0.150632
0.307461 0.0857371 0.0596345 0.119043 0.0624519 0.111556 0.254117
0.436514 0.138694 9.9991E-05 0.211837 0.0464907 0.108068 0.0582967
0.583699 0.123 0.0906258 0.134878 9.9982E-05 9.9982E-05 0.0675969
9.9973E-05 0.415939 0.0474489 0.193133 9.9973E-05 9.9973E-05 0.343179
0.45685 0.1527 0.0699425 0.208697 0.0512174 0.0604932 9.9991E-05
0.662259 0.132626 0.0595022 0.103656 9.9982E-05 9.9982E-05 0.0417568
0.546352 0.102876 0.0395903 0.104122 9.9991E-05 0.142334 0.0646266
0.568841 0.197095 0.0284824 0.159371 9.9982E-05 9.9982E-05 0.0460104
0.582219 0.21695 0.0561527 0.0852483 9.9991E-05 0.0327361 0.0265933
0.48872 9.9991E-05 0.0593026 0.0129527 0.0954302 0.116985 0.226509
0.403115 0.0455332 0.0259372 0.109634 0.0667719 0.160662 0.188347
9.9964E-05 9.9964E-05 9.9964E-05 9.9964E-05 0.0817775 0.388384 0.529439
0.0192662 9.9973E-05 9.9973E-05 9.9973E-05 0.0280168 0.274684 0.677733
0.496254 9.9991E-05 0.0246051 0.0913157 0.0631052 0.129849 0.194771
0.467021 0.102699 9.9973E-05 0.254542 9.9973E-05 9.9973E-05 0.175438
0.398122 0.0956665 9.9973E-05 0.276392 9.9973E-05 9.9973E-05 0.22952
0.218732 0.175266 0.0401319 0.264771 0.0101199 0.030464 0.260515
0.279892 0.118465 0.0490809 0.316073 9.9982E-05 9.9982E-05 0.23629
0.132505 0.00970099 0.00510294 0.104751 9.9991E-05 0.0237602 0.72408
0.2164 0.0523703 0.0111678 0.0836049 9.9991E-05 0.124444 0.511914
0.49361 0.0328545 9.9991E-05 0.154478 0.00362994 0.116656 0.198672
0.519746 0.0428533 9.9982E-05 0.107789 9.9982E-05 0.0725742 0.256838
0.271221 0.0218967 0.0520247 0.0983046 9.9991E-05 0.0835068 0.472946
0.47234 0.0185506 0.0260971 0.11514 0.0305454 0.1767 0.160627
0.580253 0.0330492 9.9982E-05 0.118756 0.0303192 9.9982E-05 0.237423
0.326116 0.0709579 0.0361658 0.174482 0.0338755 0.244084 0.114319
0.345406 9.9982E-05 0.0230838 9.9982E-05 0.0511402 0.235711 0.344459
0.361763 9.9991E-05 0.00559504 0.0535522 0.0536291 0.0985624 0.426799
0.539681 0.0135645 0.0389119 0.0690777 0.037414 0.101867 0.199483
0.442549 0.0481362 0.0130268 0.0105831 0.153124 9.9991E-05 0.332481
0.416698 0.117104 0.073072 0.0296534 0.0114734 0.253462 0.0985373
0.565408 9.9973E-05 0.0153779 9.9973E-05 9.9973E-05 0.0106711 0.408243
0.253039 9.9973E-05 9.9973E-05 9.9973E-05 0.064351 0.110462 0.571847
0.588365 0.087201 9.9973E-05 9.9973E-05 9.9973E-05 0.130535 0.193599
0.23873 9.9973E-05 9.9973E-05 9.9973E-05 0.0452387 0.234626 0.481105
0.395786 0.0337898 0.0148042 9.9991E-05 0.0322157 0.221945 0.30136
0.548505 0.0591108 0.0859761 0.0182948 9.9991E-05 0.187719 0.100293
0.415231 0.0504035 0.0280519 0.0266733 0.0257235 0.235649 0.218268
0.51185 0.179036 0.0383519 0.177963 0.0500895 9.9991E-05 0.0426098
0.452366 0.137775 0.0682028 0.104296 9.9991E-05 0.0975814 0.139678
0.368905 0.17124 0.00885486 0.211906 0.0473762 9.9991E-05 0.191619
0.31926 0.0743217 0.0363265 0.203268 0.0895679 0.049867 0.227389
0.419559 0.136214 9.9991E-05 0.217764 0.0747842 0.0162967 0.135282
0.413599 0.0789366 0.05322 0.188219 0.0567863 0.0177573 0.191482
9.9964E-05 0.158614 9.9964E-05 0.155087 9.9964E-05 9.9964E-05 0.685899
0.660838 0.05277 0.0242155 0.150663 0.0474407 9.9991E-05 0.0639726
9.9964E-05 0.332979 9.9964E-05 0.142389 9.9964E-05 9.9964E-05 0.524232
0.544904 0.055715 9.9991E-05 0.172143 0.00769885 0.0889637 0.130475
0.160008 9.9964E-05 9.9964E-05 9.9964E-05 9.9964E-05 0.288111 0.551481
0.00430652 9.9973E-05 0.0091345 9.9973E-05 9.9973E-05 0.376188 0.610071
0.479961 9.9973E-05 0.0343631 9.9973E-05 9.9973E-05 0.230139 0.255237
0.612165 0.0415096 0.0389288 0.0184003 9.9991E-05 0.179304 0.109592
0.420568 9.9973E-05 9.9973E-05 9.9973E-05 0.0268778 0.221101 0.331154
0.51803 9.9964E-05 9.9964E-05 9.9964E-05 9.9964E-05 0.298572 0.182998
0.462858 9.9982E-05 9.9982E-05 0.0435889 0.0374878 0.204054 0.251811
0.0954351 0.768261 0.0728859 0.00406084 0.0278774 0.0266356 0.00484383
9.9991E-05 0.6919 0.0514817 0.104142 0.0684274 0.0311904 0.0527588
9.9964E-05 0.895543 0.0489492 0.0551078 9.9964E-05 9.9964E-05 9.9964E-05
0.0450665 0.807281 0.147252 9.9964E-05 9.9964E-05 9.9964E-05 9.9964E-05
0.377141 9.9982E-05 0.0579887 0.082601 0.0883994 0.39367 9.9982E-05
0.452714 0.103304 9.9973E-05 9.9973E-05 0.0619036 0.381779 9.9973E-05
0.496242 9.9964E-05 0.0472233 9.9964E-05 9.9964E-05 0.456135 9.9964E-05
0.536335 0.0974505 0.0610177 0.031675 9.9982E-05 0.273322 9.9982E-05
0.440827 0.0446681 0.0154201 0.0225796 0.154815 0.250405 0.0712852
0.191826 0.0422936 9.9991E-05 0.00442274 0.114902 0.575665 0.0707911
0.56025 0.0202057 0.0187221 0.0262071 9.9982E-05 0.374415 9.9982E-05
0.33354 9.9973E-05 0.0176075 9.9973E-05 9.9973E-05 0.47158 0.176973
0.455005 0.288594 9.9991E-05 0.121901 0.0439842 0.0325892 0.0578262
0.405829 9.9982E-05 9.9982E-05 0.071226 0.0685258 0.370836 0.0833833
0.321984 0.00179138 0.0515539 9.9982E-05 0.117765 0.506706 9.9982E-05
0.579781 9.9973E-05 0.00748561 9.9973E-05 9.9973E-05 0.379768 0.0326657
0.406876 0.0202847 0.0229005 9.9982E-05 0.0211068 0.528632 9.9982E-05
0.471044 0.0137778 9.9982E-05 0.0805317 9.9982E-05 0.387455 0.046992
0.543157 0.076869 0.0471479 9.9973E-05 9.9973E-05 0.332526 9.9973E-05
0.0435414 9.9964E-05 9.9964E-05 9.9964E-05 9.9964E-05 0.865905 0.0901538
0.123373 9.9973E-05 9.9973E-05 0.0873297 9.9973E-05 0.665334 0.123664
0.255147 0.0257624 0.00516953 9.9991E-05 0.050766 0.607144 0.055911
9.9955E-05 9.9955E-05 9.9955E-05 9.9955E-05 9.9955E-05 0.740692 0.258808
0.44677 9.9991E-05 0.0107882 0.00485029 0.0906371 0.369738 0.077116
0.0698573 9.9982E-05 0.00440483 0.00205668 9.9982E-05 0.598054 0.325428
9.9955E-05 9.9955E-05 9.9955E-05 9.9955E-05 9.9955E-05 0.701432 0.298068
0.442066 9.9991E-05 0.0688323 0.0773735 0.030848 0.327755 0.053025
0.18958 0.0475456 9.9973E-05 9.9973E-05 0.114193 0.648382 9.9973E-05
0.478435 0.040012 9.9991E-05 0.0207284 0.0799545 0.375424 0.00534654
0.486091 0.130856 0.0263412 0.0388162 9.9982E-05 0.317696 9.9982E-05
0.399491 0.02389 9.9982E-05 0.0558677 0.0798505 0.440701 9.9982E-05
0.333291 9.9991E-05 0.0108582 0.0707931 0.249229 0.081094 0.254635
0.570082 9.9982E-05 0.0143878 9.9982E-05 0.0399865 0.361831 0.0135127
0.402238 0.0918476 9.9973E-05 9.9973E-05 0.131062 0.374553 9.9973E-05
0.270819 9.9973E-05 0.0110324 9.9973E-05 9.9973E-05 0.648952 0.0688967
0.436885 0.115615 0.00683337 9.9982E-05 0.0351516 0.405314 9.9982E-05
9.9982E-05 0.568406 0.0671524 9.9982E-05 0.277744 0.0201304 0.0663677
0.0038339 0.745086 0.0401617 0.0151307 0.0589217 0.0818648 0.0550011
9.9973E-05 0.738408 0.108953 9.9973E-05 0.101285 9.9973E-05 0.0510541
9.9982E-05 0.729086 0.103119 9.9982E-05 0.147514 0.00223657 0.0178439
0.0173888 0.697461 0.0410871 9.9982E-05 0.227709 9.9982E-05 0.0161544
9.9973E-05 0.0171581 9.9973E-05 0.0890541 0.201558 0.69193 9.9973E-05
0.0461994 0.0638654 0.0319631 9.9991E-05 0.104644 0.688072 0.0651567
0.0998956 9.9964E-05 9.9964E-05 9.9964E-05 9.9964E-05 0.763315 0.13639
0.434116 0.106061 0.0358186 0.121296 0.0103225 0.261736 0.0306487
0.561623 0.0870124 0.0223377 9.9991E-05 0.0542538 0.134372 0.140301
0.213143 0.0678335 9.9973E-05 9.9973E-05 9.9973E-05 0.607507 0.111217
0.498792 9.9982E-05 0.00499926 0.11924 9.9982E-05 0.344475 0.0322941
0.391441 0.0277386 0.0124213 0.00698646 9.9991E-05 0.508812 0.0525
0.521101 0.0589618 9.9982E-05 9.9982E-05 0.0604586 0.300135 0.0591434
0.526553 0.104781 9.9982E-05 0.0827134 9.9982E-05 0.280792 0.00496069
0.183687 9.9973E-05 9.9973E-05 0.0841636 0.129502 0.602347 9.9973E-05
0.255654 9.9973E-05 0.0698197 9.9973E-05 0.0500214 0.624205 9.9973E-05
0.309038 9.9964E-05 9.9964E-05 9.9964E-05 0.089744 0.600818 9.9964E-05
0.59462 0.12958 0.0118646 9.9991E-05 0.111706 0.039667 0.112463
0.349284 9.9964E-05 0.0490439 9.9964E-05 9.9964E-05 0.601272 9.9964E-05
0.435836 0.0399501 9.9991E-05 0.000360604 0.0770016 0.434228 0.0125242
0.422427 0.040659 0.0448278 0.387774 9.9991E-05 0.0805889 0.0236234
0.319682 0.113083 0.0312427 0.407058 0.00472527 0.0217149 0.102494
0.471777 0.161538 9.9982E-05 0.353557 9.9982E-05 0.0092891 0.00363944
0.295748 0.108689 0.0586298 0.498429 9.9982E-05 9.9982E-05 0.038304
0.415135 0.166785 0.0315438 0.223336 0.0194962 0.0882881 0.0554167
0.413626 0.0804265 9.9982E-05 0.0232565 9.9982E-05 0.379306 0.103184
0.000445329 0.233655 0.0434707 0.661956 9.9982E-05 9.9982E-05 0.0602731
0.351903 0.165952 0.052425 0.418238 9.9982E-05 9.9982E-05 0.0112816
0.453918 0.205386 9.9982E-05 0.147638 9.9982E-05 0.0574246 0.135433
0.640813 0.0900014 0.0235656 9.9982E-05 0.0538611 9.9982E-05 0.191559
0.384855 0.06292 0.0505289 0.0382516 0.0706383 0.101649 0.291157
0.575374 0.157861 0.0149192 0.0285275 0.0654361 0.0178571 0.140026
0.612083 0.0933065 0.0311946 0.04188 0.0283312 0.104381 0.0888238
0.360217 0.226299 0.031974 0.38121 9.9973E-05 9.9973E-05 9.9973E-05
0.431627 0.047621 0.0282023 0.368008 0.0562441 0.0323206 0.0359769
0.459274 0.0966158 9.9964E-05 0.44371 9.9964E-05 9.9964E-05 9.9964E-05
0.406788 0.166146 0.059665 0.24202 0.0330174 0.0922635 9.9991E-05
0.26489 0.0558111 0.054893 0.490799 9.9991E-05 0.130897 0.00260895
0.441043 0.126637 0.068711 0.297029 9.9982E-05 0.0663796 9.9982E-05
0.239489 0.130567 0.012175 0.552332 0.0293972 0.0140869 0.0219535
0.514466 0.170115 0.0117543 0.277975 0.0185334 0.00705543 9.9991E-05
0.579958 0.0316862 0.0531929 9.9991E-05 0.0227435 0.0793308 0.232989
0.336372 0.235309 9.9973E-05 0.339704 0.088316 9.9973E-05 9.9973E-05
0.198229 0.158304 0.043992 0.563712 9.9982E-05 9.9982E-05 0.035563
0.310982 0.0674932 0.0864208 0.358987 0.0641242 0.107986 0.00400661
0.220119 0.122723 0.0391344 9.9991E-05 0.234189 0.101431 0.282305
0.579028 9.9991E-05 0.0394534 0.109634 0.0760762 0.0394112 0.156297
0.327059 0.0739244 0.0442311 0.380848 0.0923847 9.9991E-05 0.0814525
0.562953 0.126263 9.9982E-05 0.038507 0.156726 9.9982E-05 0.115351
0.495952 0.13549 0.0824095 9.9982E-05 9.9982E-05 0.115008 0.170941
0.345091 0.147982 0.0366596 0.200673 0.0380057 0.137931 0.0936582
0.34332 0.213835 0.0512765 0.306405 9.9991E-05 0.0159619 0.0691013
0.501331 9.9991E-05 0.0655423 0.182247 0.106388 0.0836009 0.0607903
0.333066 0.101463 9.9982E-05 0.43869 9.9982E-05 0.0522206 0.0743605
0.400875 0.0837323 9.9973E-05 0.418686 9.9973E-05 9.9973E-05 0.0964064
0.193083 0.190028 0.0548116 0.526132 9.9982E-05 9.9982E-05 0.0357455
0.64076 0.0819704 9.9991E-05 0.0353352 0.0845457 0.0452291 0.11206
0.496221 0.118889 0.0152243 9.9991E-05 0.0464901 0.0770608 0.246015
0.246144 0.110383 0.0363182 9.9973E-05 9.9973E-05 9.9973E-05 0.606855
0.609525 0.0905355 0.0592008 0.0629512 0.0486633 0.0719134 0.0572111
0.420793 0.0849992 9.9991E-05 0.00673112 0.145578 0.155866 0.185932
0.474427 0.176946 0.0548816 0.122199 9.9991E-05 0.0374931 0.133953
0.457699 0.14106 0.0336154 0.107487 0.063022 0.0652754 0.131841
9.9964E-05 0.331246 9.9964E-05 0.196072 9.9964E-05 9.9964E-05 0.472282
9.9973E-05 0.210953 0.0799693 0.0880859 9.9973E-05 9.9973E-05 0.620692
0.318557 0.11089 0.0289274 0.086858 0.0424806 9.9991E-05 0.412186
0.00989416 0.253234 0.0459716 0.22874 0.0194438 9.9991E-05 0.442617
9.9964E-05 0.425315 9.9964E-05 0.176069 9.9964E-05 9.9964E-05 0.398216
0.437915 0.136357 0.0586842 0.0399646 9.9982E-05 9.9982E-05 0.32688
0.298981 0.181783 0.0137694 0.170145 0.0470894 0.115175 0.173056
0.259482 0.291406 0.00374577 0.142925 9.9982E-05 9.9982E-05 0.302241
0.0952868 0.225804 0.0437278 0.172466 9.9982E-05 9.9982E-05 0.462516
0.586188 0.125345 0.0165594 0.0117615 9.9991E-05 0.0241371 0.235909
0.151144 0.135911 0.0411721 0.131344 0.0178063 0.0442721 0.47835
9.9973E-05 0.365991 0.0605294 0.0477041 9.9973E-05 9.9973E-05 0.525476
0.463198 0.12687 0.0404351 0.183898 0.0388449 0.0665362 0.0802182
0.289208 0.129276 0.0208432 0.227756 0.0636938 0.0226077 0.246615
0.398746 0.272216 0.0354105 0.18399 9.9982E-05 0.109438 9.9982E-05
0.598766 0.184732 9.9964E-05 0.216102 9.9964E-05 9.9964E-05 9.9964E-05
0.500599 0.173689 0.023839 0.146037 9.99905E-05 0.155637 9.99905E-05
0.530132 0.131936 9.9982E-05 0.175495 9.9982E-05 0.0262504 0.135988
0.244889 0.336146 0.0456958 0.221302 0.0291742 0.0826945 0.040098
0.56619 0.167285 0.0528355 0.155413 9.9982E-05 9.9982E-05 0.058076
0.342777 0.196328 0.0673089 0.28727 9.9982E-05 0.106116 9.9982E-05
0.311065 0.221162 0.0720322 0.217021 9.9991E-05 0.0494882 0.129131
0.276942 0.165912 9.9991E-05 0.111651 0.0716767 0.237698 0.136021
0.525813 0.171565 0.0136927 0.117871 0.0280977 0.0828932 0.0600671
0.541921 0.118676 0.0220706 0.171623 0.0367578 9.9991E-05 0.108852
0.590219 0.172022 0.0314629 0.0774587 9.9982E-05 0.128637 9.9982E-05
0.306019 0.305988 0.0253162 0.304267 0.0334807 9.9991E-05 0.024829
0.424744 0.208706 0.010763 0.187877 9.9991E-05 0.0795376 0.0882719
0.230115 0.365693 9.9973E-05 0.203313 9.9973E-05 9.9973E-05 0.200579
0.518122 0.187308 0.0560384 0.14593 0.060032 0.0324683 9.9991E-05
0.176759 0.314078 0.00241542 0.300055 9.9991E-05 0.0341475 0.172445
0.00946119 0.770404 0.0263987 9.9991E-05 0.0981511 0.0581134 0.0373713
0.07651 0.105705 9.9973E-05 9.9973E-05 0.779363 0.0381217 9.9973E-05
9.9955E-05 0.0345917 9.9955E-05 9.9955E-05 0.964909 9.9955E-05 9.9955E-05
9.9955E-05 9.9955E-05 0.0360228 9.9955E-05 0.963477 9.9955E-05 9.9955E-05
0.0234506 9.9964E-05 9.9964E-05 9.9964E-05 0.963743 9.9964E-05 0.0124067
9.9973E-05 0.0168608 0.0279701 0.00983124 0.945038 9.9973E-05 9.9973E-05
0.0954316 9.9964E-05 0.0474868 9.9964E-05 0.856682 9.9964E-05 9.9964E-05
9.9955E-05 9.9955E-05 0.0342543 9.9955E-05 0.965246 9.9955E-05 9.9955E-05
9.9973E-05 0.153758 0.0601813 0.00919625 0.776564 9.9973E-05 9.9973E-05
0.048901 0.831156 0.0787674 9.9973E-05 0.0408759 9.9973E-05 9.9973E-05
0.0367138 0.740599 0.0767911 0.013823 0.119742 9.9991E-05 0.012231
9.9982E-05 0.821206 0.085474 0.0473793 0.0184489 0.0272918 9.9982E-05
0.0443489 0.817872 9.9973E-05 9.9973E-05 0.115759 9.9973E-05 0.0217196
0.0411226 0.892002 0.00580225 0.0197488 0.0411247 9.9982E-05 9.9982E-05
9.9973E-05 0.886383 0.039907 9.9973E-05 0.064252 0.00915808 9.9973E-05
0.0303438 0.675895 0.0913865 0.115979 0.080547 0.0057485 9.9991E-05
0.0173934 0.810966 0.0744279 0.0700449 0.00958194 0.0174856 9.9991E-05
0.0106818 0.670364 0.0487011 0.0790371 0.0981937 0.0929221 9.9991E-05
9.9973E-05 0.893134 0.0119547 0.0939932 9.9973E-05 0.000618312 9.9973E-05
0.00334562 0.935618 0.0228914 9.9973E-05 0.0378452 9.9973E-05 9.9973E-05
9.9991E-05 0.82667 0.032552 0.0709184 0.044391 0.0174629 0.00790533
9.9964E-05 0.921124 0.0434125 0.0350634 9.9964E-05 9.9964E-05 9.9964E-05
0.0611095 0.836885 0.0901161 0.0115891 9.9973E-05 9.9973E-05 9.9973E-05
0.0224799 0.833906 0.0633511 0.0484559 9.9982E-05 0.0316074 9.9982E-05
0.0889698 0.834331 0.0490421 0.0273571 9.9973E-05 9.9973E-05 9.9973E-05
0.0892194 0.796325 0.0157211 0.0984346 9.9973E-05 9.9973E-05 9.9973E-05
0.074752 0.73934 0.0566046 0.115855 9.9982E-05 0.0132488 9.9982E-05
0.074668 0.765663 0.06558 0.0793707 9.9982E-05 0.014518 9.9982E-05
0.351426 0.148046 9.9991E-05 0.0266626 0.119448 0.157473 0.196843
0.688336 0.0618607 0.0451054 9.9991E-05 0.0377637 0.13458 0.0322535
0.622571 0.0645779 0.0564413 9.9991E-05 0.0829508 0.0809275 0.0924315
0.192445 0.0229505 0.0458008 9.9982E-05 9.9982E-05 0.0376181 0.700985
0.514348 0.0953475 0.00770797 9.9991E-05 0.116628 0.0778163 0.188052
0.157518 0.0863523 0.00985179 0.0416254 9.9982E-05 9.9982E-05 0.704453
0.603467 0.0788845 9.9964E-05 9.9964E-05 9.9964E-05 9.9964E-05 0.317249
0.448896 0.117597 9.9982E-05 9.9982E-05 0.130798 0.182921 0.119587
0.537126 0.0690123 0.025956 9.9991E-05 0.0938037 0.10569 0.168312
0.518058 0.0474412 9.9973E-05 0.0396771 9.9973E-05 0.394524 9.9973E-05
0.474542 0.0640755 0.0242855 0.0159428 0.157744 0.096272 0.167138
0.678328 0.0552423 9.9982E-05 9.9982E-05 0.0570024 0.0589489 0.150279
0.522523 0.0697384 0.111235 9.9991E-05 0.0800287 0.111922 0.104454
0.0828367 9.9982E-05 9.9982E-05 0.0400443 0.487782 0.111703 0.277434
9.9964E-05 9.9964E-05 9.9964E-05 9.9964E-05 0.103301 0.0921666 0.804132
0.228936 0.0760809 9.9973E-05 9.9973E-05 0.0278296 9.9973E-05 0.666854
0.626628 0.0507959 0.0673765 9.9991E-05 0.0772043 0.0579952 0.1199
0.463518 0.121088 0.0191193 0.0411727 9.9991E-05 0.0728432 0.282159
0.516527 0.0538985 0.0592463 9.9982E-05 9.9982E-05 0.122175 0.247954
0.584803 0.00785172 0.10961 0.10241 9.9982E-05 9.9982E-05 0.195126
0.510137 0.169233 0.0590507 0.10486 0.0118468 0.0634666 0.0814057
0.57034 0.202956 0.0501978 0.161249 0.0150564 9.9982E-05 9.9982E-05
