9.9964E-05 0.834152 0.07939 0.0341063 0.0507531 9.9964E-05 0.00119897 9.9964E-05 9.9964E-05
0.0381737 0.92783 0.00973178 9.9955E-05 9.9955E-05 9.9955E-05 9.9955E-05 9.9955E-05 0.0237649
9.9982E-05 0.728366 0.0847552 0.0131192 0.0042604 0.109858 9.9982E-05 0.0377968 0.021644
9.9973E-05 0.705398 0.0797188 0.120875 0.00752394 0.0156867 9.9973E-05 0.0704986 9.9973E-05
0.046747 0.882965 9.9955E-05 9.9955E-05 9.9955E-05 0.0463846 9.9955E-05 0.0234041 9.9955E-05
9.9964E-05 0.57233 0.0133742 0.0645843 9.9964E-05 9.9964E-05 0.264177 0.0851345 9.9964E-05
9.9946E-05 0.746878 0.0562124 9.9946E-05 9.9946E-05 9.9946E-05 0.19631 9.9946E-05 9.9946E-05
9.9964E-05 0.6789 0.0224633 0.0193788 9.9964E-05 9.9964E-05 0.223526 0.0553324 9.9964E-05
9.99639E-05 0.831795 0.00666351 0.0715802 0.0395015 9.99639E-05 9.99639E-05 9.99639E-05 0.0500601
9.9964E-05 0.635398 0.037726 9.9964E-05 9.9964E-05 0.0137772 0.215558 0.0971405 9.9964E-05
9.9946E-05 0.711574 9.9946E-05 0.0541524 9.9946E-05 9.9946E-05 0.233674 9.9946E-05 9.9946E-05
0.0162701 0.000806482 9.9982E-05 0.513521 0.0505819 0.256903 9.9982E-05 0.0481096 0.113607
9.9973E-05 9.9973E-05 0.0753999 0.320983 0.0312587 0.516239 9.9973E-05 0.00489312 0.0509257
0.0679414 9.9973E-05 0.0320883 0.41492 0.146494 0.276326 9.9973E-05 9.9973E-05 0.0619296
0.0235489 0.00251597 9.9982E-05 0.375176 0.115681 0.291432 9.9982E-05 0.119041 0.0724056
0.0870011 0.0957945 0.000574578 0.171956 0.000540592 0.346771 0.0773161 0.104705 0.115341
0.0704796 9.9964E-05 0.0940599 0.0967171 0.111842 0.626502 9.9964E-05 9.9964E-05 9.9964E-05
9.9982E-05 9.9982E-05 0.0127392 0.245101 0.0813968 0.339822 0.0808115 0.098272 0.141658
9.9973E-05 0.0644134 9.9973E-05 0.320623 0.150559 0.327182 9.9973E-05 0.0649553 0.0719676
0.00114838 9.9982E-05 0.007378 0.693889 0.0208367 9.9982E-05 0.167786 0.0495114 0.059251
0.0991908 9.9973E-05 9.9973E-05 0.284217 0.0576548 0.437979 9.9973E-05 0.0237056 0.096953
0.0870394 9.9982E-05 0.0053636 0.192536 0.118602 0.444844 0.11082 9.9982E-05 0.0405954
0.0287398 0.0561852 9.9973E-05 0.174596 9.9973E-05 0.560457 0.139442 9.9973E-05 0.0402799
9.9973E-05 9.9973E-05 0.0356979 0.350843 9.9973E-05 0.270083 0.106994 0.114226 0.121858
0.00561246 9.9982E-05 0.0745301 0.137512 0.0367999 0.596799 9.9982E-05 0.0635413 0.0850052
0.0212317 9.9973E-05 0.06486 0.220863 0.0758641 0.559154 9.9973E-05 0.0577268 9.9973E-05
9.9982E-05 9.9982E-05 0.042297 0.49424 0.0531322 0.202127 0.0330875 0.0673482 0.107568
9.9973E-05 0.00455363 9.9973E-05 0.447587 0.101499 0.217636 9.9973E-05 0.153739 0.0746851
0.0772768 9.9982E-05 9.9982E-05 0.472865 0.0610548 0.253687 0.0763049 0.0117639 0.0468478
9.993E-05 9.993E-05 0.999201 9.993E-05 9.993E-05 9.993E-05 9.993E-05 9.993E-05 9.993E-05
9.993E-05 9.993E-05 0.999201 9.993E-05 9.993E-05 9.993E-05 9.993E-05 9.993E-05 9.993E-05
9.9973E-05 0.446593 0.375239 0.00755485 9.9973E-05 0.0320646 9.9973E-05 0.0671308 0.0711181
9.9973E-05 0.447549 0.274904 9.9973E-05 0.102431 0.0411324 9.9973E-05 0.0841499 0.0495334
0.0502955 0.0361736 0.00818792 0.102121 9.9982E-05 0.52101 0.120122 9.9982E-05 0.161889
9.9973E-05 0.0499971 0.0464919 0.098518 9.9973E-05 0.47494 9.9973E-05 0.00571835 0.324035
9.9955E-05 0.0202928 9.9955E-05 9.9955E-05 9.9955E-05 0.478669 9.9955E-05 0.0951534 0.405385
0.0385431 0.00862308 0.0461498 0.531683 9.9991E-05 0.0821869 0.153332 0.0795976 0.0597853
0.0296679 0.000870134 0.0448732 9.9973E-05 9.9973E-05 0.315488 9.9973E-05 0.0299032 0.578898
0.0136721 0.0366985 9.9973E-05 0.145959 0.0638772 0.540058 9.9973E-05 9.9973E-05 0.199435
0.00779098 0.000776176 9.9973E-05 9.9973E-05 9.9973E-05 0.6082 0.133464 0.0569731 0.192497
9.9982E-05 0.071878 0.0205882 0.00684061 9.9982E-05 0.515274 0.304785 0.00117129 0.0792629
9.9964E-05 9.9964E-05 0.0828735 0.062721 9.9964E-05 0.56856 0.147212 9.9964E-05 0.138234
9.9973E-05 9.9973E-05 0.0331639 0.121291 0.0295527 0.12721 0.00695979 9.9973E-05 0.681523
9.9964E-05 9.9964E-05 9.9964E-05 0.101903 0.112179 0.558384 0.225232 9.9964E-05 0.00190217
9.9964E-05 0.0364711 9.9964E-05 9.9964E-05 9.9964E-05 0.460172 0.16186 0.121391 0.219706
9.9982E-05 0.0749339 0.0763852 0.0404184 9.9982E-05 0.580049 0.0224392 0.0101341 0.19544
0.0274065 9.9955E-05 9.9955E-05 9.9955E-05 0.0367017 0.230532 9.9955E-05 9.9955E-05 0.70486
9.9982E-05 0.0524598 0.0247693 0.0420865 0.0355153 0.576075 9.9982E-05 0.00308989 0.265804
0.083166 0.0669172 0.044197 0.0277222 0.0171227 0.457176 0.155819 0.0697273 0.078152
0.0067745 0.0255677 9.9964E-05 9.9964E-05 0.185631 9.9964E-05 0.017774 9.9964E-05 0.763853
0.0202532 9.9973E-05 9.9973E-05 0.423995 0.0484233 0.173794 0.0618982 9.9973E-05 0.271337
0.112201 9.9982E-05 0.00301856 0.239072 0.235367 0.0994693 0.0974194 9.9982E-05 0.213253
0.0495899 0.0274753 0.0797012 0.227692 0.0230105 0.551778 9.9982E-05 0.0405537 9.9982E-05
9.9973E-05 0.0815954 9.9973E-05 0.0759085 0.106893 0.535772 0.127946 0.0715854 9.9973E-05
0.185302 0.0978563 9.9982E-05 0.0414058 9.9982E-05 0.514301 0.012635 0.0424869 0.105813
0.0499188 0.114498 0.0372272 0.370193 0.0117117 0.227241 9.9982E-05 9.9982E-05 0.18901
9.9964E-05 9.9964E-05 0.0565284 0.208593 0.110989 0.583645 0.0398451 9.9964E-05 9.9964E-05
0.0739154 0.0208463 0.0603218 0.0473993 0.00989346 0.495965 0.128006 0.0632912 0.100362
0.0758003 0.137209 0.017099 0.210052 9.9991E-05 0.315312 0.128312 0.0389026 0.0772134
0.0163823 0.131949 0.04273 0.315959 0.17231 0.109513 0.0840767 9.9991E-05 0.12698
9.9991E-05 0.0317566 0.0550843 0.151484 0.0119764 0.463819 0.00436191 0.0517657 0.229652
0.0506049 9.9973E-05 0.0109729 0.313793 0.159591 0.439185 9.9973E-05 0.0255532 9.9973E-05
0.00419581 9.9982E-05 0.0935911 0.524591 0.0716563 0.00588985 0.0643013 9.9982E-05 0.235575
9.9955E-05 9.9955E-05 9.9955E-05 0.244931 0.103188 0.533239 9.9955E-05 9.9955E-05 0.118142
0.0450656 9.9991E-05 0.0139787 0.0904984 0.117789 0.639594 0.025429 0.00436403 0.063181
0.0456581 9.9973E-05 0.0690512 0.147258 0.0849005 0.600123 0.0527086 9.9973E-05 9.9973E-05
0.101727 0.0095896 0.0266471 0.292138 0.0557821 0.216232 0.0959137 0.0762457 0.125724
0.0583964 9.9982E-05 0.0186698 0.177209 0.133242 0.525881 0.0155961 9.9982E-05 0.070806
0.0615915 0.00312281 0.0581006 0.20063 0.0858311 0.590424 9.9973E-05 9.9973E-05 9.9973E-05
0.0772153 9.9982E-05 0.0740122 0.420572 0.040931 0.199348 0.0450616 9.9982E-05 0.142659
9.9955E-05 9.9955E-05 9.9955E-05 0.0636767 9.9955E-05 0.523285 0.0152464 9.9955E-05 0.397292
9.9964E-05 9.9964E-05 0.014516 0.126498 9.9964E-05 0.234717 0.0329283 9.9964E-05 0.590941
0.0765541 0.0118948 0.0717241 0.123687 0.0778742 0.529993 0.00378708 0.00329467 0.101192
9.9955E-05 9.9955E-05 9.9955E-05 0.011114 0.0786939 9.9955E-05 9.9955E-05 0.0074884 0.902204
0.0374983 9.9964E-05 9.9964E-05 0.0355909 0.0116082 9.9964E-05 0.0341197 9.9964E-05 0.880783
9.9964E-05 9.9964E-05 9.9964E-05 0.0405572 0.00588852 0.273464 9.9964E-05 0.0168229 0.662867
9.9982E-05 0.0607493 0.03274 0.0361518 0.00523417 0.421249 0.0307398 9.9982E-05 0.412936
9.9982E-05 0.0999278 0.00815542 0.0464938 0.109266 0.613169 0.0586681 9.9982E-05 0.06412
0.00771242 9.9982E-05 0.0233548 0.101528 0.0398951 0.421169 9.9982E-05 0.00207063 0.40407
9.9964E-05 0.0393461 0.0121547 0.174987 9.9964E-05 0.207974 9.9964E-05 9.9964E-05 0.565138
9.9964E-05 0.0625846 9.9964E-05 0.253879 9.9964E-05 0.210665 0.0102187 9.9964E-05 0.462253
9.9973E-05 0.0443913 0.0422753 0.0357922 9.9973E-05 0.491605 9.9973E-05 0.0815601 0.304077
9.9982E-05 0.0706255 0.00620074 0.0616757 9.9982E-05 0.324329 0.00655746 0.0066008 0.523811
9.9964E-05 0.0212378 0.0572153 9.9964E-05 9.9964E-05 0.395966 0.0852837 9.9964E-05 0.439898
0.0195023 9.9955E-05 0.0099076 9.9955E-05 9.9955E-05 0.40019 9.9955E-05 9.9955E-05 0.5699
0.136127 0.00967109 9.9973E-05 0.00120847 0.0516367 9.9973E-05 0.115685 9.9973E-05 0.685372
9.9973E-05 0.043667 9.9973E-05 0.0503749 9.9973E-05 0.566089 0.038928 0.0293682 0.271273
9.9964E-05 0.758983 0.0439417 0.0594944 9.9964E-05 0.0909082 9.9964E-05 0.0462724 9.9964E-05
9.9946E-05 0.777332 0.105084 9.9946E-05 9.9946E-05 0.116985 9.9946E-05 9.9946E-05 9.9946E-05
9.9955E-05 0.769327 0.0983309 9.9955E-05 9.9955E-05 0.0731796 9.9955E-05 0.0586625 9.9955E-05
9.9964E-05 0.799727 0.115621 9.9964E-05 0.039181 0.0397833 9.9964E-05 9.9964E-05 0.00528752
0.00185779 0.703792 0.147847 9.9973E-05 0.0468783 0.0767218 9.9973E-05 0.0226036 9.9973E-05
0.0436185 0.819054 0.0540397 9.9982E-05 9.9982E-05 0.0195365 0.0139251 0.0437979 0.00582878
0.0128116 0.788079 0.108498 9.9973E-05 0.00780988 0.0653508 9.9973E-05 0.0171513 9.9973E-05
0.0181929 0.0480333 0.00356432 0.0855476 0.0222729 0.565805 0.0347806 9.9991E-05 0.221704
9.9991E-05 0.0690073 0.028981 0.097112 0.0510646 0.606402 0.0446166 0.0213912 0.0813257
0.0741906 0.0730661 9.9964E-05 0.136888 9.9964E-05 0.0266898 9.9964E-05 9.9964E-05 0.688766
0.112851 0.0192677 0.048843 0.0509145 0.00805286 0.515745 0.0956063 0.0663168 0.0824023
9.9973E-05 0.0202672 9.9973E-05 0.130734 9.9973E-05 0.417084 0.0239696 0.0209863 0.386658
0.0856907 0.102856 9.9964E-05 9.9964E-05 9.9964E-05 0.470367 9.9964E-05 0.0364733 0.304213
0.0794458 0.0106262 0.0179448 9.9982E-05 9.9982E-05 0.419208 0.0880641 0.108292 0.276219
0.0209057 9.9964E-05 9.9964E-05 9.9964E-05 9.9964E-05 0.528028 0.00182473 0.045181 0.403661
0.0159057 0.0630665 9.9964E-05 0.185126 9.9964E-05 9.9964E-05 0.0249239 9.9964E-05 0.710578
0.0267269 9.9982E-05 0.0555164 0.0836118 0.215274 0.502077 9.9982E-05 0.0443636 0.0722304
0.0698299 0.084651 0.0106499 0.00941184 9.9991E-05 0.631004 0.102521 0.0123846 0.0794476
0.0981194 0.0565783 0.0499888 0.203162 0.0398702 0.430613 9.9991E-05 0.104056 0.017513
0.0099146 0.0338538 0.0151532 9.9982E-05 0.0511817 0.236673 0.100185 9.9982E-05 0.552839
0.0815772 0.0301167 0.0316858 9.9964E-05 9.9964E-05 0.483617 9.9964E-05 9.9964E-05 0.372604
9.9973E-05 0.016284 0.0369614 0.158325 9.9973E-05 0.432665 0.0534981 9.9973E-05 0.301966
0.00295446 9.9964E-05 9.9964E-05 9.9964E-05 9.9964E-05 0.2862 0.00712293 0.0776288 0.625694
9.9964E-05 0.101642 9.9964E-05 0.0586895 9.9964E-05 0.446256 0.0669501 9.9964E-05 0.326062
0.0548638 0.0581679 0.0168287 0.08138 0.0155452 0.623962 0.0439549 9.9991E-05 0.105198
0.120044 9.9973E-05 0.0244032 0.353706 0.188411 0.225825 9.9973E-05 9.9973E-05 0.0873099
9.9991E-05 0.048804 0.042541 0.286638 0.0406334 0.397569 0.0832008 0.0776714 0.022842
0.0362266 0.0838685 0.0195302 0.221524 9.9982E-05 0.433953 9.9982E-05 0.0547018 0.149996
0.00372116 0.0683344 0.0701295 0.0722243 9.9982E-05 0.593373 0.0483351 9.9982E-05 0.143682
0.0074633 9.9973E-05 0.0232226 0.377698 0.0849507 0.49039 9.9973E-05 9.9973E-05 0.0159753
0.0459379 9.9982E-05 9.9982E-05 0.248416 0.0154542 0.554644 0.039931 0.0251793 0.070238
0.0572802 0.00108609 9.9964E-05 0.439939 9.9964E-05 0.47017 9.9964E-05 0.031124 9.9964E-05
9.9991E-05 0.0419213 0.0422559 0.181811 0.0663529 0.424602 0.116248 0.0491096 0.0775992
0.00305295 0.0566922 9.9991E-05 0.0989012 0.0012141 0.585559 0.103104 0.113365 0.0380118
0.0182193 9.9982E-05 0.020013 0.203406 0.0592279 0.589301 0.0185978 9.9982E-05 0.0910351
0.032997 9.9964E-05 9.9964E-05 0.366568 9.9964E-05 0.528938 0.0478777 9.9964E-05 0.0232194
0.0263217 9.9982E-05 9.9982E-05 0.157045 0.00118595 0.636389 0.068439 0.0758435 0.034576
0.0460192 0.125289 0.00284903 0.0667896 9.9973E-05 0.607259 0.151494 9.9973E-05 9.9973E-05
9.9964E-05 9.9964E-05 9.9964E-05 0.255395 0.0518089 0.579755 9.9964E-05 0.0317234 0.080918
0.107025 0.0379493 0.0433672 0.101367 0.075438 0.544669 0.089985 9.9982E-05 9.9982E-05
0.0203647 9.9991E-05 0.0126869 0.199862 0.0354636 0.47338 0.0372412 0.102817 0.118085
0.0951298 0.0857704 0.0239924 0.312578 0.0426489 0.355005 0.0846753 9.9982E-05 9.9982E-05
9.9964E-05 9.9964E-05 9.9964E-05 0.114138 0.0621718 0.613793 9.9964E-05 0.0894087 0.120089
0.0881469 9.9964E-05 0.0359201 0.0995117 0.0933582 0.682663 9.9964E-05 9.9964E-05 9.9964E-05
0.103009 0.029336 9.9991E-05 0.438196 0.0171979 0.189492 0.0169182 0.0985381 0.107213
0.198625 9.9973E-05 9.9973E-05 0.272331 0.200999 0.215429 0.0313404 9.9973E-05 0.0809752
0.0604837 0.0474207 0.00585789 0.175051 0.0120962 0.54032 0.110718 0.0124273 0.0356249
0.262783 9.9973E-05 9.9973E-05 0.301004 0.106926 0.0829296 9.9973E-05 0.00471818 0.24134
0.110536 0.0670387 9.9973E-05 0.482048 9.9973E-05 0.292923 0.00811326 9.9973E-05 0.0390402
0.0882516 0.036089 9.9964E-05 0.352634 9.9964E-05 0.447757 9.9964E-05 9.9964E-05 0.0748679
0.0483631 0.0221693 0.0537686 0.427081 9.9973E-05 0.343891 9.9973E-05 9.9973E-05 0.104428
0.00173648 9.9973E-05 9.9973E-05 0.522292 9.9973E-05 0.287178 0.120691 0.031154 0.0366483
0.0262015 0.0370516 0.0268845 0.185374 9.9982E-05 0.626825 0.096364 9.9982E-05 0.00109957
9.9973E-05 0.15932 9.9973E-05 0.0633835 0.128135 0.512767 9.9973E-05 0.0165892 0.119505
0.0535923 0.0443574 0.0351785 0.192299 9.9991E-05 0.399133 0.0158298 0.107608 0.151902
0.0407689 9.9973E-05 9.9973E-05 0.346848 0.147168 0.129466 9.9973E-05 0.0181166 0.317333
9.9982E-05 0.149441 0.00800385 0.116894 0.0158627 0.406772 0.126197 9.9982E-05 0.176629
0.0292631 9.9991E-05 0.0140151 0.0354771 0.115089 0.478056 0.180768 0.0250555 0.122176
0.100278 0.0726634 0.0164621 0.0964101 0.20349 9.9982E-05 0.392197 9.9982E-05 0.118299
0.116591 0.106754 9.9982E-05 9.9982E-05 0.0255269 0.605803 0.0554765 0.0157143 0.0739345
0.0848498 0.118581 9.9991E-05 0.0041938 0.0931648 0.255854 0.140114 0.0385564 0.264586
0.0741051 0.0650363 9.9991E-05 0.0332672 0.127191 0.466871 0.118055 0.0612319 0.0541425
0.020972 0.0519838 9.9982E-05 0.0722959 0.185829 0.220724 0.31401 9.9982E-05 0.133985
0.121982 0.0393152 0.0520067 0.12951 0.0384311 0.100721 0.440516 9.9991E-05 0.0774181
0.158289 0.0559318 9.9982E-05 0.0767398 0.128291 0.365868 0.146284 9.9982E-05 0.068396
0.031935 0.0662712 0.0139059 0.100255 0.0890425 0.581328 0.0288779 9.9991E-05 0.0882844
0.102841 0.170583 9.9991E-05 0.0636629 0.0298753 0.325133 0.162987 0.092647 0.052171
0.113267 9.9973E-05 9.9973E-05 0.107525 0.17998 9.9973E-05 0.238439 0.14899 0.211499
0.0662268 0.0994144 0.017822 0.0754821 0.0402037 0.501238 0.149309 9.9991E-05 0.0502037
0.0362096 9.9973E-05 9.9973E-05 0.0543931 0.130247 0.320496 0.252342 9.9973E-05 0.206013
0.0371406 9.9973E-05 9.9973E-05 0.00260399 0.0956185 0.401774 0.203162 9.9973E-05 0.2594
0.0381862 0.0375284 0.00829879 0.0627563 0.0723466 0.510302 0.0832226 0.129882 0.0574774
0.0140615 0.203317 0.0307132 0.0152017 0.091525 0.177983 0.233175 0.233924 9.9991E-05
9.9964E-05 0.351158 0.0294436 9.9964E-05 0.435344 9.9964E-05 0.0860231 0.0976321 9.9964E-05
0.0103379 0.261516 0.0185037 9.9973E-05 0.511828 9.9973E-05 0.0952261 0.102288 9.9973E-05
9.9973E-05 0.275128 9.9973E-05 0.0311512 0.245567 0.0601999 0.0984186 0.289235 9.9973E-05
0.0609339 9.9964E-05 9.9964E-05 9.9964E-05 0.00829983 0.556987 0.353825 9.9964E-05 0.019554
0.029165 0.0620598 0.0115513 0.0708501 9.9991E-05 0.49363 0.170186 0.0280494 0.134409
9.9946E-05 0.0139554 9.9946E-05 9.9946E-05 9.9946E-05 0.391853 9.9946E-05 0.593592 9.9946E-05
0.0145158 9.9973E-05 0.0131141 0.138342 9.9973E-05 0.247342 9.9973E-05 0.528049 0.0583382
0.0429796 0.0665886 0.00168076 0.0659589 0.0322955 0.439749 0.00862974 0.272653 0.0694654
0.186107 9.9973E-05 0.0585474 9.9973E-05 9.9973E-05 0.176072 0.454749 0.0217072 0.102518
0.0492411 0.0746995 9.9991E-05 0.0775284 0.0358935 0.484438 0.164804 0.0408777 0.0724174
0.267993 9.9973E-05 9.9973E-05 9.9973E-05 0.0900903 0.0622478 0.506146 0.0138172 0.0594061
0.119311 9.9955E-05 9.9955E-05 9.9955E-05 0.116427 0.556834 0.206928 9.9955E-05 9.9955E-05
0.214857 0.00363735 9.9982E-05 0.0335077 0.0507057 0.436162 0.242188 9.9982E-05 0.0187435
0.0833012 0.0308696 9.9991E-05 0.036707 0.0336218 0.526911 0.23291 0.0360472 0.0195315
0.101608 9.9982E-05 0.00761133 0.079512 0.108662 0.11076 0.411611 9.9982E-05 0.180035
0.00182559 0.0328615 9.9982E-05 9.9982E-05 0.0530791 0.574784 0.16403 0.0953162 0.0779034
0.112786 0.00905157 0.00357199 0.0893185 0.0362117 0.425756 0.218716 0.0746814 0.029907
0.0462241 9.9955E-05 9.9955E-05 9.9955E-05 9.9955E-05 0.0249518 0.00372697 0.924597 9.9955E-05
0.0306348 9.9946E-05 9.9946E-05 9.9946E-05 9.9946E-05 0.0849997 9.9946E-05 0.883766 9.9946E-05
9.9973E-05 0.113188 0.00586675 9.9973E-05 0.00357036 0.217514 9.9973E-05 0.528502 0.131059
0.0596154 0.00532032 9.9955E-05 9.9955E-05 9.9955E-05 0.268735 9.9955E-05 0.665829 9.9955E-05
9.9964E-05 0.00627324 9.9964E-05 0.0303081 9.9964E-05 0.0675902 0.0620286 0.8334 9.9964E-05
9.9937E-05 9.9937E-05 9.9937E-05 9.9937E-05 0.00824462 9.9937E-05 9.9937E-05 0.991056 9.9937E-05
9.9937E-05 9.9937E-05 9.9937E-05 0.0209601 9.9937E-05 9.9937E-05 9.9937E-05 0.97834 9.9937E-05
0.0531832 9.9946E-05 9.9946E-05 9.9946E-05 9.9946E-05 0.0985169 9.9946E-05 0.8477 9.9946E-05
9.9946E-05 9.9946E-05 0.00929441 0.0457526 9.9946E-05 9.9946E-05 9.9946E-05 0.944353 9.9946E-05
9.993E-05 9.993E-05 9.993E-05 9.993E-05 9.993E-05 9.993E-05 9.993E-05 0.999201 9.993E-05
9.9937E-05 9.9937E-05 0.01383 9.9937E-05 9.9937E-05 9.9937E-05 9.9937E-05 0.98547 9.9937E-05
0.058968 9.9964E-05 0.0291608 0.00456568 9.9964E-05 0.156017 9.9964E-05 0.750889 9.9964E-05
9.9973E-05 0.0302673 0.0211184 9.9973E-05 0.0149912 0.0836903 9.9973E-05 0.825321 0.0243113
9.9946E-05 9.9946E-05 0.00427036 9.9946E-05 9.9946E-05 9.9946E-05 9.9946E-05 0.993053 0.00207687
0.0295572 0.0548909 0.00510224 0.117303 0.0323647 0.298928 9.9991E-05 0.457779 0.003974
9.9955E-05 9.9955E-05 9.9955E-05 9.9955E-05 9.9955E-05 0.189174 0.0208371 0.66808 0.12141
9.9964E-05 0.0240808 0.0174177 9.9964E-05 0.0334918 0.187081 9.9964E-05 0.737529 9.9964E-05
9.9955E-05 9.9955E-05 0.0237085 0.0302677 9.9955E-05 0.0639445 9.9955E-05 0.881579 9.9955E-05
9.9946E-05 0.015044 9.9946E-05 9.9946E-05 0.0114184 9.9946E-05 9.9946E-05 0.972938 9.9946E-05
0.0291863 0.0477204 0.0151872 9.9973E-05 9.9973E-05 0.0362566 9.9973E-05 0.85423 0.0171199
9.9937E-05 9.9937E-05 0.00157594 9.9937E-05 9.9937E-05 9.9937E-05 9.9937E-05 0.997725 9.9937E-05
0.0623146 0.0438431 0.00886353 0.0609161 9.9982E-05 0.14652 9.9982E-05 0.616255 0.0610879
0.0293793 9.9955E-05 0.0138869 0.0241803 9.9955E-05 9.9955E-05 9.9955E-05 0.932054 9.9955E-05
0.0616514 0.260336 9.9955E-05 9.9955E-05 0.170353 9.9955E-05 0.50716 9.9955E-05 9.9955E-05
0.0515759 0.0984602 0.0228946 0.0790535 0.146704 0.422722 0.165378 0.0131114 9.9991E-05
9.9982E-05 0.179428 9.9982E-05 0.0280471 0.00546905 0.300719 0.339699 0.108295 0.0381432
0.0274735 0.09775 0.0297229 9.9982E-05 0.190371 0.0471418 0.467057 0.140283 9.9982E-05
0.149473 0.100214 0.00120049 9.9982E-05 0.0619728 0.482025 0.105846 0.0990695 9.9982E-05
0.0414383 0.110392 0.0507191 9.9991E-05 0.182179 0.0627877 0.282102 0.123875 0.146406
0.114799 0.173581 9.9991E-05 0.0926057 0.0735026 0.418058 0.0489273 0.0426241 0.0358025
0.0525898 0.1267 0.0105447 9.9991E-05 0.0639186 0.218215 0.358606 0.164594 0.00473206
0.0189424 0.0182622 0.115433 9.9991E-05 0.0411051 0.322827 0.270438 0.124572 0.0883205
0.049776 0.116728 0.0456413 9.9982E-05 0.094375 0.252894 0.273663 0.166723 9.9982E-05
0.0704503 0.144169 0.0322425 9.9982E-05 0.0389221 0.383412 0.219633 0.110971 9.9982E-05
9.9973E-05 0.82568 9.9973E-05 0.0376433 0.00928193 0.0374497 0.0873875 0.00225735 9.9973E-05
0.0113414 0.800751 0.0590157 0.00505603 0.070435 9.9973E-05 9.9973E-05 0.0531009 9.9973E-05
9.9955E-05 0.857175 0.0419529 0.00402433 0.0963482 9.9955E-05 9.9955E-05 9.9955E-05 9.9955E-05
9.9973E-05 0.893361 0.043687 0.0168083 0.0195311 0.00663931 9.9973E-05 0.0196734 9.9973E-05
9.9964E-05 0.683075 0.129258 0.0738727 0.100487 0.0129076 9.9964E-05 9.9964E-05 9.9964E-05
9.9955E-05 0.766469 0.0582692 9.9955E-05 0.0715728 9.9955E-05 9.9955E-05 0.10319 9.9955E-05
9.9955E-05 0.84268 0.0676754 9.9955E-05 9.9955E-05 0.0675467 9.9955E-05 0.0215982 9.9955E-05
9.9964E-05 0.779113 0.0349582 9.9964E-05 0.136115 0.0423298 9.9964E-05 9.9964E-05 0.00708418
9.9955E-05 0.81768 0.0376366 9.9955E-05 0.0611924 0.0829911 9.9955E-05 9.9955E-05 9.9955E-05
9.9964E-05 0.751021 0.052824 9.9964E-05 0.117019 0.0312193 9.9964E-05 0.0475167 9.9964E-05
0.0320071 0.550185 0.0624576 0.25819 9.9973E-05 9.9973E-05 9.9973E-05 0.00623831 0.0906217
0.0240769 0.563668 0.0397564 0.30929 0.0158946 9.9982E-05 9.9982E-05 0.00317404 0.0439402
9.9973E-05 0.437661 0.0499641 0.317663 0.103763 9.9973E-05 0.0642891 9.9973E-05 0.0263601
0.00780654 0.53181 9.9964E-05 0.273694 9.9964E-05 9.9964E-05 0.0814222 9.9964E-05 0.104868
0.0685549 9.9964E-05 0.0434861 0.18168 9.9964E-05 0.476461 9.9964E-05 9.9964E-05 0.229419
0.105889 0.0554014 9.9973E-05 0.0943184 9.9973E-05 0.51461 9.9973E-05 0.00303762 0.226444
0.0529877 0.0580863 9.9982E-05 0.0969293 9.9982E-05 0.482776 0.165962 0.0176299 0.125428
9.9973E-05 0.0183171 0.00127024 0.281912 0.0768188 0.402678 9.9973E-05 9.9973E-05 0.218704
0.0159483 9.9973E-05 0.00027686 0.643308 0.0575975 0.169592 9.9973E-05 9.9973E-05 0.112978
0.0561794 0.0195234 0.0374271 0.104979 9.9991E-05 0.537543 0.104194 0.047376 0.0926781
0.0101123 9.9973E-05 9.9973E-05 0.159348 9.9973E-05 0.537619 0.0130576 0.0256645 0.253899
0.110914 0.00789532 9.9982E-05 0.041863 0.0414198 0.468613 0.0018179 9.9982E-05 0.327277
0.00304754 9.9964E-05 9.9964E-05 0.0222257 9.9964E-05 0.339383 9.9964E-05 0.0514732 0.58347
0.068235 0.0852868 0.00386934 0.0754795 0.0101707 0.562009 0.0396329 9.9991E-05 0.155217
0.0132087 0.0278633 9.9973E-05 0.132488 9.9973E-05 0.471336 0.0376047 9.9973E-05 0.3172
0.155439 9.9955E-05 0.00684575 0.101841 9.9955E-05 9.9955E-05 9.9955E-05 9.9955E-05 0.735374
0.065726 0.0130158 0.0502382 0.179064 0.0730542 0.514226 0.0519543 9.9991E-05 0.0526213
0.0673319 9.9973E-05 0.00465044 9.9973E-05 0.114201 0.201689 0.0630434 9.9973E-05 0.548784
0.0505876 0.0307346 0.0474657 9.9973E-05 9.9973E-05 0.476371 0.0668105 9.9973E-05 0.327731
9.9955E-05 0.0616345 9.9955E-05 0.181994 9.9955E-05 0.112946 9.9955E-05 9.9955E-05 0.642926
9.9946E-05 0.132437 9.9946E-05 0.59332 9.9946E-05 9.9946E-05 0.273643 9.9946E-05 9.9946E-05
9.9955E-05 0.134427 9.9955E-05 0.568215 9.9955E-05 0.00249407 0.294365 9.9955E-05 9.9955E-05
9.9955E-05 0.0360695 0.00704074 0.70681 9.9955E-05 9.9955E-05 0.24958 9.9955E-05 9.9955E-05
0.0111655 0.116938 9.9955E-05 0.643185 9.9955E-05 9.9955E-05 0.228211 9.9955E-05 9.9955E-05
0.0343477 0.0317784 0.000448889 0.697435 9.9973E-05 9.9973E-05 0.20624 0.0294503 9.9973E-05
9.9955E-05 0.0796575 9.9955E-05 0.634951 9.9955E-05 0.118049 0.166843 9.9955E-05 9.9955E-05
9.9955E-05 0.785707 0.0805834 9.9955E-05 0.0582491 0.0749603 9.9955E-05 9.9955E-05 9.9955E-05
9.9964E-05 0.78919 0.0648753 0.0584517 9.9964E-05 0.0174212 9.9964E-05 0.0696624 9.9964E-05
9.9964E-05 0.709142 0.0282475 9.9964E-05 0.0680673 0.122315 9.9964E-05 0.071829 9.9964E-05
9.9973E-05 0.722657 0.0178871 0.0197746 0.0681522 0.0810079 9.9973E-05 0.0902213 9.9973E-05
9.9973E-05 0.715143 0.0126747 9.9973E-05 0.0960989 0.143526 0.000174209 0.0320827 9.9973E-05
9.9964E-05 0.40019 0.00134852 0.526808 9.9964E-05 9.9964E-05 0.0659191 9.9964E-05 0.00533526
0.0598269 0.49934 9.9964E-05 0.362227 9.9964E-05 9.9964E-05 0.0631515 9.9964E-05 0.0150549
0.0697301 0.435124 0.0422317 0.40752 9.9973E-05 0.00473511 9.9973E-05 9.9973E-05 0.0403592
9.993E-05 9.993E-05 0.999201 9.993E-05 9.993E-05 9.993E-05 9.993E-05 9.993E-05 9.993E-05
0.0740288 0.407993 0.0177752 0.46132 9.9973E-05 9.9973E-05 0.0174406 9.9973E-05 0.0211419
9.9964E-05 0.178114 9.9964E-05 9.9964E-05 0.209087 0.328573 0.00910301 0.274723 9.9964E-05
9.9982E-05 0.108554 0.0451686 0.0322236 9.9982E-05 0.468977 0.041467 0.241351 0.0620599
9.9982E-05 0.185139 0.0285401 0.00555105 0.0492639 0.543263 0.0187934 0.16925 9.9982E-05
0.00870654 0.249141 0.0233467 9.9991E-05 0.0461338 0.306742 0.0857483 0.204671 0.0754108
0.0287621 0.139137 0.0257665 0.0965994 9.9982E-05 0.509288 0.0853076 0.114939 9.9982E-05
9.9955E-05 0.333159 9.9955E-05 9.9955E-05 0.374249 9.9955E-05 0.0493592 0.242732 9.9955E-05
0.089393 9.9964E-05 9.9964E-05 0.309023 9.9964E-05 0.386046 0.0513534 9.9964E-05 0.163785
0.150689 9.9973E-05 9.9973E-05 0.249399 0.0886614 0.373402 0.0320177 9.9973E-05 0.105531
0.0247916 0.0198368 0.029502 0.512834 0.0590104 0.348706 0.0051193 9.9982E-05 9.9982E-05
0.206681 9.9964E-05 0.0102035 0.185278 9.9964E-05 0.48622 9.9964E-05 9.9964E-05 0.111218
0.379036 9.9955E-05 9.9955E-05 0.19025 0.164504 9.9955E-05 9.9955E-05 9.9955E-05 0.265711
0.0643912 0.00918197 0.0241755 0.168886 0.114141 0.459155 0.0447607 0.0476764 0.0676321
0.126747 9.9982E-05 0.0381795 0.153335 0.0981209 0.516204 0.0132882 9.9982E-05 0.0539248
0.0172009 9.9982E-05 0.00533577 0.470806 0.0339872 0.357492 0.054927 9.9982E-05 0.0600514
0.0433756 0.105863 9.9982E-05 0.10795 0.0714448 0.579672 0.0615973 0.029897 9.9982E-05
0.0819121 9.9973E-05 9.9973E-05 0.24552 0.200317 0.0924483 0.112147 9.9973E-05 0.267357
0.17546 9.9991E-05 0.0269959 0.166929 0.0983217 0.381115 0.0577305 0.0108437 0.0825048
0.000523465 9.9991E-05 0.0176281 0.300214 0.0186502 0.486393 0.00522859 0.034674 0.136589
9.9991E-05 0.144525 0.00106462 0.0800917 0.114834 0.382031 0.0238483 0.132191 0.121315
0.255662 9.9973E-05 9.9973E-05 0.264163 0.0504718 0.393452 0.019806 9.9973E-05 0.016146
0.173087 0.00423972 0.00377229 0.235906 0.0614564 0.435271 9.9982E-05 9.9982E-05 0.086067
0.129757 9.9973E-05 9.9973E-05 0.139325 9.9973E-05 0.396089 0.111515 0.0846874 0.138326
9.9973E-05 0.0177196 9.9973E-05 0.222522 0.0564939 0.524147 0.0119121 9.9973E-05 0.166906
0.0793541 0.0159335 0.00652284 0.09526 9.9991E-05 0.615545 0.0864006 0.0643504 0.0365333
0.0387589 0.000436581 0.0514377 0.135422 0.0342056 0.393571 9.9991E-05 0.159172 0.186895
9.9973E-05 0.0627914 9.9973E-05 0.19488 0.067487 0.552998 9.9973E-05 0.0359788 0.0855646
0.0191466 0.798305 9.9955E-05 9.9955E-05 9.9955E-05 0.120954 9.9955E-05 0.0610943 9.9955E-05
0.0333862 0.809536 0.00975074 9.9964E-05 9.9964E-05 0.128635 9.9964E-05 0.018293 9.9964E-05
0.0262892 0.776437 9.9982E-05 0.0393165 0.038558 0.0935449 0.0185361 9.9982E-05 0.00711822
0.0781616 0.808683 0.0207803 9.9973E-05 9.9973E-05 0.0471311 9.9973E-05 0.041101 0.00384339
9.9946E-05 0.819434 0.0341785 9.9946E-05 9.9946E-05 0.145788 9.9946E-05 9.9946E-05 9.9946E-05
9.9964E-05 9.9964E-05 9.9964E-05 0.581837 0.0920915 0.245382 9.9964E-05 0.0186153 0.0616742
0.142213 0.0557686 0.0220165 0.0733276 0.067666 0.426561 9.9991E-05 0.0630431 0.149305
0.0343526 0.225308 9.9991E-05 0.0123489 0.0179424 0.385528 0.0621798 0.167428 0.0948113
0.0570242 9.9973E-05 0.030618 0.162143 0.109965 0.639629 9.9973E-05 9.9973E-05 0.000321
9.9964E-05 0.0902739 9.9964E-05 0.24235 0.00678143 0.532823 9.9964E-05 9.9964E-05 0.127372
0.12836 9.9982E-05 0.00356873 0.346902 0.226447 0.278003 9.9982E-05 0.000702494 0.0158162
9.9982E-05 0.0741854 0.0235845 0.557061 0.167106 0.0255987 0.0214878 9.9982E-05 0.130777
0.0218107 0.042859 9.9991E-05 0.339604 0.00267401 0.527587 0.0368319 0.0267617 0.00177219
0.180319 0.0752958 0.0358394 0.454907 9.9982E-05 0.111301 9.9982E-05 0.0984843 0.0436534
0.0544484 0.0542976 9.9991E-05 0.15274 0.121635 0.381444 0.0710713 0.0418803 0.122384
0.0625921 0.123496 9.9982E-05 0.53234 0.0624102 0.123099 9.9982E-05 0.00812199 0.0877408
9.9973E-05 0.0699678 0.0176794 0.165308 0.0722508 0.64369 9.9973E-05 9.9973E-05 0.0308041
0.0459818 0.0102985 9.9973E-05 0.527492 0.129503 0.218357 9.9973E-05 9.9973E-05 0.0680681
0.0994014 9.9982E-05 9.9982E-05 0.289584 0.0755843 0.211265 0.0861086 0.148237 0.0896189
0.101372 9.9991E-05 0.00865405 0.064207 0.0674653 0.358495 0.271931 0.0732369 0.0545393
0.162573 9.9964E-05 9.9964E-05 0.118863 9.9964E-05 0.0692395 0.575984 0.0729407 9.9964E-05
0.0622488 0.0406836 9.9991E-05 0.00457615 0.03142 0.486733 0.336025 0.0273969 0.0108164
9.9973E-05 0.048162 0.0604816 9.9973E-05 0.0369055 0.512344 0.166516 9.9973E-05 0.175291
0.139235 9.9973E-05 9.9973E-05 0.0510907 0.019713 0.23721 0.547 9.9973E-05 0.0054512
0.048855 0.0181076 0.0322895 0.108781 9.9991E-05 0.416084 0.228562 0.0614013 0.0858206
0.100091 0.0500782 9.9964E-05 9.9964E-05 9.9964E-05 0.505426 0.299396 9.9964E-05 0.044609
0.0947409 9.9955E-05 9.9955E-05 9.9955E-05 0.0286213 9.9955E-05 0.6919 9.9955E-05 0.184238
0.11913 9.9964E-05 9.9964E-05 9.9964E-05 0.0805319 0.118394 0.623839 9.9964E-05 0.0577058
0.0957079 9.9955E-05 9.9955E-05 0.0533165 9.9955E-05 0.460025 0.390451 9.9955E-05 9.9955E-05
0.0807979 9.9982E-05 0.00654535 0.0264714 0.00533062 0.051716 0.669052 9.9982E-05 0.159887
9.9964E-05 9.9964E-05 9.9964E-05 0.144422 0.0301697 0.373254 0.33528 9.9964E-05 0.116475
9.9982E-05 0.00180728 0.0147197 0.581786 0.0843043 0.103176 9.9982E-05 0.00389137 0.210115
0.280781 9.9964E-05 9.9964E-05 0.354974 0.0508798 0.205304 9.9964E-05 9.9964E-05 0.107661
0.100623 9.9973E-05 0.00700898 0.400297 9.9973E-05 0.363864 9.9973E-05 0.0472718 0.0806351
0.0267144 0.017512 0.0229267 0.159524 0.0532889 0.628179 0.0115358 0.0149219 0.065398
0.0368202 9.9973E-05 0.0152558 0.413669 9.9973E-05 0.290221 9.9973E-05 0.0108057 0.232929
0.0977028 0.0263337 0.0106123 0.155531 0.113254 0.497023 0.0856801 0.0137631 9.9991E-05
0.0317012 0.0827335 9.9982E-05 0.174549 0.0660462 0.577748 9.9982E-05 0.0410127 0.0260098
9.9973E-05 9.9973E-05 9.9973E-05 0.238212 0.0921244 0.399612 0.0871552 0.0839472 0.0986496
0.138483 9.9973E-05 0.0176775 0.263938 9.9973E-05 0.525073 9.9973E-05 0.018613 0.0359145
0.0159645 0.0486804 0.0530021 0.236369 9.9982E-05 0.486828 9.9982E-05 0.0216529 0.137303
0.0202923 9.9973E-05 0.0245304 0.499255 9.9973E-05 0.290562 9.9973E-05 0.0245242 0.140536
0.0671828 0.0705833 9.9973E-05 0.418971 9.9973E-05 0.290672 9.9973E-05 0.0860742 0.0662159
0.111837 9.9964E-05 9.9964E-05 0.169948 0.0600177 0.56494 9.9964E-05 9.9964E-05 0.0928573
9.9973E-05 0.0812216 0.0424313 0.199752 9.9973E-05 0.487172 9.9973E-05 0.034421 0.154702
0.0831679 9.9973E-05 0.0342069 0.197784 0.131015 0.406618 9.9973E-05 9.9973E-05 0.146909
0.139276 9.9964E-05 9.9964E-05 0.200381 0.0703153 0.531808 9.9964E-05 0.0578191 9.9964E-05
9.9973E-05 9.9973E-05 0.0519524 0.456085 0.0316257 0.40176 0.0560911 0.00218533 9.9973E-05
0.0724599 0.0489265 9.9955E-05 0.199231 9.9955E-05 0.678882 9.9955E-05 9.9955E-05 9.9955E-05
0.118092 9.9964E-05 9.9964E-05 0.327018 9.9964E-05 0.430996 0.0650483 0.0584456 9.9964E-05
0.134216 0.116031 9.9991E-05 0.135897 0.0118062 0.436861 0.0851448 0.0691481 0.0107966
9.9982E-05 0.328376 0.0260519 0.0182616 0.041943 0.400816 0.107514 0.076838 9.9982E-05
9.9973E-05 0.0198928 0.0704078 9.9973E-05 0.165533 0.479593 9.9973E-05 0.13082 0.133453
9.9973E-05 0.105491 0.0132143 9.9973E-05 0.0822991 0.535266 9.9973E-05 0.124419 0.13901
0.103889 0.0250533 0.0609189 0.094053 0.02025 0.491374 9.9991E-05 0.144934 0.059429
0.0486888 0.172111 0.021136 9.9991E-05 0.0130515 0.446603 0.0419603 0.160053 0.0962961
0.200117 9.9973E-05 9.9973E-05 0.189502 9.9973E-05 0.410561 0.145165 0.0212815 0.0330735
0.0199726 0.17968 0.0173885 0.00688402 9.9991E-05 0.383583 0.131392 0.183543 0.0774574
0.00595051 0.122309 9.9991E-05 0.00153694 0.442392 0.00647978 0.158928 0.0558926 0.206411
0.00735077 0.0817026 0.0378649 0.0579176 0.0817571 0.446046 0.0890369 0.198224 9.9991E-05
0.0479569 0.0963028 0.0209351 0.0479396 0.0423453 0.562201 9.9991E-05 0.149515 0.0327044
0.0316513 0.0464253 0.0284003 0.088905 0.116721 0.467151 0.0283564 0.16137 0.0310192
0.0613133 0.125629 0.0219301 0.117449 0.190638 0.306602 9.9991E-05 0.0970565 0.0792821
9.9991E-05 0.172673 0.035268 0.0313694 0.0048461 0.502351 0.0531161 0.11911 0.0811669
0.0678301 0.11559 0.068039 9.9973E-05 0.0760464 0.563354 9.9973E-05 0.108841 9.9973E-05
0.0533767 0.309272 0.0277263 9.9973E-05 0.444463 9.9973E-05 9.9973E-05 0.14765 0.0172122
9.9982E-05 0.183386 0.0787334 9.9982E-05 0.0173117 0.568202 0.0431015 0.0922577 0.0168076
0.0168516 0.154756 9.9973E-05 9.9973E-05 0.128817 0.542122 0.0338514 0.123302 9.9973E-05
0.0528951 0.0843705 9.9991E-05 0.0212018 0.0622552 0.550523 0.0785203 0.115671 0.0344635
9.9964E-05 0.142581 9.9964E-05 9.9964E-05 0.168237 0.523284 0.00204077 0.163458 9.9964E-05
9.9982E-05 0.0897811 0.0469829 0.013336 0.0197932 0.480414 0.216675 0.132818 9.9982E-05
0.392402 0.0127496 0.056001 0.0522105 9.9991E-05 0.348308 0.0300917 0.0375805 0.0705575
0.187183 0.0839885 9.9973E-05 9.9973E-05 0.0760462 0.569006 0.0770045 9.9973E-05 0.00647275
0.747887 9.9955E-05 9.9955E-05 0.126131 9.9955E-05 9.9955E-05 0.0690475 9.9955E-05 0.0564345
0.909306 0.0225311 9.9946E-05 0.0675629 9.9946E-05 9.9946E-05 9.9946E-05 9.9946E-05 9.9946E-05
0.313869 0.015551 9.9982E-05 0.0887428 0.0100311 0.369422 9.9982E-05 0.125035 0.0771494
0.0713508 0.053864 9.9973E-05 0.00179875 0.22735 0.458708 9.9973E-05 0.186628 9.9973E-05
0.230397 0.0340318 9.9964E-05 9.9964E-05 0.124665 0.311816 9.9964E-05 0.29869 9.9964E-05
0.130218 0.0970245 0.0347866 9.9991E-05 0.215136 0.171262 0.0171858 0.260487 0.0737998
0.244575 0.163968 0.0341976 9.9973E-05 0.0803857 0.271078 9.9973E-05 0.205495 9.9973E-05
0.723354 0.0448923 0.0169993 9.9973E-05 0.125792 0.0512727 9.9973E-05 0.0373897 9.9973E-05
0.569963 0.0190591 0.0362117 9.9973E-05 0.171356 0.164664 9.9973E-05 0.0384463 9.9973E-05
0.39058 9.9955E-05 0.0739456 9.9955E-05 9.9955E-05 0.447821 9.9955E-05 0.0871534 9.9955E-05
0.427194 0.10634 9.9955E-05 9.9955E-05 9.9955E-05 0.405264 9.9955E-05 0.0607028 9.9955E-05
0.639528 0.0907369 0.0466177 9.9964E-05 9.9964E-05 0.138291 9.9964E-05 0.0844267 9.9964E-05
0.276956 0.0884787 0.0152622 0.0768357 0.0166196 0.44672 0.0362671 0.0427604 9.9991E-05
0.247223 9.9964E-05 9.9964E-05 9.9964E-05 9.9964E-05 0.565987 0.0985795 0.0847951 0.00301513
0.194073 0.146874 9.9982E-05 0.0609856 0.0512478 0.433551 9.9982E-05 0.0685644 0.044504
0.561596 9.9973E-05 0.0144146 0.08154 9.9973E-05 0.251596 0.0519025 9.9973E-05 0.0386513
0.483992 9.9973E-05 0.0151144 0.0962953 9.9973E-05 0.28923 0.0970899 0.017979 9.9973E-05
0.251954 0.00836704 0.0424893 0.0789575 0.00560693 0.472768 0.0877774 9.9991E-05 0.0519796
0.338784 9.9982E-05 0.0275357 0.0877542 0.0300159 0.236025 0.203413 0.0762729 9.9982E-05
0.168929 0.0374189 0.0184372 0.0743378 0.0966023 0.520166 0.00854914 0.038295 0.0372645
0.431944 0.0253094 0.00679664 9.9973E-05 9.9973E-05 0.420892 0.0669793 9.9973E-05 0.0477785
0.646096 9.9955E-05 9.9955E-05 0.098265 9.9955E-05 0.239976 0.015163 9.9955E-05 9.9955E-05
0.35873 0.0140516 9.9955E-05 9.9955E-05 9.9955E-05 0.568091 9.9955E-05 9.9955E-05 0.0586281
0.741388 0.0053801 9.9955E-05 0.0620473 9.9955E-05 0.190685 9.9955E-05 9.9955E-05 9.9955E-05
0.490145 0.00708321 0.0487935 0.00375843 9.9982E-05 0.421051 0.0214603 9.9982E-05 0.00750873
0.240476 0.0297521 0.0293092 0.0233926 0.0229181 0.570043 9.9982E-05 9.9982E-05 0.0839084
0.255525 9.9982E-05 0.0126104 0.0639841 9.9982E-05 0.43751 0.0395943 0.067545 0.123031
0.111661 0.195078 9.9964E-05 9.9964E-05 9.9964E-05 0.429665 0.109805 0.153391 9.9964E-05
0.140591 0.17457 0.00201845 0.0938476 9.9991E-05 0.409683 0.0177687 0.0968333 0.0645889
0.0859487 0.0881059 0.0207742 0.0498111 0.117886 0.348752 0.0820581 0.206564 9.9991E-05
0.082442 0.111846 0.0470878 0.0928035 0.0597152 0.244945 0.136583 0.214656 0.00992084
9.9991E-05 0.0693478 0.0203306 0.175785 0.0756921 0.346638 0.00383274 0.244551 0.0637226
0.188611 0.122993 0.00820583 0.0385845 9.9982E-05 0.398784 0.109966 0.132656 9.9982E-05
0.565874 0.174655 0.00517235 9.9973E-05 0.119475 9.9973E-05 0.0620815 0.0724426 9.9973E-05
0.0383807 0.0525365 0.0124854 0.0687243 0.0628413 0.516743 0.0218943 0.226295 9.9991E-05
0.368493 0.318477 0.00382942 9.9964E-05 0.276194 9.9964E-05 9.9964E-05 0.032606 9.9964E-05
0.305477 0.0511163 9.9964E-05 9.9964E-05 0.0529494 0.449577 9.9964E-05 0.140481 9.9964E-05
0.820708 9.9946E-05 9.9946E-05 9.9946E-05 9.9946E-05 0.0597457 9.9946E-05 9.9946E-05 0.118946
0.900845 9.9946E-05 9.9946E-05 0.0570922 9.9946E-05 9.9946E-05 9.9946E-05 9.9946E-05 0.0414633
0.433213 9.9955E-05 0.0128641 9.9955E-05 9.9955E-05 0.437417 9.9955E-05 9.9955E-05 0.116006
0.299741 9.9964E-05 0.0271714 9.9964E-05 9.9964E-05 0.572614 9.9964E-05 0.00492662 0.0951466
0.550357 9.9955E-05 9.9955E-05 9.9955E-05 9.9955E-05 0.366535 0.048173 9.9955E-05 0.034435
0.456751 0.0172103 9.9973E-05 0.0205915 9.9973E-05 0.473632 9.9973E-05 0.00370986 0.0278056
0.511915 9.9946E-05 9.9946E-05 9.9946E-05 9.9946E-05 0.48426 9.9946E-05 9.9946E-05 0.00322539
0.102359 0.742414 0.046203 9.9964E-05 9.9964E-05 0.0550199 9.9964E-05 0.0536038 9.9964E-05
0.0329528 0.677243 0.0194741 0.0868219 0.0165909 9.9982E-05 0.0252901 0.141427 9.9982E-05
9.9955E-05 0.831319 0.039401 0.0446895 9.9955E-05 9.9955E-05 9.9955E-05 0.0840909 9.9955E-05
0.0232413 0.805119 0.141308 9.9964E-05 0.00523031 0.0247016 9.9964E-05 9.9964E-05 9.9964E-05
0.0559239 9.9973E-05 0.0545592 9.9973E-05 0.0605686 0.382788 0.0842253 9.9973E-05 0.361635
0.0576221 0.0215463 0.0381551 0.010747 0.0412445 0.41995 9.9991E-05 0.00842052 0.402214
0.0389058 9.9964E-05 0.0461872 0.0625968 9.9964E-05 0.474127 9.9964E-05 9.9964E-05 0.377783
0.00818978 0.0443516 0.0663698 9.9973E-05 9.9973E-05 0.542977 0.0524442 9.9973E-05 0.285368
9.9973E-05 0.10982 9.9973E-05 0.0133821 9.9973E-05 0.446523 0.226339 0.0531357 0.150499
9.9982E-05 0.031934 0.00469139 0.0970336 0.0109885 0.259777 0.0506167 9.9982E-05 0.544759
0.078789 9.9964E-05 9.9964E-05 0.0060999 9.9964E-05 0.542927 9.9964E-05 0.038783 0.333002
0.0591648 0.0123064 0.0173796 9.9973E-05 9.9973E-05 0.241132 0.184976 9.9973E-05 0.484741
0.043629 0.262169 9.9982E-05 0.0521519 0.00987249 0.449539 9.9982E-05 0.163636 0.0188025
0.190949 9.9991E-05 0.00178317 0.0100215 0.0219905 0.397685 0.0465452 0.0230535 0.307872
9.9964E-05 9.9964E-05 0.0247577 0.122483 9.9964E-05 0.307059 0.00656455 9.9964E-05 0.538736
0.0629515 0.0087537 0.0375627 0.0252351 9.9973E-05 0.506395 9.9973E-05 9.9973E-05 0.358802
0.0136343 0.0316102 9.9973E-05 0.0718776 9.9973E-05 0.33708 9.9973E-05 0.0247579 0.52074
0.11391 9.9955E-05 9.9955E-05 9.9955E-05 9.9955E-05 0.549657 9.9955E-05 0.0201219 0.315812
9.9955E-05 0.0883407 0.0218053 9.9955E-05 9.9955E-05 0.547823 9.9955E-05 9.9955E-05 0.341531
0.0326337 9.9946E-05 9.9946E-05 9.9946E-05 9.9946E-05 0.0831393 9.9946E-05 9.9946E-05 0.883627
0.0417638 0.0164837 9.9982E-05 0.0412893 9.9982E-05 0.171646 0.0455961 0.0837958 0.599225
0.0897865 0.0460044 9.9973E-05 0.016491 0.0396282 0.280992 9.9973E-05 9.9973E-05 0.526798
0.0290477 9.9946E-05 9.9946E-05 9.9946E-05 0.0683854 9.9946E-05 9.9946E-05 9.9946E-05 0.901967
0.0242243 0.0141037 0.0241707 0.096593 9.9991E-05 0.368318 0.0730121 0.076681 0.322798
0.0309281 9.9982E-05 0.00235007 0.00154192 0.135222 0.0311381 0.0853183 9.9982E-05 0.713302
0.0807169 9.9946E-05 9.9946E-05 9.9946E-05 0.17824 9.9946E-05 9.9946E-05 9.9946E-05 0.740443
9.9973E-05 9.9973E-05 0.0542702 0.0110778 0.0140649 0.507597 9.9973E-05 0.0450518 0.367639
9.99549E-05 0.0388676 9.99549E-05 0.118346 9.99549E-05 0.19465 9.99549E-05 9.99549E-05 0.647637
9.9973E-05 0.0110773 9.9973E-05 0.099512 9.9973E-05 0.388732 0.155248 0.0398309 0.305299
9.9982E-05 0.0879678 0.0526754 0.0588816 9.9982E-05 0.568071 0.0240894 0.0345218 0.173593
9.9955E-05 0.0144662 9.9955E-05 0.0315862 9.9955E-05 0.522395 9.9955E-05 9.9955E-05 0.431053
0.0720691 9.9973E-05 0.00788983 0.286371 0.136101 0.346905 9.9973E-05 9.9973E-05 0.150364
0.00789169 0.0242311 0.0126207 0.0823314 9.9982E-05 0.504834 9.9982E-05 0.0176589 0.350232
9.9973E-05 9.9973E-05 0.0158444 0.129196 9.9973E-05 0.451901 0.0272231 0.0485828 0.326952
9.9955E-05 9.9955E-05 0.0073974 9.9955E-05 9.9955E-05 0.225405 0.10141 9.9955E-05 0.665288
0.0446599 0.0671504 9.9973E-05 0.0451228 9.9973E-05 0.500786 0.108725 9.9973E-05 0.233256
0.00454314 0.579359 0.0663816 0.24193 9.9982E-05 9.9982E-05 0.102787 0.00430034 0.000498926
9.9982E-05 0.681154 0.0802634 0.0860629 0.0205434 0.0702044 0.00785457 9.9982E-05 0.0537175
9.9973E-05 0.695013 0.11849 0.113051 0.0253224 9.9973E-05 0.0187457 9.9973E-05 0.0290773
0.00275555 0.703044 0.0690453 0.0881358 0.0657417 9.9973E-05 0.0709777 9.9973E-05 9.9973E-05
9.9964E-05 0.724255 0.028047 0.132329 9.9964E-05 0.0155283 0.0994407 9.9964E-05 9.9964E-05
9.9964E-05 0.0286424 9.9964E-05 0.151511 9.9964E-05 0.123396 9.9964E-05 0.0321984 0.663853
9.9973E-05 0.0279735 0.0333877 0.0999519 9.9973E-05 0.124622 0.0573571 9.9973E-05 0.656407
