0.894547 9.9982E-05 0.0442675 0.0609857 9.9982E-05
0.956911 0.0131153 0.0297734 9.9982E-05 9.9982E-05
0.830142 9.9991E-05 0.0212174 0.0634306 0.08511
0.854388 0.00726838 9.9991E-05 0.0799056 0.0583385
0.872677 9.9982E-05 9.9982E-05 0.0392535 0.0878692
0.683009 0.209875 0.010781 0.071674 0.0246604
0.837328 0.162372 9.9973E-05 9.9973E-05 9.9973E-05
0.709687 0.107804 9.9991E-05 0.155898 0.0265112
0.854385 9.99729E-05 9.99729E-05 0.145315 9.99729E-05
0.738909 0.145488 0.0398917 0.0309514 0.0447597
0.790558 0.0609993 0.0599305 0.0884124 9.9991E-05
9.9982E-05 9.9982E-05 0.696183 0.158361 0.145256
0.0812553 0.0497188 0.625272 0.124598 0.119156
0.133463 9.9991E-05 0.578431 0.127308 0.160699
0.132264 9.9991E-05 0.630053 0.196301 0.0412827
0.142168 9.9991E-05 0.708639 0.032713 0.11638
0.0991094 9.9991E-05 0.700251 0.0810022 0.119537
0.0852291 9.9982E-05 0.711293 9.9982E-05 0.203278
0.0724694 9.9991E-05 0.688308 0.13344 0.105682
0.839908 9.9982E-05 0.0517068 9.9982E-05 0.108185
0.839294 9.9982E-05 0.129599 9.9982E-05 0.0309063
0.803875 0.0221101 0.114385 9.9991E-05 0.0595299
0.796839 0.0416744 0.0604254 9.9991E-05 0.100962
0.130058 9.9991E-05 0.56296 0.246371 0.0605118
0.0860043 0.00348306 0.910313 9.9982E-05 9.9982E-05
9.9982E-05 0.225659 0.705314 9.9982E-05 0.0688269
0.0332884 0.428209 0.538303 9.9982E-05 9.9982E-05
0.00522743 0.128981 0.517117 0.311365 0.0373092
0.0436868 0.441844 0.514269 9.9982E-05 9.9982E-05
0.131456 0.10877 0.583426 0.166847 0.00950258
0.268919 0.177103 0.423696 0.0881558 0.0421272
0.124451 0.0117473 0.6761 0.187602 9.9991E-05
0.0863498 0.200616 0.499744 0.118645 0.0946447
0.0748675 0.0747615 0.652103 0.180838 0.0174294
0.0449833 9.9982E-05 0.906992 9.9982E-05 0.0478249
9.9973E-05 0.32731 0.67239 9.9973E-05 9.9973E-05
9.9973E-05 0.295941 0.703759 9.9973E-05 9.9973E-05
9.9982E-05 0.167403 0.802162 9.9982E-05 0.030235
0.0518033 9.9991E-05 0.855053 0.0219955 0.0710484
0.0691258 9.9991E-05 0.731634 0.156444 0.0426957
9.9973E-05 0.539103 0.460597 9.9973E-05 9.9973E-05
0.859933 9.9982E-05 0.110502 9.9982E-05 0.0293645
0.991702 9.9982E-05 0.00227627 9.9982E-05 0.00582202
0.914192 9.9982E-05 0.0365365 9.9982E-05 0.0490718
0.954363 0.0200861 9.9982E-05 9.9982E-05 0.0253507
0.898874 0.0304645 9.9982E-05 9.9982E-05 0.0704615
0.881688 9.9991E-05 0.0329241 0.0422364 0.0430516
0.989385 9.9982E-05 0.003428 9.9982E-05 0.00698712
0.00847443 0.0960618 0.895264 9.9982E-05 9.9982E-05
0.045841 0.0318889 0.895121 0.0270492 9.9991E-05
9.9982E-05 0.19922 0.645266 9.9982E-05 0.155314
0.160582 0.229443 0.529621 0.0509372 0.0294162
0.0279366 0.0863601 0.542671 0.205067 0.137966
0.11023 0.291236 0.45881 0.120857 0.0188672
9.9991E-05 0.39699 0.310306 0.256675 0.0359298
0.0839238 0.00843924 0.739019 0.161219 0.00739893
0.0496304 9.9991E-05 0.661098 0.166201 0.12297
0.0232944 0.185664 0.566242 0.0632688 0.161531
0.1793 0.50681 0.176053 0.137738 9.9991E-05
0.116357 0.398278 0.278543 0.123663 0.0831582
0.0598563 0.575891 0.194983 0.16917 9.9991E-05
0.0519652 0.324293 0.408198 0.105456 0.110088
0.123987 0.405384 0.364939 9.9991E-05 0.105589
9.9991E-05 0.356675 0.557359 0.00970306 0.0761629
0.294937 0.243902 0.118956 9.9991E-05 0.342105
0.564501 0.383035 9.9982E-05 9.9982E-05 0.0522646
0.437393 0.446839 9.9982E-05 9.9982E-05 0.115568
0.368919 0.24226 9.9991E-05 0.0504075 0.338313
9.9982E-05 0.593569 0.317757 9.9982E-05 0.0884737
9.9991E-05 0.723013 0.181024 0.0733145 0.0225488
9.9991E-05 0.53664 0.357225 0.0730317 0.0330029
0.0589881 0.0114997 9.9982E-05 9.9982E-05 0.929312
9.9991E-05 0.0278844 0.0511528 0.0495358 0.871327
9.9973E-05 0.000937517 9.9973E-05 9.9973E-05 0.998763
0.0209077 9.9982E-05 9.9982E-05 0.0304555 0.948437
9.9982E-05 9.9982E-05 0.0385791 0.00953728 0.951684
9.997E-05 9.997E-05 9.997E-05 9.997E-05 0.9996
9.997E-05 9.997E-05 9.997E-05 9.997E-05 0.9996
9.997E-05 9.997E-05 9.997E-05 9.997E-05 0.9996
0.019625 9.99868E-05 0.0170428 9.99868E-05 0.963132
0.027115 0.0945706 0.0283401 9.9991E-05 0.849874
9.997E-05 9.997E-05 9.997E-05 9.997E-05 0.9996
0.0403348 9.9991E-05 0.0502052 0.0245693 0.884791
0.34258 0.616222 9.9982E-05 9.9982E-05 0.0409978
0.257281 0.487404 0.0983899 0.057008 0.0999172
0.261809 0.492671 0.120004 9.9991E-05 0.125416
0.851669 0.0599169 0.00534042 0.0829733 9.9991E-05
0.900808 9.9982E-05 9.9982E-05 0.0449999 0.0539921
0.944881 9.9982E-05 0.0546028 0.000316262 9.9982E-05
0.94326 9.9982E-05 9.9982E-05 0.0493616 0.00717834
0.916916 9.9991E-05 0.0122121 0.0306293 0.0401431
0.949623 9.9982E-05 0.00818467 9.9982E-05 0.0419922
0.903096 9.9973E-05 9.9973E-05 9.9973E-05 0.0966045
0.898217 0.0951243 9.9982E-05 0.00645837 9.9982E-05
0.926389 0.00865505 0.0422938 9.9991E-05 0.0225618
0.821526 0.0293209 9.9991E-05 0.0511241 0.097929
0.63684 9.9982E-05 0.187098 0.175863 9.9982E-05
0.588437 9.9982E-05 0.140033 0.27133 9.9982E-05
0.584723 0.0838358 0.19959 0.131752 9.9991E-05
0.466037 9.9982E-05 0.311775 0.221988 9.9982E-05
0.0150286 9.9991E-05 0.607017 0.333707 0.0441478
0.00263018 0.162999 0.681319 9.9991E-05 0.152952
9.9973E-05 0.413992 0.585708 9.9973E-05 9.9973E-05
9.9991E-05 0.37693 0.533158 0.028442 0.0613705
0.0421532 9.9982E-05 0.871103 0.0865436 9.9982E-05
0.090811 0.0498791 9.9991E-05 0.850452 0.00875809
9.9973E-05 0.106791 9.9973E-05 0.892909 9.9973E-05
9.997E-05 9.997E-05 9.997E-05 0.9996 9.997E-05
0.00856639 0.00383232 9.9982E-05 0.987401 9.9982E-05
9.9973E-05 0.0885903 9.9973E-05 0.91111 9.9973E-05
9.9973E-05 9.9973E-05 9.9973E-05 0.938691 0.0610093
0.810331 0.0752375 0.0248092 0.00668831 0.0829342
0.874376 0.00953968 0.0241139 0.0458318 0.0461386
0.762314 0.0451647 9.9991E-05 0.0416653 0.150756
0.741183 9.9991E-05 0.0969667 0.0174546 0.144296
0.751795 0.126229 0.0177988 9.9991E-05 0.104077
0.429187 9.9982E-05 0.123794 0.446819 9.9982E-05
0.449011 0.10236 0.0121014 0.436427 9.9991E-05
0.379277 0.0590172 0.0898247 0.464493 0.00738764
0.828376 9.9991E-05 0.0846365 0.0205295 0.0663584
0.348115 0.0196011 0.118354 0.513829 9.9991E-05
0.219994 0.28334 0.0555378 0.0463559 0.394772
0.385003 0.306342 9.9982E-05 9.9982E-05 0.308455
0.0277895 0.332378 0.433952 0.117494 0.0883863
0.129338 9.9991E-05 0.592972 0.217599 0.0599913
9.9991E-05 0.258454 0.521583 0.0808571 0.139005
9.9982E-05 0.527509 0.384102 0.0881895 9.9982E-05
0.139849 0.0706658 0.709302 0.0736726 0.0065102
9.9982E-05 0.397587 0.519976 0.0822371 9.9982E-05
9.9991E-05 0.224573 0.516273 0.135199 0.123855
0.0474252 0.233831 0.461858 0.0953227 0.161564
0.811939 0.0209127 0.00700497 9.9991E-05 0.160044
0.844083 0.0577415 0.00971993 9.9991E-05 0.0883554
0.844327 0.0966413 0.00872687 0.0238198 0.0264848
0.822802 0.0302139 0.0818372 0.0321081 0.0330391
0.842874 0.0376219 0.0324164 0.0100689 0.0770192
0.0840923 9.9991E-05 0.520125 0.319914 0.0757683
0.170928 0.0288854 0.530602 0.269485 9.9991E-05
0.151875 9.9991E-05 0.535192 0.277937 0.0348955
0.16456 0.0706192 0.57114 0.173261 0.0204201
0.0673543 9.9991E-05 0.524943 0.278723 0.12888
0.0776354 0.217957 0.488895 0.0893498 0.126163
9.9991E-05 0.563283 0.27649 0.0969142 0.0632132
9.9982E-05 0.748344 0.114828 0.136628 9.9982E-05
9.9982E-05 0.637655 0.28822 0.073925 9.9982E-05
9.9982E-05 0.684994 0.216789 0.0980176 9.9982E-05
0.0595068 9.9982E-05 0.639464 0.300829 9.9982E-05
9.9991E-05 0.378843 0.423586 0.0939267 0.103544
9.9991E-05 0.0427717 0.59769 0.233879 0.125559
0.000379949 9.9991E-05 0.574372 0.284269 0.140879
0.210386 0.546009 0.106798 9.9991E-05 0.136706
0.455618 0.390452 9.9982E-05 9.9982E-05 0.15373
9.9982E-05 0.615771 0.342792 0.0412364 9.9982E-05
9.9982E-05 0.577538 0.399989 0.0222736 9.9982E-05
0.148978 0.305893 0.15931 9.9991E-05 0.38572
0.259024 0.272512 0.15756 0.0111769 0.299727
0.106888 0.719355 0.130001 9.9991E-05 0.0436559
0.124811 0.664932 0.10327 0.0288859 0.078101
0.0182226 0.390565 0.286964 0.0156823 0.288566
0.024229 0.618392 0.187172 9.9991E-05 0.170107
9.9991E-05 0.554155 0.294553 0.135784 0.0154077
9.9991E-05 0.51337 0.306418 0.1274 0.0527129
0.18687 0.684907 0.0147953 0.0206494 0.0927784
0.310932 0.579817 9.9982E-05 9.9982E-05 0.10905
9.9973E-05 0.741775 0.257925 9.9973E-05 9.9973E-05
9.9973E-05 0.689736 0.309964 9.9973E-05 9.9973E-05
9.9982E-05 0.365483 0.526522 9.9982E-05 0.107795
9.9982E-05 0.52897 0.395177 9.9982E-05 0.075653
0.761442 0.0204972 0.118138 9.9991E-05 0.0998229
0.702493 9.9991E-05 0.109787 0.048942 0.138678
0.875791 9.9982E-05 9.9982E-05 0.016619 0.10739
0.944951 0.0547486 9.9973E-05 9.9973E-05 9.9973E-05
9.9973E-05 0.2058 0.7939 9.9973E-05 9.9973E-05
9.9982E-05 0.283131 0.656396 9.9982E-05 0.0602735
9.9973E-05 0.40075 0.59895 9.9973E-05 9.9973E-05
9.9973E-05 0.498515 0.501185 9.9973E-05 9.9973E-05
9.9973E-05 0.482048 0.517652 9.9973E-05 9.9973E-05
0.0907877 0.0427696 0.802813 0.0291304 0.0344989
9.9982E-05 0.161668 0.747466 9.9982E-05 0.0906668
0.699909 9.9982E-05 0.091009 0.208882 9.9982E-05
0.778667 0.0239028 0.0420183 0.12379 0.0316213
0.834728 0.0147446 9.9982E-05 0.150327 9.9982E-05
0.853937 0.0383958 9.9982E-05 0.107467 9.9982E-05
0.730972 0.0175961 0.104839 0.146493 9.9991E-05
0.0841572 9.9991E-05 0.874961 0.0285153 0.0122665
0.0848971 0.0752125 0.758778 0.0810127 9.9991E-05
9.9982E-05 0.312341 0.676335 9.9982E-05 0.0111238
9.9991E-05 0.109676 0.769345 0.0522528 0.0686262
0.0850985 9.9982E-05 0.825274 9.9982E-05 0.0894278
0.292865 0.109677 0.0315817 9.9991E-05 0.565776
0.224362 0.27944 0.317894 0.16103 0.0172743
0.166461 0.733075 0.0503908 0.0164075 0.0336657
0.303738 0.555359 9.9982E-05 9.9982E-05 0.140703
0.337275 0.618792 9.9982E-05 9.9982E-05 0.0437322
0.363717 0.49934 9.9982E-05 9.9982E-05 0.136743
0.444543 0.335997 9.9982E-05 9.9982E-05 0.21926
0.355872 0.337824 0.0759061 0.0139942 0.216404
0.314589 0.504833 0.0607446 9.9991E-05 0.119734
0.24079 0.399944 0.158319 0.0330405 0.167907
0.46973 0.495125 9.9982E-05 9.9982E-05 0.0349454
0.376318 0.212337 0.13802 9.9991E-05 0.273224
0.282767 0.190764 0.126048 0.028738 0.371684
0.783286 0.0647465 0.0305387 0.121329 9.9991E-05
9.9973E-05 9.9973E-05 0.156024 0.843676 9.9973E-05
0.0118194 9.9982E-05 0.130627 0.857354 9.9982E-05
9.9991E-05 0.0341455 0.116016 0.835565 0.0141734
0.0249087 9.9991E-05 0.0522844 0.848724 0.0739825
9.9991E-05 0.0335279 0.103626 0.818394 0.0443524
9.9982E-05 0.0153422 0.116935 0.867523 9.9982E-05
0.218641 9.9982E-05 0.0313833 0.749776 9.9982E-05
0.898422 0.0264128 0.0561883 9.9991E-05 0.0188769
0.77994 9.9991E-05 0.0362768 0.145539 0.0381447
0.92318 9.9982E-05 9.9982E-05 0.0201951 0.056425
0.850519 0.00758547 0.0854828 0.05582 0.00059262
0.910797 9.9991E-05 0.0491589 0.017122 0.0228218
0.85674 0.0223359 9.9991E-05 0.091267 0.0295569
0.882637 9.9982E-05 0.0163505 9.9982E-05 0.100813
0.92612 0.0188913 0.0375488 9.9991E-05 0.0173397
0.976318 9.9973E-05 9.9973E-05 0.0233822 9.9973E-05
0.922114 0.0248094 0.0154598 9.9991E-05 0.0375171
0.946678 9.9973E-05 9.9973E-05 0.0530225 9.9973E-05
0.91262 9.9982E-05 9.9982E-05 0.0396573 0.0475226
0.879963 9.9991E-05 0.0485213 0.0109699 0.0604462
0.833734 0.0188225 0.0203219 9.9991E-05 0.127022
0.812007 0.0067687 0.00129018 9.9991E-05 0.179834
0.814906 9.9982E-05 0.0429351 9.9982E-05 0.141959
0.839942 9.9982E-05 0.0341096 9.9982E-05 0.125748
0.17864 0.361504 0.274842 0.0757068 0.109307
9.9991E-05 0.785644 0.0305212 0.14097 0.0427645
0.154461 0.817231 9.9982E-05 0.0281078 9.9982E-05
9.9991E-05 0.215513 0.448635 0.275021 0.0607309
0.0194788 0.841438 9.9982E-05 0.138883 9.9982E-05
9.9991E-05 0.783409 0.00173796 0.194183 0.0205695
0.0772639 0.326002 0.242706 0.137738 0.21629
0.478666 0.105808 0.235118 0.0241685 0.156239
0.355211 0.439205 9.9991E-05 0.0128025 0.192681
0.330689 0.0844707 0.272957 0.0257196 0.286164
0.470603 0.00556272 0.313276 9.9991E-05 0.210458
