0.0262739 9.9982E-05 0.0618877 0.911638 9.9982E-05
9.9982E-05 9.9982E-05 0.0242422 0.910846 0.0647121
0.0454184 0.0884104 0.0408808 0.82519 9.9991E-05
0.0564039 0.0699736 0.027267 0.846256 9.9991E-05
0.0241729 0.0556884 9.9982E-05 0.919939 9.9982E-05
0.0889446 0.0625974 0.0544069 0.609397 0.184655
9.9982E-05 9.9982E-05 0.0124132 0.840221 0.147166
0.058537 0.033613 0.12089 0.717796 0.0691642
9.99729E-05 9.99729E-05 0.152631 0.847069 9.99729E-05
0.109243 0.0236307 0.0733791 0.714982 0.0787645
9.9991E-05 0.110295 0.0848869 0.757289 0.0474289
0.0215388 0.498581 0.445333 9.9991E-05 0.0344474
0.111788 0.590044 0.198642 0.03951 0.0600156
0.0665001 0.410673 0.399623 0.0597331 0.0634705
0.163139 0.485187 0.27301 0.0653792 0.0132842
0.120646 0.529251 0.223256 0.1006 0.0262463
0.0910178 0.521635 0.173908 9.9991E-05 0.213339
0.0892635 0.463 0.290041 0.157596 9.9991E-05
0.0707815 0.149926 0.613656 0.0391186 0.126518
0.0251432 0.560192 0.22218 0.0868248 0.105661
0.14006 0.428985 0.13009 0.0970782 0.203787
0.023123 0.729539 0.134393 0.044195 0.0687494
0.149109 0.377459 0.312811 0.0106461 0.149975
0.104141 0.651584 0.216141 0.0280339 9.9991E-05
0.0646582 0.41851 0.43076 0.0412997 0.0447721
0.169553 0.346396 0.376162 0.0485975 0.0592924
0.079197 0.387028 0.443684 9.9991E-05 0.0899907
0.0831828 0.0890811 9.9982E-05 0.827536 9.9982E-05
0.0164686 0.132198 9.9982E-05 0.851133 9.9982E-05
9.9973E-05 0.19204 9.9973E-05 0.80766 9.9973E-05
0.107842 0.111528 9.9991E-05 0.726651 0.0538792
0.0527472 0.548517 0.122803 0.0485301 0.227404
0.0510568 0.556176 0.0262177 0.00923444 0.357315
9.9991E-05 0.367351 0.50058 0.0820744 0.0498942
0.00622168 0.419713 0.0556231 9.9991E-05 0.518343
0.0753028 0.631938 0.00275495 0.0677231 0.222281
0.0435535 0.708199 0.0577001 0.1112 0.0793476
0.0888679 0.623178 0.101621 0.159696 0.0266377
9.9991E-05 0.436947 0.173194 0.00741602 0.382344
0.134102 0.530729 0.0305931 0.0679861 0.23659
9.9973E-05 0.478251 9.9973E-05 9.9973E-05 0.521449
9.9982E-05 9.9982E-05 0.125844 0.0615343 0.812422
9.9982E-05 0.332661 0.493719 9.9982E-05 0.17342
0.0337239 0.0714472 0.183323 0.0487218 0.662784
0.0164989 0.268552 0.392161 0.0680802 0.254708
0.07593 0.600278 0.244388 9.9991E-05 0.0793045
9.9991E-05 0.488256 0.165211 0.133526 0.212907
0.0572337 0.207999 0.323147 0.229132 0.182488
0.153776 0.454322 0.254456 0.0439009 0.0935454
9.9991E-05 0.290543 0.424295 0.0884121 0.19665
0.0358234 0.662508 0.172769 0.0528407 0.0760589
0.129309 0.621971 0.0769225 0.0357171 0.13608
0.0926703 0.314949 0.260265 0.092607 0.239509
0.0612856 0.622241 0.12667 0.0362706 0.153533
0.0066057 0.303147 0.359608 0.0380692 0.29257
9.9982E-05 0.709868 0.0391096 9.9982E-05 0.250822
9.9991E-05 0.397356 0.133151 0.00394012 0.465453
9.9991E-05 0.0663943 0.0572966 0.00669002 0.869519
9.9982E-05 0.240382 0.0738504 9.9982E-05 0.685568
9.9982E-05 0.426516 0.0304202 9.9982E-05 0.542863
9.9991E-05 0.620978 0.114815 0.0137248 0.250382
0.0718822 0.502836 0.0683136 0.033892 0.323077
9.9991E-05 0.379103 0.247429 0.039989 0.333379
9.9991E-05 0.48171 0.321021 0.0173992 0.17977
9.9991E-05 0.597199 0.037186 0.0171876 0.348328
9.9991E-05 0.596915 0.042756 0.104318 0.255911
9.9973E-05 0.53605 9.9973E-05 9.9973E-05 0.46365
9.9991E-05 0.0335985 0.05274 0.0267509 0.886811
0.0420554 0.106524 0.0181228 0.833197 9.9991E-05
9.9973E-05 0.0742361 9.9973E-05 0.925464 9.9973E-05
0.0194389 0.0977769 9.9982E-05 0.882584 9.9982E-05
0.030707 0.023178 9.9982E-05 0.945915 9.9982E-05
0.0645558 0.0397713 0.0110845 0.875159 0.00942954
0.0314598 0.0691738 0.000971353 0.898295 9.9991E-05
9.9973E-05 0.03654 9.9973E-05 0.96316 9.9973E-05
9.9991E-05 0.293012 0.143682 0.0266441 0.536562
0.0418318 0.65302 0.0680296 0.0317609 0.205358
0.023287 0.721178 9.9991E-05 0.102154 0.153281
0.053451 0.641089 9.9991E-05 0.0489436 0.256417
0.156372 0.520499 9.9991E-05 0.000342028 0.322687
9.9991E-05 0.228177 0.248939 0.0364438 0.48634
0.0157307 0.422477 9.9991E-05 0.0624989 0.499194
9.9982E-05 0.627562 9.9982E-05 0.00804438 0.364193
9.9982E-05 0.593016 0.086228 9.9982E-05 0.320556
0.172613 0.348998 9.9982E-05 9.9982E-05 0.478189
9.9991E-05 0.673151 0.0469106 0.0747687 0.205069
9.9991E-05 0.358769 0.218595 0.0829528 0.339583
0.10449 0.443705 0.299096 0.042448 0.110261
0.0573174 0.597544 0.268879 0.0568391 0.0194206
0.0735664 0.670573 0.249152 0.00660862 9.9991E-05
0.0535072 0.492591 0.3471 0.0461912 0.0606109
9.9991E-05 0.668057 0.195469 0.0486008 0.0877733
9.9982E-05 0.675206 0.30508 0.0195136 9.9982E-05
0.0578307 0.726108 0.155986 0.0257121 0.0343632
0.0993663 0.612022 0.132826 0.023104 0.132682
0.0914687 0.343297 0.184025 0.096281 0.284928
0.10895 0.693031 0.103744 9.9991E-05 0.0941739
0.184596 0.577485 0.104932 9.9991E-05 0.132887
0.0168084 0.366358 0.289485 0.0332269 0.294122
0.100958 0.18606 0.308796 0.021045 0.38314
0.0747543 0.0533231 0.359784 9.9991E-05 0.512038
9.9991E-05 0.442478 0.340784 0.071249 0.145389
9.9991E-05 0.648243 0.282642 0.0115785 0.0574363
9.9982E-05 0.511453 0.38738 9.9982E-05 0.100967
0.0199712 0.440459 0.43762 0.0246854 0.0772635
0.118232 0.560809 0.119176 0.0463951 0.155388
0.112521 0.268217 0.315776 9.9991E-05 0.303385
0.0573848 0.494672 9.9991E-05 0.093939 0.353904
9.9982E-05 9.9982E-05 0.192995 0.18184 0.624965
0.131613 0.292225 0.0672454 0.0973323 0.411583
0.14236 0.410847 9.9991E-05 0.0933917 0.353302
9.9991E-05 0.215393 0.0756427 0.179942 0.528922
9.9991E-05 0.256193 0.15407 0.103447 0.48619
9.9991E-05 0.464219 0.11915 0.0421754 0.374356
0.118658 0.0836718 0.086881 0.137253 0.573537
9.9982E-05 0.451238 0.122869 9.9982E-05 0.425692
0.0952649 0.432142 0.0909031 0.0156753 0.366014
0.29136 0.0996885 9.9991E-05 0.359809 0.249043
0.174922 9.9982E-05 9.9982E-05 0.573763 0.251115
0.143992 9.9982E-05 9.9982E-05 0.49148 0.364327
0.380038 0.0419615 0.0241539 0.393366 0.160481
0.0875254 0.598121 9.9982E-05 9.9982E-05 0.314154
0.699963 0.299737 9.9973E-05 9.9973E-05 9.9973E-05
0.0858474 0.26247 0.000331884 0.0058085 0.645543
0.0861325 0.111312 0.0378554 0.00781055 0.75689
0.0957275 0.575588 9.9991E-05 0.069049 0.259535
0.0627585 0.54467 0.0293379 0.11038 0.252854
0.125338 0.583833 9.9991E-05 0.0356988 0.25503
0.0502275 0.139044 0.0379757 0.025556 0.747196
0.949704 9.9982E-05 0.00415627 9.9982E-05 0.0459393
0.932699 0.0670007 9.9973E-05 9.9973E-05 9.9973E-05
0.746367 0.242771 0.0106623 9.9982E-05 9.9982E-05
0.795533 0.180295 9.9982E-05 0.0239724 9.9982E-05
0.9996 9.997E-05 9.997E-05 9.997E-05 9.997E-05
0.927695 9.9973E-05 0.0720051 9.9973E-05 9.9973E-05
0.849454 0.150246 9.9973E-05 9.9973E-05 9.9973E-05
0.979309 9.9973E-05 0.0203915 9.9973E-05 9.9973E-05
0.9996 9.997E-05 9.997E-05 9.997E-05 9.997E-05
0.998159 9.9973E-05 9.9973E-05 0.00154075 9.9973E-05
0.711019 0.187642 0.0511517 0.0500873 9.9991E-05
0.821472 0.0586271 0.0778641 0.0222024 0.0198341
0.982275 9.9982E-05 0.0146343 9.9982E-05 0.00289065
0.756246 0.14997 0.0457532 0.0479311 9.9991E-05
0.875838 0.0894481 0.0247573 0.00985631 9.9991E-05
0.9996 9.99707E-05 9.99707E-05 9.99707E-05 9.99707E-05
0.864906 0.06633 0.0316624 0.0370014 9.9991E-05
0.9996 9.997E-05 9.997E-05 9.997E-05 9.997E-05
0.697908 0.166448 0.102463 0.0330813 9.9991E-05
0.89508 0.0341885 0.0639798 0.00665148 9.9991E-05
0.0159775 9.9982E-05 9.9982E-05 0.408515 0.575307
0.106695 0.34571 0.0504394 0.238794 0.258361
0.100051 0.419455 9.9991E-05 0.281461 0.198933
0.193717 0.045108 0.00884953 0.272403 0.479922
0.157616 0.182131 9.9991E-05 0.262743 0.39741
0.220571 0.193663 9.9991E-05 0.174048 0.411619
0.181895 0.421883 0.00254007 0.126404 0.267277
0.289131 0.152725 9.9991E-05 0.233558 0.324487
9.9991E-05 0.0218609 0.0806796 0.860108 0.0372518
0.0453682 9.9982E-05 9.9982E-05 0.926298 0.0281344
9.9973E-05 9.9973E-05 0.0266053 0.973095 9.9973E-05
9.9982E-05 0.0347889 0.046654 0.918357 9.9982E-05
0.0025302 0.0643419 0.0340651 0.898963 9.9991E-05
0.0559854 0.0200475 9.9982E-05 0.923767 9.9982E-05
0.100272 9.9982E-05 0.0489612 0.850567 9.9982E-05
9.9991E-05 0.0143568 0.00697918 0.917147 0.0614172
0.0364958 9.9982E-05 9.9982E-05 0.960777 0.00252727
0.122843 9.9982E-05 0.00914064 0.867816 9.9982E-05
9.9982E-05 9.9982E-05 0.304895 0.61363 0.0812747
0.0147645 0.0338222 0.355968 0.581649 0.0137962
9.9991E-05 0.00712347 0.339534 0.552795 0.100447
9.9991E-05 0.00413132 0.388707 0.493889 0.113173
0.0135368 0.567619 0.124597 0.0719333 0.222314
0.0473877 0.634485 0.214355 0.0400142 0.0637584
9.9991E-05 0.460539 0.162568 0.0737794 0.303014
9.9982E-05 0.38331 0.578684 9.9982E-05 0.0378066
0.0951242 0.570994 0.0120641 0.038377 0.283441
0.0713115 0.648479 0.0470576 9.9991E-05 0.233052
0.0680622 0.495341 0.143952 9.9991E-05 0.292545
0.0681894 0.508353 0.00552334 9.9991E-05 0.417834
9.9991E-05 0.577336 0.103969 0.0351455 0.283449
9.9973E-05 9.9973E-05 0.17921 9.9973E-05 0.82049
9.9991E-05 0.356541 0.032659 0.00410853 0.606592
0.039364 0.645714 9.9991E-05 0.0304957 0.284326
9.9991E-05 0.331263 0.263295 0.0378052 0.367537
0.0073933 9.9991E-05 0.781598 0.145765 0.065144
0.0709605 0.0242146 0.828716 0.0385079 0.0376006
0.00681763 9.9991E-05 0.937715 0.0171613 0.0382062
9.9982E-05 0.0237743 0.924905 0.0511207 9.9982E-05
0.0658734 9.9982E-05 0.919434 9.9982E-05 0.0144923
0.15401 9.9973E-05 0.84569 9.9973E-05 9.9973E-05
0.0116785 0.0937794 0.0179155 0.876527 9.9991E-05
9.9982E-05 0.1122 0.0198693 0.867731 9.9982E-05
0.1054 0.114652 9.9982E-05 0.779749 9.9982E-05
0.0907505 0.0832427 0.0508409 0.775066 9.9991E-05
0.069206 0.110451 0.0384538 0.777409 0.00447997
9.9982E-05 9.9982E-05 0.530421 0.394725 0.0746541
9.9982E-05 9.9982E-05 0.434888 0.430793 0.134119
9.9982E-05 9.9982E-05 0.440538 0.457642 0.10162
0.0777373 0.110073 0.004515 0.807575 9.9991E-05
9.9991E-05 0.0177956 0.558786 0.399417 0.0239012
0.400313 0.24016 9.9991E-05 0.201559 0.157868
0.33587 0.447415 9.9982E-05 0.216515 9.9982E-05
0.332495 0.228961 9.9991E-05 0.256142 0.182302
0.361644 9.9982E-05 9.9982E-05 0.437123 0.201034
0.0515701 0.564426 0.224958 0.0423968 0.116649
0.0868676 0.394214 0.206859 9.9991E-05 0.311959
9.9982E-05 0.498456 0.404728 0.0966161 9.9982E-05
0.0807342 0.413809 0.110261 9.9991E-05 0.395096
9.9973E-05 9.9973E-05 0.246532 9.9973E-05 0.753168
0.0568815 0.516324 0.199423 9.9991E-05 0.227271
9.9991E-05 0.500333 0.315135 0.0471742 0.137258
9.9991E-05 0.256402 0.170155 0.0245571 0.548786
0.103953 0.340239 0.169523 9.9991E-05 0.386185
0.0949152 0.612134 0.219264 0.0335827 0.0401036
0.229315 0.334681 0.111152 0.115848 0.209004
0.0720062 0.369544 0.234773 9.9991E-05 0.323576
0.0768597 0.498775 0.242176 0.00163627 0.180552
0.161714 0.395123 0.0945829 0.0308609 0.317719
0.00103924 0.650475 0.069908 0.0507912 0.227786
0.148439 0.495421 0.200485 0.0394319 0.116224
0.092028 0.133461 9.9982E-05 0.774311 9.9982E-05
0.067988 0.0439505 9.9991E-05 0.835083 0.0528788
9.9991E-05 0.0923599 0.0545296 0.832141 0.020869
0.0419699 0.104528 0.0454796 0.780801 0.0272217
0.0115999 0.15043 9.9982E-05 0.837771 9.9982E-05
0.0648861 0.295035 0.49517 0.051664 0.0932447
0.170951 0.614254 0.13963 0.0301871 0.0449781
0.0579497 0.58082 0.298652 0.0304878 0.032091
0.166553 0.207204 0.311129 0.00355636 0.311557
9.9991E-05 0.164897 0.590925 0.084376 0.159702
0.0664456 0.522236 0.275796 9.9991E-05 0.135422
0.0402244 0.292576 0.537602 0.0794714 0.0501264
0.0865068 0.358981 0.144391 0.0860663 0.324056
9.9991E-05 0.330868 0.429833 0.135581 0.103618
0.0581139 0.351128 0.516386 0.0228809 0.0514913
0.120686 0.279254 0.2678 0.0372834 0.294977
0.097029 0.184139 0.11611 0.0607612 0.541961
9.9982E-05 0.597482 9.9982E-05 0.10108 0.301239
0.0254877 0.281998 0.117264 0.0604947 0.514756
9.9991E-05 0.584063 0.000997226 0.095695 0.319144
9.9982E-05 0.112298 0.136601 9.9982E-05 0.750902
0.0230704 0.178221 0.0846613 9.9991E-05 0.713947
0.10961 0.365017 0.0781633 0.0407273 0.406482
9.9991E-05 0.169154 0.0907618 0.0254753 0.714509
0.0491844 0.498708 0.137818 9.9991E-05 0.314189
9.9982E-05 0.309299 0.604563 9.9982E-05 0.0859382
0.0809138 0.206781 0.313826 9.9991E-05 0.39838
0.102817 0.451584 0.37415 0.0210463 0.0504031
0.120409 0.601655 0.106961 0.000926686 0.170048
0.0319104 0.437541 0.366126 9.9991E-05 0.164323
0.145789 0.530251 0.255171 0.0242105 0.0445783
0.0425408 0.53694 0.241868 0.00848885 0.170162
0.134387 0.340531 0.470158 9.9991E-05 0.0548242
0.138487 0.38309 0.375075 9.9991E-05 0.103247
0.132388 0.639171 0.192187 9.9991E-05 0.0361538
0.0619439 0.522425 0.0986137 0.0657419 0.251275
0.147308 0.510643 0.164438 9.9991E-05 0.17751
0.0410435 0.511279 0.374182 0.0733958 9.9991E-05
0.128898 0.503384 0.357589 9.9991E-05 0.0100291
0.198926 0.373891 9.9991E-05 0.39421 0.0328729
0.295913 0.411223 0.0414153 0.131359 0.12009
0.229578 0.510514 0.0955321 0.0373177 0.127059
0.265431 0.530088 9.9991E-05 0.190086 0.0142952
0.0386296 0.599404 0.10813 9.9991E-05 0.253737
0.157553 0.0334996 9.9991E-05 0.290572 0.518275
0.257337 0.432906 0.131252 0.107177 0.0713272
0.313847 0.36693 0.0774657 0.0461082 0.195649
0.168732 0.296432 0.0445759 0.258828 0.231433
0.259578 0.532967 0.0207899 0.180084 0.00658206
0.215828 9.9982E-05 9.9982E-05 0.516297 0.267675
0.251016 0.455848 9.9991E-05 0.169958 0.123079
0.168815 0.56296 0.0216096 0.224259 0.0223567
0.118585 0.414479 0.0260448 0.0373786 0.403512
9.9982E-05 0.0198516 0.0937372 9.9982E-05 0.886211
0.000219817 9.9991E-05 0.153241 0.000486902 0.845952
0.38358 0.351876 0.0201906 0.121129 0.123224
0.295057 0.330462 9.9991E-05 0.130494 0.243887
0.27497 0.213296 9.9991E-05 0.246612 0.265023
0.347293 0.253015 9.9991E-05 0.178501 0.221091
0.158174 0.0132756 9.9991E-05 0.105742 0.722708
0.158223 0.12872 9.9991E-05 0.148883 0.564074
0.202398 0.540665 9.9991E-05 0.0230068 0.23383
0.191917 0.428493 9.9991E-05 0.0662762 0.313213
0.127042 0.216776 9.9991E-05 0.105 0.551082
0.193748 0.485508 0.0760336 0.0398244 0.204886
0.246973 0.390751 0.0694532 9.9991E-05 0.292723
9.9982E-05 0.43391 0.113889 9.9982E-05 0.452001
0.0705766 0.37375 0.0610982 0.00728706 0.487288
0.126427 0.223543 0.234022 0.0324436 0.383565
0.0882804 0.372319 9.9982E-05 9.9982E-05 0.539201
0.0321395 0.222023 0.140196 9.9991E-05 0.605542
0.0985414 0.568425 9.9982E-05 9.9982E-05 0.332834
0.0761227 0.124355 0.146339 9.9991E-05 0.653084
0.0704517 0.370613 0.108019 9.9991E-05 0.450817
0.29574 0.343727 0.0152909 0.192713 0.152528
0.321782 0.231117 0.206107 0.141384 0.099609
0.1523 9.9982E-05 9.9982E-05 0.200594 0.646906
0.309045 0.551851 9.9991E-05 0.0557675 0.0832363
0.158372 9.9982E-05 9.9982E-05 0.407812 0.433617
0.273229 0.418905 9.9991E-05 0.0597899 0.247976
9.9973E-05 0.0665712 9.9973E-05 9.9973E-05 0.933129
9.9982E-05 9.9982E-05 0.11439 0.0274715 0.857939
0.0427979 0.519074 0.0114849 9.9991E-05 0.426543
0.128372 0.602046 9.9991E-05 0.039458 0.230024
9.9973E-05 0.442637 9.9973E-05 9.9973E-05 0.557063
0.111876 0.411424 9.9982E-05 9.9982E-05 0.4765
0.0433115 0.542809 0.0422458 9.9991E-05 0.371534
0.0636689 0.0362769 9.9991E-05 0.79725 0.102705
0.106866 9.9991E-05 0.155867 0.708332 0.0288348
0.06592 9.9982E-05 0.0310083 0.902872 9.9982E-05
0.0346061 0.0117229 9.9982E-05 0.953471 9.9982E-05
0.0147815 0.633441 9.9991E-05 0.0470787 0.304599
9.9982E-05 0.678233 9.9982E-05 0.00404373 0.317524
9.9991E-05 0.41946 0.134775 0.0185322 0.427133
0.0843755 0.649655 0.0328334 0.0501508 0.182985
9.9973E-05 0.445452 9.9973E-05 9.9973E-05 0.554248
0.201738 0.499544 0.0112557 0.287362 9.9991E-05
0.0963919 0.499979 0.0354069 9.9991E-05 0.368122
9.9982E-05 0.598099 0.160556 9.9982E-05 0.241146
0.012751 0.598784 9.9991E-05 0.0413226 0.347042
9.9982E-05 0.662666 0.0882479 9.9982E-05 0.248886
0.111602 0.569437 9.9982E-05 9.9982E-05 0.318762
9.9973E-05 0.272969 9.9973E-05 9.9973E-05 0.726731
9.9982E-05 0.427084 0.0384167 9.9982E-05 0.534299
0.00887269 0.454424 0.00344373 9.9991E-05 0.533159
9.997E-05 9.997E-05 9.997E-05 9.997E-05 0.9996
9.9991E-05 0.632529 0.15849 0.033453 0.175428
9.9991E-05 0.21436 0.01264 0.00232937 0.770571
9.9982E-05 9.9982E-05 0.0152346 0.0290175 0.955548
0.11407 0.565285 0.0501426 9.9991E-05 0.270402
9.9991E-05 0.474216 0.165619 0.0196105 0.340455
0.101967 0.594673 0.0918511 0.0235309 0.187978
0.0900221 0.612579 0.0735503 0.0225578 0.201291
0.0873626 0.349702 0.236425 9.9991E-05 0.32641
0.0741473 0.626289 0.121225 9.9991E-05 0.178239
9.9991E-05 0.695248 0.0961659 0.029629 0.178857
9.9982E-05 0.525916 0.0385094 9.9982E-05 0.435374
9.9991E-05 0.0314357 0.266966 0.697914 0.0035845
9.9991E-05 0.0939692 0.115937 0.782446 0.00754758
9.9973E-05 9.9973E-05 0.144751 0.854949 9.9973E-05
9.9973E-05 9.9973E-05 0.203113 0.796587 9.9973E-05
9.9982E-05 0.061352 0.222769 0.715679 9.9982E-05
9.9982E-05 0.410094 0.216119 9.9982E-05 0.373588
9.9991E-05 0.386486 0.227079 0.0163892 0.369945
9.9973E-05 0.328429 9.9973E-05 9.9973E-05 0.671271
0.00474341 0.520944 9.9991E-05 0.0372225 0.43699
0.0551671 0.713413 9.9991E-05 0.0333348 0.197985
9.9982E-05 0.470175 9.9982E-05 0.0556334 0.473992
9.9982E-05 0.640172 9.9982E-05 0.0551788 0.304449
9.9982E-05 0.414877 0.218364 9.9982E-05 0.366559
9.9982E-05 0.625037 0.0931567 9.9982E-05 0.281606
9.9982E-05 0.597509 0.19854 9.9982E-05 0.203751
0.0820741 0.607243 0.0442249 0.122563 0.143896
9.9982E-05 0.590438 0.126328 9.9982E-05 0.283034
9.9991E-05 0.718713 0.0746737 0.0690663 0.137447
0.488508 0.319417 9.9991E-05 0.154793 0.0371822
0.540979 0.275407 9.9991E-05 0.112688 0.0708252
0.0194674 0.560558 9.9991E-05 0.0836918 0.336183
0.604428 0.0842288 9.9991E-05 0.29082 0.020423
0.474137 0.27366 0.00486622 0.202137 0.0451994
0.17919 0.392801 9.9991E-05 0.190217 0.237692
0.0202033 0.601711 0.0857827 0.12549 0.166813
0.0760743 0.512231 0.0631755 0.147363 0.201156
0.513945 0.262727 9.9982E-05 0.223128 9.9982E-05
0.463389 0.38632 9.9991E-05 0.144097 0.00609401
0.510685 0.344181 9.9991E-05 0.0955373 0.0494972
0.52824 0.311015 9.9991E-05 0.124486 0.0361585
0.092844 0.510233 9.9991E-05 0.105627 0.291197
0.648793 0.17527 9.9991E-05 0.161848 0.0139899
9.9991E-05 0.352242 0.214279 0.181845 0.251534
0.175336 0.480259 0.0101181 0.0714933 0.262793
0.0349415 0.655864 9.9991E-05 0.226591 0.0825043
0.0221904 0.553777 0.0226688 0.168102 0.233262
0.235646 0.311835 9.9991E-05 0.208485 0.243934
0.330718 0.360104 9.9991E-05 0.221651 0.0874279
0.619762 0.127989 9.9982E-05 0.252049 9.9982E-05
0.00655269 0.503199 0.0528961 0.153661 0.283691
0.113024 0.0445784 9.9991E-05 0.176369 0.665929
0.0425398 0.388907 0.0871715 0.133969 0.347413
0.200376 0.501357 9.9991E-05 0.226686 0.0714804
0.212252 9.9991E-05 0.019689 0.365627 0.402332
0.116546 9.9982E-05 9.9982E-05 0.405614 0.47764
0.101461 0.350571 0.0105855 0.212929 0.324454
0.212339 9.9982E-05 9.9982E-05 0.38241 0.405051
0.239618 9.9982E-05 9.9982E-05 0.482973 0.277209
0.273743 0.193284 9.9991E-05 0.160599 0.372273
0.206747 0.258527 9.9991E-05 0.222901 0.311724
0.223846 0.120713 9.9991E-05 0.344503 0.310837
0.18585 0.028116 9.9991E-05 0.35533 0.430604
0.236134 0.413736 0.00559455 0.104344 0.240192
0.169627 0.0300991 9.9991E-05 0.284524 0.515651
0.118432 9.9982E-05 9.9982E-05 0.50522 0.376148
0.243484 0.277582 9.9991E-05 0.232173 0.246662
0.164694 0.507947 0.0383717 0.288887 9.9991E-05
0.316821 0.514917 9.9982E-05 0.168062 9.9982E-05
0.319599 0.380751 0.0170528 0.131202 0.151395
0.252769 0.387488 9.9991E-05 0.355681 0.00396127
0.162174 0.548112 0.0410741 0.199392 0.049248
0.313096 0.391334 0.0122823 0.283187 9.9991E-05
0.295879 0.30716 0.0412146 0.293153 0.0625926
0.22039 0.268919 0.158977 0.122037 0.229678
0.28109 0.357284 0.0864886 0.270011 0.00512615
0.323348 0.0571111 9.9991E-05 0.357357 0.262085
0.366943 0.127157 9.9991E-05 0.270004 0.235796
9.9982E-05 9.9982E-05 0.143008 0.797666 0.0591258
9.9991E-05 0.2 0.727242 0.0702963 0.00236161
0.00629164 9.9973E-05 0.993408 9.9973E-05 9.9973E-05
0.000442369 0.0162207 0.975099 0.00813838 9.9991E-05
0.0280304 0.0615275 0.910242 9.9982E-05 9.9982E-05
0.0780681 9.9973E-05 0.921632 9.9973E-05 9.9973E-05
9.9973E-05 0.16923 0.83047 9.9973E-05 9.9973E-05
9.9982E-05 0.0150804 0.955292 0.0294278 9.9982E-05
0.0199355 0.0463566 0.768165 0.165443 9.9991E-05
0.0703505 0.0173546 0.0345949 0.874062 0.0036385
9.9982E-05 0.0856139 0.109907 0.804279 9.9982E-05
0.0376189 9.9982E-05 9.9982E-05 0.924569 0.037612
9.9991E-05 0.081218 0.0798269 0.822491 0.0163643
0.0676909 9.9982E-05 0.00812965 0.923979 9.9982E-05
0.015111 0.00359909 0.102875 0.865782 0.0126332
0.143408 0.0560535 0.130866 0.669572 9.9991E-05
0.0209509 0.0894872 9.9982E-05 0.889362 9.9982E-05
0.0379378 0.0280109 0.148212 0.776201 0.00963751
0.0819486 0.0307106 9.9991E-05 0.857759 0.0294815
9.9973E-05 9.9973E-05 0.0528082 0.946892 9.9973E-05
0.04882 0.0511767 0.0424315 0.857472 9.9991E-05
0.005837 9.9982E-05 0.0435591 0.950404 9.9982E-05
0.0081097 0.0432459 9.9982E-05 0.948444 9.9982E-05
0.0353161 0.0739868 0.0259381 0.864659 9.9991E-05
0.0500294 0.107642 9.9982E-05 0.842129 9.9982E-05
0.165785 0.050018 9.9982E-05 0.783997 9.9982E-05
0.0938396 0.111759 9.9982E-05 0.794202 9.9982E-05
0.101859 0.0686218 9.9982E-05 0.829319 9.9982E-05
0.0638578 0.399798 0.0643888 0.180697 0.291259
0.0528087 0.729738 9.9991E-05 0.111555 0.105798
0.0499896 0.0889011 0.0255028 0.0989041 0.736703
0.0298236 0.619848 0.091496 0.168051 0.0907816
0.0958787 0.0263535 0.0122369 0.202885 0.662646
0.133687 0.439125 0.0382505 0.0817919 0.307145
9.9991E-05 0.572099 0.128736 0.140669 0.158397
0.0284971 0.656268 0.105117 0.074868 0.13525
0.0248993 0.587317 0.0310361 0.0365044 0.320243
0.00869555 0.582421 0.203253 0.103504 0.102127
0.000512041 0.599874 0.0816253 0.131981 0.186008
0.0714422 0.0294281 0.429853 9.9991E-05 0.469177
9.9982E-05 9.9982E-05 0.184712 0.118947 0.696141
0.0238653 0.145108 0.0691407 0.121714 0.640172
0.0662008 0.547408 0.0302598 0.14821 0.207922
9.9982E-05 0.547925 9.9982E-05 0.133557 0.318318
0.291184 0.473164 9.9991E-05 0.159434 0.0761174
0.20184 0.564444 9.9991E-05 0.189534 0.0440819
0.120858 0.181206 0.180379 0.454958 0.0625985
0.24953 0.387627 0.041021 0.234595 0.0872268
0.25681 9.9982E-05 9.9982E-05 0.349615 0.393375
0.31341 0.170415 9.9991E-05 0.28205 0.234025
0.223933 0.333702 0.0204489 0.329409 0.0925072
0.0530791 0.500983 0.0852211 0.339597 0.0211195
0.216845 0.544664 0.0190044 0.219387 9.9991E-05
0.284299 0.293918 0.0241043 0.167799 0.229879
0.122197 0.379715 9.9991E-05 0.496868 0.00112016
