0.0348449 0.0526355 9.9973E-05 9.9973E-05 9.9973E-05 0.0294555 0.0125639 0.8702
0.0620742 0.0146897 0.00325681 9.9973E-05 9.9973E-05 9.9973E-05 0.00611028 0.913569
9.9973E-05 9.9973E-05 9.9973E-05 0.133363 0.0411704 0.0280733 0.0161141 0.780979
9.9982E-05 0.0467964 0.0455527 0.0100703 9.9982E-05 0.0764845 0.0547435 0.766153
9.9964E-05 9.9964E-05 0.0648319 0.0788089 9.9964E-05 0.0265021 9.9964E-05 0.829457
0.0907176 9.9973E-05 9.9973E-05 9.9973E-05 0.0382327 0.146392 0.173643 0.550715
0.096708 9.9964E-05 9.9964E-05 9.9964E-05 0.0591264 9.9964E-05 0.0594353 0.78433
0.0119983 0.00396712 0.113027 9.9991E-05 0.0649909 0.08328 0.0697514 0.652886
0.00187525 0.0675263 9.99729E-05 9.99729E-05 0.0678528 9.99729E-05 0.0386158 0.82383
0.0394043 9.9982E-05 9.9982E-05 0.0272685 0.0644944 0.12149 0.0907119 0.656431
0.0815059 0.0329435 9.9982E-05 0.0248972 9.9982E-05 0.00392392 0.122468 0.734061
0.199263 0.503915 9.9964E-05 0.238396 9.9964E-05 0.0580255 9.9964E-05 9.9964E-05
0.0575651 0.275494 9.9982E-05 0.429993 0.0309348 0.0941169 0.111696 9.9982E-05
0.0170722 0.576025 0.0742285 0.20481 0.0497579 0.0779068 9.9982E-05 9.9982E-05
9.9973E-05 0.335212 0.0967182 0.34702 9.9973E-05 0.133392 9.9973E-05 0.0873567
0.127268 0.212764 0.0752167 0.286158 9.9991E-05 0.171811 0.0231576 0.103525
0.207778 0.201937 0.0472998 0.28901 0.0503456 0.160771 0.042758 9.9991E-05
0.0283943 0.42388 9.9982E-05 0.382809 0.0135971 0.0126603 9.9982E-05 0.13846
0.0749961 0.765563 0.0402239 9.9982E-05 0.00216863 0.0522376 9.9982E-05 0.0646112
0.171445 0.302129 0.0389679 0.463569 9.9982E-05 0.0172593 9.9982E-05 0.0064303
0.0380193 0.180854 0.117313 0.467117 0.15261 0.0438858 9.9982E-05 9.9982E-05
0.100437 0.276751 0.018859 0.451928 0.023792 0.089405 0.00583268 0.0329953
0.176244 0.416809 9.9991E-05 0.221749 0.0524985 0.126608 0.00316924 0.00282249
0.0545179 0.363259 9.9973E-05 0.397816 0.103696 0.0804115 9.9973E-05 9.9973E-05
0.147536 0.577543 9.9973E-05 0.157798 9.9973E-05 0.0572397 9.9973E-05 0.0595833
0.105439 0.498149 9.9982E-05 0.170519 0.00265672 0.19445 9.9982E-05 0.0285852
0.176648 0.474191 0.0212753 0.194914 0.0604449 0.0723263 9.9982E-05 9.9982E-05
9.9955E-05 9.9955E-05 9.9955E-05 0.214948 9.9955E-05 0.00364265 9.9955E-05 0.78091
9.9946E-05 9.9946E-05 9.9946E-05 0.223098 9.9946E-05 9.9946E-05 9.9946E-05 0.776302
9.9964E-05 0.0257337 9.9964E-05 0.204106 9.9964E-05 0.000579359 9.9964E-05 0.769181
0.0169495 9.9982E-05 9.9982E-05 0.163603 0.0170218 0.0643078 0.00261302 0.735305
0.225679 0.0485582 0.0886258 0.567073 9.9982E-05 9.9982E-05 0.0535259 0.0163382
0.377702 9.9982E-05 0.099681 0.486237 9.9982E-05 0.0192759 0.0106368 0.00626765
0.0353573 0.627166 9.9982E-05 0.188821 0.0519993 9.9982E-05 0.0132947 0.0831618
0.5743 0.0160521 0.0781321 0.206944 9.9982E-05 0.091892 0.0324802 9.9982E-05
0.266051 9.9973E-05 9.9973E-05 0.623489 0.0543295 0.0300897 0.0257407 9.9973E-05
0.188354 0.0318002 0.00543735 0.549709 0.0401674 0.0167 0.0830722 0.0847596
0.115739 0.084871 9.9991E-05 0.585002 0.0116423 0.0279985 0.033334 0.141314
0.764276 0.142515 9.9973E-05 0.0390019 9.9973E-05 0.0499673 0.00393999 9.9973E-05
0.0525003 0.00412763 0.038544 0.583913 0.198683 0.0689012 0.0438011 0.00952933
0.712902 9.9964E-05 0.0278278 0.257274 9.9964E-05 0.00159687 9.9964E-05 9.9964E-05
0.697451 0.0641057 0.031079 9.9973E-05 0.16714 9.9973E-05 9.9973E-05 0.0399245
0.210323 0.420725 0.0320514 0.181626 0.0903714 9.9982E-05 0.0647035 9.9982E-05
0.189643 0.234815 0.129098 0.0959359 0.316107 0.0100692 0.0242311 9.9991E-05
0.228784 0.266453 0.0675801 0.18497 0.0500654 9.9991E-05 0.0964362 0.105611
0.0143239 0.24372 0.0441674 0.500025 0.016104 0.0139239 0.112892 0.0548437
0.234113 0.292854 0.0144548 0.254693 0.0431558 9.9982E-05 9.9982E-05 0.160529
0.220728 0.247163 9.9991E-05 0.103197 0.148583 0.0469486 0.0685304 0.164749
0.0314259 0.18016 0.0639284 0.467365 0.157918 0.0150467 0.0817118 0.00244371
0.236802 0.432623 9.9982E-05 0.0311347 0.0944936 9.9982E-05 0.104439 0.100308
0.0689747 0.35286 0.0685038 0.443384 0.0639816 0.00209569 9.9982E-05 9.9982E-05
9.9973E-05 0.107368 0.213417 0.501295 0.0837073 0.0939122 9.9973E-05 9.9973E-05
0.237766 0.274014 0.0213853 0.225425 0.131396 0.0457079 0.0234193 0.0408869
0.15654 0.186604 9.9973E-05 0.490111 0.124921 0.0415238 9.9973E-05 9.9973E-05
0.173467 0.469072 9.9964E-05 0.217323 0.139738 9.9964E-05 9.9964E-05 9.9964E-05
0.445845 0.0405466 9.9955E-05 0.513109 9.9955E-05 9.9955E-05 9.9955E-05 9.9955E-05
0.795003 0.0648527 9.9973E-05 0.115493 9.9973E-05 0.0210518 9.9973E-05 0.00329926
0.891469 9.9946E-05 9.9946E-05 9.9946E-05 0.107931 9.9946E-05 9.9946E-05 9.9946E-05
0.816004 0.00158172 0.123167 0.000877456 0.0580704 9.9973E-05 9.9973E-05 9.9973E-05
0.714537 0.0252835 0.0779734 0.180094 9.9973E-05 0.00181269 9.9973E-05 9.9973E-05
0.542886 0.00375236 9.9973E-05 0.382376 9.9973E-05 0.00666538 9.9973E-05 0.0640204
0.482653 0.00669727 9.9991E-05 0.399973 0.0600853 0.03609 0.00905533 0.00534523
0.67978 0.112193 9.9973E-05 0.0666732 9.9973E-05 0.0609414 0.0801123 9.9973E-05
0.485716 0.0758027 9.9982E-05 0.253787 9.9982E-05 0.015531 0.153665 0.0152989
0.590256 9.9982E-05 0.0305836 0.21103 9.9982E-05 0.0662614 0.0492362 0.0524331
0.47545 0.0422502 9.9991E-05 0.312125 0.0729782 0.0422311 0.0249519 0.0299137
0.54621 9.9982E-05 0.0188897 0.351854 0.072214 9.9982E-05 0.000363986 0.0102685
0.684235 9.9982E-05 0.106359 9.9982E-05 0.173038 0.00432605 0.0114211 0.0204213
9.9973E-05 0.0479997 0.00729054 0.114116 9.9973E-05 0.00263586 9.9973E-05 0.827658
9.9946E-05 9.9946E-05 9.9946E-05 0.09408 9.9946E-05 9.9946E-05 9.9946E-05 0.90532
9.9964E-05 9.9964E-05 9.9964E-05 0.111564 0.00149527 0.0490383 9.9964E-05 0.837503
9.9964E-05 9.9964E-05 9.9964E-05 0.0688071 0.0187504 0.0305254 9.9964E-05 0.881517
9.9973E-05 9.9973E-05 9.9973E-05 0.0780563 0.0404372 0.0192626 0.00835786 0.853586
9.9973E-05 9.9973E-05 0.0316984 0.0342359 9.9973E-05 0.041049 0.0488242 0.843893
9.99551E-05 9.99551E-05 9.99551E-05 0.0806073 0.0173828 9.99551E-05 9.99551E-05 0.90151
0.84189 0.0238426 0.0279449 0.0462523 0.00590384 9.9982E-05 9.9982E-05 0.0539664
0.431117 0.10658 9.9964E-05 0.428692 9.9964E-05 9.9964E-05 9.9964E-05 0.0332108
0.374698 9.9973E-05 9.9973E-05 0.514727 9.9973E-05 0.0195383 0.00517048 0.0855666
0.248419 0.0184365 0.10063 0.5223 9.9973E-05 9.9973E-05 9.9973E-05 0.109914
0.434639 9.9973E-05 0.0785818 0.459502 9.9973E-05 0.0189414 0.00803539 9.9973E-05
0.772624 0.0981977 9.9973E-05 9.9973E-05 0.0123766 9.9973E-05 0.0629004 0.0536012
0.562246 9.9982E-05 0.0495871 0.234444 0.142554 0.00337075 9.9982E-05 0.00759816
0.436086 9.9964E-05 0.108701 0.438158 9.9964E-05 9.9964E-05 0.0166546 9.9964E-05
0.467902 0.0171241 0.0156347 0.378651 9.9991E-05 0.0111568 0.032188 0.0772427
0.617342 9.9973E-05 0.0191796 0.243285 9.9973E-05 0.103003 0.0168906 9.9973E-05
0.420993 0.095191 9.9964E-05 0.411968 9.9964E-05 9.9964E-05 9.9964E-05 0.0714476
0.112644 0.465289 0.11535 0.198227 0.074388 0.0339022 9.9982E-05 9.9982E-05
0.018249 0.212678 0.030384 0.471414 9.9991E-05 0.012565 0.158394 0.0962157
0.0122359 0.308822 0.0234903 0.590327 9.9973E-05 9.9973E-05 9.9973E-05 0.0648248
0.0424225 0.210243 9.9991E-05 0.587659 0.00997172 0.0250362 0.106068 0.0184996
0.0317477 0.280061 0.045015 0.482573 9.9982E-05 9.9982E-05 0.122247 0.0381563
0.109403 0.208766 0.057307 0.528259 0.0664154 9.9982E-05 0.0296497 9.9982E-05
0.0765783 0.352328 0.0270817 0.469687 9.9973E-05 9.9973E-05 0.0740256 9.9973E-05
0.047658 0.275994 0.161277 0.450374 9.9982E-05 0.0597328 0.00476411 9.9982E-05
0.112722 0.272856 0.00896823 0.46116 9.9991E-05 0.0942631 0.0463687 0.00356243
9.9991E-05 0.291513 0.108174 0.34218 0.150345 0.0106533 0.0432488 0.0537859
0.0745504 0.143554 0.00472995 0.668685 0.0641749 0.0441059 9.9982E-05 9.9982E-05
9.9964E-05 0.129885 0.0503494 0.699211 0.120155 9.9964E-05 9.9964E-05 9.9964E-05
0.173548 0.442362 0.0706333 0.267399 9.9991E-05 0.00441271 0.0179344 0.0236109
9.9982E-05 0.316406 0.239828 0.198205 0.214323 9.9982E-05 0.00442415 0.0266141
0.175857 0.278627 0.229576 0.091704 0.176058 0.00665505 0.0414236 9.9991E-05
0.165367 0.499879 0.0601055 0.24918 9.9982E-05 9.9982E-05 0.0166267 0.00864259
0.14691 0.381263 9.9982E-05 0.406218 9.9982E-05 0.0452601 0.00464419 0.0155057
0.0739738 0.358225 0.132738 0.346254 9.9982E-05 9.9982E-05 0.0734287 0.0151807
0.136427 0.522542 0.00587526 0.23907 9.9982E-05 0.048817 0.0470687 9.9982E-05
0.0508019 0.222505 0.0497424 0.556795 9.9982E-05 0.0511912 9.9982E-05 0.0687638
0.0626052 0.357722 0.104676 0.213438 0.192089 0.0503203 0.0190506 9.9991E-05
0.0588449 0.0334913 0.182107 0.421143 0.153917 0.0900339 0.0479603 0.0125025
0.095429 0.0993265 0.164294 9.9982E-05 0.410023 9.9982E-05 0.116372 0.114355
0.221148 0.00868554 0.064635 0.381467 0.220372 0.0429169 0.00548004 0.0552958
0.00851378 0.0460276 0.0857549 0.560264 0.212862 0.0306706 9.9991E-05 0.0558072
0.0432204 0.0897002 0.0736483 0.311425 0.388234 0.00628459 0.0397393 0.0477485
0.150387 0.114627 0.144682 0.163951 0.321173 9.9991E-05 0.0751692 0.0299107
0.200898 9.9973E-05 0.114134 0.405166 0.106106 9.9973E-05 0.173396 9.9973E-05
0.214135 0.15586 0.127743 0.0899036 0.242749 0.0764415 9.9991E-05 0.0930689
0.246496 0.063671 0.064194 0.349091 0.216065 9.9982E-05 0.0602826 9.9982E-05
0.180338 0.142224 0.0948885 0.447322 0.0757547 9.9982E-05 0.0592715 9.9982E-05
9.9982E-05 0.0140745 9.9982E-05 0.154811 0.227867 0.267843 0.0620925 0.273112
9.9955E-05 9.9955E-05 9.9955E-05 9.9955E-05 0.452152 0.114277 9.9955E-05 0.433071
9.9955E-05 9.9955E-05 9.9955E-05 9.9955E-05 0.545193 0.139674 9.9955E-05 0.314633
9.9973E-05 0.0294039 9.9973E-05 0.0810252 0.27593 0.307403 9.9973E-05 0.305938
0.182102 9.9964E-05 0.0404562 0.661155 0.115887 9.9964E-05 9.9964E-05 9.9964E-05
0.0234316 0.00341461 9.9964E-05 0.346569 9.9964E-05 0.626185 9.9964E-05 9.9964E-05
0.187449 9.9964E-05 0.239163 0.277473 0.295514 9.9964E-05 9.9964E-05 9.9964E-05
0.151354 0.0593936 0.227586 0.155798 0.370024 9.9982E-05 0.0356444 9.9982E-05
0.113599 9.9973E-05 0.084114 0.572957 0.143731 9.9973E-05 0.085298 9.9973E-05
0.0541063 0.0314198 0.175908 0.437151 0.226895 9.9991E-05 0.0496928 0.0247273
0.0828246 9.9973E-05 0.0258922 0.660764 0.208021 9.9973E-05 0.0221978 9.9973E-05
0.0986757 0.0751981 0.175454 0.209922 0.403862 9.9982E-05 0.0366883 9.9982E-05
9.9955E-05 9.9955E-05 0.0274238 0.0400976 9.9955E-05 0.931979 9.9955E-05 9.9955E-05
9.9955E-05 0.019577 9.9955E-05 0.0898841 9.9955E-05 0.890039 9.9955E-05 9.9955E-05
9.9964E-05 9.9964E-05 0.000554913 0.274075 9.9964E-05 0.662696 0.0622747 9.9964E-05
0.120922 0.00369657 9.9973E-05 9.9973E-05 9.9973E-05 0.812606 0.0138955 0.0485799
9.994E-05 9.994E-05 9.994E-05 9.994E-05 9.994E-05 0.9993 9.994E-05 9.994E-05
9.9955E-05 0.00938717 9.9955E-05 9.9955E-05 9.9955E-05 0.948341 0.0417724 9.9955E-05
9.9955E-05 0.0251829 9.9955E-05 0.150863 9.9955E-05 0.823455 9.9955E-05 9.9955E-05
9.9955E-05 0.0397633 9.9955E-05 9.9955E-05 9.9955E-05 0.936497 0.0232401 9.9955E-05
9.994E-05 9.994E-05 9.994E-05 9.994E-05 9.994E-05 0.9993 9.994E-05 9.994E-05
9.994E-05 9.994E-05 9.994E-05 9.994E-05 9.994E-05 0.9993 9.994E-05 9.994E-05
9.9973E-05 0.0446429 0.01083 0.190359 9.9973E-05 0.712406 9.9973E-05 0.0414625
9.9982E-05 9.9982E-05 0.0277097 0.0852798 0.0487305 0.738749 0.02841 0.0709212
9.9964E-05 0.025947 9.9964E-05 0.0226971 9.9964E-05 0.928437 0.0225193 9.9964E-05
9.9973E-05 9.9973E-05 0.0111096 0.236913 0.00593074 0.66774 9.9973E-05 0.0780069
9.9973E-05 0.00262769 9.9973E-05 0.149148 9.9973E-05 0.773725 0.0283284 0.0458704
0.0027784 9.9973E-05 9.9973E-05 0.0502114 9.9973E-05 0.927637 0.000522797 0.0185509
9.9964E-05 0.0121567 9.9964E-05 0.0660582 9.9964E-05 0.884511 9.9964E-05 0.0368739
9.994E-05 9.994E-05 9.994E-05 9.994E-05 9.994E-05 0.9993 9.994E-05 9.994E-05
0.0861577 0.0220144 0.0182269 0.143781 9.9991E-05 0.586015 0.0441037 0.099602
0.0826281 0.0112422 0.000187657 0.0548021 9.9973E-05 0.85084 9.9973E-05 9.9973E-05
0.058541 9.9973E-05 0.10359 9.9973E-05 0.541251 0.0144126 9.9973E-05 0.281906
0.0546219 0.0395658 0.0171496 0.355824 0.270917 0.0361087 0.0925296 0.133284
0.0534907 0.00782459 9.9991E-05 0.463061 0.110282 0.0765696 0.080536 0.208136
9.9982E-05 9.9982E-05 0.0236288 0.280873 0.453589 0.0182292 0.0365893 0.18689
0.0274721 9.9973E-05 9.9973E-05 0.247542 0.465755 0.0684327 9.9973E-05 0.190498
0.0291536 9.9991E-05 0.0579321 0.330981 0.339666 0.14563 0.0653459 0.0311912
0.0383912 0.053822 9.9982E-05 0.522799 0.246982 0.0602146 9.9982E-05 0.0775916
9.9973E-05 9.9973E-05 0.00519807 0.392314 0.275307 0.167645 9.9973E-05 0.159236
0.0264896 0.0105298 0.0308396 9.9973E-05 9.9973E-05 9.9973E-05 0.0823812 0.84946
0.0130844 0.027827 9.9964E-05 9.9964E-05 9.9964E-05 0.0431221 9.9964E-05 0.915567
0.0262826 9.9964E-05 9.9964E-05 0.00450409 0.0082651 9.9964E-05 9.9964E-05 0.960548
9.9964E-05 0.0503608 9.9964E-05 9.9964E-05 0.0315192 9.9964E-05 0.0305304 0.88719
9.9973E-05 0.0290877 9.9973E-05 0.0942678 0.0241411 0.000447803 9.9973E-05 0.851756
9.9973E-05 9.9973E-05 0.00484649 0.0186813 0.013656 0.0624068 9.9973E-05 0.900109
0.0176896 9.9973E-05 9.9973E-05 0.00242791 9.9973E-05 0.0958247 0.0192908 0.864467
9.9982E-05 0.023814 0.0946423 0.00118046 0.0184963 0.00298326 9.9982E-05 0.858684
9.9955E-05 9.9955E-05 0.0547346 0.0338331 9.9955E-05 9.9955E-05 9.9955E-05 0.910933
9.9964E-05 0.00821404 9.9964E-05 9.9964E-05 0.11441 0.0761959 9.9964E-05 0.80078
0.114512 0.0320887 0.0731071 9.9973E-05 9.9973E-05 9.9973E-05 0.181271 0.598721
0.0642542 0.171851 9.9964E-05 9.9964E-05 9.9964E-05 9.9964E-05 0.185492 0.578003
0.0930603 0.156811 0.071409 9.9982E-05 0.036949 9.9982E-05 0.098447 0.543124
0.174302 0.194323 0.0167612 9.9973E-05 9.9973E-05 9.9973E-05 0.121565 0.49275
0.262085 0.031959 0.078012 0.424379 9.9982E-05 0.108839 0.0945263 9.9982E-05
0.0800296 0.082821 0.122236 0.497837 0.0539031 0.0631133 0.0999608 9.9991E-05
0.253748 0.263518 0.00924019 0.37012 9.9982E-05 9.9982E-05 0.0650125 0.0381615
0.123714 0.658538 0.0184393 0.139998 0.0337992 0.0141922 0.0112195 9.9991E-05
0.329706 9.9982E-05 0.0371945 0.464302 9.9982E-05 0.0816197 0.0185895 0.0683892
0.372894 0.0565639 0.0434376 0.489427 9.9973E-05 0.0373779 9.9973E-05 9.9973E-05
0.408627 0.0239482 9.9973E-05 0.489932 0.0410409 9.9973E-05 0.0361519 9.9973E-05
0.57642 0.0445104 0.0187117 0.301784 9.9973E-05 0.0582747 9.9973E-05 9.9973E-05
0.450114 0.0546713 0.0615299 0.366196 9.9982E-05 9.9982E-05 0.0654347 0.0018549
0.638484 0.139379 0.208235 9.9964E-05 0.0135024 9.9964E-05 9.9964E-05 9.9964E-05
0.528562 9.9973E-05 0.175431 0.157933 0.11071 0.0270633 9.9973E-05 9.9973E-05
0.337633 0.0638079 0.109762 0.486948 9.9973E-05 9.9973E-05 0.00154841 9.9973E-05
0.653366 0.158403 0.0355955 0.114909 9.9982E-05 9.9982E-05 0.0120681 0.0254585
0.00816086 0.0152446 9.9973E-05 9.9973E-05 0.0580078 9.9973E-05 0.894463 0.0238233
9.9946E-05 9.9946E-05 9.9946E-05 9.9946E-05 9.9946E-05 0.0285498 0.97085 9.9946E-05
9.994E-05 9.994E-05 9.994E-05 9.994E-05 9.994E-05 9.994E-05 0.9993 9.994E-05
0.0213129 0.0124469 9.9955E-05 9.9955E-05 9.9955E-05 9.9955E-05 0.96574 9.9955E-05
9.9964E-05 0.027889 9.9964E-05 0.0227847 9.9964E-05 0.0102915 0.938635 9.9964E-05
9.9955E-05 9.9955E-05 9.9955E-05 0.03215 9.9955E-05 0.0661078 0.901242 9.9955E-05
9.9964E-05 9.9964E-05 0.0137289 0.138504 9.9964E-05 9.9964E-05 0.0432872 0.80408
9.9964E-05 0.0324476 9.9964E-05 0.144522 9.9964E-05 9.9964E-05 0.00248619 0.820145
9.9955E-05 9.9955E-05 9.9955E-05 0.205073 9.9955E-05 0.0331029 9.9955E-05 0.761324
9.9964E-05 0.114853 9.9964E-05 0.0518802 9.9964E-05 0.106792 9.9964E-05 0.726075
9.9964E-05 0.115818 9.9964E-05 0.0612025 9.9964E-05 0.0971781 9.9964E-05 0.725401
0.0322424 0.272103 9.9973E-05 9.9973E-05 0.0424749 9.9973E-05 0.254698 0.398182
0.099041 0.0952635 0.0198612 9.9973E-05 9.9973E-05 9.9973E-05 0.321043 0.464491
0.106841 0.120879 0.0399986 9.9973E-05 9.9973E-05 9.9973E-05 0.318891 0.41309
9.9955E-05 0.0285381 9.9955E-05 0.194078 9.9955E-05 9.9955E-05 9.9955E-05 0.776884
0.138428 0.115758 9.9964E-05 9.9964E-05 9.9964E-05 9.9964E-05 0.38624 0.359174
9.9964E-05 9.9964E-05 9.9964E-05 0.218226 0.238239 0.354169 9.9964E-05 0.188967
9.9955E-05 9.9955E-05 9.9955E-05 0.574616 9.9955E-05 0.245928 9.9955E-05 0.178956
9.9973E-05 9.9973E-05 9.9973E-05 0.35632 0.186301 0.151816 0.0922395 0.213024
9.9964E-05 9.9964E-05 9.9964E-05 0.0416276 0.306123 0.306023 9.9964E-05 0.345826
0.0712972 0.256966 0.139525 0.454437 9.9982E-05 9.9982E-05 0.055038 0.0225365
0.0195733 0.291093 0.18807 0.366033 0.115319 9.9982E-05 0.0197114 9.9982E-05
0.078079 0.564677 9.9973E-05 0.297595 9.9973E-05 9.9973E-05 0.0152588 0.0440905
0.126403 0.177577 0.246427 0.397588 9.9982E-05 0.0222883 0.0295173 9.9982E-05
0.104661 0.255398 0.423743 9.9964E-05 0.215798 9.9964E-05 9.9964E-05 9.9964E-05
0.00426009 0.271341 0.0856052 0.425169 0.153127 0.0511995 0.00919842 9.9991E-05
0.0887903 0.468986 0.0607242 0.320017 0.0611824 9.9973E-05 9.9973E-05 9.9973E-05
0.131959 0.408601 0.124948 0.07727 0.256922 9.9973E-05 9.9973E-05 9.9973E-05
0.0519604 0.0996014 0.227384 0.402914 0.129839 0.0464043 0.0417967 9.9991E-05
0.0370975 0.345906 0.0569391 0.514071 0.0314282 0.0143585 9.9982E-05 9.9982E-05
0.187986 0.0328458 9.9991E-05 0.330249 0.053716 0.199797 0.072283 0.123024
0.0485156 0.261635 0.268222 0.357222 0.0641051 9.9973E-05 9.9973E-05 9.9973E-05
0.103005 0.202884 0.175349 0.370428 0.0170059 0.0638495 0.067378 9.9991E-05
0.138078 0.189957 0.121982 0.382744 0.0358774 0.0498448 0.00504364 0.0764726
0.0749987 0.176292 0.0799923 0.5593 0.062541 9.9982E-05 0.0466763 9.9982E-05
0.0849789 0.197005 9.9982E-05 0.548388 9.9982E-05 0.0808455 0.0401803 0.0484022
9.9955E-05 9.9955E-05 9.9955E-05 0.138095 9.9955E-05 0.109874 9.9955E-05 0.751531
0.0344443 9.9964E-05 9.9964E-05 0.0988196 9.9964E-05 0.060527 9.9964E-05 0.805809
0.0159853 0.047906 0.0717253 0.0233611 0.0598202 0.00304481 9.9991E-05 0.778057
0.0675971 9.9982E-05 0.0583076 0.00887146 9.9982E-05 0.064305 0.0245953 0.776124
9.9955E-05 9.9955E-05 9.9955E-05 0.200766 0.00367063 9.9955E-05 9.9955E-05 0.795063
0.0287249 0.659172 9.9973E-05 0.226845 0.0767602 0.00819778 9.9973E-05 9.9973E-05
0.0727508 0.188376 0.0873979 0.539878 9.9982E-05 0.0280014 9.9982E-05 0.0833955
0.151076 0.228721 9.9973E-05 0.51796 9.9973E-05 9.9973E-05 0.0441675 0.0577759
9.9982E-05 0.303279 0.202467 0.242651 0.109286 0.0794181 0.062699 9.9982E-05
0.0865426 0.590483 9.9982E-05 0.0571036 0.13 9.9982E-05 0.0344671 0.101203
0.0419044 0.380927 9.9982E-05 0.515319 0.0428245 9.9982E-05 0.010896 0.00792826
0.00633344 0.436828 0.140521 0.144884 9.9991E-05 0.0451309 0.153473 0.0727294
0.0586337 0.176989 0.0435196 0.407387 0.21651 9.9991E-05 0.0570184 0.0398415
9.9973E-05 0.548313 0.0978247 0.208377 0.0232447 9.9973E-05 9.9973E-05 0.12194
0.0371012 0.601542 0.00839888 0.250354 0.0415771 9.9982E-05 9.9982E-05 0.0608276
9.9973E-05 0.420846 0.188498 0.301591 0.048076 9.9973E-05 9.9973E-05 0.0406892
0.0673117 9.9973E-05 0.109492 0.308862 0.372136 9.9973E-05 0.141898 9.9973E-05
9.9964E-05 0.0958112 0.0671378 0.559845 0.276806 9.9964E-05 9.9964E-05 9.9964E-05
0.0960584 9.9973E-05 0.0885179 0.329123 0.404489 9.9973E-05 0.0815122 9.9973E-05
0.10014 9.9973E-05 0.0696911 0.501102 0.161894 9.9973E-05 0.166873 9.9973E-05
0.247561 9.9973E-05 0.0536469 0.0520176 0.563068 9.9973E-05 0.0834068 9.9973E-05
0.122552 9.9973E-05 0.0899605 0.226725 0.465921 9.9973E-05 0.0945421 9.9973E-05
0.0781365 9.9973E-05 0.150208 0.478833 0.184271 9.9973E-05 0.108251 9.9973E-05
0.290264 0.078584 0.163022 0.122554 0.293237 9.9982E-05 0.0521395 9.9982E-05
0.174506 0.10219 9.9973E-05 0.417558 0.23508 9.9973E-05 0.0703657 9.9973E-05
0.142888 0.675248 9.9982E-05 0.136248 0.00151666 9.9982E-05 0.0389524 0.00494675
0.0507868 0.42348 0.203614 0.222606 0.0971435 0.00217053 9.9982E-05 9.9982E-05
9.99707E-05 0.498789 0.0966198 0.336611 9.99707E-05 0.0675804 9.99707E-05 9.99707E-05
0.0200736 0.248179 9.9991E-05 0.6266 0.0188861 0.0259376 0.033605 0.0266193
0.143746 0.505038 9.9964E-05 0.319188 9.9964E-05 9.9964E-05 0.0316271 9.9964E-05
0.041583 0.383504 0.0623193 0.39138 9.9982E-05 0.115246 0.00576847 9.9982E-05
0.189548 0.358365 0.0386808 0.331708 9.9982E-05 0.0690385 0.0124598 9.9982E-05
0.204577 0.525416 9.9973E-05 0.201552 9.9973E-05 0.0513566 0.0167986 9.9973E-05
0.138218 0.361869 0.152024 0.249838 9.9982E-05 0.0408537 0.0569974 9.9982E-05
0.0232891 0.250367 0.0364083 0.580997 0.042813 0.065926 9.9982E-05 9.9982E-05
0.0259461 0.224133 0.0827574 0.422866 0.229635 9.9982E-05 9.9982E-05 0.0144629
9.9973E-05 0.344755 0.171354 0.424434 9.9973E-05 0.0391441 0.0200124 9.9973E-05
9.9991E-05 0.406368 0.0588338 0.328114 0.0873457 0.0502028 0.0423144 0.0267216
0.111196 0.24419 0.0428898 0.410442 0.0173628 0.116354 0.0574654 9.9991E-05
0.0669065 0.0139657 9.9982E-05 0.405842 0.0609106 0.11383 9.9982E-05 0.338345
0.134361 9.9973E-05 9.9973E-05 0.424403 0.128698 0.248759 9.9973E-05 0.0634787
0.161649 0.0603671 0.0154796 0.571057 0.0682815 0.0605322 0.0090103 0.0536233
0.0387596 0.0337199 0.0444042 0.525268 0.0150933 0.17105 9.9991E-05 0.171605
9.9973E-05 0.270119 0.116414 0.481349 0.117919 0.0138989 9.9973E-05 9.9973E-05
0.115322 0.0503466 9.9982E-05 0.0726923 0.528206 0.111224 9.9982E-05 0.122009
0.0596059 0.137375 0.0151779 0.350634 0.158038 0.214261 0.0255453 0.0393634
0.139927 0.0638538 9.9991E-05 0.401492 0.0607841 0.265833 0.00869612 0.0593139
0.14978 0.0658945 9.9991E-05 0.260006 0.161828 0.132478 0.0162355 0.213678
9.9982E-05 0.0783876 0.0579929 0.543389 0.0354783 0.142477 9.9982E-05 0.142075
9.9973E-05 0.000962558 0.00790636 9.9973E-05 0.461078 0.194673 9.9973E-05 0.33508
0.000804006 0.0205251 9.9982E-05 0.526374 0.147468 0.152054 9.9982E-05 0.152575
0.0152935 9.9991E-05 0.0323428 0.561102 0.0895938 0.0750906 0.0575666 0.168911
9.9964E-05 0.0601671 0.400912 0.439589 9.9964E-05 0.0989313 9.9964E-05 9.9964E-05
9.9955E-05 0.136507 0.859326 9.9955E-05 0.00366677 9.9955E-05 9.9955E-05 9.9955E-05
0.0736439 0.0382623 0.867109 9.9973E-05 9.9973E-05 9.9973E-05 0.00364866 0.0170363
0.0564367 0.054164 0.081873 0.278574 0.0642211 0.318363 9.9991E-05 0.146267
9.9973E-05 9.9973E-05 0.189296 0.210125 0.119272 0.403267 9.9973E-05 0.0777407
0.0770354 0.00802516 0.110035 0.0240096 0.289846 0.321668 9.9991E-05 0.169281
9.9973E-05 0.0447992 0.277742 0.278978 9.9973E-05 0.202792 9.9973E-05 0.195389
9.9982E-05 9.9982E-05 0.604625 0.0519209 0.188642 0.103973 0.00695552 0.043684
9.9973E-05 9.9973E-05 0.58741 0.134191 0.0754431 0.0866029 9.9973E-05 0.116053
0.0230876 9.9982E-05 0.375192 0.470159 9.9982E-05 0.0959359 0.0292841 0.00614159
9.9964E-05 9.9964E-05 0.501321 0.355939 9.9964E-05 0.13874 9.9964E-05 0.00360001
9.9973E-05 0.000966296 0.613966 0.190085 9.9973E-05 0.105121 9.9973E-05 0.0895616
9.9982E-05 0.0421597 0.24928 0.480855 9.9982E-05 0.10998 0.000612491 0.116913
9.9982E-05 0.0683716 0.3772 0.455735 9.9982E-05 0.0526394 0.0215657 0.0242883
9.9964E-05 9.9964E-05 0.541377 0.32764 9.9964E-05 9.9964E-05 0.074418 0.056166
0.0698126 0.0611575 0.499197 0.238902 0.0910099 0.00674992 9.9991E-05 0.0330714
9.9991E-05 0.126829 0.367604 0.350501 0.0255063 0.016351 0.057881 0.055228
9.9955E-05 9.9955E-05 0.418029 0.437021 0.14445 9.9955E-05 9.9955E-05 9.9955E-05
9.9964E-05 0.0842172 0.72295 0.167237 9.9964E-05 9.9964E-05 0.0251959 9.9964E-05
0.0644001 9.9982E-05 0.286996 0.467788 9.9982E-05 0.0364056 0.0664354 0.0777756
0.0371192 0.0527826 0.736739 0.161712 9.9973E-05 9.9973E-05 0.0113474 9.9973E-05
9.9964E-05 9.9964E-05 0.58047 0.357002 9.9964E-05 9.9964E-05 0.0562892 0.00583946
0.0396935 0.0190237 0.081165 0.368108 0.0962174 0.210987 0.022115 0.162691
9.9991E-05 0.0317081 0.0089072 0.376473 0.110465 0.20647 0.094887 0.17099
9.9964E-05 9.9964E-05 0.602743 9.9964E-05 0.0846059 0.111286 9.9964E-05 0.200965
9.9973E-05 9.9973E-05 0.119983 0.509919 9.9973E-05 0.184573 0.100465 0.0847604
9.9964E-05 9.9964E-05 0.317067 9.9964E-05 0.252047 0.122661 9.9964E-05 0.307826
9.9964E-05 9.9964E-05 0.31739 0.387365 9.9964E-05 0.206232 9.9964E-05 0.0886127
9.9946E-05 9.9946E-05 0.977772 9.9946E-05 0.0216284 9.9946E-05 9.9946E-05 9.9946E-05
0.0128837 0.0363848 0.950232 9.9955E-05 9.9955E-05 9.9955E-05 9.9955E-05 9.9955E-05
0.0577551 0.0216379 0.468709 0.451498 9.9964E-05 9.9964E-05 9.9964E-05 9.9964E-05
9.9955E-05 9.9955E-05 0.330499 0.607253 9.9955E-05 0.061749 9.9955E-05 9.9955E-05
0.0188094 9.9955E-05 0.622787 0.357904 9.9955E-05 9.9955E-05 9.9955E-05 9.9955E-05
0.0551109 9.9973E-05 0.482995 0.418532 9.9973E-05 0.0255289 0.0175329 9.9973E-05
9.9946E-05 9.9946E-05 0.529207 0.470193 9.9946E-05 9.9946E-05 9.9946E-05 9.9946E-05
9.9973E-05 9.9973E-05 0.0784442 0.0656658 9.9973E-05 0.0570664 0.0457356 0.752788
9.9973E-05 0.049736 0.0508105 9.9973E-05 9.9973E-05 0.111925 0.0673393 0.71989
9.9973E-05 0.0018508 9.9973E-05 0.0198521 9.9973E-05 0.0541197 0.0628624 0.861015
9.9973E-05 9.9973E-05 0.0171883 0.0377487 0.0348097 9.9973E-05 0.00591216 0.904041
0.351089 0.0438172 0.0638264 0.436665 0.040885 9.9982E-05 9.9982E-05 0.0635182
0.458129 9.9973E-05 0.0632566 0.461489 9.9973E-05 9.9973E-05 0.0156868 0.00113873
0.550884 0.0377947 9.9982E-05 0.246728 0.0442897 0.015149 0.104955 9.9982E-05
0.41288 0.00818342 9.9973E-05 0.504363 9.9973E-05 0.0591774 9.9973E-05 0.0150956
0.473533 9.9982E-05 0.11979 0.314853 0.0718512 9.9982E-05 0.000900035 0.0188737
0.0270016 0.00497682 0.0321109 0.51835 0.0545772 0.117494 9.9991E-05 0.245389
0.437577 0.039056 0.103089 0.273049 9.9982E-05 0.141024 0.00600403 9.9982E-05
0.581216 0.0802905 9.9973E-05 0.319114 9.9973E-05 9.9973E-05 0.00151848 0.0175606
0.288577 9.9973E-05 0.0417525 0.570657 9.9973E-05 0.0216521 0.0770615 9.9973E-05
0.504841 0.094979 0.020623 0.350031 9.9982E-05 0.00233012 9.9982E-05 0.0269953
0.335722 9.9982E-05 0.128879 0.495505 0.0128713 0.00876193 9.9982E-05 0.0180609
0.91658 9.9955E-05 0.0527134 0.0302069 9.9955E-05 9.9955E-05 9.9955E-05 9.9955E-05
0.55542 9.9982E-05 0.0757426 0.261384 0.0694818 0.00984126 9.9982E-05 0.0279301
0.663608 0.0388934 0.0182283 0.196534 9.9973E-05 0.0824367 9.9973E-05 9.9973E-05
0.812713 9.9955E-05 0.0672133 9.9955E-05 0.119574 9.9955E-05 9.9955E-05 9.9955E-05
0.405174 9.9973E-05 9.9973E-05 0.457622 9.9973E-05 0.0246061 0.0801298 0.0321682
0.637921 9.9964E-05 0.0239445 0.0218105 0.315924 9.9964E-05 9.9964E-05 9.9964E-05
0.745964 9.9955E-05 0.0635094 9.9955E-05 0.190027 9.9955E-05 9.9955E-05 9.9955E-05
0.407202 0.0193837 9.9973E-05 0.500345 0.000515653 9.9973E-05 9.9973E-05 0.0722532
0.642094 0.0774083 9.9982E-05 0.214166 9.9982E-05 0.0118965 0.0142211 0.0400146
0.367088 0.139738 9.9982E-05 0.366094 0.00820892 0.0921992 0.0264718 9.9982E-05
0.392895 0.113298 9.9973E-05 0.449266 9.9973E-05 0.00972057 0.0345206 9.9973E-05
0.102492 0.379716 0.0539678 0.374304 0.0594126 0.0299078 9.9982E-05 9.9982E-05
0.319571 9.9973E-05 0.0690617 0.444544 9.9973E-05 0.0535057 0.113018 9.9973E-05
0.330354 0.097421 9.9982E-05 0.465771 0.0387277 9.9982E-05 0.00412539 0.0634007
0.694914 0.0254988 9.9964E-05 0.259206 9.9964E-05 9.9964E-05 0.0199821 9.9964E-05
0.045156 0.227875 9.9973E-05 9.9973E-05 0.00292136 9.9973E-05 0.0876881 0.636059
0.11132 0.0798161 9.9982E-05 0.00734747 9.9982E-05 0.0337998 0.0423828 0.725134
0.0431223 0.0730227 0.0275217 9.9982E-05 0.0199182 9.9982E-05 0.0134633 0.822752
9.9973E-05 0.00501204 0.0527532 9.9973E-05 0.0155234 9.9973E-05 0.115941 0.810471
0.0828159 0.0708067 9.9973E-05 0.00235407 9.9973E-05 9.9973E-05 0.138099 0.705624
0.740501 0.149532 9.9964E-05 0.032208 9.9964E-05 9.9964E-05 9.9964E-05 0.0773593
0.662155 0.0846538 0.0422997 0.112954 9.9973E-05 9.9973E-05 9.9973E-05 0.0976374
0.808813 9.9973E-05 0.00857448 0.107553 0.0576732 0.0170862 9.9973E-05 9.9973E-05
0.572419 0.00338851 0.0453199 0.228409 0.107523 0.0114986 9.9991E-05 0.031343
0.335111 9.9973E-05 0.10219 0.483139 9.9973E-05 0.0717953 0.00746381 9.9973E-05
0.568108 9.9973E-05 9.9973E-05 0.264312 9.9973E-05 0.0635665 0.0926718 0.0110417
0.2671 0.0818238 0.123686 0.483618 9.9982E-05 0.000211649 9.9982E-05 0.0433606
0.686157 0.139861 9.9982E-05 0.118642 0.0232052 0.0149705 0.0169642 9.9982E-05
0.607023 9.9964E-05 9.9964E-05 0.321808 9.9964E-05 9.9964E-05 0.0539627 0.0168063
0.604764 0.135901 9.9964E-05 0.21394 9.9964E-05 9.9964E-05 0.0449949 9.9964E-05
0.0474952 9.9982E-05 0.0155678 0.629479 0.129508 9.9982E-05 0.0504667 0.127284
0.635478 9.9964E-05 9.9964E-05 0.320111 9.9964E-05 9.9964E-05 0.0278823 0.0161292
0.459205 0.123067 9.9982E-05 0.319298 9.9982E-05 0.0829062 0.0104091 0.00491595
9.9973E-05 9.9973E-05 0.0211092 0.497889 0.0343524 0.304541 9.9973E-05 0.141809
9.9973E-05 9.9973E-05 0.000856089 0.311174 0.128656 0.400541 9.9973E-05 0.158474
0.250762 0.0170908 0.0500083 0.438208 0.188103 0.0556271 9.9982E-05 9.9982E-05
9.9973E-05 9.9973E-05 0.0206958 0.0663335 0.0533245 0.558268 9.9973E-05 0.301079
9.9964E-05 9.9964E-05 9.9964E-05 0.350588 0.0799639 0.413074 9.9964E-05 0.155974
0.0538822 9.9982E-05 9.9982E-05 0.409019 0.220531 0.152862 0.0710025 0.0925036
9.9973E-05 0.0262527 9.9973E-05 0.650054 0.175665 9.9973E-05 0.0372858 0.110443
0.0745604 9.9991E-05 0.0518324 0.488849 0.179647 0.0365759 0.0947929 0.0736426
0.00844901 9.9964E-05 9.9964E-05 0.341334 9.9964E-05 0.391115 9.9964E-05 0.258702
9.9973E-05 0.0457884 9.9973E-05 0.476653 0.0378471 0.39353 9.9973E-05 0.0458814
9.9982E-05 0.0386361 0.0186482 0.315312 0.0677052 0.476667 9.9982E-05 0.0828309
9.9982E-05 0.0197784 0.0336184 0.33157 0.0662188 0.420952 9.9982E-05 0.127662
0.102114 0.0201949 9.9982E-05 0.568607 0.288786 9.9982E-05 0.0112193 0.00887822
0.0139192 9.9982E-05 9.9982E-05 0.081881 0.0243479 0.620585 0.0799579 0.179109
0.191653 0.0627662 9.9982E-05 0.200478 0.290843 9.9982E-05 0.144989 0.109071
0.0235613 9.9973E-05 9.9973E-05 0.573835 0.263045 0.111242 0.0280156 9.9973E-05
9.9982E-05 0.00926542 9.9982E-05 0.569675 0.154124 0.0370847 0.147681 0.0819707
0.131186 9.9982E-05 9.9982E-05 0.508117 0.181942 0.0173473 0.0405764 0.120631
0.145184 0.0301056 0.030579 0.28875 0.0165316 0.240395 0.0407775 0.207677
0.00694388 9.9982E-05 0.11255 0.308723 0.0830439 0.280761 9.9982E-05 0.207777
9.9973E-05 9.9973E-05 0.0193384 0.226086 0.062629 0.479635 9.9973E-05 0.212012
0.15514 0.06654 9.9982E-05 0.421716 0.252038 9.9982E-05 0.0256817 0.0786841
9.9982E-05 9.9982E-05 0.00526244 0.248858 0.64324 0.00584565 0.0875126 0.00908172
0.109059 0.237614 0.0667523 0.342903 0.0739584 0.0523129 0.0229824 0.094418
0.0330744 0.0126056 9.9991E-05 0.466454 0.208919 0.108125 0.0194344 0.151287
9.99549E-05 9.99549E-05 9.99549E-05 9.99549E-05 0.682206 0.145819 9.99549E-05 0.171475
9.9955E-05 9.9955E-05 9.9955E-05 9.9955E-05 0.798769 0.0483437 9.9955E-05 0.152387
0.0269331 0.130041 9.9982E-05 0.31947 0.383644 0.077503 9.9982E-05 0.0622099
0.0287903 9.9973E-05 9.9973E-05 0.0412027 0.54929 0.143527 9.9973E-05 0.23689
9.9955E-05 9.9955E-05 9.9955E-05 9.9955E-05 0.465821 0.203828 9.9955E-05 0.329851
0.0021535 9.9991E-05 0.177613 0.325292 0.226532 0.15826 0.00885329 0.101197
0.0393451 0.059524 0.0716936 0.327775 0.232016 0.149261 9.9991E-05 0.120285
9.9982E-05 0.0180388 0.0175527 0.214344 0.359463 0.161787 9.9982E-05 0.228615
9.9964E-05 9.9964E-05 9.9964E-05 0.132392 0.553913 0.11117 9.9964E-05 0.202126
9.9982E-05 9.9982E-05 0.0566547 0.479219 0.18658 0.161222 0.0594827 0.0566409
0.161415 9.9973E-05 9.9973E-05 0.0991319 0.470526 0.144456 9.9973E-05 0.124171
9.9955E-05 9.9955E-05 9.9955E-05 9.9955E-05 0.678644 0.0208701 9.9955E-05 0.299986
9.9973E-05 9.9973E-05 9.9973E-05 0.394498 0.316957 0.148608 0.00299204 0.136646
0.134004 9.9982E-05 9.9982E-05 0.339735 0.0494882 0.164019 0.0419996 0.270555
9.9964E-05 9.9964E-05 9.9964E-05 0.595168 9.9964E-05 0.211691 0.0252307 0.16751
9.9982E-05 9.9982E-05 0.00626183 0.57984 0.15672 0.120699 0.0086526 0.127626
0.000738017 0.0277334 0.00512482 0.44059 0.0468292 0.137133 0.0189723 0.322879
9.9973E-05 0.0392804 0.0191791 0.596319 9.9973E-05 0.136249 9.9973E-05 0.208672
0.02285 9.9973E-05 9.9973E-05 0.472495 9.9973E-05 0.208722 0.0351707 0.260462
0.00288609 9.9991E-05 0.0210613 0.381032 0.136261 0.18294 0.00976046 0.265959
0.316331 0.0868878 0.0138494 0.169076 0.125555 0.116248 0.0141693 0.157883
9.9982E-05 9.9982E-05 0.0149636 0.399704 0.0823829 0.195366 0.0140094 0.293375
9.9964E-05 9.9964E-05 9.9964E-05 0.150634 0.364926 0.199941 9.9964E-05 0.284099
9.9973E-05 9.9973E-05 0.0328265 0.218491 0.234344 0.267713 9.9973E-05 0.246326
0.0434306 0.104251 0.00443656 9.9991E-05 0.0120196 0.00421482 0.0459693 0.785578
9.9973E-05 0.663263 9.9973E-05 0.0323797 0.0702803 9.9973E-05 0.190769 0.0430079
9.9955E-05 0.703734 9.9955E-05 9.9955E-05 9.9955E-05 9.9955E-05 0.281363 0.0144034
9.9955E-05 0.844125 9.9955E-05 9.9955E-05 9.9955E-05 9.9955E-05 0.153421 0.00195381
9.9955E-05 0.78774 9.9955E-05 9.9955E-05 9.9955E-05 0.00607376 0.205686 9.9955E-05
9.9964E-05 0.719104 9.9964E-05 9.9964E-05 9.9964E-05 0.0537302 0.220304 0.00646234
9.9955E-05 0.714011 9.9955E-05 0.0614731 9.9955E-05 9.9955E-05 0.224016 9.9955E-05
9.9955E-05 0.734884 9.9955E-05 9.9955E-05 9.9955E-05 9.9955E-05 0.197965 0.066652
9.9955E-05 0.584227 9.9955E-05 9.9955E-05 9.9955E-05 9.9955E-05 0.24219 0.173084
9.9973E-05 0.0340804 9.9973E-05 0.0582709 0.0300601 0.0224481 9.9973E-05 0.854841
9.9964E-05 0.0332081 9.9964E-05 0.124444 9.9964E-05 9.9964E-05 0.0494378 0.79251
0.0238714 9.9973E-05 9.9973E-05 0.0362438 9.9973E-05 0.0277343 0.0233065 0.888544
9.9982E-05 0.117245 0.0101561 0.0626282 0.00408414 9.9982E-05 0.0264429 0.779244
0.0591337 9.9964E-05 9.9964E-05 9.9964E-05 9.9964E-05 0.0895086 0.0153317 0.835626
0.0507746 0.0376464 9.9982E-05 9.9982E-05 0.0115648 0.000680837 0.0329024 0.866231
9.9964E-05 0.113952 9.9964E-05 0.0348494 9.9964E-05 0.141489 9.9964E-05 0.70931
0.026879 9.9982E-05 0.000290313 0.023218 9.9982E-05 0.0579601 0.022223 0.86923
0.040031 0.117832 9.9982E-05 0.00671175 9.9982E-05 0.0853448 0.0622097 0.68767
0.0230543 9.9973E-05 0.0145904 0.0316478 9.9973E-05 0.0693727 9.9973E-05 0.861035
0.00626184 9.9955E-05 0.0620727 9.9955E-05 9.9955E-05 9.9955E-05 9.9955E-05 0.931166
0.00901723 9.9991E-05 0.0425996 0.0432287 0.0377083 0.0341845 0.00757239 0.825589
9.9955E-05 9.9955E-05 9.9955E-05 9.9955E-05 9.9955E-05 0.019706 0.0672173 0.912577
9.9964E-05 9.9964E-05 9.9964E-05 0.0189793 9.9964E-05 0.0715852 0.0571179 0.851918
9.9964E-05 0.0277909 9.9964E-05 0.0763551 9.9964E-05 0.032182 9.9964E-05 0.863272
9.9955E-05 9.9955E-05 9.9955E-05 0.156875 9.9955E-05 0.0344891 9.9955E-05 0.808137
9.9964E-05 9.9964E-05 9.9964E-05 0.124213 0.00477678 0.131144 9.9964E-05 0.739466
9.9955E-05 9.9955E-05 9.9955E-05 0.201472 9.9955E-05 0.00420427 9.9955E-05 0.793824
9.9955E-05 9.9955E-05 9.9955E-05 0.149343 9.9955E-05 0.0648719 9.9955E-05 0.785285
0.122601 9.9973E-05 9.9973E-05 0.437365 0.284397 9.9973E-05 0.0944488 0.060888
0.108894 0.00505106 9.9991E-05 0.691188 0.0480284 0.00523396 0.115982 0.0255226
0.0587257 9.9973E-05 0.116737 0.150626 0.589699 9.9973E-05 0.083913 9.9973E-05
0.0224498 0.0619218 9.9991E-05 0.533563 0.18262 0.00153495 0.104335 0.0934753
0.0672681 9.9964E-05 9.9964E-05 0.16727 0.676734 9.9964E-05 0.0883281 9.9964E-05
9.9964E-05 9.9964E-05 9.9964E-05 0.551146 0.313039 0.0152576 0.120157 9.9964E-05
0.162412 0.00658386 9.9982E-05 0.429168 0.230791 9.9982E-05 0.166066 0.00477785
0.198285 9.9964E-05 9.9964E-05 0.490556 0.212725 9.9964E-05 0.0980337 9.9964E-05
0.477545 9.9964E-05 9.9964E-05 0.425539 9.9964E-05 0.00128863 9.9964E-05 0.095228
0.0670826 9.9973E-05 9.9973E-05 0.457402 0.307282 9.9973E-05 0.157051 0.0108832
0.0822335 9.9973E-05 9.9973E-05 0.569719 0.165831 9.9973E-05 0.114995 0.0669218
0.238046 0.546509 0.0485346 9.9973E-05 0.1088 0.05781 9.9973E-05 9.9973E-05
0.0906439 9.9964E-05 0.151162 9.9964E-05 0.572034 9.9964E-05 0.18576 9.9964E-05
0.0482991 9.9973E-05 0.0596414 0.172834 0.621156 9.9973E-05 0.09777 9.9973E-05
0.00685029 9.9973E-05 9.9973E-05 0.549196 0.3158 9.9973E-05 0.0890845 0.0387692
0.118146 0.045505 0.0380118 0.499077 0.177548 9.9991E-05 0.0138851 0.107726
0.0587577 9.9982E-05 0.0651904 0.480756 0.0304808 0.158275 9.9982E-05 0.20634
9.9982E-05 0.0593533 9.9982E-05 0.525277 0.0412286 0.14641 0.0564288 0.171103
0.0533115 0.0900946 0.0556474 0.138287 0.103922 0.129416 0.0357188 0.393602
0.0593481 0.127135 0.0596605 0.387632 9.9982E-05 0.113742 9.9982E-05 0.252282
9.9973E-05 0.0144253 0.0407622 9.9973E-05 0.466174 0.231387 9.9973E-05 0.246951
9.9973E-05 9.9973E-05 0.0978532 0.278649 0.231302 0.191763 9.9973E-05 0.200132
0.146936 0.0197782 9.9991E-05 0.229592 0.0465356 0.229606 0.0701237 0.25733
0.0128482 0.138452 0.0358101 0.426394 0.0311896 0.0708059 9.9991E-05 0.284401
0.12839 0.014848 9.9982E-05 0.507754 0.0195965 0.139206 9.9982E-05 0.190006
0.00360651 0.100357 0.102156 0.396705 0.124926 0.0567724 9.9991E-05 0.215377
0.0201776 0.0630598 9.9982E-05 0.352697 0.0770594 0.139656 9.9982E-05 0.34715
