0.0425698 0.0734309 9.9982E-05 0.883799 9.9982E-05
9.9982E-05 0.00564124 9.9982E-05 0.949824 0.0443344
0.0236088 0.0202286 0.111117 0.844945 9.9991E-05
0.0429466 0.0757828 0.0797517 0.801419 9.9991E-05
0.102546 0.0369028 9.9991E-05 0.838302 0.0221491
0.0647844 0.116504 0.0536548 0.630904 0.134152
0.000657315 0.0255158 9.9991E-05 0.851725 0.122002
0.0200705 0.168035 9.9991E-05 0.752751 0.0590432
9.9982E-05 0.0845692 9.9982E-05 0.817572 0.0976584
0.0812905 0.0510978 0.0980592 0.707339 0.0622135
9.999E-05 0.109635 0.0542034 0.739301 0.0967601
0.0584858 0.516076 0.336759 9.9991E-05 0.0885792
0.0776239 0.312716 0.542117 0.0674432 9.9991E-05
0.11497 0.516099 0.227524 0.0162751 0.125132
0.153648 0.412992 0.381738 0.0515215 9.9991E-05
0.141983 0.232172 0.435311 0.106994 0.0835403
0.24476 0.157389 0.494723 0.0172356 0.0858926
0.11651 0.253991 0.474835 0.0560698 0.0985936
0.0907809 0.334358 0.391328 0.162773 0.0207602
0.0433783 0.716612 0.091346 0.0636275 0.0850361
0.123742 0.279142 0.418813 9.9991E-05 0.178204
0.0941908 0.1951 0.534506 0.039035 0.137168
0.0418291 0.191016 0.603708 0.101614 0.0618331
0.102607 0.352365 0.360347 0.00344936 0.181232
0.16686 0.130342 0.675723 0.0128655 0.0142097
0.137761 0.315848 0.504436 0.00161416 0.0403408
0.112745 0.596483 0.194124 0.0041407 0.0925066
0.223709 0.442585 0.263674 9.9991E-05 0.0699319
0.0342701 0.4034 0.285641 0.0319841 0.244704
0.0591583 9.9982E-05 0.0896585 0.850983 9.9982E-05
0.0265893 9.9982E-05 0.132836 0.840375 9.9982E-05
0.0393234 0.00966117 0.130341 0.820574 9.9991E-05
0.0618218 9.9982E-05 0.164906 0.773072 9.9982E-05
9.9991E-05 0.0955736 0.69064 0.0765235 0.137163
0.0629233 0.0692391 0.607389 0.068119 0.192329
9.9982E-05 9.9982E-05 0.784387 0.069837 0.145576
0.0730166 0.630611 0.165991 0.0402131 0.090168
9.99965E-05 0.0785484 0.451435 0.010816 0.4591
0.00409386 0.196591 0.616889 0.0409295 0.141497
0.100776 9.9982E-05 0.74884 9.9982E-05 0.150184
0.0172816 0.118837 0.647336 0.154962 0.0615822
9.9991E-05 0.0912654 0.695305 0.147601 0.0657281
9.9982E-05 0.258563 0.31437 9.9982E-05 0.426867
0.093695 0.0120951 0.625419 0.122215 0.146576
0.0615789 9.9991E-05 0.630819 0.128464 0.179037
0.0577642 0.0259495 0.659062 0.179513 0.0777117
9.9973E-05 9.9973E-05 0.51991 9.9973E-05 0.47979
9.9991E-05 0.0231274 0.707677 0.0404382 0.228658
0.0908298 0.119257 0.580996 0.0754865 0.133431
9.9982E-05 0.0693752 9.9982E-05 0.0635645 0.86686
9.99897E-05 0.506548 0.306603 9.99897E-05 0.186649
0.0880693 0.278859 0.0490809 0.0253191 0.558672
0.111796 0.193332 0.621228 0.0255675 0.0480764
0.1201 0.156207 0.573599 0.061489 0.0886056
0.184741 0.098191 0.539987 0.0199138 0.157167
9.9991E-05 0.421073 0.266359 0.102273 0.210195
0.0243241 0.23746 0.627913 0.0197685 0.0905344
0.0820467 0.0720004 0.633317 0.0908416 0.121794
9.9991E-05 0.222009 0.466911 0.106376 0.204604
0.0585654 0.419854 0.0879512 0.207195 0.226434
0.0603631 0.12453 0.587774 0.071868 0.155465
0.127308 0.297649 0.405781 0.0431089 0.126152
9.9991E-05 0.54574 0.0779533 0.0281569 0.34805
0.0655429 0.234188 0.533444 9.9991E-05 0.166725
0.0590595 0.10479 0.584007 0.10372 0.148424
0.0951917 0.116819 0.572056 0.133933 0.0819992
0.109391 0.338084 0.311729 0.055277 0.18552
0.0320731 0.187483 0.565383 0.0045153 0.210545
0.0956655 0.179118 0.608969 0.0554691 0.0607785
9.9991E-05 0.394939 0.28005 0.0353112 0.2896
9.9982E-05 0.135184 0.698691 9.9982E-05 0.165925
9.9982E-05 0.249321 0.397179 9.9982E-05 0.3533
0.044461 0.142755 0.570003 0.107006 0.135775
9.9982E-05 0.066557 0.151926 9.9982E-05 0.781317
9.9982E-05 0.121428 0.184889 9.9982E-05 0.693483
9.9982E-05 0.0248384 0.498298 9.9982E-05 0.476664
9.9982E-05 0.149993 0.651529 9.9982E-05 0.198277
0.0407115 0.0474255 0.658378 0.0868401 0.166645
0.0950526 0.0585407 0.503072 9.9991E-05 0.343235
9.9991E-05 0.277064 0.37451 0.0214101 0.326916
9.9991E-05 0.348844 0.377873 0.0494986 0.223684
0.0522069 9.9991E-05 0.624775 0.0708672 0.252051
9.9991E-05 0.131719 0.527225 0.0202899 0.320666
9.9991E-05 0.147939 0.522394 0.0176419 0.311925
9.9973E-05 9.9973E-05 0.578318 9.9973E-05 0.421382
9.9982E-05 0.0611632 0.141513 9.9982E-05 0.797124
0.0912386 0.152644 0.750788 9.9991E-05 0.00522924
0.0384854 0.0380203 0.0679355 0.855459 9.9991E-05
9.9973E-05 9.9973E-05 0.0929704 0.90673 9.9973E-05
0.0499453 0.00381566 0.0566236 0.889515 9.9991E-05
9.9973E-05 9.9973E-05 0.0489437 0.950756 9.9973E-05
0.0230528 9.9982E-05 0.0982155 0.878532 9.9982E-05
9.9982E-05 9.9982E-05 0.0524992 0.912657 0.0346438
9.9973E-05 9.9973E-05 0.0747541 0.924946 9.9973E-05
0.108549 0.225001 0.432551 0.0521567 0.181742
0.174542 0.0924715 0.5029 0.103668 0.126418
9.9982E-05 0.168743 0.259764 9.9982E-05 0.571293
0.13239 0.0739581 0.548561 0.107167 0.137924
0.0330264 0.161368 0.56974 0.0225062 0.21336
9.9982E-05 9.9982E-05 0.721938 0.103404 0.174458
0.00650696 9.9991E-05 0.628774 0.0597709 0.304848
0.0448652 0.0151098 0.65194 0.0268657 0.261219
9.9991E-05 0.341772 0.122929 0.0201035 0.515096
0.0368757 0.0650862 0.63812 0.199879 0.0600385
0.0430255 0.0211605 0.690703 0.0530318 0.192079
0.0871048 0.139824 0.564222 0.0345812 0.174268
9.9991E-05 0.0362606 0.478709 0.00211972 0.48281
9.9991E-05 0.00798612 0.636783 0.110255 0.244876
9.9991E-05 0.0841908 0.58647 0.0320189 0.29722
0.00116734 9.9982E-05 0.598231 9.9982E-05 0.400402
9.9991E-05 0.21622 0.608197 0.0573558 0.118128
9.9991E-05 0.0535232 0.669885 0.111873 0.164619
0.0982824 0.330085 0.232005 0.00183342 0.337795
0.122338 0.385178 0.40337 0.0889928 0.000121633
0.0457323 0.188988 0.630191 0.130103 0.00498504
0.00105499 0.101832 0.650099 0.155111 0.0919024
0.029128 0.399552 0.523565 0.0415101 0.0062448
0.0683347 0.219365 0.655703 0.0564967 9.9991E-05
0.033199 0.416904 0.533514 9.9991E-05 0.0162833
0.0274186 0.204272 0.574936 0.0820197 0.111354
0.160419 0.129846 0.632688 0.0139608 0.0630856
0.010772 0.213031 0.669609 0.0719563 0.0346321
0.00170631 0.387261 0.56946 0.0254073 0.0161653
0.10554 0.0573636 0.549842 0.0349654 0.252289
0.144595 0.0785346 0.643981 0.0778599 0.0550298
0.0754988 0.292061 0.63224 9.9982E-05 9.9982E-05
0.118264 0.115878 0.568784 0.0859613 0.111113
0.165886 0.218174 0.538304 0.0184979 0.0591381
0.0238053 0.315504 0.393792 0.121111 0.145788
0.208496 0.172791 0.553712 0.000401062 0.0645999
0.112929 0.113507 0.705307 0.0368719 0.0313853
0.123715 0.410285 0.229143 0.00806027 0.228797
0.126317 0.293501 0.177957 0.00326395 0.398962
0.0920677 0.241898 0.47474 0.0621635 0.129131
0.10946 0.301823 0.0843365 9.9991E-05 0.504281
0.0568824 0.435419 0.292765 0.0229484 0.191985
9.9982E-05 0.368877 0.551272 9.9982E-05 0.0796508
9.9991E-05 0.422818 0.398329 0.0718387 0.106914
0.0526502 0.479237 0.280678 9.9991E-05 0.187335
0.0688566 0.1333 0.656969 0.0691235 0.0717511
0.127615 0.193422 0.55194 0.0516081 0.0754151
0.0585944 0.235053 0.551698 0.0925795 0.0620761
0.0398007 0.339609 0.213518 9.9991E-05 0.406972
0.0670669 9.9991E-05 0.606728 0.146487 0.179618
0.065721 0.123116 0.516029 0.0584272 0.236707
9.9991E-05 0.166175 0.0205448 0.216355 0.596825
0.0616283 9.9991E-05 0.690757 0.125816 0.121699
0.0442388 0.0574929 0.398137 0.115393 0.384738
0.126367 0.03664 0.55028 0.104386 0.182326
0.096668 0.18058 0.229156 0.0894847 0.404112
9.9991E-05 0.153251 0.257408 0.11923 0.470011
9.9991E-05 0.103788 0.520826 0.107331 0.267955
0.0647385 0.0797159 0.590494 0.122344 0.142708
0.133124 0.155647 0.390731 0.129101 0.191397
0.192875 0.141473 0.00836517 0.0638399 0.593446
0.0269065 0.0505269 0.634039 0.159402 0.129126
9.9982E-05 0.155017 0.4353 9.9982E-05 0.409482
0.0897375 0.114849 0.522164 9.9991E-05 0.273149
0.108624 0.0285633 0.549442 0.141659 0.171712
0.336539 0.116444 0.0549978 0.288513 0.203506
0.15861 9.9982E-05 9.9982E-05 0.61394 0.227249
0.143401 9.9982E-05 9.9982E-05 0.515829 0.34057
0.370419 0.0113664 0.00189406 0.422139 0.194181
0.012667 9.9991E-05 0.732412 0.0302951 0.224526
0.0422789 0.0080634 0.62192 0.149657 0.17808
0.683302 0.00017367 0.316324 9.9982E-05 9.9982E-05
0.391631 0.162512 0.381199 0.0645575 9.9991E-05
0.402228 0.0774276 0.42911 0.091134 9.9991E-05
0.0174747 0.0464592 0.444267 0.0142766 0.477523
0.141513 0.0262884 0.569374 0.0923024 0.170522
0.0557813 0.0450137 0.21262 0.0480267 0.638558
0.0633364 0.0104653 0.605651 0.0335378 0.287009
9.9982E-05 9.9982E-05 0.592991 0.0789533 0.327856
0.12136 0.0601527 0.534356 0.0409394 0.243192
0.0679439 0.0654253 0.232897 9.9991E-05 0.633634
0.195317 0.00494307 0.615785 0.010332 0.173623
0.0484972 0.0174157 0.685706 0.0817068 0.166674
0.994025 9.9973E-05 9.9973E-05 9.9973E-05 0.00567545
0.907731 0.0180435 0.0740257 9.9982E-05 9.9982E-05
0.61784 0.0399408 0.263705 0.0505728 0.0279419
0.701084 0.00337921 0.295337 9.9982E-05 9.9982E-05
0.828434 9.9982E-05 0.119102 0.0522649 9.9982E-05
0.9996 9.997E-05 9.997E-05 9.997E-05 9.997E-05
0.941795 0.0579047 9.9973E-05 9.9973E-05 9.9973E-05
0.875837 9.9973E-05 0.123863 9.9973E-05 9.9973E-05
0.961095 0.0347672 0.00393797 9.9982E-05 9.9982E-05
0.9996 9.997E-05 9.997E-05 9.997E-05 9.997E-05
0.9996 9.997E-05 9.997E-05 9.997E-05 9.997E-05
0.803638 9.9982E-05 0.161145 0.0350172 9.9982E-05
0.803836 0.0660984 0.0940951 0.0358704 9.9991E-05
0.965153 0.0345475 9.9973E-05 9.9973E-05 9.9973E-05
0.387146 0.118244 0.403311 0.0688388 0.0224603
0.704064 0.10381 0.173262 0.0187636 9.9991E-05
0.784894 9.9991E-05 0.160971 0.0190033 0.0350316
0.896415 0.0662984 0.0258867 0.0113004 9.9991E-05
0.9996 9.997E-05 9.997E-05 9.997E-05 9.997E-05
0.904674 0.0149648 0.0557042 0.0245567 9.9991E-05
0.983072 9.9973E-05 9.9973E-05 0.0166276 9.9973E-05
0.666923 0.077494 0.218685 9.9991E-05 0.0367985
0.915587 0.0841128 9.9973E-05 9.9973E-05 9.9973E-05
0.100359 9.9982E-05 9.9982E-05 0.36961 0.529832
0.0768364 0.132478 0.431641 0.22177 0.137274
0.0633717 0.0409707 0.44523 0.273407 0.177021
0.177742 9.9991E-05 0.119462 0.22982 0.472875
0.0696417 0.0586924 0.535327 0.154203 0.182137
0.159053 9.9991E-05 0.151987 0.289878 0.398982
0.103482 9.9991E-05 0.437334 0.262397 0.196688
0.233575 9.9991E-05 0.287694 0.12695 0.351681
0.143903 9.9991E-05 0.442785 0.206304 0.206908
0.270865 9.9991E-05 0.249391 0.198579 0.281064
0.0815096 0.0410656 0.510974 0.228658 0.137794
9.9991E-05 0.0700911 0.0308181 0.83849 0.0605013
0.0627217 9.9982E-05 9.9982E-05 0.908483 0.0285953
9.9982E-05 0.0219439 9.9982E-05 0.964886 0.0129697
9.9991E-05 0.0323295 0.0110701 0.949918 0.00658191
0.0274761 0.0860013 0.0195814 0.866841 9.9991E-05
0.102563 9.9973E-05 9.9973E-05 0.897137 9.9973E-05
0.0557366 9.9982E-05 0.0505553 0.893508 9.9982E-05
0.0160733 9.9982E-05 9.9982E-05 0.906473 0.0772534
0.0437022 0.0116984 0.017739 0.90735 0.0195101
0.0881252 0.0112118 9.9991E-05 0.875835 0.0247279
0.00726044 0.253879 9.9991E-05 0.600624 0.138136
0.0137771 0.401934 9.9991E-05 0.579419 0.0047697
9.9982E-05 0.257002 9.9982E-05 0.569514 0.173284
9.9982E-05 0.428314 9.9982E-05 0.480669 0.0908171
9.9991E-05 0.112028 0.631476 0.105256 0.15114
0.0330419 0.175762 0.614409 9.9991E-05 0.176687
0.0208397 0.164085 0.669268 0.0804758 0.0653313
0.025888 0.334377 0.477137 0.00412178 0.158476
9.9982E-05 0.706203 0.23214 9.9982E-05 0.0614564
0.0384713 0.019644 0.737916 0.10807 0.095899
0.00693067 0.141208 0.695702 9.9991E-05 0.156059
0.0881656 0.166131 0.543365 9.9991E-05 0.202238
0.0613049 0.0726879 0.490674 9.9991E-05 0.375233
0.0154767 0.186514 0.748668 0.0492408 9.9991E-05
9.9982E-05 0.18819 0.557698 9.9982E-05 0.253912
9.9982E-05 0.1605 0.0700321 9.9982E-05 0.769268
9.9991E-05 0.230783 0.646171 0.0486283 0.0743176
0.0131411 0.125732 0.41008 9.9991E-05 0.450947
0.0109341 9.99985E-05 0.658279 0.0318703 0.298817
9.9982E-05 0.278387 0.313766 9.9982E-05 0.407647
9.9982E-05 0.756821 9.9982E-05 0.165644 0.0773346
9.9991E-05 0.78874 0.0365012 0.119936 0.0547228
9.9982E-05 0.856498 9.9982E-05 0.067549 0.0757526
9.9982E-05 0.84578 9.9982E-05 0.10529 0.0487299
0.0533641 0.846954 0.0214069 9.9991E-05 0.0781747
0.0561108 0.849334 0.0278068 0.0666489 9.9991E-05
0.0254277 9.9982E-05 0.0967332 0.877639 9.9982E-05
0.0383417 0.07331 0.0666564 0.821592 9.9991E-05
0.162893 9.9982E-05 0.0664569 0.77045 9.9982E-05
0.0908183 0.104524 0.0762011 0.728357 9.9991E-05
0.063287 0.0395099 0.0727508 0.824352 9.9991E-05
9.9982E-05 0.577265 9.9982E-05 0.381491 0.041044
9.9982E-05 0.410363 9.9982E-05 0.462245 0.127192
9.9991E-05 0.48392 0.00271854 0.435448 0.0778132
0.0477952 9.9982E-05 0.117055 0.83495 9.9982E-05
9.9982E-05 0.547028 9.9982E-05 0.377886 0.0748857
0.361577 9.9991E-05 0.261865 0.255935 0.120524
0.186439 0.0905055 0.555246 0.167709 9.9991E-05
0.283732 9.9982E-05 0.539358 0.176711 9.9982E-05
0.22235 9.9991E-05 0.346986 0.326386 0.104178
0.220695 0.0789893 0.515468 0.131466 0.053381
0.314879 9.9982E-05 9.9982E-05 0.502723 0.182198
9.9982E-05 0.329573 0.588246 9.9982E-05 0.0819811
0.0335021 0.216828 0.397112 0.018867 0.333691
0.00933467 0.509485 0.35104 0.10109 0.0290494
0.050219 0.0901688 0.532904 0.0164202 0.310288
9.9973E-05 0.204654 9.9973E-05 9.9973E-05 0.795046
0.0261661 0.120838 0.588385 0.150747 0.113864
0.0199697 0.154701 0.615918 0.0482337 0.161178
9.9991E-05 0.42304 0.470015 0.0174114 0.0894336
0.16276 0.178356 0.536083 0.0302711 0.0925295
9.9982E-05 0.30442 0.216459 9.9982E-05 0.478921
0.10936 0.128692 0.445281 9.9991E-05 0.316567
0.0306375 0.313088 0.560443 9.9991E-05 0.0957311
0.197156 0.11211 0.408995 0.147065 0.134674
0.0414538 0.28647 0.394699 9.9991E-05 0.277277
0.0217751 0.257791 0.484435 0.0513388 0.18466
0.0757612 0.215356 0.540352 9.9991E-05 0.168431
9.9991E-05 0.232241 0.627595 0.0220806 0.117984
0.145779 0.169599 0.58354 0.0178821 0.0832
0.0660485 0.145285 0.642844 0.137968 0.00785454
0.187191 0.120847 0.532763 0.0215809 0.137619
0.116653 9.9982E-05 0.101842 0.781305 9.9982E-05
0.0295366 9.9991E-05 0.086341 0.849693 0.0343291
0.0219883 0.0721189 0.0265396 0.781533 0.0978198
0.0226612 0.0457787 0.0355452 0.87671 0.0193053
0.0205364 9.9982E-05 0.126294 0.852969 9.9982E-05
0.0846862 0.674316 0.156865 9.9991E-05 0.0840337
0.147533 0.115589 0.489421 0.0415509 0.205905
0.244564 9.9991E-05 0.394276 0.176771 0.18429
0.103721 0.194871 0.606162 0.0554864 0.0397596
0.0265619 0.298831 0.628535 0.0455771 0.000494984
0.122478 0.33426 0.258714 9.9991E-05 0.284448
9.9991E-05 0.586448 0.0594079 0.130089 0.223955
0.0848187 0.325581 0.52363 0.0407735 0.0251967
0.0342096 0.569294 0.165451 0.069463 0.161583
0.112493 0.165304 0.450558 0.0690356 0.202609
0.033346 0.575972 0.137983 0.12112 0.131579
0.160492 0.269842 0.508811 0.0607554 9.9991E-05
0.00369836 0.52928 0.252773 0.0726103 0.141638
0.141475 0.330454 0.305681 0.0104447 0.211945
0.0634387 0.0311559 0.486911 0.091517 0.326977
9.9991E-05 0.148375 0.320353 0.105019 0.426152
0.022051 9.9991E-05 0.585969 0.18621 0.20567
9.9982E-05 9.9982E-05 0.555741 0.200767 0.243292
9.9991E-05 0.108729 0.379964 0.0519532 0.459255
0.0628215 0.126472 0.532309 0.0780807 0.200316
9.9982E-05 9.9982E-05 0.636907 0.0884138 0.274479
9.9991E-05 0.0588772 0.209685 0.00950345 0.721834
9.9991E-05 0.0307287 0.298361 0.0112394 0.659571
0.0318686 0.0494426 0.57867 0.0614537 0.278565
9.9991E-05 0.0862274 0.25565 0.0266579 0.631365
9.9991E-05 0.241846 0.506663 0.00955123 0.24184
0.0972015 0.675755 0.0959144 0.00518951 0.12594
0.0353963 0.341552 0.325425 9.9991E-05 0.297527
0.0926589 0.402498 0.425697 0.0559821 0.0231642
0.148639 0.219216 0.631946 9.9982E-05 9.9982E-05
0.0280267 0.543308 0.295551 9.9991E-05 0.133014
0.111081 0.127679 0.421781 0.061497 0.277961
0.180466 0.160294 0.549563 0.0215562 0.0881212
0.1231 0.273953 0.531856 9.9991E-05 0.0709911
0.101727 0.358679 0.521618 9.9991E-05 0.0178755
0.0683283 0.347946 0.49058 0.0592577 0.0338876
0.121322 0.578301 0.269988 9.9991E-05 0.0302886
0.162113 0.478503 0.288238 9.9991E-05 0.0710456
0.0662778 0.212009 0.676648 9.9991E-05 0.044965
0.161754 0.16067 0.499133 0.0503445 0.128099
0.0872839 0.280866 0.438422 0.0571752 0.136253
0.167247 0.237385 0.483481 9.9991E-05 0.111786
0.0586964 0.48278 0.386616 0.041993 0.0299152
0.0639113 0.215572 0.652803 0.00529012 0.0624235
0.043177 0.207324 0.532815 0.0699102 0.146773
0.154952 0.174711 0.506732 0.114727 0.0488779
0.117658 0.0396802 0.409776 0.38159 0.0512948
0.298586 9.9991E-05 0.459714 0.135561 0.106039
0.295294 0.0449965 0.376085 0.153046 0.130578
0.145536 0.114136 0.615914 0.0808933 0.0435204
0.268013 0.0197911 0.470359 0.166576 0.0752612
0.0298649 0.199178 0.490442 9.9991E-05 0.280415
0.164438 0.111161 0.54073 0.164031 0.0196399
0.178497 9.9982E-05 9.9982E-05 0.29366 0.527643
0.146871 0.139185 0.588167 0.108228 0.0175498
0.203951 0.090942 0.480499 0.107918 0.116689
0.309525 0.0813958 0.471932 0.0829263 0.0542209
0.165283 0.113267 0.338282 0.148266 0.234903
0.16145 9.9991E-05 0.52639 0.231506 0.0805536
0.209465 9.9991E-05 0.583604 0.155516 0.0513154
0.148644 9.9982E-05 9.9982E-05 0.520755 0.330401
0.221043 9.9991E-05 0.48408 0.238906 0.0558709
0.234951 9.9991E-05 0.504664 0.195269 0.0650162
0.26377 0.037696 0.528175 0.0960274 0.0743314
0.196784 9.9982E-05 0.549601 0.253416 9.9982E-05
0.161541 9.9991E-05 0.642478 0.168076 0.0278052
0.115089 0.0956884 0.503854 0.00438884 0.28098
0.0892888 0.119628 0.577365 0.060536 0.153182
0.0132561 0.156944 0.0970262 9.9991E-05 0.732674
9.9982E-05 0.0679892 0.0713688 9.9982E-05 0.860442
0.186381 0.120999 0.471452 0.0207963 0.200371
0.376712 0.0649362 0.342001 0.143467 0.0728834
0.390387 9.9991E-05 0.324719 0.0989569 0.185837
0.303604 0.00399267 0.190815 0.262169 0.239419
0.363399 0.0506583 0.336187 0.157797 0.0919586
0.0859622 9.9991E-05 0.142955 0.117321 0.653662
0.221049 9.9991E-05 0.147466 0.0772833 0.554102
0.267655 9.9982E-05 0.507277 9.9982E-05 0.224867
0.0929262 9.9991E-05 0.526593 0.104222 0.276159
0.239825 9.9991E-05 0.156826 0.052066 0.551182
0.149725 0.0820871 0.541869 0.0431911 0.183127
0.110749 0.00630931 0.61861 9.9991E-05 0.264231
0.209199 0.10203 0.465679 0.125908 0.0971846
9.9982E-05 0.171165 0.420713 9.9982E-05 0.407922
0.132237 0.186755 0.353458 9.9991E-05 0.32745
0.0909586 0.0635098 0.527747 0.0756586 0.242126
0.0944706 0.0973927 0.386289 0.0113846 0.410463
0.114831 0.104217 0.422213 0.113334 0.245404
0.00925156 0.0206665 0.564643 0.0295911 0.375848
9.9982E-05 0.135323 0.280117 9.9982E-05 0.584361
0.0802808 9.9991E-05 0.61001 0.0343942 0.275215
0.0509566 0.0559507 0.280166 9.9991E-05 0.612827
9.9982E-05 9.9982E-05 0.533935 0.0411386 0.424727
0.064283 0.0114375 0.566683 0.168538 0.189058
0.0469994 0.0736003 0.540591 0.0325742 0.306235
0.271249 0.0993509 0.446926 0.134218 0.0482556
0.283633 0.134453 0.379274 0.102923 0.0997175
0.285981 0.0467299 0.346918 0.175776 0.144595
0.289466 0.158909 0.258291 0.14315 0.150184
0.247585 0.0621928 0.439296 0.208646 0.0422798
0.202011 0.0588239 0.410965 0.0985125 0.229687
0.177827 9.9982E-05 9.9982E-05 0.21595 0.606023
0.240114 0.0879721 0.604719 0.0572265 0.00996805
0.179463 9.9982E-05 9.9982E-05 0.387315 0.433022
0.218961 9.9991E-05 0.563655 0.0349658 0.182319
9.9973E-05 9.9973E-05 0.227524 9.9973E-05 0.772176
9.9982E-05 0.064536 0.0161996 9.9982E-05 0.919065
0.0390176 9.9982E-05 0.539153 9.9982E-05 0.42163
0.0221098 9.9991E-05 0.708976 0.0689575 0.199856
9.9973E-05 9.9973E-05 0.515484 9.9973E-05 0.484216
0.0387102 0.0582532 0.60302 9.9991E-05 0.299916
0.0532034 0.00648836 0.589841 0.0270531 0.323414
0.0203075 0.0522481 0.121799 0.800298 0.00534717
0.0976795 0.127056 9.9991E-05 0.748149 0.0270155
0.0687273 0.00134456 9.9982E-05 0.929728 9.9982E-05
0.0150363 9.9982E-05 0.0315651 0.953199 9.9982E-05
0.0484105 0.123883 0.587545 0.0711346 0.169028
0.0568246 0.0203229 0.625621 0.0859009 0.21133
9.9991E-05 0.0767698 0.699821 0.0135781 0.209731
0.0209847 0.158672 0.734676 0.0218137 0.0638535
0.0760128 0.126924 0.560186 0.0742927 0.162585
9.9991E-05 0.130945 0.431383 0.00127847 0.436294
9.9991E-05 0.0385532 0.837874 0.0227159 0.100757
9.9973E-05 9.9973E-05 0.497376 9.9973E-05 0.502324
0.146289 0.0263002 0.431669 0.290629 0.105113
0.0188555 0.107267 0.576866 9.9991E-05 0.296912
9.9982E-05 0.23985 0.488499 9.9982E-05 0.271451
9.9982E-05 0.078829 0.72604 9.9982E-05 0.194932
9.9991E-05 0.097554 0.553501 0.0482738 0.300571
0.0461369 9.9991E-05 0.644155 0.00829083 0.301317
9.9991E-05 0.0211785 0.729764 0.0980021 0.150956
9.9973E-05 9.9973E-05 0.319931 9.9973E-05 0.679769
0.01278 0.0187439 0.477858 9.9991E-05 0.490518
9.9982E-05 0.169449 0.465334 9.9982E-05 0.365018
9.9973E-05 9.9973E-05 0.0915612 9.9973E-05 0.908139
0.0506738 0.172702 0.515827 0.0168171 0.24398
9.9982E-05 0.0854186 0.283909 9.9982E-05 0.630473
9.9991E-05 0.0834401 0.0867047 0.00520502 0.82455
0.0415762 0.0106522 0.672042 0.0370013 0.238728
9.9982E-05 0.23927 0.39643 9.9982E-05 0.3641
0.0745533 0.179797 0.528611 9.9991E-05 0.216939
0.0244442 0.0595784 0.701872 0.095094 0.119011
0.0151235 0.131576 0.698236 9.9991E-05 0.154964
0.0813825 0.35569 0.337046 9.9991E-05 0.225781
0.0477592 0.0391442 0.658273 9.9991E-05 0.254724
0.0158719 0.1486 0.604807 0.032738 0.197983
9.9982E-05 0.00555358 0.49514 9.9982E-05 0.499106
0.0716472 0.00664137 0.63933 0.0622917 0.22009
9.9982E-05 0.278764 9.9982E-05 0.662105 0.058931
0.0375573 0.0990066 0.0245314 0.762482 0.0764222
9.9982E-05 0.102641 9.9982E-05 0.839857 0.0573021
9.9973E-05 0.192255 9.9973E-05 0.807445 9.9973E-05
9.9991E-05 0.257798 0.00753475 0.730946 0.003621
0.0163171 0.308019 0.304018 0.00244313 0.369204
9.9991E-05 0.296353 0.269773 0.00246603 0.431307
9.9973E-05 9.9973E-05 0.371263 9.9973E-05 0.628437
0.206632 0.0505642 0.584675 0.0347232 0.123406
0.00132886 0.0868391 0.665222 0.173933 0.0726767
9.9982E-05 9.9982E-05 0.441999 0.0580025 0.499799
0.131533 0.00839743 0.608797 0.0141994 0.237073
0.00793555 9.9991E-05 0.512283 0.105361 0.37432
9.9991E-05 0.115415 0.705443 0.0379418 0.1411
0.0220615 0.0553595 0.726205 0.00191998 0.194453
9.9982E-05 0.216808 0.418522 9.9982E-05 0.36447
9.9982E-05 0.212442 0.531735 9.9982E-05 0.255623
9.9982E-05 0.223643 0.529348 9.9982E-05 0.246809
9.9991E-05 0.025095 0.701398 0.146991 0.126416
9.9982E-05 0.171694 0.556862 9.9982E-05 0.271243
9.9991E-05 0.170472 0.626288 0.0269298 0.176211
0.370696 0.062632 0.482737 0.0838357 9.9991E-05
0.448153 0.0320195 0.367236 0.135179 0.0174123
0.480044 0.0029211 0.400339 0.102968 0.0137271
0.523622 9.9991E-05 0.219052 0.155055 0.102172
0.295042 9.9982E-05 0.496782 0.207977 9.9982E-05
0.0308041 9.9991E-05 0.608403 0.0717478 0.288946
0.659851 0.0328207 9.9991E-05 0.241318 0.0659109
0.498813 9.9991E-05 0.316191 0.173181 0.0117149
0.142287 0.0544785 0.472797 0.166739 0.163699
9.9982E-05 9.9982E-05 0.654827 0.226696 0.118277
0.0493613 0.104296 0.473066 0.125847 0.24743
0.0795083 0.0937323 0.571495 0.152762 0.102502
0.0297769 0.0383205 0.649436 0.135093 0.147374
0.453006 9.9982E-05 0.330877 0.215917 9.9982E-05
0.325536 0.133607 0.408541 0.132215 9.9991E-05
0.507831 0.00873694 0.404085 0.079247 9.9991E-05
0.279658 0.1287 0.498775 0.0926175 0.000249893
0.594503 9.9991E-05 0.246782 0.0672572 0.0913578
0.338222 0.00697246 0.354443 0.207222 0.0931412
0.533322 9.9982E-05 0.274327 0.192152 9.9982E-05
0.43532 0.0827609 0.383122 0.0986965 9.9991E-05
9.9982E-05 9.9982E-05 0.625311 0.150805 0.223684
0.419802 0.018682 0.378791 0.0952217 0.0875034
0.668284 9.9982E-05 0.172504 0.159012 9.9982E-05
0.322579 0.112852 0.358457 0.155062 0.0510505
9.9991E-05 0.294623 0.226532 0.185066 0.293679
0.116271 0.0287831 0.662825 0.00491362 0.187207
0.333913 0.0477049 0.428644 0.173538 0.0162005
0.119474 0.167268 0.503689 0.128086 0.0814824
9.9991E-05 0.0560902 0.555497 0.206615 0.181698
0.288543 0.0353713 0.297522 0.234842 0.143721
0.304973 0.00763437 0.365744 0.200971 0.120677
0.185924 0.115558 0.539003 0.100435 0.0590803
0.432328 0.0195728 0.412494 0.10189 0.0337149
0.453917 9.9991E-05 0.441804 0.09563 0.00854937
0.626577 9.9991E-05 0.115497 0.216238 0.0415888
0.0985399 0.0981596 0.570744 0.108442 0.124115
9.9991E-05 0.0971425 0.615362 0.13524 0.152156
0.109734 9.9991E-05 0.103918 0.177659 0.608588
0.150547 0.0744586 0.554031 0.132962 0.0880012
0.0706977 0.165514 0.449123 0.155567 0.1591
0.302846 0.00358227 0.373145 0.162336 0.15809
0.116647 0.121073 0.527223 0.127137 0.107919
0.205874 9.9982E-05 9.9982E-05 0.350083 0.443844
0.131656 9.9982E-05 9.9982E-05 0.357278 0.510866
0.168876 0.0194916 0.304923 0.18967 0.31704
0.234525 9.9982E-05 9.9982E-05 0.367512 0.397763
0.238222 9.9982E-05 9.9982E-05 0.450615 0.310963
0.2573 0.0242669 0.272873 0.12283 0.322731
0.23407 9.9991E-05 0.376291 0.244893 0.144645
0.219523 9.9991E-05 0.159479 0.301301 0.319597
0.255153 9.9991E-05 0.0391447 0.281568 0.424034
0.160789 0.122027 0.43586 0.12807 0.153253
0.204943 9.9991E-05 0.0942057 0.238393 0.462358
0.102117 9.9982E-05 9.9982E-05 0.468409 0.429275
0.277372 0.100676 0.489872 0.105632 0.0264475
0.309124 0.0350985 0.306365 0.190149 0.159263
0.197844 0.0197752 0.464209 0.310294 0.00787731
0.286088 9.9982E-05 0.534765 0.178948 9.9982E-05
0.248958 0.0728376 0.440805 0.202999 0.0343997
0.23764 0.0658442 0.415869 0.174449 0.106198
0.16764 0.023063 0.392575 0.411826 0.00489557
0.183791 0.0691872 0.487 0.238698 0.0213239
0.284589 9.9982E-05 0.494179 0.221032 9.9982E-05
0.306603 0.0208684 0.274795 0.322075 0.0756586
0.182783 0.18519 0.24028 0.154498 0.237248
0.192715 0.113792 0.534872 0.152208 0.00641361
0.152213 0.0292508 0.571554 0.191105 0.0558767
0.158918 0.0621176 0.644276 0.132095 0.00259316
0.312277 0.0516468 0.327194 0.308782 9.9991E-05
0.251349 0.0179996 0.476767 0.200058 0.0538259
0.248207 9.9991E-05 0.129682 0.378375 0.243635
0.280561 9.9991E-05 0.472246 0.13879 0.108303
0.336449 9.9991E-05 0.215051 0.306468 0.141933
9.9991E-05 0.0974031 0.00178444 0.79672 0.103993
0.0206898 0.784951 0.0959677 0.0599068 0.0384844
9.9973E-05 0.959457 9.9973E-05 0.0402431 9.9973E-05
9.9973E-05 0.978237 9.9973E-05 0.0214634 9.9973E-05
0.0245738 0.975126 9.9973E-05 9.9973E-05 9.9973E-05
0.0246326 0.975068 9.9973E-05 9.9973E-05 9.9973E-05
9.9982E-05 0.922456 0.0667238 0.0106199 9.9982E-05
9.9973E-05 0.986521 9.9973E-05 0.0131787 9.9973E-05
9.9973E-05 0.797968 9.9973E-05 0.201733 9.9973E-05
0.0240781 0.0225601 0.0319188 0.921343 9.9991E-05
0.0179315 0.134171 0.0357155 0.812082 9.9991E-05
0.0423669 9.9991E-05 0.0379207 0.89467 0.0249427
9.9991E-05 0.11829 0.0324756 0.833548 0.0155863
0.0884955 0.0396798 9.9982E-05 0.871625 9.9982E-05
9.9982E-05 0.0804449 9.9982E-05 0.917316 0.00203951
0.0956751 0.0813313 0.0192772 0.803616 9.9991E-05
0.0664204 0.0346275 0.0213703 0.877482 9.9991E-05
0.0284639 0.108787 0.103268 0.685254 0.0742281
0.0798521 9.9973E-05 9.9973E-05 0.919848 9.9973E-05
9.9973E-05 0.04983 9.9973E-05 0.94987 9.9973E-05
0.0395096 0.049271 0.0450172 0.831218 0.0349837
9.9982E-05 0.0188987 0.00986121 0.97104 9.9982E-05
0.00213447 9.9991E-05 0.0548193 0.942493 0.000452899
0.0267522 0.0104492 0.0910842 0.871614 9.9991E-05
0.0380508 9.9982E-05 0.10899 0.85276 9.9982E-05
0.12391 9.9982E-05 0.0760531 0.799836 9.9982E-05
0.092486 9.9982E-05 0.110841 0.796473 9.9982E-05
0.0427696 9.9982E-05 0.135909 0.821122 9.9982E-05
0.0533366 0.091928 0.443148 0.151236 0.260352
9.9991E-05 0.0370452 0.760389 0.127039 0.0754262
0.135746 0.0706893 0.567599 0.112031 0.113935
0.0257023 9.9991E-05 0.161863 0.0968436 0.715491
0.0345937 0.111203 0.597389 0.169222 0.0875919
0.054121 9.9991E-05 0.101546 0.210164 0.63407
0.0348283 9.9991E-05 0.689883 0.108346 0.166842
9.9991E-05 0.174683 0.423516 0.131107 0.270594
9.9991E-05 0.00453603 0.644142 0.141939 0.209283
0.0469235 0.04476 0.688213 0.0237356 0.196368
9.9991E-05 0.160289 0.550817 0.149699 0.139095
0.0413485 0.0442119 0.734443 0.097313 0.0826836
9.9991E-05 0.192614 0.584597 0.118646 0.104044
0.0689288 0.473899 0.100098 9.9991E-05 0.356974
9.9982E-05 0.0811682 9.9982E-05 0.105733 0.812899
0.0637368 0.0701946 0.185034 0.123236 0.557799
0.114575 0.0712553 0.607375 0.110146 0.0966483
0.064608 0.083947 0.549814 0.154714 0.146917
9.9982E-05 9.9982E-05 0.617522 0.172407 0.209871
0.121172 0.0220306 0.66188 0.10145 0.0934669
0.160114 0.00805538 0.519609 0.216538 0.0956827
0.251317 9.9982E-05 0.540125 0.208358 9.9982E-05
0.147317 0.101315 0.161317 0.43342 0.15663
0.00394373 0.0688076 0.6905 0.175542 0.0612066
0.205722 0.0456395 0.426326 0.182733 0.139579
0.155444 9.9982E-05 9.9982E-05 0.450532 0.393824
0.257041 9.9991E-05 0.216963 0.302184 0.223711
0.192349 0.0800393 0.353231 0.36978 0.00460079
0.142028 0.118258 0.390824 0.34879 9.9991E-05
0.209504 0.0311735 0.512939 0.145115 0.101268
0.173078 0.0280054 0.57039 0.228427 9.9991E-05
0.143711 9.9991E-05 0.587081 0.161308 0.1078
0.165646 0.00124286 0.494341 0.219189 0.119581
0.16375 9.9982E-05 0.334037 0.502013 9.9982E-05
