0.0577904 0.0184061 9.9991E-05 0.923704
0.0173669 0.0170557 0.0501407 0.915437
0.0564553 0.127605 9.9991E-05 0.815839
0.105442 0.0964036 9.9991E-05 0.798055
0.00591962 0.0630199 9.9991E-05 0.93096
0.0528841 0.111104 0.171766 0.664246
0.0122462 9.9991E-05 0.121434 0.86622
0.117246 0.0431682 0.0453032 0.794283
0.0944098 9.9982E-05 9.9982E-05 0.90539
0.0308637 0.126406 0.0935451 0.749185
0.101067 9.9991E-05 0.0953839 0.803449
0.515312 0.178373 0.306215 9.9991E-05
0.364824 0.295202 0.334961 0.00501331
0.45444 0.169228 0.310055 0.0662768
0.387991 0.343869 0.219378 0.0487616
0.293684 0.275924 0.333627 0.0967643
0.346358 0.265693 0.387849 9.9991E-05
0.382992 0.190228 0.33355 0.0932299
0.688062 0.0518106 0.191456 0.0686706
0.331606 0.302613 0.365681 9.9991E-05
0.240919 0.251941 0.46872 0.0384192
0.151549 0.267203 0.568124 0.0131244
0.404643 0.271298 0.323958 9.9991E-05
0.248411 0.356237 0.392598 0.0027544
0.584568 0.167027 0.248306 9.9991E-05
0.540597 0.281998 0.163792 0.0136125
0.548491 0.187596 0.255612 0.00830093
9.9982E-05 0.179304 9.9982E-05 0.820496
0.0101678 0.161118 0.00685524 0.821859
0.0721663 0.191336 0.00540709 0.73109
9.9991E-05 0.203363 0.11085 0.685687
0.173873 0.212802 0.558711 0.0546144
9.9982E-05 0.270966 0.728834 9.9982E-05
0.566243 0.0866576 0.251705 0.0953944
0.0756823 0.129548 0.698307 0.0964628
0.017469 0.281531 0.7009 9.9991E-05
0.182304 0.235812 0.541392 0.0404923
0.140918 0.28564 0.453692 0.11975
0.245054 0.0198417 0.705405 0.0296989
0.107227 0.296677 0.571223 0.0248728
0.0101585 0.0995983 0.890143 9.9991E-05
0.086469 9.9991E-05 0.769774 0.143657
0.539482 0.0617323 0.398686 9.9991E-05
0.18792 0.0310358 0.637999 0.143046
0.385091 0.0403097 0.461899 0.1127
0.339531 0.248377 0.411991 9.9991E-05
0.218918 0.156696 0.478858 0.145527
0.324595 0.108488 0.318986 0.24793
0.416462 0.28232 0.301118 9.9991E-05
0.540452 9.9991E-05 0.36166 0.0977878
0.278571 0.214023 0.507305 9.9991E-05
0.193672 0.337431 0.468797 9.9991E-05
0.269503 0.153858 0.492939 0.0837
0.316912 0.326894 0.356094 9.9991E-05
0.419599 0.0510552 0.423104 0.106241
0.126141 0.221015 0.652745 9.9991E-05
0.216096 0.0301201 0.749437 0.00434702
0.0678288 9.9991E-05 0.893839 0.0382318
0.106134 9.9991E-05 0.85463 0.0391355
0.0400007 0.0179595 0.94194 9.9991E-05
0.136958 0.184574 0.678368 9.9991E-05
0.0306666 0.179449 0.761054 0.02883
0.293938 0.086696 0.614784 0.00458132
0.393057 0.0481018 0.523236 0.0356053
0.156652 0.0927045 0.724075 0.0265679
0.220369 0.166493 0.608166 0.0049722
9.9982E-05 0.10553 0.89427 9.9982E-05
0.0264682 9.9991E-05 0.877442 0.0959894
0.111791 0.104063 9.9991E-05 0.784046
9.9991E-05 0.0773402 0.00215221 0.920408
9.9982E-05 0.122209 9.9982E-05 0.877591
9.9982E-05 0.0572036 9.9982E-05 0.942596
9.9982E-05 0.112543 9.9982E-05 0.887257
9.9982E-05 0.0954951 9.9982E-05 0.904305
9.9982E-05 0.0562063 9.9982E-05 0.943594
0.148641 9.9991E-05 0.813897 0.0373616
0.206896 0.183505 0.609499 9.9991E-05
0.0721036 0.204184 0.716316 0.00739662
0.0777623 0.253771 0.630992 0.0374747
0.0237718 0.251942 0.710739 0.0135471
0.237179 9.9991E-05 0.703303 0.0594185
9.9991E-05 0.0457758 0.879355 0.0747688
0.029551 0.198253 0.771424 0.000772238
0.139014 0.216106 0.64478 9.9991E-05
0.0432943 0.204481 0.752124 9.9991E-05
0.195306 0.135016 0.632706 0.0369721
0.378909 0.110715 0.487174 0.0232021
0.324203 0.224399 0.356399 0.094999
0.451484 0.196317 0.343211 0.0089881
0.316541 0.298095 0.385264 9.9991E-05
0.466443 0.21373 0.319727 9.9991E-05
0.214844 0.249548 0.535508 9.9991E-05
0.414837 0.174965 0.410098 9.9991E-05
0.238946 0.324039 0.436915 9.9991E-05
0.169713 0.330602 0.499585 9.9991E-05
0.289866 0.185846 0.441582 0.082706
0.195399 0.342043 0.462457 9.9991E-05
0.161776 0.356247 0.481878 9.9991E-05
0.471524 0.120198 0.408177 9.9991E-05
0.348521 0.0655841 0.461616 0.124279
0.394224 0.044379 0.561297 9.9991E-05
0.468552 0.145518 0.38583 9.9991E-05
0.445407 0.162402 0.392091 9.9991E-05
0.521679 0.0734935 0.404727 9.9991E-05
0.461312 0.135884 0.402704 9.9991E-05
0.227382 0.345686 0.426833 9.9991E-05
0.403367 0.124386 0.444401 0.0278454
0.159579 0.239081 0.563603 0.0377365
0.127417 9.9991E-05 0.595974 0.276509
0.0595239 0.216768 0.656553 0.0671547
0.123693 0.259047 0.484613 0.132647
0.0669841 0.0389083 0.693512 0.200596
0.173158 0.0123491 0.64374 0.170752
0.187706 0.167182 0.563741 0.0813712
0.0315068 0.084083 0.647471 0.236939
0.197093 0.0786379 0.724169 9.9991E-05
0.0779636 0.185231 0.716758 0.0200467
0.0267326 0.310302 0.301333 0.361632
9.9991E-05 0.129657 0.170949 0.699295
9.9991E-05 0.131659 0.20411 0.664132
0.0248782 0.401125 0.150364 0.423633
9.9982E-05 0.310814 0.688986 9.9982E-05
0.0743314 0.860232 0.0653367 9.9991E-05
9.9991E-05 0.0876779 0.798219 0.114003
0.00405251 0.0211635 0.824345 0.150439
9.9991E-05 0.253604 0.709513 0.0367826
0.0678751 0.166536 0.709485 0.056104
0.0517485 0.276815 0.660929 0.0105068
0.0334569 9.9991E-05 0.832309 0.134134
9.9982E-05 0.98766 9.9982E-05 0.0121402
0.0325621 0.953438 0.0138997 9.9991E-05
0.0251989 0.913602 0.0610989 9.9991E-05
0.0284812 0.845848 0.0338174 0.0918535
9.9982E-05 0.996218 9.9982E-05 0.00358214
9.9982E-05 0.904665 9.9982E-05 0.0951349
9.9982E-05 0.965258 0.0345424 9.9982E-05
0.0115153 0.969771 9.9991E-05 0.0186139
9.998E-05 0.9997 9.998E-05 9.998E-05
9.998E-05 0.9997 9.998E-05 9.998E-05
0.0530576 0.853574 9.9991E-05 0.0932682
9.9991E-05 0.881506 0.036272 0.0821223
9.9982E-05 0.955485 9.9982E-05 0.0443146
9.9991E-05 0.796291 0.0887883 0.114821
9.9982E-05 0.932437 9.9982E-05 0.0673628
9.9982E-05 0.985756 9.9982E-05 0.0140442
9.9982E-05 0.913904 9.9982E-05 0.0858964
9.9982E-05 0.974215 9.9982E-05 0.0255855
0.132276 0.756609 0.043099 0.0680158
0.00973996 0.880595 0.0271089 0.0825559
9.9982E-05 9.9982E-05 0.523475 0.476325
0.0797494 0.202376 0.465624 0.252251
0.04081 0.284857 0.441034 0.233299
9.9991E-05 0.128392 0.518644 0.352864
9.9991E-05 0.176521 0.51354 0.309839
9.9991E-05 0.274383 0.522511 0.203005
0.0582379 0.386459 0.388867 0.166436
9.9991E-05 0.35529 0.414271 0.230339
0.0628113 9.9991E-05 0.0609314 0.876157
9.9982E-05 0.0541843 9.9982E-05 0.945616
0.0137001 9.9982E-05 9.9982E-05 0.9861
0.044152 9.9982E-05 9.9982E-05 0.955648
0.0661977 0.032818 9.9991E-05 0.900884
9.9982E-05 0.0718637 9.9982E-05 0.927936
0.00344596 0.121445 9.9991E-05 0.875009
0.078339 9.9991E-05 0.0500497 0.871511
9.9991E-05 0.050043 0.00466093 0.945196
0.00133224 0.108551 9.9991E-05 0.890017
0.29345 9.9991E-05 0.0461658 0.660284
0.36953 9.9982E-05 9.9982E-05 0.63027
0.336392 9.9991E-05 0.0595007 0.604007
0.382921 9.9991E-05 0.114415 0.502564
0.217075 0.293458 0.489367 9.9991E-05
0.258739 0.309264 0.431897 9.9991E-05
0.330501 0.097151 0.527679 0.0446692
0.685139 0.0545104 0.26025 9.9991E-05
0.166864 0.27688 0.556156 9.9991E-05
0.139413 0.240858 0.619629 9.9991E-05
0.146152 0.228594 0.625154 9.9991E-05
0.106804 0.142485 0.750611 9.9991E-05
0.247848 0.140981 0.611071 9.9991E-05
0.164066 9.9991E-05 0.806055 0.0297783
0.0508499 0.0633134 0.813481 0.0723559
0.115353 0.248277 0.636269 9.9991E-05
0.260306 9.9991E-05 0.685695 0.0538988
0.85403 9.9991E-05 0.0119167 0.133953
0.875078 9.9991E-05 0.0167604 0.108062
0.979151 9.9982E-05 9.9982E-05 0.0206494
0.925681 9.9982E-05 9.9982E-05 0.0741192
0.968888 0.015079 9.9991E-05 0.0159332
0.882761 0.065975 9.9991E-05 0.051164
9.9991E-05 0.114211 0.0066425 0.879046
0.106756 0.101377 9.9991E-05 0.791768
0.0714656 0.173435 9.9991E-05 0.755
0.0987509 0.152276 9.9991E-05 0.748873
0.0640257 0.146196 0.0028887 0.78689
0.530122 9.9991E-05 0.0123667 0.457412
0.483468 9.9991E-05 0.0063211 0.510111
0.472271 9.9991E-05 0.0185803 0.509049
0.0531926 0.164978 9.9991E-05 0.781729
0.537122 9.9991E-05 0.0548304 0.407947
9.9991E-05 0.510115 0.287713 0.202072
0.0135953 0.586714 0.244835 0.154855
9.9991E-05 0.429347 0.328366 0.242187
9.9991E-05 0.314093 0.155459 0.530348
0.380362 0.174253 0.445284 9.9991E-05
0.257269 0.128824 0.602063 0.011844
0.653433 0.140912 0.188963 0.0166927
0.229542 0.206502 0.560411 0.00354439
0.248833 9.9991E-05 0.69046 0.0606074
0.287336 0.231605 0.449907 0.0311517
0.460097 0.131465 0.376058 0.0323803
0.22746 9.9991E-05 0.715616 0.0568239
0.192797 0.253741 0.553362 9.9991E-05
0.341529 0.296352 0.362019 9.9991E-05
0.157624 0.369534 0.280824 0.192018
0.342129 0.159605 0.498166 9.9991E-05
0.302232 0.213517 0.484151 9.9991E-05
0.202886 0.271086 0.525929 9.9991E-05
0.169223 0.221282 0.609395 9.9991E-05
0.17667 0.358064 0.42401 0.0412555
9.9991E-05 0.17046 0.0319778 0.797462
9.9991E-05 0.0998611 0.052798 0.847241
0.0568403 0.0386627 0.0790701 0.825427
0.0369611 0.0545633 0.086578 0.821898
0.0103259 0.128941 0.0286 0.832133
0.669963 0.14706 0.172335 0.0106428
0.139341 0.3973 0.463259 9.9991E-05
0.357711 0.25009 0.392099 9.9991E-05
0.355355 0.167182 0.406834 0.0706287
0.681798 9.9991E-05 0.214468 0.103634
0.314994 0.274162 0.368729 0.042116
0.591144 0.106111 0.197074 0.105672
0.213782 0.20863 0.487775 0.0898129
0.544431 0.0771525 0.235692 0.142724
0.618434 0.118076 0.221294 0.0421963
0.286971 0.154683 0.516093 0.0422538
0.0923429 0.0573808 0.72284 0.127436
0.129084 0.279493 0.591323 9.9991E-05
0.0992756 0.00687212 0.816899 0.0769537
9.9991E-05 0.164038 0.700843 0.135019
0.025059 9.9991E-05 0.899486 0.075355
0.0261121 9.9991E-05 0.886198 0.0875899
0.0846187 0.212437 0.675867 0.0270775
0.0819104 9.9991E-05 0.81832 0.0996694
0.180967 0.151848 0.658409 0.0087765
0.659617 0.0595177 0.265276 0.0155888
0.330889 0.160368 0.508643 9.9991E-05
0.489996 0.292041 0.217864 9.9991E-05
0.194045 0.340138 0.465716 9.9991E-05
0.511168 0.132236 0.356496 9.9991E-05
0.314763 0.300961 0.384175 9.9991E-05
0.413563 0.272662 0.313676 9.9991E-05
0.638101 0.173412 0.188388 9.9991E-05
0.540871 0.232321 0.226707 9.9991E-05
0.240495 0.335621 0.423784 9.9991E-05
0.262215 0.142753 0.534686 0.060346
0.286226 0.258184 0.45549 9.9991E-05
0.464049 0.232693 0.273764 0.0294935
0.387476 0.303741 0.308684 9.9991E-05
0.0457491 0.306473 0.314834 0.332944
9.9991E-05 0.462408 0.374843 0.162649
0.185623 0.385329 0.397358 0.03169
0.067258 0.436186 0.335135 0.161421
0.232274 0.182788 0.584837 9.9991E-05
9.9991E-05 0.128745 0.511603 0.359552
0.13454 0.4297 0.325822 0.109938
0.15184 0.473268 0.262622 0.11227
0.0854978 0.250588 0.430141 0.233774
9.9991E-05 0.497493 0.351599 0.150808
9.9991E-05 0.144643 0.198939 0.656317
9.9991E-05 0.444319 0.409731 0.14585
0.121375 0.380224 0.359409 0.138992
0.172244 0.220657 0.597309 0.00979024
0.192196 9.9991E-05 0.801731 0.00597282
0.0895453 9.9991E-05 0.846511 0.063844
0.054257 0.503938 0.337949 0.103856
9.9991E-05 0.494167 0.344264 0.161469
9.9991E-05 0.347961 0.367763 0.284176
9.9991E-05 0.435786 0.350071 0.214042
9.9991E-05 0.0665478 0.733835 0.199517
9.9991E-05 0.131867 0.669018 0.199016
9.9991E-05 0.367769 0.61417 0.0179617
9.9991E-05 0.31728 0.604637 0.0779829
9.9991E-05 0.144641 0.667262 0.187997
0.126864 0.290698 0.531769 0.0506695
0.0383789 0.325097 0.588221 0.0483024
0.159081 0.0050669 0.766775 0.0690768
0.106949 0.181046 0.688702 0.0233035
0.111834 0.180023 0.630878 0.0772646
0.0209639 0.200982 0.777954 9.9991E-05
0.146263 0.0121455 0.820938 0.0206535
0.0209675 0.271681 0.707251 9.9991E-05
0.11513 0.0524872 0.744439 0.0879439
0.0139003 0.147473 0.756619 0.082008
0.0126495 0.470705 0.337617 0.179028
0.10317 0.322612 0.372475 0.201743
0.0328852 0.0961685 0.536925 0.334022
0.0216845 0.476418 0.433386 0.068511
9.9991E-05 0.0729908 0.329985 0.596925
0.0147277 0.457641 0.436666 0.0909652
9.9982E-05 9.9982E-05 0.94425 0.05555
0.0242771 9.9991E-05 0.861382 0.114241
0.00901707 0.215563 0.77532 9.9991E-05
0.0919506 0.283077 0.623911 0.00106168
0.0540608 0.102287 0.843552 9.9991E-05
0.118915 0.1858 0.66254 0.0327461
0.0234633 0.236908 0.739528 9.9991E-05
0.0183267 0.0854797 0.0897947 0.806399
0.160964 0.0819401 9.9991E-05 0.756996
0.0297374 0.0692253 9.9991E-05 0.900937
9.9982E-05 0.0274043 9.9982E-05 0.972396
0.0789181 0.216575 0.704407 9.9991E-05
0.161903 0.170234 0.667763 9.9991E-05
0.233356 0.126734 0.599391 0.0405189
0.0755419 0.252443 0.671915 9.9991E-05
9.9991E-05 0.0686562 0.882984 0.0482599
0.107937 0.374152 0.274996 0.242915
0.0906455 0.237931 0.671323 9.9991E-05
0.186058 0.135658 0.678184 9.9991E-05
0.100742 0.246647 0.65251 9.9991E-05
0.104988 0.17076 0.693066 0.0311851
9.9982E-05 0.213674 0.786126 9.9982E-05
9.998E-05 9.998E-05 0.9997 9.998E-05
0.112824 0.0644292 0.816941 0.00580556
0.0925181 0.0925473 0.77713 0.0378043
9.998E-05 9.998E-05 0.9997 9.998E-05
0.163859 0.181706 0.632862 0.0215734
9.9982E-05 9.9982E-05 0.91498 0.0848202
9.9982E-05 9.9982E-05 0.89323 0.10657
0.119513 0.30054 0.56465 0.0152974
0.164623 0.0833686 0.695164 0.0568443
0.157268 0.212276 0.630355 9.9991E-05
0.174928 0.210751 0.614221 9.9991E-05
0.324014 0.198128 0.477758 9.9991E-05
0.104745 0.247157 0.647998 9.9991E-05
0.15019 0.213382 0.588794 0.0476331
0.0151647 0.130857 0.834273 0.0197054
0.310358 9.9982E-05 9.9982E-05 0.689442
0.179916 0.0755362 0.0146582 0.72989
0.148209 9.9982E-05 9.9982E-05 0.851591
0.123953 9.9991E-05 0.0349794 0.840967
0.249673 9.9982E-05 9.9982E-05 0.750127
0.330655 0.0160622 0.621145 0.0321377
0.178116 9.9991E-05 0.715886 0.105898
9.9982E-05 0.0505711 0.949229 9.9982E-05
9.9991E-05 0.0607312 0.825761 0.113408
0.0214008 0.288691 0.689808 9.9991E-05
0.0645074 0.151527 0.734295 0.0496704
0.0713234 0.278179 0.650397 9.9991E-05
0.273892 0.0951575 0.626649 0.00430142
0.203603 0.118327 0.67797 9.9991E-05
0.270246 0.100042 0.629612 9.9991E-05
9.9991E-05 0.272547 0.567729 0.159624
0.110224 0.117163 0.772514 9.9991E-05
0.104837 0.235545 0.659518 9.9991E-05
0.00975687 0.585117 0.323562 0.0815646
9.9991E-05 0.727279 0.104265 0.168356
0.0148393 0.214786 0.706205 0.0641703
9.9982E-05 0.674428 9.9982E-05 0.325372
9.9991E-05 0.636273 0.198543 0.165084
0.0220454 0.306603 0.502641 0.16871
0.184241 0.289483 0.483865 0.0424113
0.111124 0.230488 0.511826 0.146563
9.9991E-05 0.633641 0.107137 0.259122
0.00787209 0.723067 0.16029 0.108771
0.0239772 0.678728 0.171464 0.125832
0.0542356 0.662015 0.117968 0.165781
0.0302756 0.262724 0.61647 0.0905304
9.9991E-05 0.68982 0.0650773 0.245003
0.264654 0.084725 0.492178 0.158443
0.0575886 0.31628 0.626032 9.9991E-05
0.136657 0.308402 0.457627 0.0973136
0.152489 0.277934 0.474788 0.0947893
0.0315527 0.330302 0.322698 0.315447
0.0589791 0.443633 0.265776 0.231612
0.0288289 0.683816 0.0395289 0.247827
0.177343 0.164478 0.505 0.153179
9.9991E-05 0.0487414 0.699235 0.251924
0.24559 0.165845 0.425016 0.163548
0.0389437 0.383075 0.419473 0.158508
9.9991E-05 0.143218 0.328814 0.527868
9.9991E-05 0.0869327 0.426116 0.486851
0.193728 0.229922 0.365967 0.210383
9.9991E-05 0.178806 0.331594 0.489499
9.9991E-05 0.200912 0.234273 0.564715
0.0528815 0.284265 0.452705 0.210149
0.0387197 0.32312 0.358277 0.279884
9.9991E-05 0.257351 0.379875 0.362675
9.9991E-05 0.153205 0.410759 0.435936
0.0375512 0.40682 0.429615 0.126014
9.9991E-05 0.140626 0.513785 0.345489
9.9991E-05 0.0350518 0.293877 0.670971
0.0777883 0.424364 0.310937 0.186911
0.0408323 0.406799 0.297932 0.254437
0.102817 0.553159 0.232159 0.111865
0.110166 0.499915 0.284886 0.105033
0.0993639 0.425398 0.103604 0.371634
0.0933283 0.477725 0.279317 0.14963
0.0402626 0.497337 0.237244 0.225157
0.052879 0.387517 0.280809 0.278795
0.126301 0.239562 0.427135 0.207002
0.0575528 0.468621 0.157458 0.316367
9.9991E-05 0.283258 0.302996 0.413646
9.9991E-05 0.43457 0.221638 0.343692
0.159607 9.9991E-05 0.0141684 0.826124
0.900544 0.0351312 9.9991E-05 0.0642244
0.976877 9.9982E-05 9.9982E-05 0.0229232
0.97394 9.9982E-05 9.9982E-05 0.0258603
0.995326 0.00125544 9.9991E-05 0.00331816
0.949778 0.0381262 9.9991E-05 0.0119962
0.9997 9.998E-05 9.998E-05 9.998E-05
0.977125 9.9982E-05 9.9982E-05 0.022675
0.784201 9.9982E-05 9.9982E-05 0.215599
0.0368359 0.0727525 9.9991E-05 0.890312
0.139801 0.0988427 0.00265944 0.758696
0.0112913 0.0378014 9.9991E-05 0.950807
0.139263 0.0095902 9.9991E-05 0.851046
0.0138225 0.0982912 9.9991E-05 0.887786
0.100499 0.0125894 9.9991E-05 0.886811
0.0593044 0.160625 0.0706353 0.709435
9.9982E-05 0.076445 9.9982E-05 0.923355
0.220355 0.0822386 9.9991E-05 0.697306
9.9991E-05 0.0612119 0.00968995 0.928998
0.0438323 9.9982E-05 9.9982E-05 0.955968
0.0290677 0.0780138 9.9991E-05 0.892819
9.998E-05 9.998E-05 9.998E-05 0.9997
0.00161396 0.0651644 9.9991E-05 0.933122
0.0386624 0.0715953 0.00212155 0.887621
9.9982E-05 0.159551 9.9982E-05 0.840249
9.9982E-05 0.205844 9.9982E-05 0.793956
0.0141 0.190558 9.9991E-05 0.795242
9.9982E-05 0.181336 9.9982E-05 0.818464
0.077509 0.128635 0.598591 0.195265
0.0935476 0.26376 0.585617 0.0570759
9.9982E-05 9.9982E-05 0.794205 0.205596
0.210414 0.234416 0.445597 0.109573
9.9982E-05 9.9982E-05 0.693535 0.306265
0.123722 0.335087 0.478916 0.0622756
0.203485 0.124425 0.576163 0.0959264
0.0491523 0.17805 0.576154 0.196644
0.0410004 0.23604 0.667925 0.0550348
0.135416 0.119255 0.620436 0.124894
0.185879 0.254567 0.481088 0.0784652
0.454039 9.9991E-05 0.503036 0.0428251
0.0375132 9.9991E-05 0.752944 0.209443
0.0469476 0.0341396 0.700498 0.218414
0.0401213 0.21867 0.611802 0.129406
0.0405382 0.26443 0.557112 0.137919
0.022986 0.373749 0.410548 0.192717
0.119179 0.437469 0.300658 0.142694
0.0948237 0.2092 0.23525 0.460726
0.0998932 0.327258 0.359606 0.213243
9.9991E-05 0.163854 0.303596 0.53245
9.9991E-05 0.314186 0.358809 0.326905
0.09128 0.361228 0.214964 0.332528
0.261437 0.297483 0.200252 0.240827
0.109998 0.42535 0.301486 0.163166
0.118056 0.404482 0.32479 0.152673
0.14852 0.357067 0.12313 0.371282
