0.0636278 9.9991E-05 0.873014 0.0632583
0.00896647 9.9991E-05 0.98262 0.0083138
0.0364666 9.9991E-05 0.823385 0.140048
0.0656703 9.9991E-05 0.786317 0.147913
9.9982E-05 9.9982E-05 0.849538 0.150262
0.064878 0.173012 0.684048 0.0780618
0.0645974 0.0134055 0.859533 0.0624639
0.0867754 0.0292986 0.806141 0.077785
0.131885 9.9982E-05 0.867915 9.9982E-05
0.0412053 0.088033 0.709842 0.16092
0.140124 0.0606834 0.796438 0.00275528
0.519869 0.330954 9.9991E-05 0.149076
0.313386 0.350023 9.9991E-05 0.336491
0.480356 0.338786 0.0502293 0.130628
0.351399 0.283136 0.0735535 0.291911
0.193015 0.397475 0.119498 0.290012
0.197238 0.383073 0.012049 0.40764
0.240855 0.437279 0.0210725 0.300793
0.407838 0.282706 0.0619299 0.247525
0.647805 0.187351 0.160482 0.00436114
0.299773 0.405102 0.0265429 0.268582
0.190186 0.428284 9.9991E-05 0.381431
0.262754 0.406856 9.9991E-05 0.33029
0.397856 0.366697 0.00245011 0.232997
0.0932329 0.463023 0.0195754 0.424168
0.278712 0.348115 9.9991E-05 0.373073
0.478478 0.305813 0.0457855 0.169923
0.479693 0.246476 0.0027061 0.271125
0.426458 0.357908 0.0123477 0.203286
0.0314992 9.9991E-05 0.792649 0.175752
0.036423 9.9991E-05 0.822819 0.140658
0.0858561 9.9991E-05 0.743626 0.170418
9.9991E-05 0.101118 0.724845 0.173936
0.117679 0.611346 9.9991E-05 0.270875
0.152562 0.522953 0.0353604 0.289125
9.9982E-05 0.744 9.9982E-05 0.2558
0.545357 0.274503 0.134246 0.0458943
0.123455 0.737997 0.0299439 0.108604
0.231697 0.473783 0.0216367 0.272883
9.9982E-05 0.646306 9.9982E-05 0.353494
0.0670103 0.576794 0.0849388 0.271257
0.00912223 0.49092 0.135823 0.364134
0.178492 0.767456 0.043766 0.010286
0.0823935 0.504952 9.9991E-05 0.412554
0.0878356 0.571355 0.0442417 0.296567
0.0761751 0.498904 0.104253 0.320668
0.00839567 0.926725 9.9991E-05 0.0647788
0.0472582 0.570396 9.9991E-05 0.382246
9.9991E-05 0.587398 0.0907786 0.321723
0.0444316 0.740379 0.215089 9.9991E-05
0.518457 0.440744 0.0111493 0.0296503
0.326566 0.539951 0.111395 0.0220884
0.193722 0.419971 0.007805 0.378503
0.0808261 0.45735 0.0538938 0.40793
0.09858 0.488473 0.031885 0.381062
0.488227 0.318695 0.120065 0.0730142
0.332919 0.342352 9.9991E-05 0.324629
0.0952087 0.4906 0.0503151 0.363876
0.286271 0.421687 0.121684 0.170357
0.413041 0.252064 0.26437 0.0705253
0.0571459 0.542557 0.0912362 0.309061
0.344254 0.325311 0.0494288 0.281007
0.527811 0.388002 0.0840869 9.9991E-05
0.27826 0.430639 9.9991E-05 0.291001
0.0959599 0.516275 9.9991E-05 0.387665
0.233183 0.314956 0.124943 0.326918
0.274286 0.512653 0.0793832 0.133677
0.270857 0.415687 9.9991E-05 0.313356
0.195405 0.516412 9.9991E-05 0.288082
0.433931 0.465169 0.0710977 0.0298025
0.071514 0.72084 9.9991E-05 0.207546
0.140808 0.79005 0.0293902 0.0397518
0.120696 0.564582 0.0455901 0.269133
9.9982E-05 0.891976 0.107824 9.9982E-05
0.112132 0.85905 0.0287174 9.9991E-05
9.9982E-05 0.893729 9.9982E-05 0.106071
0.0838646 0.731248 0.00192756 0.18296
0.0565403 0.558994 0.0699932 0.314473
0.047887 0.702134 9.9991E-05 0.249879
0.243889 0.647811 0.0443518 0.0639474
0.328008 0.513599 0.0709634 0.0874297
0.241137 0.423675 9.9991E-05 0.335088
0.193157 0.678692 0.00986412 0.118287
0.0881818 0.731758 0.00944268 0.170618
9.9991E-05 0.849974 0.0361346 0.113791
0.010397 0.865904 0.123599 9.9991E-05
0.152465 0.506944 9.9991E-05 0.340491
0.0784056 9.9991E-05 0.764413 0.157081
9.9982E-05 9.9982E-05 0.898822 0.100979
9.9982E-05 9.9982E-05 0.848563 0.151237
9.9982E-05 9.9982E-05 0.870236 0.129564
9.9991E-05 0.00391381 0.896331 0.0996556
9.9982E-05 9.9982E-05 0.901236 0.0985636
9.9991E-05 0.00755012 0.90587 0.0864801
0.109888 0.518566 0.096552 0.274994
9.9991E-05 0.609925 0.100129 0.289845
0.0562275 0.831935 0.111737 9.9991E-05
0.0736897 0.520099 0.0332611 0.37295
0.107563 0.713186 9.9991E-05 0.179151
9.9991E-05 0.710928 0.0614127 0.22756
9.9991E-05 0.715198 0.016196 0.268506
0.00138017 0.677185 9.9991E-05 0.321335
0.170034 0.717878 0.111989 9.9991E-05
0.12304 0.533073 0.0621945 0.281693
0.0632613 0.523049 9.9991E-05 0.41359
0.0926927 0.435826 0.0891723 0.382309
9.9991E-05 0.83274 0.0653777 0.101782
9.9982E-05 0.772127 9.9982E-05 0.227673
0.153565 0.658757 0.00779761 0.17988
9.9982E-05 0.809251 9.9982E-05 0.190549
0.134415 0.745968 0.0249664 0.0946508
0.138803 0.450896 0.0504364 0.359864
0.434676 0.388619 0.0914291 0.0852753
0.45179 0.234054 0.0410372 0.273119
0.150582 0.418192 0.110759 0.320466
0.116759 0.480364 0.031752 0.371125
0.41928 0.310224 9.9991E-05 0.270396
0.385829 0.310621 9.9991E-05 0.303449
0.440896 0.244189 9.9991E-05 0.314815
0.237126 0.400039 0.0428866 0.319949
0.237908 0.379648 9.9991E-05 0.382344
0.199673 0.557689 0.00275579 0.239882
0.435102 0.367675 9.9991E-05 0.197124
0.211386 0.391735 9.9991E-05 0.396779
0.121188 0.398092 0.106665 0.374055
0.326908 0.290826 9.9991E-05 0.382166
0.118048 0.489298 0.049242 0.343412
0.323083 0.267351 9.9991E-05 0.409466
0.34696 0.359832 0.0835739 0.209634
0.28472 0.319478 9.9991E-05 0.395701
0.229937 0.373707 9.9991E-05 0.396256
0.408727 0.377977 0.00918351 0.204112
0.348783 0.495639 0.13905 0.0165282
0.278357 0.366452 9.9991E-05 0.355091
0.331035 0.609814 9.9991E-05 0.0590506
0.476838 0.405531 0.0331919 0.0844389
0.337619 0.489684 9.9991E-05 0.172597
0.501677 0.421006 9.9991E-05 0.077217
0.559361 0.310314 9.9991E-05 0.130225
0.113169 0.492137 0.0436429 0.351051
0.186798 0.443279 0.0038856 0.366037
0.346 0.307877 0.0287408 0.317382
0.462918 0.402007 0.0674945 0.0675812
0.135506 0.38592 0.169668 0.308906
0.0787277 0.623167 0.0318976 0.266208
0.196532 0.526277 0.277091 9.9991E-05
0.0849204 0.56145 0.0282754 0.325354
0.13834 0.517603 0.172341 0.171716
0.0933223 0.527301 0.0760442 0.303333
0.182871 0.623725 0.148106 0.0452976
0.175282 0.625068 0.199549 9.9991E-05
0.250887 0.517291 0.0283593 0.203463
0.138353 0.465429 0.0823599 0.313858
0.0992218 0.468827 0.157785 0.274167
0.129599 0.573744 0.209708 0.0869493
0.125697 0.471048 0.0382782 0.364977
0.178718 0.742058 0.0104153 0.068809
0.197474 0.622565 9.9991E-05 0.179861
0.0942856 0.516237 0.0542764 0.3352
0.0332693 0.304286 0.318429 0.344016
0.027769 0.0925123 0.726036 0.153683
9.9991E-05 0.231858 0.684115 0.0839277
0.0446207 0.0994507 0.44695 0.408979
9.9982E-05 0.654731 9.9982E-05 0.34507
0.0944395 0.453311 0.0337666 0.418483
0.084752 0.0218104 9.9991E-05 0.893338
0.184632 0.111308 0.00500745 0.699053
0.0967081 0.246234 0.101188 0.55587
0.0534145 0.698138 0.122409 0.126039
0.105129 0.613842 0.00265032 0.278378
0.0851852 0.746474 0.111594 0.056747
0.0177282 0.665048 0.00855316 0.308671
0.162314 0.630931 0.0114069 0.195347
0.157914 0.502757 9.9991E-05 0.339229
0.0662784 0.782467 0.110776 0.0404783
0.000344884 0.572328 0.0135967 0.413731
0.122182 0.451766 0.0720993 0.353953
9.9982E-05 9.9982E-05 0.02746 0.97234
0.00374273 9.9991E-05 0.059866 0.936291
9.9991E-05 0.178762 0.0991246 0.722014
0.0565082 0.0103155 0.0500795 0.883097
0.00109022 9.9991E-05 0.102801 0.896009
9.9982E-05 9.9982E-05 0.0231481 0.976652
9.9982E-05 9.9982E-05 0.0506959 0.949104
9.9982E-05 0.0126321 9.9982E-05 0.987168
0.00143312 9.9991E-05 0.0139562 0.984511
9.9982E-05 9.9982E-05 0.0320978 0.967702
9.9982E-05 9.9982E-05 0.0360376 0.963762
0.0334198 9.9991E-05 0.0910318 0.875448
9.9982E-05 9.9982E-05 0.0919385 0.907862
9.9982E-05 9.9982E-05 0.044571 0.955229
0.140327 0.2546 0.0447289 0.560344
9.9991E-05 0.136193 0.0620494 0.801658
9.9991E-05 0.0368105 0.0955303 0.867559
9.9982E-05 9.9982E-05 0.110348 0.889452
9.9982E-05 9.9982E-05 0.0349311 0.964869
9.9982E-05 9.9982E-05 0.0964023 0.903398
9.9982E-05 9.9982E-05 0.109697 0.890103
0.0455576 0.040189 0.126162 0.788092
9.9982E-05 9.9982E-05 0.117024 0.882776
9.9982E-05 0.465101 0.534699 9.9982E-05
0.143616 0.345788 0.206558 0.304039
9.9991E-05 0.461171 0.310103 0.228625
0.0693845 0.42144 0.32369 0.185486
0.0192369 0.459969 0.142099 0.378695
9.9991E-05 0.491794 0.375082 0.133023
0.150015 0.296746 0.193296 0.359943
9.9991E-05 0.416417 0.231446 0.352037
0.0323543 0.452996 0.150155 0.364495
9.9991E-05 0.369693 0.214098 0.41611
0.021812 0.451055 0.223524 0.30361
0.00922403 0.091126 0.879084 0.0205657
9.9982E-05 9.9982E-05 0.942271 0.0575287
0.00109697 9.9991E-05 0.965435 0.0333681
0.0502013 9.9991E-05 0.932403 0.017296
0.0346556 9.9991E-05 0.892539 0.0727058
9.9982E-05 9.9982E-05 0.913259 0.0865414
9.9982E-05 9.9982E-05 0.844513 0.155287
0.0183394 0.0607898 0.898185 0.0226859
0.00201896 0.0110288 0.928233 0.0587191
0.00710574 9.9991E-05 0.851725 0.141069
0.275712 0.0763088 0.647879 9.9991E-05
0.379608 0.00366972 0.590095 0.0266269
0.298675 0.0681891 0.633036 9.9991E-05
0.304587 0.157803 0.53751 9.9991E-05
0.13308 0.621453 9.9991E-05 0.245367
0.165862 0.512549 9.9991E-05 0.321489
0.22071 0.470509 0.00222425 0.306557
0.313433 0.493089 0.0334235 0.160055
0.651336 0.276066 0.00333555 0.0692627
9.9991E-05 0.681716 0.0439008 0.274283
0.138796 0.602795 9.9991E-05 0.258308
0.125438 0.637581 9.9991E-05 0.236882
0.0163815 0.836203 9.9991E-05 0.147316
0.150611 0.511838 9.9991E-05 0.337451
0.196366 0.658741 9.9991E-05 0.144793
0.201209 0.785788 0.0129027 9.9991E-05
0.184805 0.529378 9.9991E-05 0.285717
0.0329196 0.836269 0.0401582 0.0906536
0.0703717 0.666297 9.9991E-05 0.263232
0.215649 0.716233 0.0680183 9.9991E-05
0.817963 9.9982E-05 0.181837 9.9982E-05
0.821157 0.0541303 0.124612 9.9991E-05
0.909506 9.9982E-05 0.0902939 9.9982E-05
0.809313 0.0660123 0.124574 9.9991E-05
0.874083 0.0902243 0.0283582 0.00733443
0.833305 9.9991E-05 0.0656691 0.100926
9.9991E-05 0.00877851 0.836455 0.154667
0.0744226 9.9991E-05 0.808026 0.117452
0.0209306 9.9991E-05 0.776778 0.202191
0.0787959 9.9991E-05 0.767798 0.153306
0.0433113 9.9991E-05 0.782878 0.173711
0.543789 0.027087 0.429024 9.9991E-05
0.408305 0.062446 0.529149 9.9991E-05
0.473705 0.0363593 0.489112 0.000823581
0.0549479 9.9991E-05 0.777331 0.167621
0.530039 0.0826855 0.387176 9.9991E-05
9.9991E-05 0.18146 0.274025 0.544415
0.0975795 0.238862 0.101796 0.561763
0.0775788 0.124823 0.157325 0.640273
0.0518794 0.278815 0.234928 0.434378
0.179685 0.218226 0.135265 0.466824
9.9991E-05 0.111448 0.553571 0.334881
0.357677 0.43634 9.9991E-05 0.205884
0.271611 0.503148 0.066918 0.158323
0.611612 0.170599 0.0257601 0.192029
0.165895 0.591979 9.9991E-05 0.242026
0.357069 0.624305 0.0185257 9.9991E-05
0.112132 0.471232 0.0834494 0.333187
0.212771 0.54754 0.0366013 0.203088
0.519498 0.328172 0.0109196 0.14141
0.127308 0.430843 0.14845 0.293399
0.359758 0.567328 0.0728138 9.9991E-05
0.238387 0.48826 9.9991E-05 0.273253
0.29251 0.417322 9.9991E-05 0.290068
0.125738 0.284618 0.138183 0.451461
0.363766 0.418201 9.9991E-05 0.217933
0.286275 0.449586 0.0136079 0.250531
0.109791 0.563803 9.9991E-05 0.326306
0.2461 0.567738 9.9991E-05 0.186062
0.19087 0.440292 9.9991E-05 0.368738
0.209901 0.343343 0.0546858 0.39207
0.188442 0.438499 0.0493623 0.323697
9.9982E-05 9.9982E-05 0.787314 0.212486
9.9991E-05 0.0256542 0.84866 0.125586
0.0468964 0.0810275 0.804851 0.0672254
0.101776 9.9991E-05 0.80715 0.0909745
0.00461301 0.0110718 0.860762 0.123553
0.685114 0.114183 0.0354278 0.165275
0.175953 0.48093 0.0473437 0.295772
9.9991E-05 0.370945 0.20333 0.425625
0.285154 0.321912 9.9991E-05 0.392834
0.29213 0.398505 9.9991E-05 0.309265
0.430802 0.407715 0.0099784 0.151504
0.604726 0.226541 0.168633 9.9991E-05
0.407264 0.324621 9.9991E-05 0.268015
0.560476 0.224783 0.120618 0.0941239
0.32277 0.354363 0.00127621 0.321592
0.519541 0.294919 0.107264 0.0782761
0.238708 0.348847 0.0876677 0.324777
0.609206 0.196883 0.077771 0.11614
0.273254 0.480764 0.0545272 0.191455
0.140812 0.535133 0.0659107 0.258144
0.147624 0.637354 0.114957 0.100065
0.0564514 0.538433 0.111699 0.293416
0.0186845 0.534339 0.149932 0.297044
0.127588 0.701046 0.106053 0.0653128
0.150896 0.420721 0.112699 0.315684
9.9991E-05 0.685275 0.0946799 0.219945
0.116216 0.805434 0.0782497 9.9991E-05
0.0283276 0.808915 0.150347 0.0124104
0.164283 0.606395 0.0221749 0.207147
0.13199 0.764243 0.103668 9.9991E-05
0.194398 0.667975 0.034759 0.102868
0.660731 0.235113 9.9991E-05 0.104056
0.495433 0.394023 9.9991E-05 0.110444
0.539243 0.254743 9.9991E-05 0.205914
0.242048 0.36464 9.9991E-05 0.393212
0.54792 0.30135 9.9991E-05 0.150631
0.244798 0.362352 0.000429758 0.39242
0.307419 0.305641 9.9991E-05 0.38684
0.367994 0.314944 9.9991E-05 0.316961
0.321646 0.396921 9.9991E-05 0.281333
0.312836 0.439635 9.9991E-05 0.247429
0.536109 0.266104 9.9991E-05 0.197687
0.495845 0.261792 9.9991E-05 0.242264
0.208108 0.423915 9.9991E-05 0.367877
0.151745 0.439479 0.0589628 0.349814
0.326991 0.477694 9.9991E-05 0.195215
0.373681 0.282076 9.9991E-05 0.344142
0.465683 0.262581 0.0419539 0.229783
0.341172 0.30081 9.9991E-05 0.357919
0.282137 0.361046 0.0131249 0.343692
0.242272 0.34648 0.0519138 0.359334
0.000303024 0.269668 0.333556 0.396473
0.0397536 0.394294 0.132344 0.433609
0.274841 0.237192 0.0397668 0.4482
0.066706 0.508259 9.9991E-05 0.424935
0.0626852 0.261277 0.182074 0.493964
0.27059 0.49156 9.9991E-05 0.23775
0.172594 0.331432 0.107189 0.388785
9.9991E-05 0.478851 0.393944 0.127106
0.239924 0.229737 0.0734461 0.456893
0.046695 0.380598 0.0889326 0.483775
0.130146 0.274802 0.039814 0.555238
0.11996 0.380862 0.21778 0.281398
0.0702545 0.318345 0.0921969 0.519203
0.0602264 0.290807 0.0905966 0.55837
9.9991E-05 0.208006 0.672638 0.119256
0.061117 0.235267 0.194523 0.509093
0.013359 0.38368 0.155758 0.447202
9.9991E-05 0.512547 0.086249 0.401104
0.0762074 0.251348 0.14518 0.527265
0.0780998 0.401052 0.129174 0.391674
0.0440103 0.654805 0.0562125 0.244972
0.126435 0.503237 0.00940011 0.360928
0.179784 0.811766 0.0083498 9.9991E-05
0.115277 0.773489 0.111134 9.9991E-05
0.0578596 0.597313 0.0387133 0.306114
0.0903954 0.291439 0.0594076 0.558758
9.9991E-05 0.282552 0.168907 0.548441
9.9991E-05 0.306779 0.31543 0.377691
0.0319958 0.290674 0.218399 0.458931
9.9991E-05 0.704011 0.252374 0.0435144
9.9991E-05 0.642612 0.227481 0.129807
0.0469858 0.544726 0.0198137 0.388475
0.0136389 0.551625 0.0484088 0.386328
0.0121441 0.606709 0.18449 0.196657
0.124321 0.450155 0.0936783 0.331846
0.120519 0.498066 0.0170697 0.364345
0.0552522 0.43235 0.117872 0.394526
0.159081 0.748927 9.9991E-05 0.0918921
0.171752 0.662474 0.0131866 0.152588
0.0984384 0.558793 0.0286791 0.314089
0.171768 0.544581 0.056311 0.22734
0.121626 0.41816 0.123968 0.336246
0.0477946 0.787148 9.9991E-05 0.164958
0.153857 0.761899 0.042018 0.0422257
0.0315322 0.667072 9.9991E-05 0.301296
0.109798 0.557862 0.0162279 0.316112
0.151943 0.734727 0.0462539 0.0670755
0.0264182 0.75295 0.0281646 0.192467
0.0667277 0.524156 0.0519832 0.357133
0.0263346 0.741257 0.0444065 0.188002
0.0364963 0.35724 0.177221 0.429042
0.167726 0.387825 0.135584 0.308864
0.00696822 0.386642 0.167525 0.438865
0.183618 0.268534 0.160787 0.387061
0.107336 0.370875 0.130273 0.391516
0.0542195 0.332624 0.180235 0.432921
0.0385862 0.57268 0.350267 0.0384667
0.0376287 0.350957 0.0371522 0.574262
9.9991E-05 0.278915 0.596343 0.124642
0.0347563 0.412621 0.0357437 0.516879
0.0119564 0.902274 0.0856696 9.9991E-05
0.0954003 0.801257 0.103243 9.9991E-05
9.9982E-05 0.797789 9.9982E-05 0.202011
0.01313 0.661829 9.9991E-05 0.324941
0.0666173 0.771947 9.9991E-05 0.161336
9.9991E-05 0.798231 0.0107223 0.190947
0.0334512 0.712061 9.9991E-05 0.254388
9.9991E-05 0.037197 0.82567 0.137033
0.13913 9.9991E-05 0.732023 0.128747
0.0344729 9.9991E-05 0.853096 0.112331
9.9982E-05 9.9982E-05 0.934598 0.0652019
0.0833583 0.628849 0.0235799 0.264213
0.0692942 0.636534 0.023995 0.270177
0.0441972 0.763232 9.9991E-05 0.192471
9.9991E-05 0.611975 0.0561468 0.331778
0.127279 0.496127 0.152246 0.224348
0.0930313 0.778821 0.0685479 0.0595999
0.0169783 0.670854 9.9991E-05 0.312067
9.9991E-05 0.924347 0.0408215 0.0347318
0.17247 0.182781 0.192064 0.452685
0.0200313 0.788056 9.9991E-05 0.191812
0.181725 0.71622 0.026164 0.0758911
0.0339278 0.743491 9.9991E-05 0.222481
0.105738 0.731434 0.00922868 0.153599
9.9982E-05 0.760442 9.9982E-05 0.239358
0.0178611 0.63985 0.0747277 0.267561
9.998E-05 0.9997 9.998E-05 9.998E-05
0.0348494 0.832253 0.0879314 0.0449662
0.135452 0.741568 0.0486288 0.0743513
9.9982E-05 0.979187 0.0206128 9.9982E-05
0.0539022 0.739797 0.0385837 0.167718
0.0295008 0.894838 0.075561 9.9991E-05
0.0275672 0.866702 0.10563 9.9991E-05
0.0691016 0.616332 0.0010274 0.313539
0.091231 0.812529 0.0961404 9.9991E-05
0.092671 0.624492 0.00842842 0.274409
0.0157837 0.600516 0.00558138 0.378119
0.120185 0.711832 9.9991E-05 0.167883
0.339206 0.475215 9.9991E-05 0.18548
0.0913264 0.660581 9.9991E-05 0.247993
0.193519 0.558926 0.0132153 0.23434
0.000584314 0.91626 0.0355852 0.0475703
9.9991E-05 0.690224 0.0619881 0.247688
0.314325 0.00687691 0.656541 0.0222577
0.145994 0.0421517 0.76605 0.0458043
0.134402 9.9982E-05 0.865398 9.9982E-05
0.101474 0.0319074 0.866518 9.9991E-05
0.17769 0.0778951 0.744315 9.9991E-05
0.249891 0.732411 0.0175983 9.9991E-05
0.169231 0.692057 0.138613 9.9991E-05
9.998E-05 0.9997 9.998E-05 9.998E-05
0.0878742 0.452617 0.0466008 0.412908
0.0808227 0.545419 0.125497 0.248261
9.9991E-05 0.849514 0.0825801 0.067806
9.9982E-05 0.65101 9.9982E-05 0.34879
0.0374719 0.682592 0.0596272 0.220309
0.00228857 0.721528 9.9991E-05 0.276083
0.0706148 0.616704 9.9991E-05 0.312581
0.150277 0.720972 0.01347 0.115281
0.0979602 0.734158 0.0104667 0.157415
0.143337 0.752538 9.9991E-05 0.104025
0.0480651 0.497883 0.102714 0.351337
0.0738297 0.767907 0.0150967 0.143166
0.088365 0.71201 0.0110567 0.188568
0.0883646 0.189706 9.9991E-05 0.721829
0.0173372 0.156312 0.14705 0.679301
0.0469946 0.16302 0.128883 0.661103
9.9991E-05 0.157545 0.149437 0.692917
0.0954014 0.213744 0.163063 0.527792
9.9991E-05 0.742915 0.0483239 0.208661
9.9982E-05 9.9982E-05 0.304766 0.695034
9.9991E-05 0.205115 0.169052 0.625733
9.9991E-05 0.437049 0.172209 0.390642
0.0783119 0.536583 0.142068 0.243037
0.065688 0.527117 0.146316 0.260878
0.14279 0.436633 0.0500909 0.370486
0.122189 0.480986 0.0659899 0.330835
9.9991E-05 0.088142 0.197981 0.713777
0.137614 0.147576 0.123349 0.591461
9.9991E-05 0.175457 0.0502437 0.774199
0.0567789 0.30424 0.100284 0.538697
9.9991E-05 0.110362 0.181383 0.708155
0.131656 0.189158 0.123396 0.555791
9.9991E-05 0.125288 0.179566 0.695046
0.0980898 0.27509 0.0709909 0.55583
0.0235039 0.618904 0.0676597 0.289932
0.0636887 0.156537 0.163789 0.615986
9.9991E-05 0.0286066 0.227532 0.743762
0.161195 0.150311 0.12125 0.567244
0.258673 0.454928 0.225032 0.0613673
0.0892144 0.502364 9.9991E-05 0.408321
0.0829732 0.237329 0.15557 0.524128
0.123725 0.412681 0.0940588 0.369534
0.00819767 0.580436 0.151533 0.259833
0.0210032 0.344033 0.273033 0.361931
0.187492 0.131229 0.185145 0.496134
0.00583833 0.538022 0.0863484 0.369791
0.0961258 0.165128 0.0949094 0.643836
0.0528745 0.10344 0.0777164 0.765969
9.9991E-05 0.0110536 0.293333 0.695514
0.100392 0.467924 0.0706648 0.361019
0.101067 0.573445 0.185626 0.139862
9.9991E-05 0.612775 0.306157 0.0809685
0.0792598 0.492681 0.0874807 0.340579
0.299557 0.389885 0.0376205 0.272937
0.010946 0.409423 0.203363 0.376269
0.180481 0.381803 0.105418 0.332298
9.9991E-05 0.317318 0.497166 0.185416
9.9991E-05 0.380283 0.513772 0.105845
0.153402 0.401812 0.195026 0.249759
9.9991E-05 0.305686 0.505153 0.189061
9.9991E-05 0.238373 0.532546 0.228981
0.0767824 0.444033 0.150416 0.328768
0.0573259 0.441987 0.225067 0.27562
0.0964275 0.297227 0.341222 0.265123
9.9991E-05 0.400453 0.378991 0.220456
0.0491427 0.48211 0.0454483 0.423299
0.00240308 0.47518 0.356561 0.165855
9.9982E-05 0.327262 0.672538 9.9982E-05
0.113751 0.300718 0.120512 0.465019
0.108577 0.241982 0.185114 0.464326
0.143238 0.145089 0.216918 0.494755
9.9991E-05 0.273433 0.133502 0.592965
0.129038 0.394204 0.127886 0.348872
9.9991E-05 0.368349 0.131256 0.500294
9.9991E-05 0.361193 0.140487 0.49822
0.0622468 0.160925 0.323504 0.453324
0.0449944 0.290676 0.174939 0.48939
0.0817989 0.17576 0.189724 0.552717
0.0448959 0.275941 0.270128 0.409035
0.18394 0.374852 0.164953 0.276255
0.135836 0.318346 0.144315 0.401503
0.0559879 0.407074 0.116657 0.420282
0.116013 0.390059 0.0724048 0.421523
0.127469 0.0733527 0.263101 0.536077
0.0387426 0.332511 0.184745 0.444001
9.9991E-05 0.233221 0.464043 0.302636
0.138498 0.276966 0.141172 0.443364
0.0384056 0.196101 0.344357 0.421136
0.145998 0.0241413 0.815542 0.0143189
0.859301 0.0449376 0.0775697 0.0181917
0.949155 9.9982E-05 0.0506449 9.9982E-05
0.986269 9.9982E-05 0.0135306 9.9982E-05
0.970137 9.9982E-05 9.9982E-05 0.0296628
0.927101 9.9991E-05 0.0250795 0.0477193
0.98883 9.9982E-05 9.9982E-05 0.0109705
0.932571 9.9982E-05 0.0672287 9.9982E-05
0.802249 9.9982E-05 0.197551 9.9982E-05
0.00227393 9.9991E-05 0.905806 0.0918197
0.108031 9.9991E-05 0.812316 0.0795527
9.9991E-05 0.0126456 0.891982 0.095272
0.100413 0.0475623 0.827787 0.0242377
0.00699723 9.9991E-05 0.909843 0.0830593
0.0456264 9.9982E-05 0.954174 9.9982E-05
0.0992273 9.9991E-05 0.705414 0.195259
9.9982E-05 9.9982E-05 0.905814 0.0939856
0.14681 9.9991E-05 0.725938 0.127153
9.9982E-05 9.9982E-05 0.890222 0.109578
9.9982E-05 0.00544122 0.994359 9.9982E-05
0.0179006 0.0349507 0.833002 0.114147
9.9982E-05 9.9982E-05 0.937482 0.0623176
9.9982E-05 9.9982E-05 0.902428 0.0973722
0.00485858 0.0251785 0.856953 0.11301
9.9982E-05 9.9982E-05 0.830681 0.169119
9.9982E-05 9.9982E-05 0.763574 0.236226
9.9982E-05 9.9982E-05 0.780782 0.219018
9.9982E-05 9.9982E-05 0.819766 0.180034
0.0553201 0.545855 0.183246 0.215579
0.031081 0.65167 0.00701871 0.31023
0.0452735 0.529474 0.0578839 0.367368
0.024109 0.772278 0.203513 9.9991E-05
0.142269 0.48743 0.126056 0.244244
0.0871225 0.57792 0.334857 9.9991E-05
0.0345873 0.488661 0.0779911 0.398761
0.178986 0.549239 0.0866133 0.185162
0.0626076 0.590013 0.0796071 0.267772
9.9991E-05 0.713696 0.0853292 0.200875
0.156117 0.527103 0.128187 0.188593
0.0978602 0.584756 0.0586648 0.258719
0.162735 0.436804 0.0846918 0.315769
0.56846 0.401592 0.0173772 0.012571
0.182845 0.635125 0.18193 9.9991E-05
0.0719451 0.630708 0.232504 0.0648431
0.159417 0.401547 0.0866975 0.352338
0.0529776 0.544469 0.114286 0.288268
9.9991E-05 0.630016 0.124924 0.24496
0.115888 0.493969 0.0822791 0.307864
9.9991E-05 0.433281 0.115844 0.450775
0.0947552 0.323311 0.115777 0.466157
0.149195 0.169334 0.470888 0.210582
0.116326 0.468183 0.0766825 0.338809
0.113628 0.279802 0.218713 0.387857
0.0407632 0.236661 0.536832 0.185744
0.00555466 0.377258 0.276671 0.340516
0.100873 0.172959 0.350561 0.375607
0.152699 0.249413 0.271128 0.32676
0.080434 0.372537 0.0776696 0.469359
0.0559544 0.333805 0.198834 0.411407
0.0827144 0.357289 0.0846552 0.475341
0.0170734 0.480084 0.199745 0.303097
0.0292184 0.179758 0.422152 0.368872
