0.893739 0.0197238 9.9982E-05 0.0667402 0.0195968 9.9982E-05
0.944242 0.029741 9.9973E-05 0.0257172 9.9973E-05 9.9973E-05
0.81267 0.0187503 9.9991E-05 0.0114044 0.0991962 0.0578789
0.781888 9.9982E-05 9.9982E-05 0.0948076 0.113457 0.00964799
0.870749 9.9973E-05 9.9973E-05 9.9973E-05 0.0536612 0.07529
0.624216 0.0989663 0.091545 0.0526838 0.0603525 0.072236
0.848322 9.9973E-05 0.118357 9.9973E-05 9.9973E-05 0.0330215
0.776169 9.9982E-05 0.0875731 0.114599 0.0214591 9.9982E-05
0.838613 0.0220109 0.052162 0.0870144 9.9982E-05 9.9982E-05
0.665829 9.9991E-05 0.146416 0.00134886 0.0923616 0.0939441
0.755276 9.9982E-05 0.101903 0.084216 9.9982E-05 0.0584055
9.999E-05 0.119345 0.0531405 0.456457 0.0496111 0.321346
0.0126989 0.107188 9.9991E-05 0.29986 0.0957648 0.484389
0.037306 0.136278 0.105273 0.426234 0.0301301 0.264779
0.0994569 0.101048 0.00310653 0.350006 0.12624 0.320142
0.109162 0.0695836 0.0799371 0.214574 0.186037 0.340706
0.00977341 0.0710078 0.0601262 0.139012 0.141627 0.578453
0.0335403 0.0929464 0.033696 0.308113 0.0903672 0.441337
0.121896 0.12807 9.9991E-05 0.334931 0.0561962 0.358807
0.076303 0.0525041 0.0919895 0.658291 0.0852916 0.0356207
0.0275989 0.16687 0.00686321 0.298675 0.104606 0.395387
0.0412538 0.062964 0.136706 0.21527 0.018688 0.525118
0.0842295 0.181268 0.0786927 0.0805828 0.0137661 0.561461
0.0111545 0.230592 0.00628502 0.376749 0.166787 0.208432
0.0967284 0.0836247 0.100815 0.0224174 0.0784576 0.617956
9.9982E-05 0.0808316 9.9982E-05 0.248068 0.133565 0.537335
0.0553367 0.163022 9.9991E-05 0.470259 0.0823412 0.228941
9.9991E-05 0.133427 0.0308751 0.417547 0.169582 0.248469
9.9991E-05 0.0529837 0.214952 0.419837 0.0483866 0.263741
0.836715 9.9973E-05 9.9973E-05 9.9973E-05 0.0387782 0.124207
0.858267 9.9964E-05 9.9964E-05 9.9964E-05 9.9964E-05 0.141333
0.786506 0.0107919 9.9982E-05 9.9982E-05 0.00185204 0.20065
0.731405 0.0178053 9.9982E-05 9.9982E-05 0.124434 0.126156
0.0026251 0.227577 0.0943119 0.118762 0.0574268 0.499298
0.104333 0.342086 9.9982E-05 9.9982E-05 0.0794181 0.473963
0.0287459 0.359615 9.9982E-05 9.9982E-05 0.045356 0.566083
0.0860215 0.184596 9.9991E-05 0.554386 0.000211353 0.174685
0.0332591 0.684731 0.0474725 9.9991E-05 0.0673233 0.167114
0.0474001 0.251215 0.0740369 0.0540204 0.0809709 0.492357
9.9982E-05 0.170732 0.0920709 9.9982E-05 0.0506769 0.68632
0.141686 0.108573 0.0556344 0.0321099 9.9991E-05 0.661896
0.11849 0.15266 9.9991E-05 0.0972488 0.0646434 0.566857
0.0265201 0.689877 9.9991E-05 0.197763 0.0408596 0.0448808
0.0795679 0.134116 0.0922155 9.9991E-05 0.0826092 0.611392
0.0627426 0.285869 0.0238608 9.9991E-05 0.163231 0.464197
0.120269 0.177619 0.00673069 0.0705656 0.0166401 0.608175
9.9973E-05 0.694006 0.0274087 9.9973E-05 9.9973E-05 0.278285
0.0744756 0.215712 9.9982E-05 9.9982E-05 0.0442842 0.665328
9.9991E-05 0.159558 0.134217 0.040773 0.17924 0.486113
0.0691583 0.648837 0.281704 9.9973E-05 9.9973E-05 9.9973E-05
0.0036441 0.191136 0.156251 0.453547 0.0101441 0.185277
0.020641 0.253695 0.443886 0.16443 0.0308687 0.0864788
0.0423033 0.186441 0.140637 0.0446505 0.126465 0.459503
0.130479 0.0144236 0.142882 0.0249792 0.0489227 0.638314
0.0390046 0.141047 0.0871716 0.0865909 0.109503 0.536683
0.0803714 0.28991 0.170994 0.307812 9.9991E-05 0.150812
0.0452814 0.113619 0.0788277 0.190277 0.010321 0.561673
0.077452 0.138336 0.0422971 0.109851 0.144977 0.487087
0.113047 0.238144 0.1187 0.147908 9.9991E-05 0.3821
0.185355 0.174808 0.208508 0.259708 0.0529467 0.118674
0.0460341 0.200857 0.153751 0.00508836 0.0362462 0.558023
0.0808414 0.132152 0.0723651 0.251759 0.0392503 0.423632
0.0523515 0.20817 0.154502 0.459374 9.9991E-05 0.125503
9.9991E-05 0.0329164 0.167867 0.248025 0.0345409 0.516551
0.024214 0.0510028 0.138503 0.0681845 0.0895089 0.628587
0.0515038 0.0790221 0.0604719 0.184599 0.0900793 0.534324
0.0749532 0.232326 0.149877 0.228524 0.0572607 0.257059
9.9991E-05 0.158548 0.176169 0.140044 0.127346 0.397793
9.9991E-05 0.137988 0.047746 0.180769 0.108904 0.524493
0.0434212 0.192042 0.147563 0.399601 9.9991E-05 0.217273
9.9973E-05 0.385892 9.9973E-05 0.0339924 9.9973E-05 0.579816
9.9973E-05 0.702709 9.9973E-05 0.0918033 9.9973E-05 0.205187
0.083784 0.236336 9.9991E-05 0.0720323 0.0945295 0.513219
9.9964E-05 0.861547 0.138053 9.9964E-05 9.9964E-05 9.9964E-05
9.9973E-05 0.789735 0.132607 0.0773582 9.9973E-05 9.9973E-05
9.9973E-05 0.692535 9.9973E-05 0.00999806 9.9973E-05 0.297167
0.0671826 0.420952 9.9982E-05 0.0835587 9.9982E-05 0.428107
0.13066 0.240923 9.9982E-05 9.9982E-05 0.0256874 0.60253
9.9982E-05 0.524933 9.9982E-05 0.00234345 0.0734822 0.399042
9.9982E-05 0.643863 9.9982E-05 0.16405 0.0824954 0.109392
0.0539203 0.507637 9.9991E-05 0.232115 0.000270901 0.205956
0.0765845 0.356022 9.9991E-05 0.0403218 0.0770855 0.449886
0.00642775 0.513075 0.0176687 0.0801059 9.9991E-05 0.382623
0.0442052 0.483415 0.00448907 0.000672575 9.9991E-05 0.467118
0.00984338 0.555974 0.036904 9.9982E-05 9.9982E-05 0.397079
9.9973E-05 0.722183 0.241266 9.9973E-05 0.036251 9.9973E-05
0.013058 0.283438 9.9991E-05 0.0387669 0.0344424 0.630195
0.829218 9.9982E-05 9.9982E-05 0.0460413 0.0325364 0.0920047
0.882 9.9964E-05 9.9964E-05 9.9964E-05 9.9964E-05 0.1176
0.869144 9.9982E-05 9.9982E-05 0.00230629 0.0430237 0.0853262
0.906845 0.000639752 9.9982E-05 9.9982E-05 0.0507767 0.0415385
0.868246 0.0224004 9.9982E-05 9.9982E-05 0.0485195 0.0606343
0.896414 0.00449501 9.9982E-05 9.9982E-05 0.024843 0.0740476
0.927367 9.9973E-05 0.00321111 9.9973E-05 9.9973E-05 0.0691222
0.187746 0.324901 9.9982E-05 9.9982E-05 0.120784 0.366369
0.144409 0.20599 9.9991E-05 0.0711227 0.0532715 0.525106
0.0454094 0.826555 0.0478133 0.0237356 9.9991E-05 0.0563869
0.106421 0.255318 0.00167568 0.0524925 0.0860814 0.498011
0.05394 0.389131 9.9982E-05 0.088591 9.9982E-05 0.468138
0.0747956 0.243646 9.9973E-05 9.9973E-05 9.9973E-05 0.681258
9.9982E-05 0.299234 0.0964302 9.9982E-05 0.00775844 0.596378
0.00969829 0.383702 0.0791094 9.9991E-05 0.108893 0.418498
0.0597665 0.767344 0.00237426 0.170315 9.9982E-05 9.9982E-05
0.11741 0.179196 0.0206238 0.110629 0.0858406 0.4863
0.0487752 0.363156 9.9982E-05 9.9982E-05 0.0667048 0.521164
0.0122583 0.111037 0.0968192 0.106586 0.107893 0.565406
0.0213016 0.519502 0.183131 9.9982E-05 9.9982E-05 0.275866
9.9973E-05 0.399514 0.0440057 9.9973E-05 9.9973E-05 0.556181
0.0411556 0.361397 9.9982E-05 0.171706 9.9982E-05 0.425542
9.9973E-05 0.640856 9.9973E-05 9.9973E-05 0.113933 0.244911
0.0586603 0.469291 9.9982E-05 0.047764 9.9982E-05 0.424085
0.0960887 0.307704 9.9991E-05 0.0314992 0.0139549 0.550653
9.9982E-05 0.117147 0.298945 0.368998 9.9982E-05 0.21471
0.147009 0.122395 0.0132793 0.323541 0.0400709 0.353705
0.0834902 9.9982E-05 0.0817719 0.192259 9.9982E-05 0.642279
0.149659 0.185586 0.0762312 0.0646393 9.9991E-05 0.523784
0.00165856 0.10725 0.0402144 0.317367 9.9991E-05 0.53341
9.9982E-05 9.9982E-05 0.0348424 0.29289 0.0572299 0.614838
9.9991E-05 0.0196309 0.0860159 0.365489 0.0395227 0.489242
0.073449 0.147689 0.0303972 0.181479 0.0702208 0.496765
9.9991E-05 0.0565596 0.0839334 0.206826 0.109429 0.543153
0.0219284 0.0861259 0.092931 0.141158 0.0129455 0.644911
9.9982E-05 0.0313581 0.0445268 0.344981 9.9982E-05 0.578935
0.10379 0.139732 0.0349588 0.148708 0.0691094 0.503701
0.0796451 9.9991E-05 0.147652 0.0993357 0.0488556 0.624412
9.9982E-05 0.104136 9.9982E-05 0.280049 0.0432052 0.57241
0.132555 9.9991E-05 0.17572 0.170526 0.0371145 0.483985
9.9991E-05 0.046603 0.135012 0.204642 0.0853312 0.528312
0.0896115 9.9991E-05 0.187553 0.289918 0.016025 0.416792
0.0536997 0.0126531 0.0330285 0.217537 0.102469 0.580612
9.9982E-05 9.9982E-05 0.113664 0.150289 0.043256 0.692591
9.9991E-05 0.165079 0.116168 0.367854 0.0518543 0.298944
0.00491395 0.105837 0.342741 0.346081 0.080774 0.119653
0.00175826 0.151137 9.9991E-05 0.219929 0.0871595 0.539917
9.9991E-05 0.200619 0.356488 0.309853 0.0509207 0.0820191
0.0588429 0.101079 0.107152 0.37478 0.0029594 0.355186
0.00533826 0.167826 0.0594362 0.320737 9.9991E-05 0.446563
0.0126666 0.128657 0.0435174 0.472986 9.9991E-05 0.342072
9.9982E-05 0.130696 0.118984 0.44955 9.9982E-05 0.30057
0.104977 0.0658369 0.060277 0.110316 0.0188204 0.639773
0.0960902 0.0899455 9.9991E-05 0.207466 0.120373 0.486026
0.0802142 0.0489795 9.9982E-05 0.24316 9.9982E-05 0.627446
9.9991E-05 0.0539208 0.3818 0.373338 0.0954972 0.0953444
0.197323 0.111175 0.151444 0.0502651 0.0636184 0.426174
0.0496606 0.0990472 0.175967 0.0953344 0.0284263 0.551564
0.129792 0.0552052 0.626154 0.118241 9.9991E-05 0.0705076
0.078348 0.0573178 0.0780905 0.0183512 0.0301303 0.737762
0.0974687 0.188577 0.26413 0.0337121 0.0403315 0.375781
0.0721922 0.131539 0.137571 0.0779593 0.128774 0.451965
0.127943 0.0614281 0.392096 0.109869 9.9991E-05 0.308564
0.0671839 0.0859211 0.50208 0.136799 9.9991E-05 0.207916
0.00706492 0.0489508 0.270405 0.190259 0.0228243 0.460496
0.0395941 0.0630597 0.138493 0.177539 0.0877045 0.49361
0.118453 0.177626 0.159801 0.105125 0.0941881 0.344807
0.0670381 0.289002 0.376421 0.0712315 0.196208 9.9991E-05
0.135632 9.9991E-05 0.159911 0.0426232 0.0805451 0.581189
9.9982E-05 0.158457 0.371285 0.0571319 9.9982E-05 0.412926
9.9991E-05 0.104552 0.268745 0.0930488 0.0386902 0.494864
0.0711552 0.114152 0.203819 9.9982E-05 9.9982E-05 0.610675
0.338794 0.0198318 0.236688 9.9991E-05 0.273588 0.130998
0.50844 9.9973E-05 0.340868 9.9973E-05 0.150392 9.9973E-05
0.475185 9.9973E-05 0.397379 9.9973E-05 0.127136 9.9973E-05
0.371861 9.9991E-05 0.156887 0.0519247 0.37149 0.0477375
9.9973E-05 0.067256 0.211848 9.9973E-05 9.9973E-05 0.720596
0.0815384 0.128111 0.181235 0.0708493 0.0872355 0.451031
9.9973E-05 0.032896 9.9973E-05 9.9973E-05 0.694353 0.272451
0.0778935 0.0435907 9.9991E-05 0.114224 0.437172 0.32702
0.0752648 0.0471063 0.0393318 0.112924 0.451479 0.273894
9.9973E-05 9.9973E-05 0.605904 9.9973E-05 0.00794656 0.385849
0.0195551 0.161441 0.273678 0.00675237 0.0953252 0.443249
0.00120263 9.9991E-05 0.685658 0.0380111 0.0182818 0.256747
0.0427156 0.134206 0.223097 0.011342 9.9991E-05 0.588539
0.045727 0.0447795 0.340323 0.0396538 9.9991E-05 0.529417
0.0395319 9.9982E-05 0.273305 9.9982E-05 0.0602819 0.626681
9.9991E-05 0.098087 0.581197 0.0387091 0.00859171 0.273315
0.103025 0.165126 0.0693037 0.0132805 0.0520883 0.597176
0.107676 0.0613429 0.148703 0.0558645 0.105909 0.520505
9.9964E-05 9.9964E-05 9.9964E-05 9.9964E-05 0.990561 0.00903952
9.9964E-05 9.9964E-05 9.9964E-05 9.9964E-05 0.892082 0.107518
0.0476903 0.0343948 9.9991E-05 0.0265267 0.621273 0.270016
9.9964E-05 9.9964E-05 9.9964E-05 9.9964E-05 0.704145 0.295456
0.0388979 0.0163825 9.9982E-05 9.9982E-05 0.799661 0.144858
9.9964E-05 9.9964E-05 9.9964E-05 0.00408223 0.995518 9.9964E-05
9.9973E-05 9.9973E-05 0.00285197 0.0170333 0.979815 9.9973E-05
9.9973E-05 0.015593 9.9973E-05 9.9973E-05 0.901746 0.0823614
9.9964E-05 9.9964E-05 9.9964E-05 0.0446376 0.954963 9.9964E-05
9.996E-05 9.996E-05 9.996E-05 9.996E-05 0.9995 9.996E-05
9.996E-05 9.996E-05 9.996E-05 9.996E-05 0.9995 9.996E-05
0.0134306 0.00360428 9.9991E-05 0.0458529 0.740598 0.196415
0.0677249 0.0287541 9.9982E-05 9.9982E-05 0.789712 0.113609
9.9964E-05 0.0326241 9.9964E-05 9.9964E-05 0.966976 9.9964E-05
0.0605142 0.0769807 0.0350027 0.0935013 0.470803 0.263199
0.00465333 0.0648614 9.9991E-05 0.0353154 0.746218 0.148852
0.0506442 0.0185979 9.9991E-05 0.0422477 0.795106 0.0933046
0.00481096 9.9982E-05 9.9982E-05 0.018569 0.866199 0.110221
9.996E-05 9.996E-05 9.996E-05 9.996E-05 0.9995 9.996E-05
9.9991E-05 0.0415673 0.00466001 0.0018427 0.92116 0.0306704
0.00402125 9.9964E-05 9.9964E-05 9.9964E-05 0.995579 9.9964E-05
0.0114914 9.9991E-05 0.0209053 0.0297831 0.673849 0.263872
0.0517973 9.9973E-05 9.9973E-05 0.0299961 0.917907 9.9973E-05
0.284572 9.9973E-05 0.622925 9.9973E-05 0.0922033 9.9973E-05
0.170528 9.9991E-05 0.237475 0.0590106 0.0684544 0.464432
0.275407 0.0830636 0.118619 0.0250917 0.044087 0.453731
0.281523 9.9982E-05 0.402235 9.9982E-05 0.102777 0.213265
0.126227 0.0214447 0.223798 0.030154 0.170156 0.428221
0.290807 0.0147257 0.348462 9.9991E-05 0.0810965 0.264808
0.243877 0.0930219 0.0915721 0.0478566 0.125156 0.398516
0.177381 9.9982E-05 0.303821 9.9982E-05 0.175203 0.343395
0.152397 9.9982E-05 0.229679 9.9982E-05 0.226776 0.390948
0.210144 9.9982E-05 0.304574 9.9982E-05 0.185246 0.299836
0.0889079 0.138127 0.14294 0.049076 0.157012 0.423937
0.844868 0.0079437 0.04864 0.0567678 9.9991E-05 0.0416803
0.951923 9.9973E-05 0.0108485 9.9973E-05 0.0369283 9.9973E-05
0.964094 9.9973E-05 9.9973E-05 0.02778 9.9973E-05 0.0078258
0.960947 9.9973E-05 9.9973E-05 0.0241147 9.9973E-05 0.0146387
0.863454 9.9982E-05 9.9982E-05 0.0774161 0.0274173 0.0315123
0.887719 0.0369148 0.00159938 9.9982E-05 0.0735663 9.9982E-05
0.880324 9.9982E-05 9.9982E-05 0.0313926 0.0750765 0.0130067
0.869686 0.0377113 0.0471809 0.0229574 9.9991E-05 0.0223641
0.937984 0.0305112 9.9973E-05 9.9973E-05 9.9973E-05 0.0312048
0.846673 9.9991E-05 0.00994414 0.00874677 0.125711 0.00882471
0.592781 0.147965 0.0158118 0.243242 9.9982E-05 9.9982E-05
0.545578 0.0860398 9.9982E-05 0.343561 0.0246206 9.9982E-05
0.544226 0.011923 0.140218 0.303433 9.9982E-05 9.9982E-05
0.499724 0.131989 0.0686772 0.299409 9.9982E-05 9.9982E-05
0.0289045 0.285999 9.9982E-05 0.150668 9.9982E-05 0.534228
9.9991E-05 0.416341 0.0641609 0.0461222 0.0626461 0.410629
9.9991E-05 0.161279 0.065298 0.150284 0.0308296 0.59221
0.020301 0.248032 0.0179454 0.272773 9.9991E-05 0.440849
9.9991E-05 0.147782 0.0171016 0.602303 0.0116419 0.221072
0.0155287 0.303991 9.9982E-05 9.9982E-05 0.116229 0.564052
9.9991E-05 0.329192 0.00340331 0.0464092 0.0157695 0.605126
9.9991E-05 0.381731 0.0747037 0.0391578 0.0665963 0.437712
9.9991E-05 0.554041 0.0393445 0.0134429 0.0228437 0.370228
0.050301 0.0614875 0.0162963 0.241947 0.0166471 0.613321
9.9982E-05 0.42956 9.9982E-05 0.189657 0.0305293 0.350054
9.9973E-05 0.779078 0.177544 0.0430785 9.9973E-05 9.9973E-05
0.0794035 0.180199 0.0310544 0.136088 9.9991E-05 0.573155
9.9982E-05 0.587716 0.174394 9.9982E-05 0.0421023 0.195587
9.9991E-05 0.38814 0.0194201 0.0837663 0.0424341 0.466139
0.0403001 0.644789 9.9982E-05 0.21554 9.9982E-05 0.0991716
0.156398 9.9973E-05 0.106193 0.737109 9.9973E-05 9.9973E-05
0.0885503 9.9982E-05 0.131491 0.732561 9.9982E-05 0.0471975
0.0195425 9.9973E-05 0.13202 0.848137 9.9973E-05 9.9973E-05
0.115692 0.0612116 0.0492101 0.773686 9.9982E-05 9.9982E-05
9.9982E-05 9.9982E-05 0.0827051 0.857714 0.00262027 0.0567606
0.051329 9.9991E-05 0.0304966 0.800944 0.0171563 0.0999742
0.883694 0.0345817 9.9982E-05 9.9982E-05 0.0155108 0.0660139
0.821936 9.9982E-05 9.9982E-05 0.0269869 0.0605165 0.0903605
0.739414 9.9973E-05 9.9973E-05 9.9973E-05 0.106517 0.15377
0.726506 9.9982E-05 9.9982E-05 0.0483157 0.149325 0.0756533
0.77785 9.9982E-05 9.9982E-05 0.0140649 0.119382 0.0885038
0.41305 0.00167802 0.0209411 0.564131 9.9982E-05 9.9982E-05
0.502162 0.0417638 0.0526159 0.403258 9.9982E-05 9.9982E-05
0.468292 0.0768638 9.9973E-05 0.454545 9.9973E-05 9.9973E-05
0.825136 9.9982E-05 9.9982E-05 0.0019594 0.0163135 0.156391
0.37069 0.0875591 0.031949 0.505653 0.00404886 9.9991E-05
0.260938 0.043595 0.0728665 0.0426374 0.386332 0.193632
0.103586 9.9982E-05 9.9982E-05 0.158477 0.257872 0.479865
0.163587 9.9973E-05 9.9973E-05 9.9973E-05 0.307349 0.528764
0.268193 0.125176 0.0368895 0.0231719 0.274002 0.272567
0.100556 9.9982E-05 9.9982E-05 0.116732 0.199216 0.583296
0.472799 9.9973E-05 0.227487 9.9973E-05 0.299414 9.9973E-05
9.9982E-05 0.143497 0.0159722 0.315422 9.9982E-05 0.524909
0.0119283 0.0213038 0.297942 0.262112 0.0095646 0.39715
0.053169 0.00317426 0.083125 0.578429 0.0192969 0.262806
9.9982E-05 0.134443 0.202441 0.146205 9.9982E-05 0.516711
9.9973E-05 0.201776 0.666741 0.131183 9.9973E-05 9.9973E-05
0.115003 0.0609354 0.0829653 0.11231 0.0341939 0.594592
0.0585519 0.0642812 0.195889 0.171719 0.000827444 0.508731
0.027183 0.0284515 0.0928476 0.381186 9.9991E-05 0.470232
0.078092 0.086434 0.103203 0.130613 0.163937 0.437722
9.9982E-05 0.179363 0.362105 0.238618 9.9982E-05 0.219714
9.9991E-05 0.130476 0.235695 0.121639 0.033394 0.478696
0.00820002 9.9991E-05 0.0867602 0.308185 0.0397139 0.557041
0.0999074 0.159652 0.0668963 0.0985042 0.269649 0.305391
9.9991E-05 0.084388 0.224379 0.291983 0.0519578 0.347192
9.9991E-05 0.184925 0.0955991 0.255514 0.0315933 0.432269
9.9991E-05 0.160535 0.251914 0.0540339 0.158086 0.375331
0.0629569 0.121606 0.143731 0.153063 9.9991E-05 0.518543
9.9991E-05 0.0601345 0.0675808 0.0767025 0.108294 0.687188
0.0704936 0.0856274 0.0823576 0.0929222 0.0542215 0.614378
0.0521068 0.038624 0.0844415 0.239238 0.0156937 0.569896
0.79828 9.9973E-05 9.9973E-05 9.9973E-05 0.0378452 0.163575
0.855808 0.070182 9.9982E-05 9.9982E-05 0.0468592 0.0269511
0.785858 0.0764353 0.0558798 0.0327094 9.9991E-05 0.0490172
0.797884 0.0708661 9.9982E-05 0.033796 0.0972542 9.9982E-05
0.841415 9.9973E-05 9.9973E-05 9.9973E-05 0.0135015 0.144784
0.0196586 0.0634578 0.0494948 0.591721 0.10495 0.170718
0.05755 0.137174 0.0957907 0.132641 0.0585774 0.518267
0.319117 0.0175577 0.0454961 0.000215754 0.173733 0.44388
9.9991E-05 0.00856211 0.0546899 0.213362 0.100117 0.62317
0.0562445 0.00183602 0.0863874 0.274645 9.9991E-05 0.580787
9.9982E-05 9.9982E-05 0.254511 0.358357 0.0748799 0.312052
0.144013 0.113803 0.14173 0.600254 9.9982E-05 9.9982E-05
9.9982E-05 0.0784728 9.9982E-05 0.371684 0.0287808 0.520863
0.0315736 0.0106202 0.163835 0.564701 0.0714141 0.157855
0.00671794 0.195509 0.225848 0.117808 0.110678 0.343439
0.148058 0.0933178 0.169178 0.431645 0.0183167 0.139484
0.101554 0.00489964 0.0176506 0.17475 0.0413514 0.659795
0.0135823 0.0481118 0.0869346 0.585778 0.0711199 0.194474
0.00953724 0.0587417 0.303524 0.251114 0.0877685 0.289314
0.0720468 0.000307752 0.344844 0.0196841 0.0360976 0.52702
0.0106167 9.9991E-05 0.559513 0.118577 0.00745667 0.303736
0.0435185 0.00860681 0.204223 0.124176 9.9991E-05 0.619375
0.127901 9.9982E-05 0.250242 9.9982E-05 0.0140102 0.607647
9.9973E-05 9.9973E-05 0.522117 0.116935 9.9973E-05 0.360648
0.09261 0.143169 0.191041 9.9991E-05 0.0229783 0.550101
9.9982E-05 0.0276295 0.310791 0.0884406 9.9982E-05 0.572939
9.9982E-05 0.0940315 0.699828 0.0646259 9.9982E-05 0.141315
9.9982E-05 0.0183292 0.670672 0.0403342 9.9982E-05 0.270465
0.0438432 9.9982E-05 0.390842 0.0596857 9.9982E-05 0.505429
9.9982E-05 0.137235 0.545832 0.089477 9.9982E-05 0.227257
9.9982E-05 0.0853634 0.297346 0.0861211 9.9982E-05 0.53097
9.9991E-05 0.187094 0.01 0.675592 0.0473397 0.0798748
9.9991E-05 0.138952 0.217376 0.350402 0.0236723 0.269498
0.0148327 0.194181 9.9991E-05 0.414912 0.11832 0.257655
9.9982E-05 0.0237999 9.9982E-05 0.261534 0.080482 0.633984
9.9991E-05 0.209923 0.0402088 0.479387 0.0610956 0.209286
0.079367 0.0352389 0.134662 0.123007 0.0743294 0.553396
0.00177187 0.0547624 0.0144663 0.27955 0.0863754 0.563074
9.9982E-05 0.16629 9.9982E-05 0.292383 0.0933311 0.447796
0.0064385 0.150134 0.00187981 0.28358 0.176319 0.381649
9.9982E-05 0.0694667 9.9982E-05 0.405282 0.116849 0.408203
9.9982E-05 0.161009 9.9982E-05 0.512472 0.112341 0.213977
9.9991E-05 0.0794811 0.0659294 0.4495 0.124629 0.280361
9.9991E-05 0.000939882 0.132117 0.206233 0.0153382 0.645272
0.0518647 9.9991E-05 0.0309508 0.193581 0.0858093 0.637694
0.0470634 9.9982E-05 0.181313 0.291869 9.9982E-05 0.479554
9.9991E-05 0.00934217 0.0829168 0.290616 0.105652 0.511373
0.092662 9.9982E-05 0.0318026 0.371893 9.9982E-05 0.503442
0.0606429 0.0083749 9.9991E-05 0.214632 0.0139293 0.702321
0.0206105 0.0132124 0.109544 0.324644 0.0764786 0.455511
0.13417 9.9991E-05 0.136016 0.147267 0.189124 0.393323
0.377315 9.9982E-05 0.0432837 9.9982E-05 0.156847 0.422354
0.111102 0.0117714 0.116905 9.9991E-05 0.307377 0.452744
0.151971 0.0843687 0.0461922 0.0838678 0.141855 0.491745
0.0637527 0.110861 0.109541 9.9991E-05 0.185564 0.53018
0.218358 0.126506 0.0248942 9.9991E-05 0.257064 0.373079
9.9982E-05 9.9982E-05 0.257679 0.224073 0.0559033 0.462145
0.143563 0.150667 9.9991E-05 0.0760818 0.17394 0.455647
0.261221 0.128603 0.398263 9.9991E-05 0.173598 0.0382152
0.150204 0.0377703 0.0733168 0.0746106 0.176756 0.487342
0.165735 9.9991E-05 0.0965921 0.0114967 0.130298 0.595778
0.0736442 9.9991E-05 0.038886 0.111738 0.239641 0.535992
0.176593 0.0651814 0.128342 0.118954 0.177781 0.333148
0.187312 0.00503791 0.136251 9.9991E-05 0.157983 0.513316
0.143971 9.9991E-05 0.0683323 0.0694255 0.159295 0.558876
0.475478 9.9973E-05 0.340139 9.9973E-05 0.184084 9.9973E-05
0.183638 0.044794 0.00852978 9.9991E-05 0.246713 0.516225
0.112732 0.100116 0.0732763 9.9991E-05 0.274358 0.439418
0.100392 9.9982E-05 0.166896 9.9982E-05 0.141493 0.591019
0.225305 9.9982E-05 0.0181549 9.9982E-05 0.196935 0.559405
0.242053 9.9991E-05 0.0379766 0.0215397 0.0872264 0.611104
9.9991E-05 0.190693 0.273069 0.113663 0.0318772 0.390598
0.0236026 0.16807 0.193062 0.0384723 0.104059 0.472734
9.9982E-05 0.141177 0.646316 0.149484 9.9982E-05 0.0628234
9.9982E-05 0.12515 0.743033 0.0581017 9.9982E-05 0.0735154
0.0120509 0.00131608 0.34806 0.0694682 0.107147 0.461958
0.0489697 9.9982E-05 0.190905 9.9982E-05 0.386839 0.373086
0.0805078 0.0588789 0.192262 9.9991E-05 0.37104 0.297212
0.213029 9.9991E-05 0.289136 0.0261789 0.242813 0.228744
0.204531 9.9982E-05 0.142866 9.9982E-05 0.276702 0.375701
0.0614212 9.9991E-05 0.676106 0.0320024 0.0831406 0.14723
0.0662921 0.0364309 0.572553 9.9991E-05 0.0904893 0.234134
9.9982E-05 0.00611197 0.302694 9.9982E-05 0.114294 0.5767
0.0100115 0.0735029 0.2942 0.0126088 0.148885 0.460791
0.027384 0.0370683 0.502746 9.9991E-05 0.122557 0.310145
0.0192546 9.9991E-05 0.216869 0.102399 0.154217 0.50716
9.9973E-05 9.9973E-05 0.304249 9.9973E-05 0.182737 0.512714
0.0234249 0.0887273 0.236828 0.0791692 0.214499 0.357352
9.9982E-05 0.101238 0.368634 0.116502 9.9982E-05 0.413426
9.9982E-05 0.0286237 0.45781 0.0642183 9.9982E-05 0.449148
9.9991E-05 0.0996296 0.236796 0.081128 0.105248 0.477098
0.0501082 0.0954846 0.264749 0.114127 0.0704877 0.405044
9.9982E-05 9.9982E-05 0.27778 0.10313 0.171033 0.447857
9.9973E-05 0.0922259 0.374972 9.9973E-05 9.9973E-05 0.532503
9.9982E-05 0.0230482 0.545676 0.101377 9.9982E-05 0.329699
9.9973E-05 0.185527 0.196498 9.9973E-05 9.9973E-05 0.617675
0.192868 0.0572473 0.149322 0.0197173 9.9991E-05 0.580746
9.9973E-05 0.196039 0.511961 9.9973E-05 9.9973E-05 0.2917
0.00291272 0.0514658 0.44154 9.9982E-05 9.9982E-05 0.503881
9.9991E-05 0.200402 0.0649831 0.0631452 0.107445 0.563925
0.00510966 0.203525 0.159412 0.0219449 0.0495658 0.560443
0.140992 0.0772431 0.152044 9.9991E-05 0.184228 0.445392
0.113363 0.0860332 0.152514 0.0963582 0.182346 0.369386
0.139431 0.091595 0.104761 0.0388545 0.256109 0.36925
0.161938 0.00488211 0.167076 0.101056 0.202097 0.362951
0.0931617 9.9982E-05 9.9982E-05 0.17319 0.110224 0.623224
0.175136 0.0127164 0.132353 0.11474 0.164359 0.400695
0.160329 9.9973E-05 0.639117 9.9973E-05 0.200254 9.9973E-05
0.0803675 9.9982E-05 0.127637 9.9982E-05 0.193148 0.598648
0.336352 9.9973E-05 0.505122 9.9973E-05 0.158226 9.9973E-05
0.0384778 0.0335125 0.187344 9.9991E-05 0.224035 0.516531
9.9973E-05 0.277359 0.58992 9.9973E-05 9.9973E-05 0.132421
9.9973E-05 0.271111 0.703724 0.0248656 9.9973E-05 9.9973E-05
9.9973E-05 0.158632 0.316532 9.9973E-05 9.9973E-05 0.524536
0.00450204 9.9973E-05 0.231208 9.9973E-05 9.9973E-05 0.763991
9.9982E-05 0.0621572 0.443393 0.00376768 9.9982E-05 0.490482
9.9982E-05 0.248546 0.188889 0.00330348 9.9982E-05 0.559062
9.9973E-05 0.0951273 0.294049 9.9973E-05 9.9973E-05 0.610524
0.751788 9.9991E-05 0.0786118 0.0184253 0.0116562 0.139419
0.728091 0.027037 9.9982E-05 0.122927 0.121745 9.9982E-05
0.881331 9.9973E-05 9.9973E-05 0.0407236 0.0776453 9.9973E-05
0.936916 9.9964E-05 9.9964E-05 9.9964E-05 9.9964E-05 0.0626839
0.0620052 0.355496 0.0224989 0.0613521 9.9991E-05 0.498547
0.0767036 0.37446 9.9991E-05 0.0257897 0.0376051 0.485341
9.9973E-05 0.402731 9.9973E-05 0.0333328 9.9973E-05 0.563636
0.097377 0.276238 9.9982E-05 9.9982E-05 0.00687247 0.619313
0.155626 0.217318 0.0101003 0.0643798 9.9991E-05 0.552477
0.0206581 0.531099 0.0402954 0.12196 0.0374417 0.248546
0.0532343 0.297449 9.9982E-05 9.9982E-05 0.0641645 0.584952
0.00610778 0.47784 0.166053 9.9982E-05 9.9982E-05 0.3498
0.239133 9.9991E-05 0.0693077 0.0662025 0.174487 0.450769
9.9991E-05 0.471193 0.0686357 0.0137616 0.143809 0.302501
0.00956951 0.576567 9.9991E-05 0.0818836 0.00604064 0.325839
9.9991E-05 0.334327 0.0308195 0.019154 0.0316993 0.5839
0.0532034 0.49061 9.9982E-05 0.0544203 9.9982E-05 0.401566
9.9973E-05 0.371076 9.9973E-05 9.9973E-05 0.0178501 0.610774
0.0370377 0.379097 0.0474437 0.0138264 0.0958205 0.426774
9.9973E-05 0.936446 0.00701463 9.9973E-05 9.9973E-05 0.0562392
0.0436677 0.548239 0.0984739 0.0480657 0.0132527 0.248301
0.044351 0.61967 9.9991E-05 0.0238747 0.0158438 0.296161
9.9964E-05 0.782847 0.216753 9.9964E-05 9.9964E-05 9.9964E-05
0.0544691 0.45827 9.9982E-05 0.0888231 9.9982E-05 0.398237
9.9973E-05 0.580641 0.295612 9.9973E-05 9.9973E-05 0.123447
0.00135585 0.747405 0.250939 9.9973E-05 9.9973E-05 9.9973E-05
9.9973E-05 0.335338 9.9973E-05 9.9973E-05 0.153414 0.510948
0.0482869 0.653469 0.00287463 0.0889192 9.9991E-05 0.20635
9.9982E-05 0.354968 9.9982E-05 0.15973 0.017305 0.467797
0.0889307 0.263046 0.0509866 9.9991E-05 0.0709874 0.525949
0.0168122 0.388333 9.9991E-05 0.0194618 0.035612 0.539681
9.9991E-05 0.080605 0.206824 0.344533 0.0539751 0.313963
9.9982E-05 0.460512 0.00991199 9.9982E-05 0.030001 0.499375
0.0608703 0.336605 9.9982E-05 0.0977914 9.9982E-05 0.504534
9.9973E-05 0.641765 0.0452613 9.9973E-05 9.9973E-05 0.312674
0.0859484 0.192013 0.00162576 0.108856 0.0972466 0.51431
0.60047 0.042638 0.0476697 0.293386 0.0157362 9.9991E-05
0.735021 0.0496618 0.0434694 0.100039 0.013017 0.0587914
0.841979 0.0019529 0.0198441 0.136024 9.9982E-05 9.9982E-05
0.813964 0.00960487 0.0256819 0.150549 9.9982E-05 9.9982E-05
0.728191 9.9973E-05 9.9973E-05 0.217137 9.9973E-05 0.0543723
0.040495 0.705444 9.9991E-05 0.12365 0.00579189 0.124519
0.0644239 0.655713 0.0424592 0.101941 9.9991E-05 0.135362
9.9982E-05 0.768303 0.10435 9.9982E-05 0.0218053 0.105341
0.0288121 0.262934 0.0585857 9.9991E-05 0.190788 0.45878
0.0778317 0.229287 9.9991E-05 0.0640852 0.114383 0.514313
0.00648203 0.532835 0.152039 9.9991E-05 0.078927 0.229617
9.9982E-05 0.326126 0.0323342 9.9982E-05 0.0405036 0.600836
0.055706 0.492295 0.0147733 9.9991E-05 0.0561845 0.380941
0.0331608 0.360957 0.0124694 0.0217918 9.9991E-05 0.571521
0.0462194 0.237347 0.0123408 0.0636548 0.0620503 0.578388
9.9991E-05 0.583139 0.0349362 0.137329 0.0452826 0.199213
9.9973E-05 0.511662 9.9973E-05 0.0501335 9.9973E-05 0.437905
9.9973E-05 0.605208 9.9973E-05 0.102765 9.9973E-05 0.291728
0.0792546 9.9982E-05 0.181807 0.0444768 9.9982E-05 0.694262
0.0188982 0.472887 9.9982E-05 0.0896002 9.9982E-05 0.418414
9.9991E-05 0.410397 0.0324173 0.100541 0.0498566 0.406688
9.9982E-05 9.9982E-05 0.0973214 0.0710702 0.456344 0.375065
0.131274 9.9982E-05 0.0534678 9.9982E-05 0.41226 0.402798
0.150055 9.9973E-05 9.9973E-05 9.9973E-05 0.434141 0.415503
0.148459 0.0478562 0.00736685 9.9991E-05 0.508743 0.287475
0.0750831 9.9991E-05 0.0630314 0.074409 0.509231 0.278145
0.033046 0.288219 0.160098 9.9991E-05 0.0340794 0.484457
0.25179 9.9991E-05 0.0360359 0.00574165 0.7002 0.00613207
0.175807 0.02417 0.0139558 9.9991E-05 0.442667 0.3433
0.145755 0.0917363 0.148126 9.9991E-05 0.152803 0.46148
0.159541 9.9982E-05 0.153974 0.0140262 9.9982E-05 0.672258
0.088099 0.0612108 0.237624 0.0727616 0.0458424 0.494462
0.126482 9.9982E-05 0.121735 0.0364705 9.9982E-05 0.715113
0.0945839 0.0124221 0.13308 0.107127 9.9991E-05 0.652687
0.224867 9.9973E-05 9.9973E-05 9.9973E-05 0.470766 0.304068
0.163983 0.0686919 9.9991E-05 0.0899741 0.39743 0.279822
0.0340372 9.9982E-05 0.0542155 9.9982E-05 0.547162 0.364385
0.0854413 0.0327366 0.02638 0.136009 0.311632 0.407801
0.141551 0.00529573 0.0548795 9.9991E-05 0.556695 0.241479
0.121145 0.0639043 0.0261621 0.0258028 0.403218 0.359768
0.110261 9.9982E-05 0.0854352 9.9982E-05 0.548409 0.255695
0.0665255 0.0357691 0.0308642 0.03322 0.429538 0.404083
0.0624195 0.0660158 0.294778 0.0652462 0.0619239 0.449617
0.203458 0.0665123 0.0312847 9.9991E-05 0.425742 0.272903
0.17668 9.9991E-05 0.045671 0.0150493 0.633097 0.129403
0.0757791 0.0788315 9.9991E-05 0.0674802 0.373187 0.404622
0.202614 0.125897 0.249413 0.234646 0.0161984 0.171231
0.0267572 9.9991E-05 0.202199 0.0226699 0.0942721 0.654002
0.157636 9.9991E-05 0.00451965 0.120217 0.341416 0.376112
0.166788 9.9991E-05 0.1034 0.0520366 0.0252006 0.652474
0.174869 0.0423811 0.206961 9.9991E-05 0.00947943 0.56621
0.154748 0.0442631 0.127595 0.0162996 0.239801 0.417293
0.15318 0.0238637 0.123827 0.021408 0.382632 0.295089
0.125977 0.0670623 0.0350943 0.115165 0.0741427 0.582558
0.159278 0.0175459 0.0390919 9.9991E-05 0.397028 0.386956
0.037869 9.9982E-05 0.127383 9.9982E-05 0.514432 0.320117
0.188614 9.9982E-05 0.0412548 9.9982E-05 0.634803 0.135128
0.113434 0.0787864 0.123639 9.9991E-05 0.0237938 0.660246
0.122038 0.148042 0.173573 0.0586501 9.9991E-05 0.497597
0.16236 9.9973E-05 0.556029 9.9973E-05 9.9973E-05 0.281311
0.161018 0.0368508 0.011396 0.113893 0.120809 0.556033
0.108296 0.014253 0.197684 0.205403 0.082049 0.392315
0.18465 0.123032 0.0695707 9.9991E-05 0.16291 0.459737
0.16549 0.0753219 0.161063 0.0860655 0.0670347 0.445025
0.337964 9.9973E-05 0.460205 9.9973E-05 0.201531 9.9973E-05
0.300501 9.9973E-05 0.582845 9.9973E-05 0.116354 9.9973E-05
0.126976 9.9991E-05 0.351354 0.0896672 0.0915901 0.340312
0.33972 0.00700876 0.417126 9.9991E-05 0.214967 0.0210791
0.427574 9.9973E-05 0.300613 9.9973E-05 0.271513 9.9973E-05
0.122007 0.0379899 0.331786 9.9991E-05 0.172353 0.335764
0.212097 0.0865814 0.255791 9.9991E-05 0.119263 0.326167
0.301933 0.0102805 0.325894 9.9991E-05 0.156139 0.205653
0.26162 9.9982E-05 0.486904 9.9982E-05 0.185681 0.0655943
0.102775 9.9991E-05 0.274648 0.00801896 0.163457 0.451
0.266066 0.073895 0.376127 0.0116408 0.123505 0.148766
0.435154 9.9973E-05 0.500702 9.9973E-05 0.0638444 9.9973E-05
0.126374 9.9991E-05 0.116672 0.126553 0.196724 0.433577
0.135128 9.9982E-05 0.274866 9.9982E-05 0.253646 0.336161
0.349299 0.0149494 9.9991E-05 0.0227432 0.0977979 0.515111
0.197358 9.9973E-05 9.9973E-05 9.9973E-05 0.241762 0.56058
0.122758 0.0556763 0.0815767 0.0948981 0.157294 0.487796
0.112129 9.9991E-05 0.115668 0.0387739 0.238847 0.494481
0.172858 9.9991E-05 0.0157721 0.0294744 0.26471 0.517085
0.342429 9.9991E-05 0.0382771 0.0264374 0.25705 0.335707
0.21451 9.9991E-05 0.0559619 0.0596018 0.167651 0.502175
0.245085 0.0566028 9.9991E-05 0.0340147 0.330151 0.334046
0.237002 9.9982E-05 0.196711 9.9982E-05 0.23492 0.331166
0.0957292 0.329339 0.0440734 0.160511 0.179018 0.19133
0.140234 0.119618 9.9991E-05 0.11142 0.15632 0.472309
0.130817 9.9991E-05 0.0893231 0.0699104 0.192412 0.517438
0.120785 0.135746 0.0288837 9.9991E-05 0.064086 0.650399
0.260431 9.9991E-05 0.0683952 0.031518 0.353532 0.286024
0.198458 0.0501123 0.120476 0.0425213 0.169743 0.418689
0.344723 0.0923428 0.199947 9.9991E-05 0.249649 0.113238
0.180841 0.176583 9.9982E-05 9.9982E-05 0.241003 0.401373
0.278169 9.9982E-05 0.232895 9.9982E-05 0.362372 0.126364
0.768205 0.111931 0.0184351 0.097238 0.00409052 9.9991E-05
0.070712 0.071044 0.0458804 0.725423 9.9991E-05 0.0868404
0.00445875 9.9973E-05 9.9973E-05 0.987675 0.00756604 9.9973E-05
0.0280138 9.9964E-05 9.9964E-05 0.971586 9.9964E-05 9.9964E-05
9.9973E-05 9.9973E-05 9.9973E-05 0.928995 0.0270701 0.0436345
9.9973E-05 9.9973E-05 9.9973E-05 0.922679 0.0270597 0.0499619
9.9964E-05 9.9964E-05 9.9964E-05 0.916305 9.9964E-05 0.0832947
0.0548827 9.9964E-05 9.9964E-05 0.944717 9.9964E-05 9.9964E-05
0.21587 9.99651E-05 9.99651E-05 0.78373 9.99651E-05 9.99651E-05
0.873532 9.9982E-05 9.9982E-05 0.0359494 0.0258166 0.0645025
0.821488 9.9982E-05 0.0143592 0.0961872 9.9982E-05 0.0677652
0.908383 0.022155 9.9982E-05 9.9982E-05 0.060662 0.00860025
0.797504 9.9982E-05 0.0264805 0.135149 9.9982E-05 0.0406663
0.847634 0.0171653 9.9991E-05 0.0487902 0.0316787 0.0546316
0.923874 9.9973E-05 0.0149546 0.0608713 9.9973E-05 9.9973E-05
0.674584 0.0200601 9.9991E-05 0.109978 0.162036 0.0332414
0.866291 9.9991E-05 0.00264571 0.0196867 0.0948032 0.016473
0.753127 9.9982E-05 0.0156957 0.139957 9.9982E-05 0.091021
0.904857 0.0175883 9.9982E-05 9.9982E-05 0.0721481 0.00520685
0.968929 0.0306709 9.9964E-05 9.9964E-05 9.9964E-05 9.9964E-05
0.830137 0.046933 9.9991E-05 0.0399085 0.0716838 0.0112374
0.934903 9.9964E-05 9.9964E-05 0.0646972 9.9964E-05 9.9964E-05
0.918341 9.9982E-05 9.9982E-05 0.010566 0.0640829 0.00681018
0.862034 0.0775539 9.9982E-05 9.9982E-05 0.0583442 0.00186789
0.863074 9.9973E-05 9.9973E-05 9.9973E-05 0.0275576 0.109068
0.765985 9.9973E-05 9.9973E-05 9.9973E-05 0.124518 0.109198
0.788114 9.9973E-05 9.9973E-05 9.9973E-05 0.120493 0.0910935
0.809441 0.0309726 9.9982E-05 9.9982E-05 0.0990996 0.0602871
0.185119 0.0703279 0.239347 0.0653012 9.9991E-05 0.439805
0.0923196 0.0545806 0.174473 9.9982E-05 9.9982E-05 0.678427
0.176676 0.137057 0.0616385 9.9991E-05 0.0339966 0.590532
0.0519228 0.0744113 0.705376 9.9991E-05 0.0112236 0.156967
0.145849 0.0395668 0.0762841 0.154017 9.9991E-05 0.584184
0.155117 9.9973E-05 0.660562 9.9973E-05 9.9973E-05 0.184021
0.124895 9.9982E-05 0.172737 9.9982E-05 0.0594888 0.642679
0.148192 0.170149 0.148196 0.0586393 9.9991E-05 0.474724
0.0911069 0.0559554 0.233746 0.100394 9.9991E-05 0.518698
0.00659574 0.345136 0.0775128 0.0249328 0.0370757 0.508747
0.0740171 0.0125153 0.305726 0.0751131 9.9991E-05 0.532529
0.0029554 0.00448301 0.214 0.0651919 0.0474922 0.665878
0.108496 9.9982E-05 0.132225 0.141893 9.9982E-05 0.617186
9.9982E-05 0.27765 0.197408 0.47888 0.0458629 9.9982E-05
0.04195 0.000221441 0.816301 0.141328 9.9982E-05 9.9982E-05
0.0522144 9.9982E-05 0.670355 0.0736154 9.9982E-05 0.203615
0.0993967 9.9982E-05 0.182739 9.9982E-05 0.0412574 0.676407
0.130946 9.9973E-05 0.239634 9.9973E-05 9.9973E-05 0.629121
0.170516 9.9982E-05 0.265124 9.9982E-05 0.0160408 0.548119
0.117465 0.118808 0.092024 9.9991E-05 0.0662078 0.605395
0.163184 0.0269238 0.106266 9.9991E-05 0.16417 0.539355
0.123073 0.069981 9.9991E-05 0.0368927 0.231029 0.538924
0.401474 0.0376271 0.12872 0.109106 0.179295 0.143777
0.135032 0.08723 9.9982E-05 0.147432 9.9982E-05 0.630106
0.191936 0.0202197 0.0915744 0.0963754 0.20273 0.397165
0.391982 9.9973E-05 0.388843 9.9973E-05 0.218875 9.9973E-05
0.259751 0.0268427 0.142039 9.9991E-05 0.252652 0.318615
0.342975 0.113986 0.0155046 0.0617945 0.221991 0.243749
0.278542 0.0359231 0.0619227 0.129161 0.115207 0.379244
0.0681454 9.9991E-05 0.0505068 0.160059 0.188218 0.532971
0.207304 0.11194 0.0143487 0.0203102 0.215575 0.430522
0.205449 9.9982E-05 0.0647369 9.9982E-05 0.132082 0.597532
0.117865 0.0876435 0.207416 9.9991E-05 0.177741 0.409234
0.50108 0.0541382 0.018825 0.0076379 0.0879224 0.330396
