0.00251622 0.032856 0.844747 0.0371711 0.0194023 9.9982E-05 0.0631073 9.9982E-05
9.9964E-05 9.9964E-05 0.91471 9.9964E-05 9.9964E-05 0.045079 0.0258872 0.0139239
0.115327 0.0307168 0.748848 9.9982E-05 0.00686854 0.0216308 0.0764096 9.9982E-05
0.0643395 0.105689 0.72973 9.9973E-05 0.0419539 9.9973E-05 0.0579878 9.9973E-05
9.9955E-05 0.112141 0.794562 9.9955E-05 0.0927977 9.9955E-05 9.9955E-05 9.9955E-05
0.0299708 0.124438 0.580034 0.0182814 0.06603 0.0513892 0.00754303 0.122313
9.9982E-05 0.0602101 0.816462 0.00607334 0.0292624 9.9982E-05 0.0408742 0.0469179
9.9973E-05 0.172653 0.676416 9.9973E-05 0.0377285 9.9973E-05 0.0152482 0.0976543
9.9982E-05 0.0376455 0.813095 0.0508238 9.9982E-05 0.00855666 0.028245 0.0614337
0.0933096 0.0929184 0.642323 9.9982E-05 0.0436067 9.9982E-05 0.0184237 0.109219
0.0413049 0.127898 0.730085 0.0697454 9.9982E-05 9.9982E-05 0.00188809 0.0288795
0.103709 9.9964E-05 9.9964E-05 0.732642 0.095408 0.0678421 9.9964E-05 9.9964E-05
0.532324 9.9982E-05 0.00996489 0.360377 0.0427389 0.0304951 0.0239001 9.9982E-05
0.146914 9.9973E-05 9.9973E-05 0.608256 0.0961462 9.9973E-05 0.0407917 0.107592
0.253204 9.9973E-05 0.0545654 0.594933 0.0895419 9.9973E-05 0.00745531 9.9973E-05
0.369555 0.0161569 0.117676 0.305229 0.117684 9.9982E-05 9.9982E-05 0.0735005
0.597764 0.0120165 0.055793 0.254958 0.0312486 9.9991E-05 0.0344742 0.013646
0.38352 0.0252077 0.00342122 0.327348 0.0696205 0.0635095 0.067327 0.0600462
0.224807 9.9973E-05 0.116199 0.455327 0.100195 0.103172 9.9973E-05 9.9973E-05
9.9964E-05 9.9964E-05 0.0758298 0.853351 0.0267475 9.9964E-05 9.9964E-05 0.0436719
0.364421 0.0193923 9.9982E-05 0.392947 0.105826 0.0929653 9.9982E-05 0.0242485
0.55629 0.00704521 0.00133488 0.248641 0.00039421 0.094503 9.9991E-05 0.0916916
0.492873 0.0103892 0.0488236 0.238819 0.0202269 0.150573 0.010005 0.0282898
0.184062 9.9991E-05 0.0213195 0.602216 0.084521 0.0412536 0.0188178 0.0477103
0.593265 9.9973E-05 0.0193182 0.17912 0.135713 9.9973E-05 9.9973E-05 0.0722838
0.408728 9.9964E-05 9.9964E-05 0.406114 0.154798 9.9964E-05 0.02996 9.9964E-05
0.153507 9.9982E-05 0.0203951 0.746904 0.0404438 9.9982E-05 0.0145882 0.0239618
0.136519 9.9973E-05 0.00645177 0.665049 0.174769 0.0169114 9.9973E-05 9.9973E-05
0.192836 9.9973E-05 9.9973E-05 0.592798 0.0109178 0.0241281 9.9973E-05 0.179019
9.994E-05 9.994E-05 9.994E-05 9.994E-05 9.994E-05 9.994E-05 0.9993 9.994E-05
9.994E-05 9.994E-05 9.994E-05 9.994E-05 9.994E-05 9.994E-05 0.9993 9.994E-05
0.0926501 9.9973E-05 0.515717 9.9973E-05 0.0240929 0.0284649 0.338775 9.9973E-05
0.0307595 9.9982E-05 0.52919 0.00212353 0.118024 0.0709457 0.248758 9.9982E-05
0.482612 0.00851149 0.0340615 0.101525 9.9982E-05 0.320642 9.9982E-05 0.0524485
0.424273 0.0270518 0.0997975 0.0716162 9.9973E-05 0.376962 9.9973E-05 9.9973E-05
0.594657 0.0725408 9.9973E-05 9.9973E-05 9.9973E-05 0.293416 0.0265815 0.0125044
0.0726001 0.0121365 0.130194 0.650879 9.9982E-05 0.0931511 9.9982E-05 0.0408397
0.263141 9.9973E-05 9.9973E-05 9.9973E-05 0.00361379 0.644059 0.0481186 0.0407668
0.435222 0.0480231 0.033986 0.235283 0.0354667 0.21182 9.9982E-05 9.9982E-05
0.597892 0.0627131 0.0275628 9.9973E-05 0.0328937 0.278639 9.9973E-05 9.9973E-05
0.573798 0.121437 0.0490001 9.9991E-05 0.0115852 0.114229 0.0278052 0.102045
0.592961 0.0769845 0.0241094 9.9982E-05 0.0841308 0.139542 0.0820722 9.9982E-05
0.0256994 9.9964E-05 9.9964E-05 0.218321 9.9964E-05 0.713912 0.0416679 9.9964E-05
0.591077 0.0556341 0.0217105 0.0343653 0.0577328 0.0918995 9.9991E-05 0.14748
0.362911 0.0851527 0.0924546 9.9973E-05 0.124193 0.334989 9.9973E-05 9.9973E-05
0.469286 0.019617 0.0640919 0.0922531 0.0893853 0.160895 0.0505971 0.0538742
0.285571 9.9973E-05 9.9973E-05 0.0255242 9.9973E-05 0.665325 0.0127784 0.0105017
0.542625 0.0215581 0.0896883 9.9982E-05 0.0490332 0.2815 0.0153951 9.9982E-05
0.472212 9.9973E-05 0.0780725 9.9973E-05 0.0530479 0.33269 0.0636779 9.9973E-05
9.9964E-05 9.9964E-05 0.0684849 9.9964E-05 9.9964E-05 0.579506 0.000285509 0.351323
0.071931 0.158974 9.9982E-05 0.497493 0.00331018 0.173252 9.9982E-05 0.0948403
0.0643187 9.9982E-05 0.0475858 0.281806 9.9982E-05 0.239372 0.00362781 0.36309
0.644459 0.0617406 0.0114602 0.144927 9.9991E-05 0.0627934 0.0343286 0.0401912
0.512762 9.9982E-05 0.0740799 0.249251 0.0629267 9.9982E-05 0.0163214 0.0844588
0.594785 0.0256963 0.0609416 0.159628 0.0513727 9.9991E-05 0.0233127 0.0841638
0.0271099 0.124442 0.0844517 0.307926 0.0398761 0.264959 0.0172543 0.133981
0.552814 0.0818819 9.9991E-05 0.219741 0.017055 0.0274264 0.00636893 0.0946124
0.542053 0.016747 0.0725951 0.211127 0.0811246 9.9982E-05 9.9982E-05 0.076153
0.276327 0.0326316 0.0921451 0.288609 0.0227664 0.170472 0.0360174 0.0810311
0.0181956 0.0358297 0.19369 0.329577 0.0497466 0.115382 9.9991E-05 0.257479
0.444565 9.9991E-05 0.0205139 0.156801 0.081621 0.233958 0.0352673 0.0271732
0.419366 0.0507642 0.0355443 0.315313 0.035994 0.0551484 0.00958691 0.078283
9.9982E-05 0.0819521 0.0221134 0.584768 9.9982E-05 0.108656 0.0524434 0.149867
0.463898 9.9973E-05 9.9973E-05 0.412821 9.9973E-05 0.0405247 0.0133294 0.0691278
0.671667 0.0306391 9.9982E-05 0.0374382 9.9982E-05 0.0943678 0.027369 0.138319
0.47558 0.00985626 0.0460319 0.235589 0.0815607 0.0382252 0.113057 9.9991E-05
0.253599 9.9991E-05 0.00670933 0.38645 0.0837825 0.0675105 0.0139586 0.187891
0.44047 9.9982E-05 9.9982E-05 0.335091 0.0689482 0.0031417 0.0149829 0.137166
0.544136 0.0621597 0.00821828 0.143337 0.0490842 0.109754 0.0832107 9.9991E-05
0.0778337 0.0158287 9.9982E-05 0.542255 9.9982E-05 0.121681 0.0646203 0.177581
0.43251 0.0180014 9.9973E-05 0.145879 9.9973E-05 0.371764 0.031546 9.9973E-05
0.104787 9.9964E-05 9.9964E-05 0.136338 9.9964E-05 0.751644 0.00683101 9.9964E-05
0.578321 0.0686862 0.0494794 0.0405739 0.0708863 0.149541 9.9991E-05 0.042412
9.9955E-05 0.0502779 9.9955E-05 9.9955E-05 9.9955E-05 0.784168 9.9955E-05 0.165054
9.9964E-05 0.0132874 9.9964E-05 0.051188 9.9964E-05 0.76718 9.9964E-05 0.167945
0.23015 9.9973E-05 9.9973E-05 0.0277096 0.0218743 0.718099 9.9973E-05 0.0018673
0.436023 0.0334546 9.9973E-05 0.0337161 9.9973E-05 0.481414 0.0150924 9.9973E-05
0.596641 9.9982E-05 0.120426 0.0179014 0.0114668 0.218537 0.0348277 9.9982E-05
0.41701 0.0131751 9.9973E-05 0.100429 0.0230275 0.446059 9.9973E-05 9.9973E-05
9.9982E-05 0.0807716 0.0126657 0.0691107 0.0656672 0.765327 0.00625818 9.9982E-05
0.136938 0.152192 0.0266183 0.144075 0.0137413 0.526235 9.9982E-05 9.9982E-05
0.456271 0.094992 0.0853993 9.9982E-05 0.0857913 0.27582 9.9982E-05 0.00152717
0.296412 9.9964E-05 0.0282523 0.158012 9.9964E-05 0.516923 9.9964E-05 9.9964E-05
0.385409 9.9982E-05 9.9982E-05 0.0277171 0.0172702 0.448958 0.067303 0.0531436
0.332156 9.9964E-05 9.9964E-05 9.9964E-05 9.9964E-05 0.630733 0.015202 0.0215088
9.9964E-05 9.9964E-05 0.0246057 0.0145564 9.9964E-05 0.690326 9.9964E-05 0.270112
0.614925 0.0253015 0.0261343 0.0350451 9.9991E-05 0.251266 0.0466312 0.000597216
0.0568777 9.9973E-05 0.776808 0.0686228 0.0380158 9.9973E-05 0.0593762 9.9973E-05
0.0618267 9.9964E-05 0.774537 9.9964E-05 9.9964E-05 0.0214903 0.141747 9.9964E-05
0.0586388 0.023364 0.743355 9.9973E-05 0.0200905 9.9973E-05 0.154252 9.9973E-05
0.0444816 9.9964E-05 0.834292 9.9964E-05 0.0022082 9.9964E-05 0.118618 9.9964E-05
0.0466424 0.000337759 0.77168 9.9991E-05 0.0172804 0.0298368 0.130003 0.00411992
9.9982E-05 0.0159094 0.813739 9.9982E-05 0.0405051 0.0535915 0.0585499 0.017505
0.061534 9.9964E-05 0.848109 0.00528693 9.9964E-05 9.9964E-05 0.0846699 9.9964E-05
0.402958 9.9982E-05 0.0860722 0.0993832 0.0309071 0.346026 0.0344536 9.9982E-05
0.358722 9.9982E-05 0.037316 0.266504 0.12837 0.198491 0.010398 9.9982E-05
9.9955E-05 9.9955E-05 0.0130951 0.132028 9.9955E-05 0.854377 9.9955E-05 9.9955E-05
0.496789 0.030345 0.0929064 0.0589782 0.0288052 0.208434 0.0233974 0.0603451
0.377335 9.9982E-05 0.0132368 0.0975125 0.0207756 0.484708 0.00623158 9.9982E-05
0.527615 0.00712489 0.0610469 0.0420034 0.0156299 0.334176 0.0123039 9.9991E-05
0.567854 9.9973E-05 0.0422674 0.0859288 9.9973E-05 0.255934 9.9973E-05 0.047716
0.427304 0.0394733 0.0317011 9.9973E-05 0.0243818 0.47684 9.9973E-05 9.9973E-05
9.9973E-05 0.122278 0.018222 0.15605 9.9973E-05 0.653743 9.9973E-05 0.0494061
0.421274 0.0432511 0.0989804 0.084269 9.9991E-05 0.26092 0.0240429 0.0671631
0.670667 0.00582338 0.0508862 0.0257367 0.0193455 0.224696 0.00274561 9.9991E-05
0.550678 0.118216 0.0575266 9.9991E-05 0.0427544 0.155957 0.0194029 0.0553652
0.21651 9.9973E-05 0.050338 9.9973E-05 9.9973E-05 0.595965 0.018978 0.11791
0.480828 0.0531802 9.9973E-05 9.9973E-05 9.9973E-05 0.385 0.028129 0.052562
0.393165 0.0232561 9.9982E-05 0.111545 0.0477117 0.390776 0.0333469 9.9982E-05
0.226557 9.9955E-05 9.9955E-05 9.9955E-05 0.0898502 0.683093 9.9955E-05 9.9955E-05
0.333725 9.9964E-05 0.083181 0.131222 9.9964E-05 0.451472 9.9964E-05 9.9964E-05
0.508006 0.0408149 0.107106 0.0793865 0.000866347 0.226821 0.0368986 9.9991E-05
0.18755 9.9982E-05 0.0433013 0.532554 9.9982E-05 0.0178829 0.0106964 0.207815
0.379748 0.0874617 0.0507687 0.338456 0.0536891 9.9982E-05 0.0896764 9.9982E-05
0.527672 0.0103164 0.0775569 0.174105 0.0393966 0.0580586 0.0351566 0.0777384
0.402355 0.00835586 0.0538089 0.1972 0.143314 0.18259 9.9991E-05 0.0122767
0.424597 9.9973E-05 0.0226575 0.47342 9.9973E-05 9.9973E-05 0.0647321 0.0142931
0.547775 9.9964E-05 0.0145171 0.398323 0.0389854 9.9964E-05 9.9964E-05 9.9964E-05
0.472403 0.102025 9.9973E-05 0.403096 9.9973E-05 9.9973E-05 0.00883234 0.0133442
0.624239 0.00934721 0.0266839 0.204106 9.9991E-05 0.0677447 0.0219772 0.0458027
0.602864 0.0554297 0.123308 0.115344 0.019863 0.0829912 9.9982E-05 9.9982E-05
0.537519 9.9973E-05 9.9973E-05 0.317081 9.9973E-05 0.0850662 0.053558 0.00647569
0.503536 0.117444 0.0601068 0.281662 9.9982E-05 0.0180422 0.01901 9.9982E-05
0.668635 0.119269 9.9991E-05 0.0831965 0.0146244 0.040476 0.019687 0.0540117
0.502263 0.0963493 0.102758 0.0856433 0.0555238 0.0834948 0.0251444 0.0488235
0.539331 0.0314711 9.9973E-05 0.325223 0.0360472 0.067627 9.9973E-05 9.9973E-05
0.584416 0.0856264 0.00867016 0.122768 0.0494248 9.9991E-05 0.0419866 0.107008
0.478326 0.080766 9.9982E-05 0.264899 0.10483 9.9982E-05 0.0381504 0.0328285
0.37314 9.9982E-05 0.0386144 0.328641 0.0418012 9.9982E-05 0.037761 0.179843
0.655173 9.9982E-05 0.0620396 0.147294 9.9982E-05 0.0697056 0.0408853 0.0247021
0.646021 0.0612992 0.000868307 0.229502 0.0314404 9.9982E-05 9.9982E-05 0.030669
0.165873 0.119426 9.9982E-05 0.399352 0.1157 0.173362 9.9982E-05 0.0260864
0.162063 9.9982E-05 0.0235675 0.359418 0.0578455 0.0741223 9.9982E-05 0.322784
0.412746 0.151365 0.0203852 0.280901 0.0858826 0.0284774 0.0039077 0.0163357
0.0295576 0.085058 9.9982E-05 0.321553 0.0618713 0.15431 9.9982E-05 0.347451
0.197305 9.9973E-05 0.0430455 0.599529 9.9973E-05 0.0977714 9.9973E-05 0.0620499
0.360976 0.0278203 9.9973E-05 0.397835 0.0154449 0.197624 9.9973E-05 9.9973E-05
0.249251 0.0425251 0.00216647 0.431372 9.9991E-05 0.151317 0.0556057 0.067663
0.20008 0.0154876 0.0317854 0.607417 9.9982E-05 0.0665316 9.9982E-05 0.0784984
0.526299 9.9982E-05 0.0760678 0.191353 0.00650268 0.123693 0.0758847 9.9982E-05
0.511693 0.0241748 0.0658868 0.124626 0.0961811 0.143492 9.9991E-05 0.033846
0.471717 0.00172192 0.0891005 0.260155 0.00291423 0.141364 9.9991E-05 0.0329276
0.130455 0.00658402 9.9991E-05 0.402707 0.086195 0.0682463 0.0126908 0.293022
0.474637 0.10119 0.103348 0.126144 0.0940761 0.0723021 0.0282045 9.9991E-05
0.480639 0.024177 0.0702413 0.0392914 0.0337427 0.140336 9.9991E-05 0.211472
0.0272527 0.0718644 0.133901 0.0547145 9.9991E-05 0.121673 0.00710933 0.583385
0.606299 9.9982E-05 0.121182 0.0648787 9.9982E-05 0.0992465 0.0369569 0.0712372
0.368682 0.0786193 0.110385 9.9973E-05 9.9973E-05 0.211872 9.9973E-05 0.230142
0.482753 9.9991E-05 0.146356 0.0256383 0.00589755 0.1494 0.014212 0.175643
0.276625 0.122532 0.0617116 0.0261985 0.0197146 0.0682065 0.00736538 0.417646
0.192769 0.123588 0.0601487 0.0520049 9.9991E-05 0.0872785 0.0198608 0.464249
0.433931 0.103074 0.0472672 0.0686778 9.9982E-05 0.0560342 9.9982E-05 0.290816
0.462165 0.081837 0.0614677 0.0763292 0.113353 0.0540058 0.0284463 0.122395
0.424213 0.0365359 0.2112 0.136326 0.00267051 0.0586144 9.9991E-05 0.13034
9.9982E-05 9.9982E-05 0.0184835 0.116815 0.183821 0.285038 0.0378308 0.357812
0.475973 9.9982E-05 0.165954 0.137826 0.0875492 9.9982E-05 0.00848027 0.124018
0.36592 0.107279 9.9973E-05 0.0831211 9.9973E-05 0.165669 9.9973E-05 0.277711
0.506171 0.0132013 9.9973E-05 0.117726 9.9973E-05 0.12078 9.9973E-05 0.241821
0.47004 0.082323 0.0610475 0.140663 0.0659724 0.155939 0.00929415 0.0147215
0.104498 9.9991E-05 0.252403 0.00131186 0.2868 0.0196696 0.0763933 0.258825
9.9955E-05 9.9955E-05 0.555569 9.9955E-05 0.122408 9.9955E-05 9.9955E-05 0.321523
9.9964E-05 9.9964E-05 0.405995 9.9964E-05 0.122097 9.9964E-05 0.0438853 0.427622
0.0469328 9.9973E-05 0.400345 0.0169337 0.309987 9.9973E-05 9.9973E-05 0.225502
0.704427 0.00843283 9.9973E-05 0.0397078 9.9973E-05 0.0199869 9.9973E-05 0.227145
0.626926 0.00852278 0.136888 0.0524296 0.0315895 0.0971968 9.99912E-05 0.0463468
0.284163 9.9955E-05 9.9955E-05 0.0496916 0.665646 9.9955E-05 9.9955E-05 9.9955E-05
0.367803 0.0604941 9.9982E-05 0.107632 0.387286 0.0605933 0.0159917 9.9982E-05
0.324855 0.0543748 0.0292751 0.0329956 0.345417 0.163013 0.0446521 0.00541793
0.387958 0.00623418 9.9982E-05 0.0449091 9.9982E-05 0.0883021 0.0268946 0.445502
0.481426 0.126475 9.9982E-05 0.0103077 0.131403 0.0430068 9.9982E-05 0.207182
0.282225 9.9955E-05 9.9955E-05 0.0859931 9.9955E-05 9.9955E-05 9.9955E-05 0.631283
0.589739 0.010085 0.0357388 0.0533926 9.9982E-05 0.0990954 9.9982E-05 0.211749
0.435934 0.00917568 0.0309928 0.139442 9.9991E-05 0.0388421 0.022456 0.323057
0.554143 0.0729759 9.9973E-05 9.9973E-05 0.0679178 0.0364815 9.9973E-05 0.268182
0.292367 0.0325204 9.9973E-05 0.129409 9.9973E-05 0.0215536 9.9973E-05 0.52385
0.638978 0.0583437 0.0595363 0.075845 0.0299184 0.0497933 9.9991E-05 0.0874854
0.631957 0.00305233 0.0922176 0.104017 9.9982E-05 0.00156689 9.9982E-05 0.166989
9.9955E-05 9.9955E-05 9.9955E-05 0.0152344 0.96432 9.9955E-05 9.9955E-05 0.0199455
0.0667854 0.00162061 9.9973E-05 0.0314927 0.886666 9.9973E-05 9.9973E-05 0.0131355
0.253281 0.00455942 9.9982E-05 9.9982E-05 0.604516 0.0878954 0.0465286 0.00301921
0.27326 0.0252588 9.9955E-05 9.9955E-05 0.700981 9.9955E-05 9.9955E-05 9.9955E-05
0.0965294 0.0349873 0.0157211 9.9973E-05 0.846046 0.00641597 9.9973E-05 9.9973E-05
9.994E-05 9.994E-05 9.994E-05 9.994E-05 0.9993 9.994E-05 9.994E-05 9.994E-05
0.0103122 0.0455985 9.9973E-05 9.9973E-05 0.926783 9.9973E-05 0.00906689 0.0079395
0.180287 9.9955E-05 9.9955E-05 9.9955E-05 0.815643 0.00356966 9.9955E-05 9.9955E-05
9.9964E-05 0.0139044 9.9964E-05 0.0182852 0.952651 0.0147597 9.9964E-05 9.9964E-05
9.9955E-05 9.9955E-05 0.000420942 9.9955E-05 0.998076 9.9955E-05 0.0010029 9.9955E-05
9.9946E-05 9.9946E-05 9.9946E-05 9.9946E-05 0.966181 9.9946E-05 0.0332192 9.9946E-05
0.168012 9.9964E-05 9.9964E-05 0.0234584 0.727349 9.9964E-05 0.0807803 9.9964E-05
0.0296251 0.0316324 0.0117393 0.00963171 0.860121 0.0459294 0.0112209 9.9991E-05
9.9946E-05 9.9946E-05 9.9946E-05 9.9946E-05 0.960938 0.0384621 9.9946E-05 9.9946E-05
0.367454 0.0831662 0.0702988 0.0239019 0.409825 0.0451546 9.9982E-05 9.9982E-05
0.10791 0.0292588 0.00162997 9.9991E-05 0.688276 0.0935983 0.0583539 0.0208721
0.199002 0.0382901 9.9964E-05 9.9964E-05 0.708254 9.9964E-05 0.0540542 9.9964E-05
0.0844051 0.0692654 9.9955E-05 9.9955E-05 0.84583 9.9955E-05 9.9955E-05 9.9955E-05
9.9955E-05 9.9955E-05 0.00090206 9.9955E-05 0.995849 0.00274903 9.9955E-05 9.9955E-05
0.0702156 9.9964E-05 0.0211154 9.9964E-05 0.893447 9.9964E-05 9.9964E-05 0.0148219
9.9955E-05 9.9955E-05 0.01705 9.9955E-05 0.95905 9.9955E-05 0.0233998 9.9955E-05
0.186267 0.0596712 0.0450734 0.0306812 0.625052 0.0506966 0.00245895 9.9991E-05
9.9964E-05 0.0552346 9.9964E-05 0.00434938 0.926721 0.0132947 9.9964E-05 9.9964E-05
9.9964E-05 9.9964E-05 0.371453 0.0145458 0.0453366 9.9964E-05 9.9964E-05 0.568264
0.41698 0.0796955 0.130051 0.0828566 0.0562365 0.0555252 0.0272628 0.151392
0.50683 0.0670025 0.23814 0.00614032 0.0134616 0.0624682 9.9991E-05 0.105858
0.184576 0.0666524 0.208775 9.9982E-05 0.0783487 9.9982E-05 0.0247527 0.436695
0.396414 0.0427407 0.200178 0.0954356 0.0959506 0.0203683 0.0548614 0.094051
0.207247 9.9982E-05 0.267302 9.9982E-05 0.08554 0.035078 0.0282619 0.376371
0.507392 0.0236966 0.227455 0.0383853 0.0118256 0.095651 0.00949718 0.0860979
0.396284 0.0157416 0.143394 9.9982E-05 0.134034 9.9982E-05 0.0129976 0.297349
0.389746 0.0253919 0.0608113 0.0165327 0.136215 0.104253 0.124253 0.142797
0.444229 0.000472333 0.161965 9.9982E-05 0.146804 9.9982E-05 0.0145651 0.231765
0.439077 9.9991E-05 0.131234 0.05817 0.0951287 0.077868 0.0474066 0.151015
0.0708862 0.10099 0.811404 9.9964E-05 9.9964E-05 9.9964E-05 9.9964E-05 0.0163197
0.00856786 0.00397471 0.841103 9.9982E-05 0.0555706 0.01334 0.0772434 9.9982E-05
0.00536484 0.017802 0.911177 9.9964E-05 9.9964E-05 9.9964E-05 0.0652567 9.9964E-05
0.00170944 0.0557818 0.893236 9.9973E-05 9.9973E-05 9.9973E-05 0.0393616 0.00961128
0.0295228 9.9964E-05 0.775666 0.0427093 9.9964E-05 9.9964E-05 0.151702 9.9964E-05
9.9964E-05 9.9964E-05 0.826925 9.9964E-05 0.0683767 9.9964E-05 0.0710529 0.0332455
0.0284578 0.0358091 0.834268 9.9973E-05 0.0448021 9.9973E-05 0.0563628 9.9973E-05
9.9973E-05 9.9973E-05 0.845778 0.011684 0.00753264 9.9973E-05 0.0526222 0.0820829
0.0419763 9.9973E-05 0.894865 9.9973E-05 0.0246494 0.0243172 0.013892 9.9973E-05
0.0331101 9.9982E-05 0.841461 0.00514124 0.0763786 9.9982E-05 0.0207016 0.0230074
9.9982E-05 0.041603 0.605287 0.240847 9.9982E-05 0.0629046 0.0267763 0.0223821
9.9964E-05 0.218292 0.570041 0.176679 9.9964E-05 9.9964E-05 0.0345883 9.9964E-05
9.9982E-05 0.0599457 0.520245 0.204065 9.9982E-05 0.0655732 0.0400112 0.109959
9.9973E-05 0.094385 0.487951 0.299293 9.9973E-05 0.0543807 9.9973E-05 0.06369
0.3711 0.0112259 9.9982E-05 0.312619 0.0120294 0.239779 0.0530464 9.9982E-05
0.440906 0.0810574 0.0376942 0.0283168 9.9982E-05 0.37507 9.9982E-05 0.0367551
0.507628 0.0520509 0.00957406 0.14898 0.0393666 0.20926 9.9991E-05 0.0330408
0.360177 0.0359745 0.0163602 0.402356 9.9973E-05 0.184833 9.9973E-05 9.9973E-05
0.0456658 0.180033 9.9982E-05 0.628574 0.0563245 0.0787538 0.0104488 9.9982E-05
0.523831 0.0439019 0.0336007 0.0509025 0.0739973 0.266391 0.00727611 9.9991E-05
0.564589 0.0114657 0.0149536 0.00224269 0.0287048 0.334053 0.0151736 0.0288178
0.462737 0.0599473 0.0480673 0.122706 0.00735013 0.242092 0.00199199 0.0551078
0.258092 0.0286092 9.9964E-05 9.9964E-05 0.121032 0.591867 9.9964E-05 9.9964E-05
0.666026 0.0558747 0.0678648 0.0365008 9.9982E-05 0.143239 9.9982E-05 0.0302948
0.371811 0.103729 9.9964E-05 0.126387 9.9964E-05 0.397673 9.9964E-05 9.9964E-05
9.9955E-05 9.9955E-05 9.9955E-05 0.035393 9.9955E-05 0.723857 9.9955E-05 0.24025
0.456488 0.0823605 9.9991E-05 0.177395 0.0313582 0.178317 0.0226526 0.0513282
0.219805 0.0379338 0.00257157 9.9982E-05 0.0593738 0.438987 9.9982E-05 0.241129
0.488529 0.0306938 9.9991E-05 0.0185274 0.00635946 0.412879 0.00248966 0.0404212
0.0388391 0.0357453 0.0261689 0.204378 9.9973E-05 0.694568 9.9973E-05 9.9973E-05
9.9964E-05 0.898615 0.0477816 9.9964E-05 9.9964E-05 9.9964E-05 0.00770982 0.0454939
9.9946E-05 0.985011 0.0143891 9.9946E-05 9.9946E-05 9.9946E-05 9.9946E-05 9.9946E-05
9.9946E-05 0.984048 9.9946E-05 9.9946E-05 9.9946E-05 9.9946E-05 9.9946E-05 0.0153522
9.9955E-05 0.955637 0.010764 9.9955E-05 9.9955E-05 0.033099 9.9955E-05 9.9955E-05
0.0563321 0.87832 9.9973E-05 0.0193387 0.00480057 9.9973E-05 9.9973E-05 0.0409088
0.0647091 0.926593 9.9955E-05 9.9955E-05 0.00819813 9.9955E-05 9.9955E-05 9.9955E-05
0.129766 9.9955E-05 0.794299 9.9955E-05 9.9955E-05 9.9955E-05 0.0754355 9.9955E-05
0.0975826 0.01943 0.823002 0.0398671 0.0198181 9.9973E-05 9.9973E-05 9.9973E-05
0.12189 9.9964E-05 0.715476 9.9964E-05 0.0959013 9.9964E-05 0.0663321 9.9964E-05
0.0947659 0.0141332 0.716852 0.0664858 0.0726351 9.9982E-05 0.0349283 9.9982E-05
0.132099 9.9973E-05 0.792053 9.9973E-05 0.042856 9.9973E-05 0.0299473 0.00274434
9.9973E-05 0.305932 0.323065 0.280802 9.9973E-05 9.9973E-05 0.0120673 0.0778341
9.9982E-05 0.311065 0.422432 0.140357 9.9982E-05 0.0624738 0.023528 0.0399445
9.9973E-05 0.268375 0.446409 0.200663 9.9973E-05 0.083998 9.9973E-05 0.000255999
9.994E-05 9.994E-05 9.994E-05 9.994E-05 9.994E-05 9.994E-05 0.9993 9.994E-05
9.9982E-05 0.426272 0.354134 0.109939 9.9982E-05 0.0699532 0.024384 0.0151174
0.270651 0.012826 0.14673 9.9982E-05 0.356173 9.9982E-05 0.0290681 0.184352
0.499841 9.9982E-05 0.125451 0.0757166 0.196524 0.0743033 0.0279646 9.9982E-05
0.569681 9.9964E-05 0.103541 9.9964E-05 0.266157 9.9964E-05 0.0602217 9.9964E-05
0.409887 0.0410012 0.241752 0.0125321 0.164734 0.0204153 0.0314347 0.0782446
0.498606 9.9982E-05 0.0667399 0.0602882 0.16573 0.148396 0.0600399 9.9982E-05
9.9955E-05 9.9955E-05 0.460931 9.9955E-05 0.29851 9.9955E-05 9.9955E-05 0.240059
0.341681 0.0202877 9.9982E-05 0.538257 9.9982E-05 0.0528549 0.00958294 0.037137
0.32596 0.00556714 0.0177697 0.273253 9.9991E-05 0.111641 0.0515995 0.21411
0.247714 0.0223735 0.11446 0.564007 9.9982E-05 0.0112247 0.0400213 9.9982E-05
0.502802 0.0774308 9.9982E-05 0.143968 9.9982E-05 0.0876025 0.00613974 0.181857
9.9964E-05 0.00430685 9.9964E-05 0.232873 9.9964E-05 0.154378 9.9964E-05 0.608043
0.593382 9.9973E-05 0.0974702 0.19365 9.9973E-05 0.0306945 9.9973E-05 0.0845036
0.446232 9.9982E-05 0.0148207 0.234867 9.9982E-05 0.0861193 0.0137834 0.203978
0.322345 9.9982E-05 0.0401554 0.524841 9.9982E-05 0.00671854 0.0433 0.0624398
0.517736 9.9982E-05 0.0950035 0.234845 0.0394867 0.0204438 9.9982E-05 0.0922852
0.0863933 9.9964E-05 9.9964E-05 0.414503 9.9964E-05 0.113232 9.9964E-05 0.385472
0.464076 0.031475 9.9982E-05 0.140497 0.0110728 0.119057 9.9982E-05 0.233622
0.477424 0.0408903 9.9991E-05 0.300636 0.0283106 0.0273287 0.0138163 0.111494
0.257252 0.0133268 0.0919427 0.117842 0.221092 0.187264 9.9991E-05 0.111181
0.378489 9.9964E-05 9.9964E-05 0.376677 9.9964E-05 0.0297539 9.9964E-05 0.21468
0.466597 0.0285671 0.0344275 0.255693 9.9991E-05 0.117634 0.00591814 0.091064
0.450964 9.9973E-05 9.9973E-05 0.232811 0.101652 0.00252923 9.9973E-05 0.211744
0.529419 0.059132 0.0418771 0.13722 9.9982E-05 0.128931 9.9982E-05 0.103221
0.562452 0.021934 0.00451615 0.217109 0.0700531 0.109169 0.0146665 9.9991E-05
0.498392 0.0697264 0.0861285 0.105976 0.0314586 0.1078 0.0727784 0.0277399
0.467501 0.0210622 0.0581951 0.145393 0.0649531 0.121825 0.0457801 0.0752897
0.110215 9.9955E-05 0.761733 9.9955E-05 0.127552 9.9955E-05 9.9955E-05 9.9955E-05
0.0931445 0.0101387 0.827627 9.9982E-05 0.0398245 0.0242108 0.00485438 9.9982E-05
0.0667361 0.0485941 0.79978 0.0124029 9.9982E-05 0.0172281 9.9982E-05 0.0550592
9.9973E-05 0.0678809 0.789189 9.9973E-05 0.0261659 0.0794885 0.0369761 9.9973E-05
0.143657 9.9955E-05 0.787642 9.9955E-05 9.9955E-05 9.9955E-05 0.0682016 9.9955E-05
0.090369 0.0684696 0.0438222 0.699529 0.0541727 0.0342708 9.9991E-05 0.00926653
0.454974 0.0241834 0.0457613 0.181666 0.00767534 0.155454 0.0882276 0.0420588
0.371781 9.9991E-05 0.224667 0.0530137 0.0885777 0.0992512 0.029479 0.13313
0.613972 0.0335849 0.00655688 0.181832 0.048605 0.0786402 0.0194853 0.0173242
0.468759 0.05377 0.045581 0.242981 9.9973E-05 0.188609 9.9973E-05 9.9973E-05
0.243899 0.053556 9.9982E-05 0.41726 0.0554714 9.9982E-05 0.0527883 0.176825
9.9964E-05 9.9964E-05 0.0902434 0.728684 9.9964E-05 9.9964E-05 0.0313963 0.149276
0.486158 0.151944 0.0292481 0.21902 9.9991E-05 0.0625294 0.0111649 0.0398351
0.137429 0.156485 0.0490202 0.527797 0.0150207 0.0328409 0.0588797 0.0225281
0.399313 0.0885226 0.0673276 0.0435466 0.0764843 0.202672 0.00270027 0.119433
0.0465178 0.0190418 0.16773 0.635185 9.9982E-05 0.0849257 9.9982E-05 0.0463995
0.589066 0.110782 0.0826842 0.165794 0.0168242 9.9982E-05 0.03465 9.9982E-05
0.119178 0.0189332 0.0993828 0.692644 9.9982E-05 0.0288293 9.9982E-05 0.0408328
0.304862 0.0581233 9.9982E-05 0.335646 0.0818137 9.9982E-05 0.00736368 0.211992
0.512381 0.0181507 9.9991E-05 0.113212 0.0263589 0.00591221 0.0376484 0.286237
0.309592 0.086091 0.0423827 0.0312537 9.9973E-05 9.9973E-05 9.9973E-05 0.530381
0.558432 0.0695828 0.0502608 9.9982E-05 9.9982E-05 0.123315 0.0226418 0.175567
0.563275 0.0586755 0.107763 9.9991E-05 0.0026367 0.071173 0.0620684 0.134308
0.377865 0.111967 9.9955E-05 9.9955E-05 9.9955E-05 9.9955E-05 9.9955E-05 0.509668
0.532432 9.9991E-05 0.0533505 0.101742 0.0292082 0.0180288 0.0486142 0.216524
0.571272 0.181954 9.9973E-05 9.9973E-05 9.9973E-05 0.0507777 0.0573761 0.138321
0.125727 0.160645 9.9964E-05 9.9964E-05 9.9964E-05 0.0700783 9.9964E-05 0.643149
0.276923 0.114762 9.9964E-05 9.9964E-05 9.9964E-05 0.0313686 9.9964E-05 0.576546
0.527657 0.132033 9.9964E-05 9.9964E-05 9.9964E-05 0.040242 9.9964E-05 0.299668
0.188647 0.104816 9.9973E-05 0.0647127 9.9973E-05 0.149068 9.9973E-05 0.492456
0.515856 0.115745 9.9973E-05 0.0860817 9.9973E-05 0.0261117 9.9973E-05 0.255905
9.9982E-05 0.0546985 9.9982E-05 0.704511 0.0616304 0.114628 0.0232725 0.0410587
0.232223 0.0400534 9.9982E-05 0.38507 0.00127475 0.0827466 9.9982E-05 0.258432
0.245315 0.0434399 0.0475411 0.490332 0.0753217 0.0419923 0.0559582 9.9991E-05
0.56894 0.0670419 9.9991E-05 0.224451 0.0390565 0.00988179 0.0363681 0.0541614
0.119906 0.0201385 9.9973E-05 0.654634 9.9973E-05 0.181451 9.9973E-05 0.0235705
0.466235 0.0122259 0.0847115 0.143608 0.0498245 0.043143 0.0252976 0.174954
0.586104 0.0017209 0.0412151 0.273528 0.0526248 0.0149754 0.00933421 0.020498
0.447418 9.9973E-05 0.0799808 0.349818 0.0496517 0.0728315 9.9973E-05 9.9973E-05
0.465363 0.117512 9.9982E-05 0.304959 0.0294924 0.0753879 0.00708454 9.9982E-05
0.413787 0.0338095 0.0565377 0.306891 0.0116439 0.177131 9.9982E-05 9.9982E-05
0.15641 0.010699 9.9973E-05 0.649724 0.0562053 0.126661 9.9973E-05 9.9973E-05
0.250234 0.151991 9.9973E-05 0.354516 0.130863 0.112097 9.9973E-05 9.9973E-05
0.532099 0.00864511 9.9991E-05 0.262732 0.01807 0.0913469 0.00955823 0.0774494
0.642745 0.0343233 0.0173641 0.170918 0.0520561 9.9991E-05 0.0326707 0.0498236
0.397812 0.0972368 0.0395864 0.320498 9.9982E-05 9.9982E-05 0.0570003 0.0876666
0.466705 0.0659059 9.9973E-05 0.341459 0.0945281 9.9973E-05 9.9973E-05 0.0311022
0.333696 0.0569511 0.110783 0.380776 0.00856474 9.9991E-05 0.0173087 0.0918202
0.580804 0.00625613 0.0589741 0.243298 0.0200444 0.0904235 9.9982E-05 9.9982E-05
0.509346 9.9982E-05 0.0390075 0.291328 0.0651267 0.0505845 9.9982E-05 0.0444067
0.343251 0.0314398 0.076699 0.242727 0.136987 0.0742406 0.0404518 0.0542037
0.399237 9.9991E-05 0.35557 0.0273482 0.109809 0.0642512 0.0371993 0.00648544
0.388302 9.9991E-05 0.0638823 0.0346143 0.301705 0.0385827 0.022098 0.150715
0.375609 0.0345784 0.125042 0.0866387 0.164094 0.129648 0.0595177 0.024872
0.53221 0.0695113 0.0863774 0.0930371 0.13063 0.0627723 0.0111105 0.0143508
0.436636 9.9982E-05 0.193197 0.038418 0.19341 0.127258 0.010881 9.9982E-05
0.451254 0.027753 9.9973E-05 0.25794 9.9973E-05 9.9973E-05 0.00195009 0.260802
0.401875 0.0217106 0.156458 0.0808513 0.11258 0.18614 0.0402843 9.9991E-05
0.029114 9.9991E-05 0.240049 0.134152 0.0929401 0.107708 0.00276779 0.393169
0.485932 0.0160231 0.120094 0.151412 0.148846 0.0569825 0.0109416 0.00976905
0.409584 9.9991E-05 0.0800746 0.170771 0.219577 0.0598857 0.0369025 0.0231064
0.502936 0.00322523 0.045496 0.155454 0.211706 9.9991E-05 0.008049 0.0730339
0.18737 9.9991E-05 0.129681 0.236955 0.168699 0.1015 0.0205334 0.155162
0.529619 9.9973E-05 0.194321 9.9973E-05 0.0820629 0.102197 9.9973E-05 0.0915008
0.563363 9.9973E-05 0.105565 9.9973E-05 0.139782 9.9973E-05 0.0617882 0.129201
9.9964E-05 9.9964E-05 0.431169 9.9964E-05 0.203224 9.9964E-05 0.0341573 0.33105
0.517997 0.0275375 0.137001 0.00471833 0.158944 9.9991E-05 0.0744392 0.0792629
0.52325 9.9991E-05 0.0829967 0.060544 0.186295 0.0629343 0.0772285 0.00665086
0.600676 9.9991E-05 0.0460669 0.0522173 0.0949006 0.0910187 0.0324227 0.082598
0.662674 9.9955E-05 0.266977 9.9955E-05 0.0698491 9.9955E-05 9.9955E-05 9.9955E-05
0.453229 0.0861408 0.116418 0.0767457 0.21196 9.9991E-05 0.00161414 0.053793
0.483365 0.0377719 9.9982E-05 0.148425 9.9982E-05 0.0443689 0.0298356 0.256034
0.480666 9.9991E-05 0.0738318 0.122715 0.0865905 0.113283 0.0409143 0.0819001
0.00576335 9.9964E-05 9.9964E-05 0.153026 9.9964E-05 0.277983 9.9964E-05 0.562828
0.0301008 9.9964E-05 9.9964E-05 0.160737 9.9964E-05 0.13331 9.9964E-05 0.675452
0.462311 9.9982E-05 0.0166563 0.189788 0.0487605 9.9982E-05 0.0480149 0.234269
0.457051 9.9973E-05 0.175933 0.0110561 0.200098 9.9973E-05 9.9973E-05 0.155562
0.369144 9.9964E-05 0.101685 9.9964E-05 0.30192 9.9964E-05 9.9964E-05 0.226852
0.145872 9.9982E-05 0.18215 9.9982E-05 0.306577 0.0546183 0.0149333 0.295649
0.390937 9.9991E-05 0.145543 0.016522 0.238587 0.0260884 0.0321722 0.15005
0.170059 9.9973E-05 0.0257019 9.9973E-05 0.0877198 9.9973E-05 0.00972615 0.706493
0.233918 9.9973E-05 0.0284895 9.9973E-05 0.0830286 9.9973E-05 0.0545114 0.599753
0.590231 0.00429019 9.9991E-05 0.0450891 0.05965 0.0647249 0.040723 0.195192
0.549171 9.9973E-05 0.0670817 0.0233529 0.027957 9.9973E-05 9.9973E-05 0.332138
0.230505 0.0150089 9.9982E-05 0.0451181 0.153914 9.9982E-05 0.0431466 0.512107
0.506626 9.9982E-05 9.9982E-05 0.17419 0.0513751 0.0528886 0.0378049 0.176916
0.590177 9.9982E-05 0.0327575 0.029231 0.0631901 0.0694763 9.9982E-05 0.214968
0.409159 0.0936617 0.00823894 0.0517666 0.123544 0.0914998 0.0396327 0.182498
0.327796 0.110283 9.9973E-05 0.119981 9.9973E-05 0.11795 9.9973E-05 0.323689
0.325975 9.9982E-05 9.9982E-05 0.225564 0.0211906 0.12747 0.0391822 0.260418
0.475706 9.9982E-05 0.0476443 9.9982E-05 0.0390571 0.162029 0.0281358 0.247228
0.437388 0.0930054 9.9982E-05 0.0237485 9.9982E-05 0.0980657 0.0760744 0.271518
0.497099 0.0904398 0.0373193 9.9982E-05 0.0586055 0.136885 9.9982E-05 0.179451
0.519682 0.00515496 9.9982E-05 0.138737 9.9982E-05 0.0146459 0.022383 0.299197
0.256066 0.0708877 9.9973E-05 0.106357 9.9973E-05 0.0405014 9.9973E-05 0.525888
0.541915 0.00406513 9.9982E-05 9.9982E-05 0.0382665 0.168335 0.0315539 0.215664
0.299613 9.9964E-05 9.9964E-05 0.0994257 9.9964E-05 0.129346 9.9964E-05 0.471216
0.432175 0.05583 9.9973E-05 9.9973E-05 9.9973E-05 0.0887999 0.0384519 0.384443
0.584055 0.0219342 9.9982E-05 9.9982E-05 0.0226532 0.143395 0.0976391 0.130124
0.52858 9.9973E-05 9.9973E-05 0.0751403 9.9973E-05 0.127303 0.0223741 0.246303
0.430477 0.015959 0.15047 0.00567844 0.201132 0.0779553 0.0436399 0.0746894
0.298902 9.9991E-05 0.12245 0.188001 0.155094 0.0538173 0.0332987 0.148337
0.346242 0.117992 0.132332 9.9982E-05 0.223881 9.9982E-05 0.0533971 0.125956
0.258887 0.0883836 0.175961 0.0843423 0.233329 0.0796341 0.0106082 0.068854
0.328438 0.0535111 0.167184 0.13301 0.18229 0.127698 0.00218011 0.0056891
0.42464 0.0844575 0.131586 9.9991E-05 0.179581 0.078729 0.0267029 0.0742033
9.9973E-05 0.0894073 0.139262 9.9973E-05 0.144957 9.9973E-05 0.0141038 0.61197
0.542109 0.10132 0.0415345 9.9991E-05 0.160627 0.0147292 0.0293999 0.110179
9.9964E-05 9.9964E-05 0.347328 9.9964E-05 0.152323 9.9964E-05 0.00570121 0.494248
0.542028 9.9964E-05 9.9964E-05 9.9964E-05 0.187473 0.0941732 9.9964E-05 0.175925
0.164368 9.9955E-05 9.9955E-05 9.9955E-05 9.9955E-05 0.207173 9.9955E-05 0.62796
9.9955E-05 9.9955E-05 9.9955E-05 0.131614 9.9955E-05 0.212694 9.9955E-05 0.655192
0.379513 9.9973E-05 9.9973E-05 0.17995 0.0421967 0.149006 9.9973E-05 0.249035
0.638037 9.9982E-05 9.9982E-05 0.0509106 0.0245884 0.0906485 0.0427032 0.152913
0.437288 9.9964E-05 9.9964E-05 0.040501 9.9964E-05 0.159408 9.9964E-05 0.362403
0.562233 0.0524652 0.00538175 0.0049919 9.9982E-05 0.204032 9.9982E-05 0.170696
0.496152 9.9973E-05 9.9973E-05 0.0364491 0.0440514 0.167706 9.9973E-05 0.255341
0.0827538 9.9991E-05 0.73738 0.0515785 0.0360672 0.0321775 0.0524258 0.00751682
9.9991E-05 0.105038 0.695933 0.0656957 0.0903324 0.0167361 0.018822 0.00734264
9.9964E-05 9.9964E-05 0.850827 0.0272374 0.0524732 9.9964E-05 0.069063 9.9964E-05
0.0393623 9.9964E-05 0.788646 9.9964E-05 9.9964E-05 9.9964E-05 0.165507 0.00608515
0.419197 0.0825602 0.0165156 9.9991E-05 0.00572928 0.389985 0.0848188 0.0010937
0.409156 0.0529567 0.0294443 9.9982E-05 0.0911544 0.399296 0.0177918 9.9982E-05
0.376742 9.9964E-05 9.9964E-05 0.0443988 9.9964E-05 0.525392 0.0530676 9.9964E-05
0.484015 9.9964E-05 0.0843487 9.9964E-05 9.9964E-05 0.383731 0.0475056 9.9964E-05
0.34261 0.12712 0.0352234 9.9991E-05 0.155632 0.112659 0.0320067 0.194648
0.183355 0.0586812 0.0267413 0.0557979 9.9982E-05 0.536483 9.9982E-05 0.138741
0.530797 9.9973E-05 9.9973E-05 0.0635804 0.0430293 0.338254 0.0240394 9.9973E-05
0.241732 9.9964E-05 9.9964E-05 9.9964E-05 9.9964E-05 0.606165 0.0337362 0.117966
0.453152 0.0480047 0.311471 0.0328902 0.123187 0.00412813 0.00471838 0.0224482
0.365608 0.0418845 9.9982E-05 0.0457495 0.0563503 0.473919 9.9982E-05 0.0162894
0.244461 0.0606394 9.9982E-05 0.0488989 0.00942016 0.570002 0.0663783 9.9982E-05
0.420383 9.9964E-05 0.0196097 0.164581 9.9964E-05 0.395027 9.9964E-05 9.9964E-05
0.323907 9.9982E-05 0.0109573 0.141631 0.0116419 0.505283 0.00638053 9.9982E-05
0.581239 9.9964E-05 9.9964E-05 9.9964E-05 0.00320532 0.342904 9.9964E-05 0.072252
0.502476 0.0498809 9.9973E-05 9.9973E-05 0.0197088 0.381164 0.046471 9.9973E-05
0.0297564 9.9955E-05 9.9955E-05 9.9955E-05 9.9955E-05 0.895096 9.9955E-05 0.0746478
0.199407 9.9973E-05 0.0257935 9.9973E-05 0.0231066 0.632588 9.9973E-05 0.118805
0.315802 9.9964E-05 9.9964E-05 0.137434 9.9964E-05 0.514593 9.9964E-05 0.0317715
9.9946E-05 9.9946E-05 9.9946E-05 9.9946E-05 9.9946E-05 0.781335 9.9946E-05 0.218066
0.358154 0.0338382 9.9982E-05 0.188865 0.0424846 0.374004 0.00245372 9.9982E-05
0.0678159 0.0562281 9.9982E-05 9.9982E-05 0.0229541 0.563326 0.00545375 0.284022
9.9964E-05 0.016012 0.0208824 9.9964E-05 9.9964E-05 0.71096 9.9964E-05 0.251746
0.46999 9.9982E-05 0.0537326 9.9982E-05 0.0646884 0.316037 0.0571409 0.0382109
0.167044 9.9964E-05 0.0308651 0.181234 9.9964E-05 0.620456 9.9964E-05 9.9964E-05
0.370691 0.0450955 9.9982E-05 0.135121 0.0593941 0.36704 9.9982E-05 0.0224586
0.551281 0.0194391 0.0919383 9.9991E-05 0.0429029 0.201591 0.083125 0.00962301
0.460529 9.9964E-05 0.00539614 0.191291 9.9964E-05 0.342384 9.9964E-05 9.9964E-05
0.308583 9.9973E-05 9.9973E-05 0.405597 0.0646768 9.9973E-05 0.018284 0.202559
0.560376 0.0286447 9.9964E-05 0.0583151 9.9964E-05 0.352264 9.9964E-05 9.9964E-05
0.356341 0.048204 0.00339736 0.127584 0.0467268 0.385286 0.0323621 9.9991E-05
0.238377 9.9955E-05 9.9955E-05 9.9955E-05 9.9955E-05 0.753365 9.9955E-05 0.00775842
0.437756 0.0721228 0.0162856 9.9991E-05 0.0093684 0.365652 0.0533523 0.0453627
9.9982E-05 0.134161 0.60568 0.159652 9.9982E-05 0.0320296 0.029899 0.0383785
0.0156082 0.0588676 0.729096 0.0285317 9.9991E-05 0.102367 0.0541718 0.0112578
9.9973E-05 0.0591811 0.747145 0.0630426 9.9973E-05 9.9973E-05 0.0939176 0.0364133
9.9964E-05 0.133254 0.700686 9.9964E-05 9.9964E-05 9.9964E-05 0.111997 0.0536632
0.0407818 0.230759 0.630944 0.0358159 9.9973E-05 9.9973E-05 0.0613992 9.9973E-05
0.022597 9.9973E-05 0.0331285 0.254306 0.0390785 0.65059 9.9973E-05 9.9973E-05
0.0646114 0.0259324 0.0359618 0.126527 9.9991E-05 0.619061 0.0238264 0.10398
0.107332 9.9955E-05 9.9955E-05 9.9955E-05 9.9955E-05 0.82791 9.9955E-05 0.0642588
0.522757 0.0339581 0.0527425 0.00188826 0.062676 0.293849 9.9991E-05 0.0320293
0.524106 0.00971402 0.0435116 9.9991E-05 0.0838125 0.224569 0.0529227 0.0612643
0.248406 9.9973E-05 9.9973E-05 9.9973E-05 0.050398 0.547994 0.0209009 0.132002
0.632276 9.9964E-05 9.9964E-05 9.9964E-05 0.0401399 0.312662 9.9964E-05 0.0145229
0.393516 9.9982E-05 0.0817032 9.9982E-05 0.0113667 0.47486 0.027118 0.0112362
0.493506 0.0336319 0.0278912 0.132754 0.00796866 0.271978 0.0321702 9.9991E-05
0.513311 9.9982E-05 9.9982E-05 0.0810685 0.052061 0.317964 0.0100873 0.0253078
0.15399 0.0837124 9.9973E-05 0.0837829 0.0514784 0.626737 9.9973E-05 9.9973E-05
0.262178 9.9964E-05 9.9964E-05 0.0971403 9.9964E-05 0.603361 0.0369209 9.9964E-05
0.27579 0.0152652 9.9973E-05 0.167665 9.9973E-05 0.536282 0.00469836 9.9973E-05
0.669932 0.106922 0.118585 0.0438723 9.9982E-05 0.00554285 9.9982E-05 0.0549458
0.295105 9.9964E-05 9.9964E-05 0.0200389 9.9964E-05 0.667958 0.0164989 9.9964E-05
0.388896 0.0576611 0.0212205 0.0443797 0.037265 0.443328 0.00714928 9.9991E-05
0.416815 0.0207459 0.074524 9.9982E-05 0.397806 9.9982E-05 0.00526004 0.0846491
0.231005 0.00582815 0.0755805 0.0608588 0.469512 0.0784918 0.0252061 0.0535176
0.33295 0.0293513 0.053085 9.9991E-05 0.438549 0.031562 0.0447779 0.0696245
0.29506 9.9973E-05 0.104592 9.9973E-05 0.483999 9.9973E-05 0.059517 0.0565319
0.410801 0.0808995 0.0386577 0.068485 0.304414 0.0459163 0.0183481 0.0324784
0.396521 0.000406901 0.0530509 9.9991E-05 0.00032438 0.415853 0.0261086 0.107635
9.9973E-05 9.9973E-05 0.199636 0.0152367 0.657099 9.9973E-05 0.0376183 0.0901096
0.324936 9.9973E-05 0.176823 9.9973E-05 0.454161 9.9973E-05 0.0156346 0.0281453
0.41775 0.0565956 0.107558 9.9991E-05 0.156136 0.0927368 0.0303219 0.138803
0.562941 0.0088669 0.113314 0.0409196 9.9982E-05 9.9982E-05 0.0872813 0.186477
0.428824 0.125215 0.0881259 0.0143255 0.0185804 0.0311219 0.0531559 0.240652
0.494382 0.190378 0.0841509 0.00367602 0.0898716 0.0216722 0.0231237 0.0927459
0.579744 0.071937 0.0921102 9.9973E-05 9.9973E-05 0.17132 9.9973E-05 0.0845888
0.311038 9.9973E-05 0.173763 0.0165414 0.431402 9.9973E-05 0.0669558 9.9973E-05
0.335914 0.0248348 0.108764 0.165876 0.352205 0.0048993 0.00740734 9.9991E-05
0.504933 0.00169804 0.0650811 0.0138205 0.411514 9.9982E-05 0.00275288 9.9982E-05
0.448746 0.0466475 0.205385 9.9991E-05 0.211294 0.0809808 0.00592023 0.000926078
0.291928 9.9973E-05 0.0667499 9.9973E-05 0.51602 9.9973E-05 0.0630486 0.0619536
0.288281 9.9982E-05 0.0531395 0.0465814 0.358713 0.196583 0.0565012 9.9982E-05
0.123798 0.0104804 0.0921261 0.126999 0.585299 9.9991E-05 0.0408263 0.0203704
0.327274 0.022826 0.0586413 0.048788 0.505917 9.9982E-05 9.9982E-05 0.0363538
0.544684 0.0623532 0.0118554 0.0855291 9.9991E-05 0.0613642 0.00234569 0.231769
0.417497 0.0411702 0.182338 0.0192234 0.220754 0.0716042 0.0372394 0.0101735
0.203325 9.9973E-05 0.117456 9.9973E-05 0.625237 9.9973E-05 0.0503685 0.0033131
0.285313 0.0108137 0.0921195 0.0366351 0.376258 0.106898 0.0575051 0.0344584
0.169237 0.191999 0.123862 0.16257 9.9991E-05 0.0847718 0.0534835 0.213977
0.562368 0.0253955 9.9991E-05 0.163324 0.105088 0.0188944 0.062915 0.0619151
0.31488 0.000721274 0.183042 0.0834585 0.312561 0.0476765 9.9991E-05 0.0575608
0.601346 0.0484081 0.0965606 0.127696 9.9982E-05 9.9982E-05 0.0230118 0.102778
0.435883 0.0797388 0.157997 9.9982E-05 9.9982E-05 0.148813 0.030428 0.14694
0.260966 0.0279334 0.149476 9.9991E-05 0.250047 0.217213 0.0339003 0.0603641
0.363251 9.9982E-05 0.223579 0.0673496 0.250951 9.9982E-05 0.0158941 0.0787758
0.519623 0.203872 0.0567235 0.00411019 0.0514639 9.9991E-05 0.0720161 0.0920906
0.348039 9.9991E-05 0.0499629 0.0092803 0.380266 0.0528347 0.0142066 0.14531
0.274803 0.00118199 0.0477931 0.0205168 0.480168 0.161974 0.0134634 9.9991E-05
0.141338 9.9973E-05 0.157124 9.9973E-05 0.59355 9.9973E-05 0.0114115 0.0962774
0.647973 0.0258617 0.114966 9.9982E-05 0.0154791 9.9982E-05 0.032278 0.163242
0.432047 0.0583608 0.0674393 0.101989 9.9982E-05 0.109289 9.9982E-05 0.230675
0.20439 0.0709584 0.0540243 9.9982E-05 0.00437709 9.9982E-05 0.052859 0.613191
0.660859 0.0474618 0.0894317 0.0274571 0.104095 0.0182414 0.0122004 0.0402531
0.424321 0.0356301 0.118378 0.151786 0.0051493 0.0270067 9.9991E-05 0.237628
0.45053 9.9991E-05 0.0801603 0.0769045 0.155003 0.0446046 0.0679887 0.124709
0.422917 0.208868 9.9991E-05 0.0125705 0.0961091 0.0731032 0.0321462 0.154186
9.9955E-05 9.9955E-05 0.276924 9.9955E-05 0.218005 9.9955E-05 9.9955E-05 0.504571
9.9964E-05 9.9964E-05 0.192576 9.9964E-05 0.124316 9.9964E-05 0.0864279 0.59628
0.301138 0.0232458 0.181335 0.0667323 0.102652 9.9991E-05 0.0229363 0.301861
