9.9982E-05 0.045575 0.00582774 0.0250172 9.9982E-05 0.0167853 0.792602 0.0361381 0.0778547
9.9964E-05 0.0520408 9.9964E-05 0.0229875 0.0171801 9.9964E-05 0.850504 9.9964E-05 0.0568876
9.9982E-05 0.00218203 0.0737752 0.0589965 9.9982E-05 0.0501794 0.703159 0.0511236 0.0603839
9.9964E-05 9.9964E-05 9.9964E-05 0.0870982 9.9964E-05 0.0256252 0.786701 0.0329392 0.0672367
9.9973E-05 9.9973E-05 0.00673281 9.9973E-05 0.0617577 0.0299031 0.880982 0.0142137 0.00611098
0.218637 9.9955E-05 9.9955E-05 9.9955E-05 9.9955E-05 0.0613064 0.63417 0.0853869 9.9955E-05
0.160463 9.9964E-05 0.0448705 0.00573769 9.9964E-05 9.9964E-05 0.75941 9.9964E-05 0.0291192
0.202138 9.9964E-05 9.9964E-05 9.9964E-05 0.0519038 0.0331292 0.679453 9.9964E-05 0.0329769
9.99459E-05 9.99459E-05 9.99459E-05 9.99459E-05 9.99459E-05 0.164809 0.817653 9.99459E-05 0.0169382
0.219547 9.9964E-05 9.9964E-05 0.028573 9.9964E-05 9.9964E-05 0.671873 0.064614 0.0149934
0.186288 9.9955E-05 9.9955E-05 0.0372623 9.9955E-05 0.0211945 0.754756 9.9955E-05 9.9955E-05
9.9955E-05 9.9955E-05 9.9955E-05 0.989447 9.9955E-05 9.9955E-05 0.0024512 0.00662378 0.000977782
9.9955E-05 9.9955E-05 0.0925965 0.867884 9.9955E-05 9.9955E-05 9.9955E-05 0.00805156 0.0309681
0.00323316 9.9964E-05 0.0675408 0.788643 9.9964E-05 9.9964E-05 9.9964E-05 0.0942431 0.0459398
0.0132592 9.9964E-05 9.9964E-05 0.785019 9.9964E-05 0.151944 0.0133372 9.9964E-05 0.0360405
0.113946 9.9964E-05 0.019971 0.7944 9.9964E-05 9.9964E-05 9.9964E-05 0.0622076 0.00907497
9.9955E-05 9.9955E-05 9.9955E-05 0.922793 9.9955E-05 9.9955E-05 0.0398634 0.0123629 0.0244812
9.9955E-05 9.9955E-05 0.0555987 0.820883 9.9955E-05 9.9955E-05 9.9955E-05 0.103819 0.0191996
0.00721611 9.9955E-05 9.9955E-05 0.919156 0.0507197 9.9955E-05 9.9955E-05 0.0224079 9.9955E-05
9.993E-05 9.993E-05 9.993E-05 9.993E-05 9.993E-05 9.993E-05 9.993E-05 9.993E-05 0.999201
9.993E-05 9.993E-05 9.993E-05 9.993E-05 9.993E-05 9.993E-05 9.993E-05 9.993E-05 0.999201
9.9982E-05 0.0581911 9.9982E-05 0.0251487 0.0119557 0.00226868 0.450859 0.0550408 0.396336
9.9955E-05 0.135874 0.115573 9.9955E-05 9.9955E-05 9.9955E-05 0.508782 9.9955E-05 0.23927
0.0166926 9.9973E-05 0.0493171 0.727405 0.0267677 0.151238 0.02828 9.9973E-05 9.9973E-05
9.9964E-05 0.573723 0.0921635 0.312493 9.9964E-05 0.00972126 9.9964E-05 9.9964E-05 0.0114989
0.0245622 0.710778 0.0245276 0.13988 0.0386521 9.9973E-05 9.9973E-05 0.0613005 9.9973E-05
9.9955E-05 0.779088 0.146377 9.9955E-05 9.9955E-05 0.0689542 0.0050816 9.9955E-05 9.9955E-05
9.9973E-05 0.240637 0.0123285 0.466216 0.0459679 0.232817 9.9973E-05 0.00173338 9.9973E-05
0.253074 0.281595 0.166138 0.263543 0.03525 9.9964E-05 9.9964E-05 9.9964E-05 9.9964E-05
0.048426 0.207556 0.139168 0.304419 0.054239 0.165638 0.0211901 9.9991E-05 0.0592634
0.060465 0.0786801 0.095872 0.501598 0.0361002 0.0473928 0.134527 9.9991E-05 0.0452646
0.125536 0.0540622 9.9973E-05 0.613129 9.9973E-05 0.133507 0.0218906 9.9973E-05 0.0515748
9.9982E-05 0.120571 0.145543 0.488887 0.148192 0.0343332 9.9982E-05 0.0429719 0.0193012
0.0786728 0.0311831 0.0413774 0.636792 0.0535344 0.105426 9.9982E-05 9.9982E-05 0.0528147
9.9955E-05 0.520737 9.9955E-05 0.405156 9.9955E-05 9.9955E-05 9.9955E-05 0.0519547 0.0216524
9.9955E-05 0.942631 9.9955E-05 9.9955E-05 9.9955E-05 0.0147706 9.9955E-05 0.0107681 0.0313307
0.0873148 0.758416 0.00463923 0.117995 9.9973E-05 0.0155844 0.0157502 9.9973E-05 9.9973E-05
9.9955E-05 0.865691 9.9955E-05 0.0202067 9.9955E-05 0.0432917 9.9955E-05 0.0703112 9.9955E-05
9.9964E-05 0.475885 0.0228718 0.385936 9.9964E-05 0.0669141 9.9964E-05 0.0479931 9.9964E-05
9.9964E-05 0.435996 9.9964E-05 0.387643 9.9964E-05 0.0656406 0.0873551 0.022965 9.9964E-05
0.0997058 0.776883 0.0859456 9.9955E-05 0.0369663 9.9955E-05 9.9955E-05 9.9955E-05 9.9955E-05
9.9955E-05 9.9955E-05 9.9955E-05 0.190301 9.9955E-05 0.00465135 0.760969 9.9955E-05 0.0435793
9.9955E-05 9.9955E-05 9.9955E-05 0.0287217 9.9955E-05 9.9955E-05 0.855438 0.0363463 0.0789939
9.9955E-05 9.9955E-05 9.9955E-05 0.0838397 9.9955E-05 9.9955E-05 0.790361 0.0241735 0.101126
9.9964E-05 0.022719 0.0362955 9.9964E-05 9.9964E-05 9.9964E-05 0.872958 0.0087265 0.0589011
9.9973E-05 9.9973E-05 0.0170806 0.0335406 0.0406435 9.9973E-05 0.779023 0.0487856 0.0806271
9.9973E-05 0.0222054 0.00302481 9.9973E-05 9.9973E-05 0.0297253 0.829054 0.0491358 0.0665552
9.9964E-05 9.9964E-05 9.9964E-05 0.0248629 0.0354181 9.9964E-05 0.919383 0.0136283 0.00630762
9.9946E-05 0.693774 9.9946E-05 0.219882 9.9946E-05 9.9946E-05 0.0857445 9.9946E-05 9.9946E-05
9.9955E-05 0.696968 9.9955E-05 0.0990814 9.9955E-05 0.109008 0.0944434 9.9955E-05 9.9955E-05
0.0858352 0.614921 9.9964E-05 0.0045027 9.9964E-05 0.0764695 9.9964E-05 0.217872 9.9964E-05
0.126213 0.0960366 0.0642568 0.447587 0.134758 0.03962 0.0791102 0.00631085 0.00610664
9.9982E-05 0.104912 0.0878381 0.438626 0.13139 0.144116 9.9982E-05 0.0629975 0.0299215
0.110962 0.113075 0.108425 0.250185 0.13917 0.202346 9.9991E-05 0.0700177 0.00571837
0.201839 0.199338 0.0375234 0.173059 0.13886 0.166745 9.9982E-05 0.0824352 9.9982E-05
0.153143 0.150187 9.9973E-05 0.540486 0.036464 0.0588224 0.0605978 9.9973E-05 9.9973E-05
9.9964E-05 0.0881571 9.9964E-05 0.614449 0.0784735 0.143059 9.9964E-05 0.0754609 9.9964E-05
0.19037 0.0997988 0.111449 0.478278 0.00342659 0.101403 0.00979916 0.00537548 9.9991E-05
0.470244 9.9964E-05 0.0441713 9.9964E-05 0.227661 0.0900481 0.167475 9.9964E-05 9.9964E-05
0.393281 0.0942894 0.171453 0.128726 0.0869243 0.0588996 0.029343 9.9991E-05 0.0369841
0.50837 0.0303861 0.0353798 0.102441 0.167594 0.0516879 0.0842177 9.9991E-05 0.0198231
0.392887 0.124005 9.9991E-05 0.227821 0.0690666 0.0378028 0.0109676 0.114872 0.0224766
0.359068 0.236507 0.0487123 0.170122 9.9982E-05 9.9982E-05 0.0301848 0.104416 0.0507903
0.409263 0.168981 0.0246553 0.276814 0.0841026 9.9973E-05 9.9973E-05 0.0358834 9.9973E-05
0.24006 0.0609135 0.0876227 0.106115 9.9982E-05 9.9982E-05 0.221248 0.228294 0.0555467
0.104921 9.9955E-05 0.48614 9.9955E-05 9.9955E-05 9.9955E-05 0.386413 0.0220258 9.9955E-05
0.0852249 9.9973E-05 0.613504 9.9973E-05 0.0253101 9.9973E-05 0.163913 0.0744645 0.0372828
0.124277 9.9973E-05 0.252362 0.125605 9.9973E-05 9.9973E-05 0.240031 0.241657 0.0157687
0.783898 0.0249895 9.9973E-05 0.085527 0.00123522 9.9973E-05 9.9973E-05 0.0817039 0.0223461
0.651277 9.9964E-05 0.0349904 0.105461 0.149801 9.9964E-05 9.9964E-05 0.0580705 9.9964E-05
0.587579 0.131716 0.0593103 0.170354 0.0369928 9.9973E-05 9.9973E-05 9.9973E-05 0.0137481
0.0117126 0.0464055 9.9964E-05 9.9964E-05 0.000380086 9.9964E-05 0.0193439 0.921758 9.9964E-05
0.0275966 9.9964E-05 9.9964E-05 0.0517253 0.00882115 9.9964E-05 0.010931 0.900526 9.9964E-05
9.9937E-05 9.9937E-05 0.030131 9.9937E-05 9.9937E-05 9.9937E-05 9.9937E-05 0.969169 9.9937E-05
9.9964E-05 9.9964E-05 0.0139049 0.0327805 0.0293084 0.00973676 9.9964E-05 0.91387 9.9964E-05
0.0200942 9.9964E-05 9.9964E-05 0.0342869 9.9964E-05 0.00229772 9.9964E-05 0.93171 0.0112117
9.993E-05 9.993E-05 9.993E-05 9.993E-05 9.993E-05 9.993E-05 9.993E-05 0.999201 9.993E-05
9.993E-05 9.993E-05 9.993E-05 9.993E-05 9.993E-05 9.993E-05 9.993E-05 0.999201 9.993E-05
9.9946E-05 0.0140478 9.9946E-05 9.9946E-05 9.9946E-05 9.9946E-05 9.9946E-05 0.967938 0.0174147
9.9955E-05 0.028839 0.0243722 9.9955E-05 9.9955E-05 9.9955E-05 0.0183552 0.927934 9.9955E-05
9.9964E-05 9.9964E-05 0.0853361 0.00706528 0.00979993 9.9964E-05 0.0610122 0.836387 9.9964E-05
0.0197154 9.9955E-05 9.9955E-05 9.9955E-05 9.9955E-05 9.9955E-05 0.0157087 0.924125 0.0399507
9.9964E-05 0.0318949 0.00373919 0.0529349 9.9964E-05 9.9964E-05 0.0869128 0.824118 9.9964E-05
0.44076 0.0103541 0.228743 9.9964E-05 0.0741224 9.9964E-05 0.24562 9.9964E-05 9.9964E-05
0.539334 0.0393767 0.0263695 0.0151795 9.9982E-05 9.9982E-05 0.1637 0.101291 0.114549
0.346903 9.9982E-05 0.252094 0.159174 0.0534068 9.9982E-05 0.0853914 0.0809602 0.0218714
0.0867185 9.9955E-05 0.0148188 9.9955E-05 9.9955E-05 0.0586123 0.839351 9.9955E-05 9.9955E-05
9.9955E-05 9.9955E-05 9.9955E-05 9.9955E-05 0.02945 9.9955E-05 0.845618 0.0665214 0.0579107
9.9955E-05 9.9955E-05 0.0912933 9.9955E-05 9.9955E-05 0.0714029 0.797084 9.9955E-05 0.0397205
9.9955E-05 9.9955E-05 9.9955E-05 9.9955E-05 9.9955E-05 0.0604967 0.885581 0.017686 0.0357367
9.9973E-05 9.9973E-05 0.11807 0.0492196 9.9973E-05 0.0128757 0.731941 0.00212035 0.0854733
9.9964E-05 9.9964E-05 0.044955 9.9964E-05 0.0139977 9.9964E-05 0.831883 0.0697113 0.0390535
9.9973E-05 9.9973E-05 0.0346001 0.0248852 0.00614575 9.9973E-05 0.849626 0.059611 0.0248318
0.0028177 9.9973E-05 0.0905553 0.0300978 0.0549184 9.9973E-05 0.789425 9.9973E-05 0.0318862
9.9982E-05 0.00339334 0.0194517 0.00394931 0.051179 9.9982E-05 0.875954 0.0115067 0.0343658
9.9973E-05 9.9973E-05 0.143876 0.00551435 9.9973E-05 0.0350761 0.744229 0.0438354 0.02717
9.9982E-05 0.00886817 0.0115573 0.162426 0.0100816 0.21954 0.538549 9.9982E-05 0.0487778
9.9946E-05 9.9946E-05 9.9946E-05 0.205945 9.9946E-05 0.233401 0.560054 9.9946E-05 9.9946E-05
9.9973E-05 0.0509424 0.128219 0.161353 9.9973E-05 0.215203 0.425508 9.9973E-05 0.0184743
0.0938601 0.0338056 9.9964E-05 0.227739 9.9964E-05 0.182859 0.461337 9.9964E-05 9.9964E-05
0.031192 0.0681154 9.9973E-05 0.649915 0.0344332 0.201055 9.9973E-05 9.9973E-05 0.0149891
0.0985915 0.579765 9.9964E-05 0.161304 9.9964E-05 9.9964E-05 0.0180189 0.141921 9.9964E-05
0.00131204 0.783236 9.9955E-05 9.9955E-05 0.145523 0.0694289 9.9955E-05 9.9955E-05 9.9955E-05
0.0921952 0.584419 9.9982E-05 0.120264 0.0886268 9.9982E-05 0.00796681 0.0818815 0.0244467
9.9964E-05 0.544336 9.9964E-05 0.311079 9.9964E-05 0.07457 0.0581262 0.0114894 9.9964E-05
0.0984024 0.00893788 0.0130063 9.9964E-05 9.9964E-05 0.824517 0.0547366 9.9964E-05 9.9964E-05
0.113534 9.9946E-05 9.9946E-05 9.9946E-05 9.9946E-05 0.831422 9.9946E-05 0.0544444 9.9946E-05
0.0570874 9.9937E-05 9.9937E-05 9.9937E-05 9.9937E-05 0.942213 9.9937E-05 9.9937E-05 9.9937E-05
0.0546929 9.9946E-05 9.9946E-05 9.9946E-05 9.9946E-05 0.918652 0.0260557 9.9946E-05 9.9946E-05
0.0991278 9.9946E-05 9.9946E-05 9.9946E-05 9.9946E-05 0.873426 9.9946E-05 0.0268467 9.9946E-05
9.9964E-05 9.9964E-05 0.0149757 9.9964E-05 0.0121239 0.88002 0.00266492 0.0898156 9.9964E-05
9.9973E-05 0.0701677 0.0170185 9.9973E-05 0.0212561 9.9973E-05 0.776446 0.0572701 0.0575413
0.0100125 9.9973E-05 0.0189412 0.0977564 9.9973E-05 0.0145835 0.850778 0.00762851 9.9973E-05
0.100117 9.9964E-05 9.9964E-05 0.0320088 9.9964E-05 9.9964E-05 0.682701 0.115387 0.069387
9.9955E-05 9.9955E-05 9.9955E-05 0.159814 9.9955E-05 9.9955E-05 0.65905 0.095296 0.0853401
0.0775883 9.9973E-05 0.040603 0.0587858 9.9973E-05 9.9973E-05 0.713957 0.0839711 0.0247953
9.9964E-05 0.0128407 0.0797352 0.0123487 9.9964E-05 0.542889 0.351787 9.9964E-05 9.9964E-05
9.9946E-05 9.9946E-05 9.9946E-05 9.9946E-05 0.114512 0.449779 0.435109 9.9946E-05 9.9946E-05
9.9973E-05 9.9973E-05 0.0316888 9.9973E-05 0.0806566 0.506456 0.33703 0.0139432 0.0299255
9.993E-05 9.993E-05 9.993E-05 9.993E-05 9.993E-05 9.993E-05 9.993E-05 9.993E-05 0.999201
9.9973E-05 0.0428897 0.0259541 9.9973E-05 9.9973E-05 0.592003 0.286598 0.0163664 0.0358889
9.9973E-05 0.0882556 0.325101 9.9973E-05 0.110958 0.0218398 0.118521 0.335025 9.9973E-05
0.172694 9.9955E-05 0.290126 9.9955E-05 9.9955E-05 9.9955E-05 0.282377 0.254304 9.9955E-05
0.192865 0.200311 9.9982E-05 0.18964 0.22008 0.108309 9.9982E-05 0.0769677 0.011627
0.00676406 9.9982E-05 0.0031928 0.766581 0.0156559 0.0951185 0.0683946 9.9982E-05 0.0440932
0.104485 0.210025 9.9973E-05 0.331339 0.168942 0.0143088 9.9973E-05 0.1706 9.9973E-05
0.101107 0.294729 0.0690026 0.0972095 0.363533 0.0741193 9.9973E-05 9.9973E-05 9.9973E-05
0.126179 0.00424727 9.9982E-05 0.636934 0.066759 0.00972914 0.0899003 9.9982E-05 0.0660506
0.1999 0.265129 0.0675095 0.371397 0.087635 0.00812859 9.9973E-05 9.9973E-05 9.9973E-05
0.0911205 0.126825 0.0728507 0.376621 0.200374 0.0666713 9.9982E-05 0.0653372 9.9982E-05
0.0807217 0.233915 9.9991E-05 0.322305 0.140574 0.0290198 0.110644 0.0799168 0.00280311
9.9955E-05 0.0234654 9.9955E-05 9.9955E-05 0.0595749 9.9955E-05 0.790102 0.126358 9.9955E-05
9.9955E-05 0.0499919 9.9955E-05 9.9955E-05 0.0382515 9.9955E-05 0.841113 0.0701443 9.9955E-05
9.9973E-05 0.0540784 0.0520576 9.9973E-05 0.0524 0.00914043 0.804711 0.0273124 9.9973E-05
9.9973E-05 0.0772544 9.9973E-05 9.9973E-05 0.0559485 0.0383142 0.768682 0.0420241 0.0174769
0.0570837 9.9982E-05 9.9982E-05 0.0592968 0.000654623 0.0155914 0.740057 0.0671474 0.0599692
9.9955E-05 9.9955E-05 0.0689825 0.743114 0.00839892 0.179005 9.9955E-05 9.9955E-05 9.9955E-05
0.0130948 0.10539 0.0689845 0.541289 9.9982E-05 0.173235 0.0752953 9.9982E-05 0.0225108
0.0151824 9.9982E-05 9.9982E-05 0.479617 0.136622 0.307564 0.0297978 0.00920624 0.0218104
9.9973E-05 0.022938 0.0238617 0.573575 0.138894 0.131518 0.108913 9.9973E-05 9.9973E-05
0.0489622 9.9973E-05 9.9973E-05 0.750615 0.00744041 0.108796 0.0573985 0.0264872 9.9973E-05
0.291844 0.0921119 9.9991E-05 0.263334 0.0978554 0.0697691 0.045659 0.0999534 0.0393728
0.747123 0.0835225 9.9964E-05 0.0956191 0.0338696 0.0394657 9.9964E-05 9.9964E-05 9.9964E-05
0.741741 0.129831 0.0491456 9.9964E-05 0.054811 0.0240717 9.9964E-05 9.9964E-05 9.9964E-05
0.810718 0.00653861 0.0139955 0.126175 0.0380369 0.00423594 9.9973E-05 9.9973E-05 9.9973E-05
0.724299 0.0588191 9.9964E-05 0.0731164 0.141621 9.9964E-05 9.9964E-05 9.9964E-05 0.00174501
9.9982E-05 0.0963758 0.0985082 0.611075 0.0282226 0.157303 0.00773568 9.9982E-05 0.000579482
0.056068 0.201426 0.100246 0.34363 0.1915 0.0677015 9.9982E-05 0.0392287 9.9982E-05
0.123305 0.0277015 9.9982E-05 0.553837 0.0808573 0.167248 9.9982E-05 0.0458527 0.000998911
9.9955E-05 0.0911598 9.9955E-05 0.639777 9.9955E-05 0.164004 9.9955E-05 0.104559 9.9955E-05
0.295378 0.112632 0.331594 0.141995 9.9973E-05 9.9973E-05 0.0608142 0.057287 9.9973E-05
9.9973E-05 0.0853175 0.484351 9.9973E-05 0.0340578 9.9973E-05 0.240708 0.107518 0.0477481
0.0201745 0.0123856 9.9964E-05 0.0537523 0.891263 0.0220242 9.9964E-05 9.9964E-05 9.9964E-05
0.0378029 0.103868 9.9973E-05 0.00443207 0.81195 0.0285007 0.0131459 9.9973E-05 9.9973E-05
9.9964E-05 0.000640471 0.0426598 9.9964E-05 0.461033 9.9964E-05 0.114494 0.380773 9.9964E-05
9.9973E-05 9.9973E-05 0.167922 0.0638251 0.331003 9.9973E-05 0.0530485 0.278271 0.105632
9.9955E-05 9.9955E-05 0.16116 9.9955E-05 0.754831 9.9955E-05 0.0732367 0.010273 9.9955E-05
9.99647E-05 9.99647E-05 0.195744 9.99647E-05 0.697967 9.99647E-05 0.0209811 0.0302167 0.0546913
9.9964E-05 9.9964E-05 9.9964E-05 0.0229884 0.655761 9.9964E-05 0.0808843 0.237336 0.00263049
9.9955E-05 9.9955E-05 0.0810871 9.9955E-05 0.769851 9.9955E-05 9.9955E-05 0.116222 0.0323396
0.102415 9.9964E-05 9.9964E-05 0.0621493 0.719999 0.108827 9.9964E-05 0.00621054 9.9964E-05
9.9973E-05 0.0899949 9.9973E-05 0.0948236 0.706976 0.0588246 0.00810049 0.0409807 9.9973E-05
9.9973E-05 9.9973E-05 0.0508932 9.9973E-05 0.667481 0.0190721 0.109926 0.0940906 0.0582375
9.9964E-05 9.9964E-05 0.119411 9.9964E-05 0.477634 9.9964E-05 0.323898 0.0571959 0.0214607
9.9946E-05 0.110689 0.0289267 9.9946E-05 0.859784 9.9946E-05 9.9946E-05 9.9946E-05 9.9946E-05
9.9955E-05 0.0167044 9.9955E-05 9.9955E-05 0.956207 9.9955E-05 0.0131556 9.9955E-05 0.0134333
9.9964E-05 0.123075 9.9964E-05 0.174739 0.52879 9.9964E-05 9.9964E-05 0.142591 0.0304057
0.0587008 0.0069954 9.9964E-05 0.127363 0.761589 9.9964E-05 9.9964E-05 0.0449527 9.9964E-05
0.0621641 9.9982E-05 9.9982E-05 0.0214746 0.031968 0.0171623 0.731201 0.0634152 0.0724153
9.9973E-05 9.9973E-05 0.000781905 0.0518636 9.9973E-05 0.0857149 0.699291 0.0965268 0.0655219
9.9964E-05 9.9964E-05 9.9964E-05 0.00807631 9.9964E-05 0.00645124 0.84129 0.0904784 0.0533041
0.0160481 9.9964E-05 0.00750496 9.9964E-05 0.0718459 9.9964E-05 0.816909 9.9964E-05 0.0872921
9.9946E-05 0.950237 9.9946E-05 9.9946E-05 9.9946E-05 9.9946E-05 9.9946E-05 0.0144676 0.034696
0.247991 0.481941 9.9964E-05 0.174325 0.0431572 9.9964E-05 9.9964E-05 0.0521856 9.9964E-05
9.9937E-05 0.976749 0.0225519 9.9937E-05 9.9937E-05 9.9937E-05 9.9937E-05 9.9937E-05 9.9937E-05
0.273647 0.600787 0.122119 9.9955E-05 9.9955E-05 9.9955E-05 9.9955E-05 0.00294727 9.9955E-05
9.99371E-05 0.919275 0.0800258 9.99371E-05 9.99371E-05 9.99371E-05 9.99371E-05 9.99371E-05 9.99371E-05
0.0052929 0.501214 9.9982E-05 0.318333 0.0537783 9.9982E-05 0.040031 0.0414063 0.0397451
0.0740927 0.731021 9.9964E-05 0.0810117 9.9964E-05 9.9964E-05 9.9964E-05 0.105564 0.00791148
9.9982E-05 0.0238913 0.0227048 0.0640738 9.9982E-05 0.250459 0.562306 0.0133264 0.0630386
0.0317383 0.0364449 0.0287573 0.0600838 9.9991E-05 0.0695923 0.675403 0.0375192 0.0603606
9.9955E-05 9.9955E-05 0.0522268 9.9955E-05 9.9955E-05 0.169686 0.651738 9.9955E-05 0.125849
9.9964E-05 9.9964E-05 0.0910856 9.9964E-05 0.0395255 0.138957 0.614948 9.9964E-05 0.115085
0.093261 9.9964E-05 9.9964E-05 0.0582931 9.9964E-05 0.180694 0.56226 9.9964E-05 0.105092
9.9964E-05 0.486263 9.9964E-05 0.405008 9.9964E-05 0.0142211 0.0715006 0.0226076 9.9964E-05
0.0581027 0.574688 9.9964E-05 0.265273 9.9964E-05 9.9964E-05 0.061398 9.9964E-05 0.0401392
0.106828 0.820606 9.9946E-05 9.9946E-05 9.9946E-05 9.9946E-05 9.9946E-05 0.071966 9.9946E-05
0.0373268 0.476023 9.9973E-05 0.301095 0.0304178 0.0757376 9.9973E-05 0.0791003 9.9973E-05
9.9973E-05 0.543318 9.9973E-05 0.300314 0.00275245 0.0133423 9.9973E-05 0.0762936 0.06368
0.0352522 9.9973E-05 0.085765 9.9973E-05 0.0512383 9.9973E-05 0.244021 0.552532 0.0308915
0.42933 9.9964E-05 9.9964E-05 0.366426 9.9964E-05 0.0370284 0.153212 9.9964E-05 0.0136041
0.721794 9.9964E-05 0.106007 9.9964E-05 9.9964E-05 9.9964E-05 0.071477 0.0243942 0.0759279
9.9955E-05 0.0099227 0.915469 0.0378712 9.9955E-05 0.0362374 9.9955E-05 9.9955E-05 9.9955E-05
9.9937E-05 9.9937E-05 0.993599 9.9937E-05 9.9937E-05 9.9937E-05 9.9937E-05 9.9937E-05 0.00570166
0.0739545 9.9973E-05 0.717969 0.0846442 9.9973E-05 9.9973E-05 0.0381877 0.0684261 0.0165182
9.9946E-05 9.9946E-05 0.87997 9.9946E-05 9.9946E-05 9.9946E-05 0.0264981 0.0929326 9.9946E-05
0.197856 9.9991E-05 0.297764 0.0625305 0.0298654 0.0775995 0.162412 0.138266 0.0336074
9.9955E-05 0.0158987 0.780998 0.150782 9.9955E-05 9.9955E-05 9.9955E-05 0.0518212 9.9955E-05
0.063753 0.0609897 0.669431 0.16116 9.9973E-05 9.9973E-05 9.9973E-05 0.00471758 0.0396486
9.9946E-05 9.9946E-05 0.98841 9.9946E-05 9.9946E-05 9.9946E-05 0.00756186 9.9946E-05 0.00342873
0.0147312 0.113715 0.319928 9.9973E-05 0.0492977 9.9973E-05 0.259944 0.242084 9.9973E-05
9.9964E-05 0.136538 0.264915 9.9964E-05 0.0375398 9.9964E-05 0.220622 0.339985 9.9964E-05
9.99639E-05 0.0615043 0.0355617 9.99639E-05 9.99639E-05 0.155855 0.726525 9.99639E-05 0.0201548
9.9973E-05 0.0338521 0.0111294 0.0503832 0.0300362 0.865167 9.9973E-05 9.9973E-05 0.00913258
9.9946E-05 9.9946E-05 9.9946E-05 0.103289 9.9946E-05 0.849599 9.9946E-05 9.9946E-05 0.0465124
9.9937E-05 9.9937E-05 9.9937E-05 0.237847 9.9937E-05 0.761453 9.9937E-05 9.9937E-05 9.9937E-05
0.00445299 9.9964E-05 9.9964E-05 0.0865444 9.9964E-05 0.858782 9.9964E-05 0.0383153 0.0115056
0.00856203 9.9955E-05 9.9955E-05 0.095127 9.9955E-05 0.860463 9.9955E-05 9.9955E-05 0.0353481
9.9973E-05 0.0734085 9.9973E-05 0.120226 0.0297027 0.74523 0.0160574 9.9973E-05 0.0150759
9.9973E-05 9.9973E-05 0.00785988 0.00197788 0.0263716 0.760215 0.145626 9.9973E-05 0.0576503
0.0563532 9.9955E-05 9.9955E-05 0.0752887 9.9955E-05 9.9955E-05 0.855732 9.9955E-05 0.0121265
0.0729515 9.9973E-05 9.9973E-05 0.0778028 9.9973E-05 0.0554498 0.750525 0.00257741 0.0403935
0.012576 0.0220595 9.9973E-05 9.9973E-05 9.9973E-05 0.00424982 0.825645 0.0455922 0.0895772
9.9955E-05 9.9955E-05 0.0751936 0.143214 9.9955E-05 9.9955E-05 0.721557 9.9955E-05 0.0595362
9.9946E-05 9.9946E-05 9.9946E-05 0.0748582 9.9946E-05 9.9946E-05 0.873421 0.0511207 9.9946E-05
0.0758376 9.9973E-05 9.9973E-05 0.0197047 9.9973E-05 0.0246245 0.838618 0.0183274 0.0225881
9.9955E-05 9.9955E-05 9.9955E-05 9.9955E-05 0.0432021 9.9955E-05 0.859088 0.0660253 0.0311845
9.9955E-05 0.0793969 9.9955E-05 9.9955E-05 9.9955E-05 9.9955E-05 0.850768 0.0486474 0.0206881
9.9955E-05 9.9955E-05 9.9955E-05 9.9955E-05 0.0250036 0.0146906 0.906991 9.9955E-05 0.052815
9.9973E-05 9.9973E-05 0.00276887 0.044909 0.0246225 9.9973E-05 0.832919 0.0560004 0.0384802
0.024533 9.9946E-05 9.9946E-05 9.9946E-05 9.9946E-05 0.047979 0.926888 9.9946E-05 9.9946E-05
0.0289517 0.000939883 9.9964E-05 9.9964E-05 9.9964E-05 0.0293921 0.858526 9.9964E-05 0.0817902
9.9964E-05 9.9964E-05 9.9964E-05 0.0301362 9.9964E-05 0.0098593 0.7451 0.120491 0.0940133
9.9964E-05 0.0148096 0.0182813 9.9964E-05 9.9964E-05 9.9964E-05 0.754715 0.145025 0.0667692
9.9964E-05 9.9964E-05 0.0994634 9.9964E-05 9.9964E-05 0.00458274 0.698415 0.190994 0.00614504
0.00257768 0.0189092 9.9973E-05 0.0542835 9.9973E-05 9.9973E-05 0.749206 0.133236 0.0414877
9.9964E-05 0.0249888 0.0347533 9.9964E-05 9.9964E-05 9.9964E-05 0.727959 0.160313 0.051586
0.25619 0.155889 0.105729 0.215626 0.0444772 0.0528204 0.0561952 0.0959297 0.017143
0.962841 9.9946E-05 9.9946E-05 9.9946E-05 9.9946E-05 9.9946E-05 0.0341667 9.9946E-05 0.00239281
0.855106 9.9955E-05 0.0655271 9.9955E-05 9.9955E-05 9.9955E-05 0.0763435 0.00252392 9.9955E-05
9.9973E-05 0.330159 0.103198 0.271359 0.0927518 0.183742 9.9973E-05 0.0184905 9.9973E-05
0.937808 9.9946E-05 9.9946E-05 9.9946E-05 9.9946E-05 0.0568561 0.0047357 9.9946E-05 9.9946E-05
0.910492 9.9964E-05 0.022129 9.9964E-05 9.9964E-05 0.0426824 0.0241751 0.000121879 9.9964E-05
0.477219 0.0101414 9.9973E-05 0.231482 9.9973E-05 9.9973E-05 0.128871 0.123673 0.0283148
9.9964E-05 0.0670223 0.138445 0.287845 9.9964E-05 9.9964E-05 0.433335 0.072952 9.9964E-05
0.141149 0.0448383 0.544309 9.9982E-05 9.9982E-05 0.0212807 0.144326 0.0937315 0.0101653
0.106976 0.136237 0.0516719 0.181851 9.9982E-05 9.9982E-05 0.229383 0.233249 0.0604327
9.9973E-05 0.114598 0.081533 0.156257 9.9973E-05 9.9973E-05 0.415398 0.208997 0.0229171
