0.0906504 0.0299648 0.0862031 9.9964E-05 0.789359 9.9964E-05 9.9964E-05 0.00342246 9.9964E-05
0.0148605 9.9955E-05 9.9955E-05 0.0541187 0.914572 9.9955E-05 9.9955E-05 9.9955E-05 0.0159489
0.0514594 0.0208307 0.0249714 9.9964E-05 0.772021 0.130318 9.9964E-05 9.9964E-05 9.9964E-05
0.0238518 0.101067 0.0151687 0.0515207 0.771439 0.021765 9.9982E-05 9.9982E-05 0.0149878
9.9955E-05 0.0308226 0.0264274 9.9955E-05 0.860712 0.0815386 9.9955E-05 9.9955E-05 9.9955E-05
0.0174745 0.0351467 0.122832 9.9973E-05 0.56236 0.132226 0.12966 9.9973E-05 9.9973E-05
0.0416471 9.9964E-05 0.00996233 0.00637265 0.785132 9.9964E-05 0.156486 9.9964E-05 9.9964E-05
0.0487409 0.0264995 0.0989461 0.0456839 0.688185 9.9973E-05 0.0916445 9.9973E-05 9.9973E-05
0.010495 9.99729E-05 9.99729E-05 0.0751545 0.798655 9.99729E-05 0.0842708 0.0298044 0.00132064
0.0423776 0.0543061 0.0655531 9.9991E-05 0.626159 0.133453 0.0614103 0.00332319 0.0133176
9.9964E-05 9.9964E-05 0.0624592 0.093971 0.69312 0.00140045 0.14865 9.9964E-05 9.9964E-05
9.9955E-05 0.0570714 9.9955E-05 0.652498 9.9955E-05 0.155097 9.9955E-05 0.134834 9.9955E-05
9.9964E-05 0.110206 0.0884989 0.282575 9.9964E-05 0.47943 0.0388915 9.9964E-05 9.9964E-05
0.0502783 0.0721417 9.9982E-05 0.536141 9.9982E-05 0.163198 0.0515387 0.0684046 0.0580978
0.00829779 0.211934 0.012532 0.508418 9.9991E-05 0.189339 0.0234032 0.0152895 0.0306852
0.00120179 0.149796 9.9982E-05 0.305825 0.0979464 0.319905 0.0665425 9.9982E-05 0.0585834
0.0346818 0.0698012 9.9991E-05 0.193889 0.0358378 0.482769 0.0632132 0.0873388 0.0323698
0.0177379 0.0575934 9.9973E-05 0.294639 9.9973E-05 0.348928 0.0724257 0.208377 9.9973E-05
0.0464243 0.103862 9.9964E-05 0.506367 0.0874952 0.255452 9.9964E-05 9.9964E-05 9.9964E-05
0.00765691 0.0447897 9.9991E-05 0.791091 0.0621947 0.0101061 0.0560786 0.0261952 0.00178754
0.0448054 0.144721 0.0134652 0.32562 9.9991E-05 0.277717 0.00557172 0.128606 0.0593938
0.0305566 0.0216727 0.000749701 0.270025 0.0310912 0.395459 0.108069 0.0385308 0.103847
9.9973E-05 0.0256267 9.9973E-05 0.205905 0.0460149 0.543482 9.9973E-05 0.110534 0.0681373
0.0200377 0.105153 0.00100734 0.485834 9.9991E-05 0.167166 0.0730005 0.0877762 0.0599256
9.9982E-05 0.101004 0.0791874 0.118331 0.0381533 0.534369 0.0811274 9.9982E-05 0.0476279
0.0419056 0.0402378 9.9982E-05 0.336991 9.9982E-05 0.451866 0.0346846 0.0775815 0.0165327
0.0771981 0.0695473 9.9982E-05 0.580871 0.010538 0.119107 9.9982E-05 0.142395 0.000143856
9.9964E-05 0.180863 9.9964E-05 0.56679 0.0224684 0.101277 9.9964E-05 0.128201 9.9964E-05
9.9973E-05 0.0185317 9.9973E-05 0.529698 9.9973E-05 0.120742 0.0595664 0.117318 0.153843
0.999201 9.993E-05 9.993E-05 9.993E-05 9.993E-05 9.993E-05 9.993E-05 9.993E-05 9.993E-05
0.999201 9.993E-05 9.993E-05 9.993E-05 9.993E-05 9.993E-05 9.993E-05 9.993E-05 9.993E-05
0.307713 0.054824 9.9964E-05 0.0442988 0.497029 0.0957358 9.9964E-05 9.9964E-05 9.9964E-05
0.290753 0.0309238 9.9973E-05 9.9973E-05 0.484395 0.0749976 0.0251812 0.0934495 9.9973E-05
9.9973E-05 9.9973E-05 0.108953 0.0453005 0.0390244 0.543672 9.9973E-05 0.215688 0.0470629
9.9973E-05 9.9973E-05 0.0282808 0.095681 0.127891 0.456446 0.00112653 0.290276 9.9973E-05
0.0575801 0.00188748 9.9964E-05 9.9964E-05 0.00612016 0.527335 9.9964E-05 0.406678 9.9964E-05
0.0477535 9.9982E-05 0.036878 0.647082 0.0447326 0.151249 9.9982E-05 0.066895 0.00521002
0.00311993 0.0652199 9.9982E-05 0.0980903 9.9982E-05 0.232239 0.028739 0.552657 0.0197345
9.9973E-05 9.9973E-05 0.0201754 0.149984 0.0597748 0.462439 9.9973E-05 0.20462 0.102707
9.9955E-05 9.9955E-05 0.0317664 9.9955E-05 9.9955E-05 0.620534 0.139852 0.207349 9.9955E-05
0.0632537 9.9973E-05 0.100947 9.9973E-05 0.0449655 0.543139 0.191209 0.0561862 9.9973E-05
0.0070265 0.0278814 0.0518481 0.0550542 0.108665 0.556237 0.00314025 0.149209 0.0409385
0.0192724 9.9964E-05 0.0225026 0.20813 9.9964E-05 0.0658363 9.9964E-05 0.683858 9.9964E-05
9.9982E-05 0.00667477 0.0199061 0.0733891 0.0238572 0.555733 0.24923 0.0710097 9.9982E-05
0.0490299 0.117299 9.9991E-05 0.081747 0.0029092 0.516011 0.0354425 0.116946 0.0805151
0.100179 0.0583707 9.9982E-05 0.0134167 0.0764344 0.526577 0.0663827 0.158439 9.9982E-05
9.9964E-05 9.9964E-05 9.9964E-05 0.0214358 0.00936954 0.265374 9.9964E-05 0.660358 0.0430628
0.0380321 0.0559937 9.9964E-05 9.9964E-05 9.9964E-05 0.492526 9.9964E-05 0.397417 0.015631
0.025791 0.0645346 0.0700517 0.00260683 0.0490161 0.520901 0.0346094 0.122428 0.110062
9.9955E-05 9.9955E-05 9.9955E-05 0.0339079 0.108084 9.9955E-05 0.162513 0.694995 9.9955E-05
9.9973E-05 9.9973E-05 0.03277 0.510679 9.9973E-05 0.156035 0.081527 0.162412 0.056278
9.9982E-05 0.00335029 0.0662774 0.142224 9.9982E-05 0.0337362 0.301861 0.256669 0.195682
0.043205 0.0694135 9.9991E-05 0.200996 0.0389252 0.521903 0.0217037 0.0128396 0.0909134
0.0216499 0.0541555 0.0365087 0.053128 0.041189 0.616905 0.176264 9.9982E-05 9.9982E-05
9.9982E-05 0.035713 0.0876526 0.0699939 9.9982E-05 0.623184 0.0800756 0.0571073 0.0460734
0.0261798 9.9991E-05 0.0665228 0.288164 0.0877491 0.116472 0.11601 0.251652 0.0471502
0.0164755 9.9973E-05 0.0592174 0.223729 9.9973E-05 0.560516 0.0487698 0.0909914 9.9973E-05
9.9973E-05 0.021995 9.9973E-05 0.178112 0.081173 0.560216 0.142862 0.0153422 9.9973E-05
0.0115745 0.0018802 9.9982E-05 0.288709 0.103304 0.349001 0.0744881 0.170843 9.9982E-05
0.0605311 0.0149188 0.0659618 0.227231 0.18793 0.0732099 0.193053 0.149108 0.0280563
0.0670739 9.9991E-05 0.00681474 0.102966 0.0180448 0.550144 0.101622 0.125334 0.0279015
0.0056941 0.0124411 0.0767451 0.246356 0.103899 0.389898 9.9991E-05 0.0454523 0.119414
0.0671935 9.9982E-05 0.110396 0.47362 0.00840919 9.9982E-05 0.0832544 0.237425 0.019502
0.0225204 0.0276289 9.9982E-05 0.314367 9.9982E-05 0.381075 0.0319141 0.0964095 0.125885
9.9991E-05 0.00464447 0.10771 0.0749495 0.0192431 0.497585 0.0886799 0.100807 0.106282
0.0378538 0.0248754 9.9991E-05 0.189831 0.0952418 0.576109 0.0517515 0.00956702 0.014671
0.0234498 0.0505327 0.00239086 0.348715 9.9991E-05 0.214514 0.145 0.202621 0.0126776
0.00348978 0.0936202 9.9982E-05 0.197318 9.9982E-05 0.373003 0.178248 0.0727014 0.0814202
0.0449227 0.0205706 0.0909118 0.0723082 0.0289915 0.541598 0.00294583 0.0276489 0.170102
0.0918479 9.9982E-05 0.0244284 0.399956 9.9982E-05 0.115547 0.0243134 0.13564 0.208067
9.9937E-05 9.9937E-05 9.9937E-05 9.9937E-05 9.9937E-05 0.519001 9.9937E-05 0.480299 9.9937E-05
0.0168127 9.9964E-05 9.9964E-05 0.113106 9.9964E-05 0.176922 0.0322437 0.660515 9.9964E-05
9.999E-05 0.033293 0.0181686 0.0793003 0.0762239 0.532537 0.0236112 0.132455 0.104311
9.9946E-05 9.9946E-05 0.0140005 9.9946E-05 9.9946E-05 9.9946E-05 0.140938 0.844462 9.9946E-05
9.9955E-05 9.9955E-05 0.0386476 9.9955E-05 9.9955E-05 9.9955E-05 0.121527 0.805265 0.03406
9.9955E-05 9.9955E-05 0.0134913 9.9955E-05 9.9955E-05 0.240356 9.9955E-05 0.69436 0.0512924
0.0301961 0.0268988 0.0616044 0.0611189 9.9973E-05 0.395587 9.9973E-05 0.424295 9.9973E-05
0.00311752 0.00812981 9.9982E-05 0.0903394 0.189998 0.569618 9.9982E-05 0.0991188 0.0394779
0.0289724 0.0341114 9.9982E-05 0.0641546 0.00926614 0.320826 9.9982E-05 0.503182 0.0392868
9.9964E-05 9.9964E-05 0.0956504 0.100213 0.0947952 0.109461 9.9964E-05 0.599481 9.9964E-05
9.9964E-05 9.9964E-05 0.0774478 0.129948 0.0469438 0.218019 9.9964E-05 0.527242 9.9964E-05
0.0569467 0.0429258 9.9982E-05 0.10367 0.0523236 0.439104 9.9982E-05 0.297138 0.00769242
9.9964E-05 9.9964E-05 9.9964E-05 0.0322838 0.022638 0.34153 0.0675256 0.535623 9.9964E-05
0.0302898 9.9973E-05 0.0176539 0.0650224 0.0252385 0.384497 9.9973E-05 0.476999 9.9973E-05
9.9964E-05 9.9964E-05 0.00893019 9.9964E-05 0.0268331 0.33965 9.9964E-05 0.511194 0.112993
9.9964E-05 9.9964E-05 9.9964E-05 0.0437761 0.00016212 9.9964E-05 0.133267 0.681505 0.14089
9.9964E-05 0.0762979 0.118614 9.9964E-05 0.00468733 0.585361 9.9964E-05 0.21464 9.9964E-05
0.0393178 0.0150956 9.9964E-05 0.0636016 0.76579 0.115796 9.9964E-05 9.9964E-05 9.9964E-05
0.0776957 9.9946E-05 9.9946E-05 9.9946E-05 0.820752 0.100953 9.9946E-05 9.9946E-05 9.9946E-05
0.118499 0.043128 0.00727366 9.9964E-05 0.753731 0.0769692 9.9964E-05 9.9964E-05 9.9964E-05
0.0870361 9.9964E-05 9.9964E-05 9.9964E-05 0.79418 0.0753187 0.0199768 0.0230885 9.9964E-05
0.137028 0.056096 0.0197022 9.9973E-05 0.717869 0.0589037 9.9973E-05 9.9973E-05 0.0101012
0.0682623 0.0249297 9.9973E-05 9.9973E-05 0.81013 0.0161671 0.0318911 0.0483201 9.9973E-05
0.046757 0.0118663 9.9982E-05 0.0147261 0.861441 0.0495588 9.9982E-05 0.00274888 0.0127017
0.024377 0.0237833 0.0600685 0.100414 0.0644806 0.517206 0.011874 0.197697 9.9991E-05
9.9982E-05 0.0697302 0.0116937 0.123231 0.105302 0.473765 9.9982E-05 0.20059 0.0154885
9.9955E-05 9.9955E-05 9.9955E-05 0.0852229 0.0617556 0.0338839 9.9955E-05 0.818638 9.9955E-05
0.042144 0.0331331 9.9973E-05 0.000538627 0.0990765 0.558464 9.9973E-05 0.266343 9.9973E-05
0.0153153 9.9973E-05 0.000448178 0.108629 0.02864 0.417267 9.9973E-05 0.429401 9.9973E-05
9.9964E-05 0.00486295 9.9964E-05 9.9964E-05 0.0907706 0.519195 9.9964E-05 0.355542 0.0292297
0.0220915 0.00115485 9.9982E-05 0.082255 0.0213117 0.540272 9.9982E-05 0.2412 0.0915148
0.0145536 0.106661 0.050199 9.9964E-05 9.9964E-05 0.412984 9.9964E-05 0.415203 9.9964E-05
9.9955E-05 9.9955E-05 0.100412 0.0555211 0.0807354 9.9955E-05 9.9955E-05 0.762832 9.9955E-05
0.0321076 0.0451838 9.9982E-05 0.041564 0.191482 0.494597 9.9982E-05 0.135264 0.0596015
9.9964E-05 0.0328198 9.9964E-05 9.9964E-05 0.112309 0.680076 9.9964E-05 0.150254 0.0241417
0.0722095 0.0601069 0.0536329 0.188255 0.00364907 0.444483 9.9982E-05 0.177464 9.9982E-05
0.0343187 0.0287987 9.9982E-05 0.00886023 9.9982E-05 0.236486 0.103664 0.56056 0.027112
9.9955E-05 9.9955E-05 0.0522836 9.9955E-05 0.047186 0.433758 9.9955E-05 0.466273 9.9955E-05
9.9964E-05 0.0174776 0.0125129 0.173402 9.9964E-05 0.408729 9.9964E-05 0.387479 9.9964E-05
9.9955E-05 0.113259 0.0157524 9.9955E-05 9.9955E-05 0.232641 9.9955E-05 0.637849 9.9955E-05
0.00031613 9.9964E-05 9.9964E-05 0.105596 0.0699482 0.381965 9.9964E-05 0.441775 9.9964E-05
9.9982E-05 0.0404929 9.9982E-05 0.0945546 0.120941 0.504734 0.102082 0.0657557 0.0712398
0.0211129 0.018114 9.9991E-05 0.456389 0.0188138 0.142979 0.0689411 0.0346614 0.238889
0.0410465 0.0160189 0.197602 0.169152 0.0299367 0.405139 0.140905 9.9982E-05 9.9982E-05
0.0535906 9.9991E-05 0.0506534 0.0956771 0.0960816 0.523903 0.0209064 0.0282869 0.130801
0.00398759 0.0498828 9.9991E-05 0.133598 0.0739818 0.549765 0.0375211 0.12737 0.0237934
0.0416505 9.9964E-05 9.9964E-05 0.416549 9.9964E-05 0.461533 0.00772982 9.9964E-05 0.0721375
0.0173994 9.9991E-05 0.0155479 0.28663 0.00634488 0.609073 0.0115903 0.0170589 0.0362561
9.9982E-05 0.0242215 0.087472 0.346082 0.027372 0.424537 9.9982E-05 0.0438167 0.0462988
9.9973E-05 9.9973E-05 9.9973E-05 0.222499 0.123446 0.467211 0.0205356 0.0873424 0.0786665
0.0152302 0.0807763 0.0802013 0.0916368 9.9991E-05 0.57569 0.0566808 0.0737716 0.0259132
0.0689437 9.9973E-05 0.0313285 0.206449 9.9973E-05 0.554589 9.9973E-05 0.0861199 0.05227
9.9964E-05 9.9964E-05 0.030806 0.362582 9.9964E-05 0.508693 9.9964E-05 0.0729794 0.0245396
9.9991E-05 0.0737179 0.0768721 0.114386 0.000372208 0.507796 0.0848097 0.0893583 0.052588
0.0492578 0.0967714 0.0715844 0.107179 0.000856933 0.500902 0.102851 9.9991E-05 0.0704979
0.0196665 0.0532216 0.0900945 0.209776 9.9973E-05 0.52486 9.9973E-05 9.9973E-05 0.102082
0.050137 0.0337253 0.0455866 0.130481 0.0160158 0.521123 0.150787 9.9991E-05 0.0520451
0.0115784 0.047615 0.0524229 0.215929 9.9991E-05 0.49775 0.0125353 0.139262 0.0228074
0.0168247 0.0226948 0.006567 0.363464 0.0844702 0.27718 0.172541 9.9991E-05 0.0561588
0.020933 0.0290837 9.9982E-05 0.16735 0.0354707 0.685676 0.0520447 9.9982E-05 0.00924212
9.9982E-05 0.015182 0.0191692 0.156794 0.0347453 0.662394 0.0282184 9.9982E-05 0.0832973
9.9982E-05 0.00957908 9.9982E-05 0.412243 0.0659476 0.230294 0.00674655 0.103458 0.171531
0.0160134 0.0712297 0.0011612 0.358199 9.9991E-05 0.0252529 0.269139 0.0690834 0.189821
9.99848E-05 0.0582753 0.101358 0.143145 9.99848E-05 0.493363 0.0343149 0.0728691 0.096475
0.0308654 0.0495747 0.0392709 0.20785 9.9982E-05 9.9982E-05 0.140983 0.203069 0.328187
9.9964E-05 9.9964E-05 9.9964E-05 0.524461 0.0320548 0.235554 9.9964E-05 0.0709261 0.136605
9.9973E-05 9.9973E-05 0.099036 0.262338 0.00731121 0.409942 9.9973E-05 0.169758 0.0513141
0.0182198 9.9982E-05 0.151117 0.368738 9.9982E-05 0.293116 0.0231158 0.114709 0.0307838
9.9982E-05 9.9982E-05 0.0259431 0.555478 0.0078442 0.292722 0.00608471 0.0838917 0.0278362
0.0346744 0.0570326 9.9973E-05 0.149333 0.0595317 0.49772 9.9973E-05 0.201409 9.9973E-05
9.9982E-05 0.11909 0.0842532 0.0563555 0.0816739 0.383624 0.113875 0.160928 9.9982E-05
0.0367314 9.9982E-05 0.0459767 0.221107 0.00681329 0.542465 9.9982E-05 0.053511 0.0931956
9.9973E-05 9.9973E-05 0.0238411 0.357888 9.9973E-05 0.159559 0.29783 0.0962513 0.064331
0.0692284 9.9973E-05 9.9973E-05 9.9973E-05 0.163124 0.475217 0.036671 0.193005 0.0624554
0.00893669 0.0445033 0.00511549 0.0894102 9.9991E-05 0.509525 0.244755 0.0875465 0.0101074
9.9973E-05 9.9973E-05 0.0947601 0.0510884 0.107272 9.9973E-05 0.459122 0.11096 0.176498
0.00550467 9.9982E-05 9.9982E-05 0.0311006 0.0365562 0.616358 0.0773859 0.18107 0.0518244
9.9982E-05 0.00599535 0.0688489 9.9982E-05 0.0773111 0.359073 0.197744 0.263007 0.0278204
0.0613687 0.0263689 0.0173414 9.9991E-05 0.0918372 0.405373 0.128295 0.118306 0.151009
0.0502091 9.9991E-05 0.0638333 0.0614218 0.0126213 0.206787 0.472963 0.0784522 0.0536122
0.0481799 9.9982E-05 0.0359898 0.175008 9.9982E-05 0.158961 0.393691 0.042375 0.145596
0.0121951 9.9982E-05 0.0747589 0.0901809 9.9982E-05 0.4452 0.191474 0.0657874 0.120205
0.0271306 9.9982E-05 0.0655404 0.110631 0.00562796 0.502006 0.203644 9.9982E-05 0.0852207
0.0149705 0.0542346 0.025627 0.03473 0.135382 0.427308 0.0897098 0.0542355 0.163803
0.0372869 0.156942 9.9973E-05 0.147437 9.9973E-05 9.9973E-05 0.256725 0.275847 0.125463
9.9991E-05 0.0858889 0.0659687 0.0162028 0.0889287 0.4734 0.141199 0.114886 0.0134254
0.00423427 9.9982E-05 0.0519129 0.0929043 9.9982E-05 0.309811 0.264436 0.215485 0.0610165
9.9973E-05 9.9973E-05 0.0361547 0.166343 9.9973E-05 0.415431 0.191449 0.175602 0.01472
0.0531678 0.161552 0.0182786 0.116329 9.9991E-05 0.452006 0.0438835 0.129891 0.0247916
0.0502804 0.247294 9.9982E-05 0.0537858 0.222355 0.166241 0.255766 0.00407716 9.9982E-05
0.0425433 0.0922371 9.9955E-05 9.9955E-05 0.465237 9.9955E-05 0.399483 9.9955E-05 9.9955E-05
0.0200633 0.11937 9.9955E-05 9.9955E-05 0.390824 9.9955E-05 0.469244 9.9955E-05 9.9955E-05
0.0158699 0.355834 9.9973E-05 0.0380166 0.327175 0.0557892 0.207015 9.9973E-05 9.9973E-05
0.000757893 9.9982E-05 0.00147178 0.0218231 9.9982E-05 0.596715 0.213047 0.124054 0.0419313
9.9991E-05 0.0210548 0.0142787 0.073807 0.0986093 0.524027 0.163955 0.0693299 0.0348387
0.00360727 0.710622 9.9955E-05 0.025768 9.9955E-05 0.259503 9.9955E-05 9.9955E-05 9.9955E-05
0.0144292 0.433975 9.9973E-05 0.129319 9.9973E-05 0.304057 9.9973E-05 0.110451 0.00746878
9.9964E-05 0.362049 0.0496124 0.04973 0.0985047 0.439704 9.9964E-05 9.9964E-05 9.9964E-05
9.9982E-05 0.00819503 0.0357003 0.0267969 9.9982E-05 0.320098 0.333445 0.131755 0.14381
0.0277501 0.0155478 9.9982E-05 9.9982E-05 0.0204555 0.493231 0.213356 0.201346 0.0281128
9.9973E-05 9.9973E-05 0.00101705 0.0835666 9.9973E-05 0.150001 0.464518 0.130316 0.170282
9.9964E-05 9.9964E-05 0.0582416 9.9964E-05 9.9964E-05 0.53211 0.227557 0.11435 0.0673416
9.9973E-05 9.9973E-05 9.9973E-05 0.0619839 0.0103248 0.484024 0.242311 0.074621 0.126436
9.9982E-05 0.0305838 0.0751144 0.0266752 0.0214126 0.581774 0.223385 0.0408554 9.9982E-05
9.9973E-05 9.9973E-05 0.0189763 0.0329317 9.9973E-05 0.18403 0.461488 0.189375 0.1129
9.9991E-05 0.116161 0.0543165 0.10665 0.02153 0.533845 0.00773933 0.128015 0.0316439
0.00321034 0.0385893 9.9991E-05 0.125557 0.0896281 0.519807 0.139003 0.0563269 0.0277779
9.9946E-05 0.967514 0.00430678 9.9946E-05 9.9946E-05 9.9946E-05 9.9946E-05 0.0275798 9.9946E-05
9.9964E-05 0.911381 9.9964E-05 0.0271415 9.9964E-05 0.0521386 9.9964E-05 0.00114646 0.00779245
9.9955E-05 0.600189 9.9955E-05 0.157767 9.9955E-05 0.214926 9.9955E-05 0.0266179 9.9955E-05
9.9946E-05 0.616604 0.0488618 9.9946E-05 9.9946E-05 0.333935 9.9946E-05 9.9946E-05 9.9946E-05
9.9955E-05 0.790422 0.0465314 9.9955E-05 0.0322784 0.130268 9.9955E-05 9.9955E-05 9.9955E-05
9.993E-05 0.999201 9.993E-05 9.993E-05 9.993E-05 9.993E-05 9.993E-05 9.993E-05 9.993E-05
0.000586024 0.952166 0.0327388 0.0140094 9.9955E-05 9.9955E-05 9.9955E-05 9.9955E-05 9.9955E-05
9.9946E-05 0.846071 9.9946E-05 9.9946E-05 9.9946E-05 0.139427 9.9946E-05 0.0139024 9.9946E-05
0.00575959 0.942282 0.00137552 0.0207509 9.9973E-05 0.0151295 9.9973E-05 0.0144025 9.9973E-05
9.993E-05 0.999201 9.993E-05 9.993E-05 9.993E-05 9.993E-05 9.993E-05 9.993E-05 9.993E-05
0.0188208 0.98048 9.9937E-05 9.9937E-05 9.9937E-05 9.9937E-05 9.9937E-05 9.9937E-05 9.9937E-05
0.0556499 0.7474 9.9964E-05 0.0276722 9.9964E-05 0.161627 9.9964E-05 0.00725143 9.9964E-05
9.9964E-05 0.839478 0.0588299 9.9964E-05 0.0200383 0.0497224 0.0315315 9.9964E-05 9.9964E-05
0.0166116 0.951127 9.9946E-05 9.9946E-05 9.9946E-05 9.9946E-05 9.9946E-05 0.0316614 9.9946E-05
0.0360006 0.260705 9.9982E-05 0.077061 0.122533 0.388001 9.9982E-05 0.064456 0.0510434
9.9973E-05 0.615993 9.9973E-05 0.0402637 0.0989311 0.162596 0.0374241 0.0444921 9.9973E-05
0.00781739 0.736743 0.0209114 9.9973E-05 9.9973E-05 0.202493 0.0256383 0.00609739 9.9973E-05
0.00895943 0.86268 0.0302079 9.9955E-05 9.9955E-05 0.0976527 9.9955E-05 9.9955E-05 9.9955E-05
9.9937E-05 0.994651 9.9937E-05 9.9937E-05 9.9937E-05 9.9937E-05 9.9937E-05 9.9937E-05 0.00464929
9.9955E-05 0.868449 9.9955E-05 9.9955E-05 9.9955E-05 0.0922774 0.0123614 9.9955E-05 0.026412
9.993E-05 0.999201 9.993E-05 9.993E-05 9.993E-05 9.993E-05 9.993E-05 9.993E-05 9.993E-05
0.00492659 0.601012 0.0281524 0.0380834 0.0836007 0.201843 9.9991E-05 0.00794621 0.0343359
9.9982E-05 0.903785 0.0264235 0.0357683 0.00383682 0.0195307 9.9982E-05 0.00273021 0.00772557
9.9955E-05 0.0345209 9.9955E-05 9.9955E-05 0.219506 9.9955E-05 0.616997 9.9955E-05 0.128476
0.0550554 0.0971733 0.0715703 0.0210673 0.0766986 0.398642 0.279593 9.9982E-05 9.9982E-05
0.0132537 0.0323823 0.0349207 9.9991E-05 0.199001 0.390603 0.202389 0.0972427 0.0301065
0.0181984 0.0854982 0.0778983 9.9982E-05 0.149705 0.189579 0.414811 0.0641107 9.9982E-05
0.0297586 0.0488453 0.0267478 0.0526559 0.176528 0.429643 0.197913 0.0378084 9.9991E-05
0.0669897 0.055635 9.9973E-05 9.9973E-05 0.129936 0.188012 0.431718 0.127409 9.9973E-05
9.9982E-05 0.0488829 0.0918362 9.9982E-05 0.12766 0.463784 0.137227 0.0340452 0.0963655
9.9973E-05 0.114185 0.0329019 9.9973E-05 0.0763031 0.329216 0.37424 0.0728545 9.9973E-05
0.0686787 0.012444 0.018498 0.0164158 0.146708 0.521755 0.186001 9.9991E-05 0.0294002
0.054891 0.119014 0.00529108 9.9973E-05 0.0777024 0.409462 0.33334 9.9973E-05 9.9973E-05
9.9973E-05 0.0287909 9.9973E-05 9.9973E-05 0.189703 0.431084 0.225798 0.107629 0.0166956
9.9964E-05 9.9964E-05 0.0627244 9.9964E-05 0.819894 0.0561415 0.0536894 9.9964E-05 0.00715067
0.100085 0.0186531 9.9964E-05 9.9964E-05 0.841027 9.9964E-05 0.0110926 9.9964E-05 0.0287428
0.0239799 9.9946E-05 9.9946E-05 0.0576258 0.917795 9.9946E-05 9.9946E-05 9.9946E-05 9.9946E-05
0.0292849 9.9955E-05 0.0328866 9.9955E-05 0.887303 0.0500258 9.9955E-05 9.9955E-05 9.9955E-05
0.0794045 0.0167927 9.9973E-05 0.0759725 0.782934 0.0202252 0.0243713 9.9973E-05 9.9973E-05
0.0937896 0.0727176 9.9955E-05 9.9955E-05 0.787753 9.9955E-05 9.9955E-05 9.9955E-05 0.0452399
0.0290355 0.0825238 9.9964E-05 9.9964E-05 0.872811 0.00888646 0.00634309 9.9964E-05 9.9964E-05
0.0285258 9.9973E-05 9.9973E-05 0.000238653 0.8293 9.9973E-05 0.0594606 0.047377 0.034798
0.0206404 9.9964E-05 0.0103288 9.9964E-05 0.905646 0.0469178 9.9964E-05 9.9964E-05 0.0160668
0.0220513 0.104043 0.00457368 0.0461199 0.77225 9.9973E-05 0.0506617 9.9973E-05 9.9973E-05
0.0515445 9.9973E-05 0.148999 0.0945077 0.562842 9.9973E-05 9.9973E-05 0.0929891 0.0488173
0.0345969 9.9973E-05 0.126277 0.259417 0.529665 9.9973E-05 9.9973E-05 0.0313071 0.0184379
0.0435953 9.9982E-05 0.0419734 0.236494 0.504998 9.9982E-05 0.0140234 0.110903 0.0478129
9.9964E-05 9.9964E-05 0.0839965 0.242357 0.48461 9.9964E-05 9.9964E-05 0.102304 0.0863332
9.9982E-05 0.0147792 0.00728677 0.178665 0.0335832 0.426329 9.9982E-05 0.330733 0.00842455
9.9955E-05 9.9955E-05 0.119973 9.9955E-05 0.0514538 0.493244 9.9955E-05 0.33483 9.9955E-05
0.0216128 0.0123011 0.0489057 0.103683 9.9982E-05 0.600171 0.0598471 0.153279 9.9982E-05
9.9964E-05 9.9964E-05 0.0744845 0.256423 9.9964E-05 0.39975 0.0857684 0.183175 9.9964E-05
9.9969E-05 9.9969E-05 0.0645872 0.619314 9.9969E-05 0.177981 9.9969E-05 0.0737102 0.0640082
9.9973E-05 0.00101493 0.0301075 9.9973E-05 0.0886138 0.617408 9.9973E-05 0.170996 0.0915597
9.9964E-05 9.9964E-05 9.9964E-05 0.068487 9.9964E-05 0.553286 0.0562349 0.302237 0.0193546
9.9973E-05 9.9973E-05 0.117688 0.0235185 9.9973E-05 0.520814 0.00128308 0.298589 0.0378074
9.9964E-05 0.0602492 9.9964E-05 9.9964E-05 9.9964E-05 0.361976 0.024736 0.546743 0.00589588
0.00978253 9.9973E-05 0.0862144 9.9973E-05 0.0422334 0.578309 9.9973E-05 0.217383 0.065778
0.007651 9.9973E-05 0.0947497 0.0894848 9.9973E-05 0.409287 9.9973E-05 0.377172 0.021356
0.0077417 9.9964E-05 0.103706 0.0287054 9.9964E-05 9.9964E-05 9.9964E-05 0.757865 0.101582
9.9982E-05 0.0139542 9.9982E-05 0.263094 0.0122381 0.464972 0.102028 0.135525 0.00798904
9.9964E-05 9.9964E-05 9.9964E-05 0.0222759 9.9964E-05 0.209183 0.0921284 0.602228 0.0737852
0.010354 0.00468558 0.0222033 9.9973E-05 9.9973E-05 0.518896 9.9973E-05 0.336447 0.107114
9.9964E-05 9.9964E-05 0.0562684 0.146147 0.0570179 0.0404936 9.9964E-05 0.699673 9.9964E-05
0.00537292 9.9955E-05 0.901482 9.9955E-05 0.0890853 9.9955E-05 0.00356047 9.9955E-05 9.9955E-05
9.9946E-05 0.0120519 0.9838 9.9946E-05 9.9946E-05 9.9946E-05 0.00354839 9.9946E-05 9.9946E-05
9.993E-05 9.993E-05 0.999201 9.993E-05 9.993E-05 9.993E-05 9.993E-05 9.993E-05 9.993E-05
0.0118098 9.9964E-05 0.864766 0.0231437 0.0465627 9.9964E-05 9.9964E-05 0.0533177 9.9964E-05
9.9946E-05 0.0310945 0.964319 0.00398656 9.9946E-05 9.9946E-05 9.9946E-05 9.9946E-05 9.9946E-05
9.9955E-05 0.0400186 0.913808 9.9955E-05 9.9955E-05 0.0204636 9.9955E-05 9.9955E-05 0.0252105
0.051439 0.00398332 9.9973E-05 9.9973E-05 0.783436 0.102467 9.9973E-05 0.0154993 0.0428757
0.00224303 0.00155579 9.9964E-05 0.0821196 0.828362 0.0853196 9.9964E-05 9.9964E-05 9.9964E-05
0.0660908 0.0577577 0.00212596 9.9964E-05 0.694713 0.178913 9.9964E-05 9.9964E-05 9.9964E-05
0.0637154 0.0836491 0.00869125 0.0537061 0.675201 0.114737 9.9973E-05 9.9973E-05 9.9973E-05
0.0308073 0.109497 0.00806124 9.9973E-05 0.721157 0.0745378 0.0556399 9.9973E-05 9.9973E-05
9.9964E-05 9.9964E-05 0.316509 0.274822 0.372804 9.9964E-05 0.0264691 0.00899538 9.9964E-05
0.00651968 9.9964E-05 0.268919 0.081307 0.531043 9.9964E-05 9.9964E-05 0.111811 9.9964E-05
0.0449447 9.9973E-05 0.342638 0.147025 0.386761 9.9973E-05 9.9973E-05 0.04031 0.0380216
0.999201 9.993E-05 9.993E-05 9.993E-05 9.993E-05 9.993E-05 9.993E-05 9.993E-05 9.993E-05
0.0635278 9.9964E-05 0.442218 0.0609059 0.2868 9.9964E-05 9.9964E-05 0.146148 9.9964E-05
0.00307351 0.344945 9.9982E-05 0.0333497 0.175161 0.224303 0.195093 9.9982E-05 0.0238745
0.0671146 0.112479 0.017577 0.0278055 0.147592 0.567798 9.9982E-05 0.059434 9.9982E-05
0.0162985 0.24687 9.9955E-05 9.9955E-05 0.202549 0.533783 9.9955E-05 9.9955E-05 9.9955E-05
0.0135247 0.216722 0.0751911 0.00260191 0.222715 0.346298 0.0665436 0.0264377 0.0299655
0.0421001 0.156159 9.9982E-05 0.07626 0.112805 0.509306 0.0552731 0.0478972 9.9982E-05
9.9946E-05 0.285621 9.9946E-05 9.9946E-05 0.396592 9.9946E-05 0.317187 9.9946E-05 9.9946E-05
0.0137972 9.9973E-05 0.0166384 0.376841 9.9973E-05 0.395495 9.9973E-05 0.0434402 0.153489
9.9982E-05 0.0184035 9.9982E-05 0.290195 0.00369452 0.273454 0.119062 0.063825 0.231166
0.0222106 9.9973E-05 0.0845891 0.536779 0.0519998 0.255631 0.0484905 9.9973E-05 9.9973E-05
9.9973E-05 9.9973E-05 9.9973E-05 0.100689 0.0264491 0.404586 0.0646927 0.207168 0.196115
9.9964E-05 9.9964E-05 0.0347421 0.171136 9.9964E-05 9.9964E-05 0.225573 0.210963 0.357185
0.0149768 0.107448 9.9991E-05 0.131033 0.0556988 0.392945 0.0660554 0.0976056 0.134137
0.026506 0.0356381 9.9982E-05 0.348374 0.00442512 0.379135 9.9982E-05 0.116039 0.0896828
0.000972292 9.9982E-05 9.9982E-05 0.47716 0.0486369 0.348509 0.0511778 0.0327823 0.0405619
9.9982E-05 9.9982E-05 0.029517 0.143141 0.141547 0.501802 0.0523792 0.0660184 0.0653962
9.9964E-05 9.9964E-05 9.9964E-05 0.364113 9.9964E-05 0.0588493 0.238479 0.158738 0.17942
9.9982E-05 9.9982E-05 0.0423843 0.146648 0.0323157 0.394077 0.0907605 0.182973 0.110641
0.00711206 0.0761484 0.085327 0.234894 9.9991E-05 0.419679 0.007352 0.120267 0.0491208
9.9982E-05 0.153157 0.0505036 0.0821056 0.0786287 0.429719 0.117209 0.0884767 9.9982E-05
9.9973E-05 9.9973E-05 0.0560466 0.203865 9.9973E-05 0.332648 0.0973108 0.0746667 0.235163
9.9991E-05 0.0164824 0.0419197 0.292572 0.00382477 0.408043 0.0161976 0.101341 0.119519
0.00550764 0.122188 0.0017908 0.0989289 0.00166738 0.451811 0.0741419 0.102934 0.141031
0.0217003 0.00470291 0.00899916 0.226589 0.0234197 0.475703 9.9991E-05 0.181748 0.0570379
9.9982E-05 0.0034393 0.0570257 0.10757 9.9982E-05 0.634956 0.0161853 0.0570717 0.123553
9.9982E-05 0.0571245 0.0943843 0.0481491 0.0619223 0.515944 0.0131497 0.209126 9.9982E-05
0.0573439 0.0697955 9.9982E-05 0.218824 0.0629139 0.430103 0.127608 0.0332115 9.9982E-05
9.9946E-05 0.0778885 9.9946E-05 9.9946E-05 0.822984 0.0985277 9.9946E-05 9.9946E-05 9.9946E-05
0.00128323 0.0566905 9.9964E-05 9.9964E-05 0.823044 0.0448962 9.9964E-05 0.0736861 9.9964E-05
9.9973E-05 0.00136891 9.9973E-05 0.155903 0.762538 0.0356615 0.0385785 9.9973E-05 0.00564988
9.9973E-05 0.0599932 0.0740533 9.9973E-05 0.728872 9.9973E-05 0.0162539 0.0432735 0.077254
0.0395483 0.0367578 0.0196061 9.9982E-05 0.78098 0.108111 0.00440238 0.0103948 9.9982E-05
9.9973E-05 0.0349443 9.9973E-05 0.730461 0.0214915 0.147121 0.0250325 0.0406503 9.9973E-05
0.00380288 0.0741371 0.0473911 0.171172 9.9991E-05 0.419196 0.0380847 0.12786 0.118256
0.0284786 0.207238 0.00663609 0.0246416 0.12827 0.334114 0.0752337 0.0591438 0.136244
0.0156858 0.0521712 9.9964E-05 0.224211 9.9964E-05 0.630883 9.9964E-05 9.9964E-05 0.0766491
0.00810735 0.0102156 0.0158349 0.20747 0.036245 0.463957 9.9991E-05 0.175727 0.0823432
9.9964E-05 9.9964E-05 0.0333206 0.351024 9.9964E-05 0.279732 0.169997 9.9964E-05 0.165527
0.0421629 9.9964E-05 9.9964E-05 0.678 0.0864177 9.9964E-05 0.118234 0.0747862 9.9964E-05
0.0405546 9.9982E-05 0.0727996 0.209881 9.9982E-05 0.506385 0.0206646 0.0984686 0.0510473
0.00422514 0.0371528 0.0699171 0.534473 0.0738639 0.0922707 9.9982E-05 9.9982E-05 0.187898
0.0113562 0.0327481 0.0761322 0.127923 0.0296342 0.386043 0.168423 0.133037 0.0347028
0.0412012 0.0043303 0.0235369 0.533486 0.0847337 0.0823204 9.9991E-05 0.0736079 0.156683
0.0195331 9.9982E-05 0.0574709 0.15857 0.0907142 0.621018 0.0395987 0.0128959 9.9982E-05
0.000420055 9.9973E-05 0.0020835 0.630225 0.0679543 0.179187 9.9973E-05 9.9973E-05 0.11983
0.017604 0.125544 0.0206125 0.306219 9.9991E-05 0.216937 0.0978901 0.165198 0.049896
0.0089997 9.9973E-05 9.9973E-05 0.178364 0.0334673 0.482267 0.175772 9.9973E-05 0.12083
9.9973E-05 9.9973E-05 0.111155 0.0938786 9.9973E-05 0.273681 0.431746 0.00546276 0.0837773
0.0081948 9.9991E-05 0.101505 0.00987481 0.0275659 0.558727 0.205144 0.0728287 0.0160592
0.0235932 0.0421221 0.0340056 0.0181797 0.165343 0.524363 0.0589662 0.0689526 0.0644748
9.9973E-05 9.9973E-05 0.0825489 0.0380136 9.9973E-05 0.324306 0.345951 0.12263 0.0862502
0.0406894 0.115423 0.0668909 0.0393179 0.0191212 0.360504 0.164988 0.156793 0.0362711
9.9964E-05 9.9964E-05 0.12879 9.9964E-05 9.9964E-05 0.547332 0.183231 0.0616407 0.0786056
9.9973E-05 9.9973E-05 0.0733 0.0494634 9.9973E-05 0.063227 0.505936 0.175345 0.132429
9.9955E-05 9.9955E-05 0.0668655 9.9955E-05 9.9955E-05 0.250666 0.598953 0.0830165 9.9955E-05
9.9964E-05 9.9964E-05 0.0988667 9.9964E-05 9.9964E-05 0.486211 0.295164 0.0859332 0.0334252
9.9973E-05 9.9973E-05 0.0827816 0.10449 9.9973E-05 0.166091 0.393048 0.194509 0.0587802
9.9964E-05 9.9964E-05 0.0232667 0.113767 9.9964E-05 0.434598 0.267858 0.16011 9.9964E-05
0.0140149 0.0822048 9.9964E-05 0.708905 9.9964E-05 0.00952218 9.9964E-05 0.184953 9.9964E-05
9.9955E-05 9.9955E-05 9.9955E-05 0.449839 9.9955E-05 0.210205 9.9955E-05 0.0841733 0.255283
0.0285022 0.03967 0.0107926 0.457644 0.0382765 0.280505 9.9991E-05 0.116655 0.0278544
0.00110995 0.0979474 0.0171709 0.234197 9.9973E-05 0.565403 9.9973E-05 0.0838726 9.9973E-05
9.9955E-05 9.9955E-05 9.9955E-05 0.627346 9.9955E-05 0.194732 9.9955E-05 0.148102 0.0293208
0.0420184 0.0907051 0.0833586 0.126289 9.9982E-05 0.485675 0.0626338 9.9982E-05 0.10912
0.0741664 0.0183204 0.00539703 0.247801 9.9982E-05 0.554113 9.9982E-05 0.0543627 0.0456401
9.9973E-05 0.126855 9.9973E-05 0.33539 0.0109665 0.331446 0.0432907 0.151751 9.9973E-05
0.0278949 0.0744436 0.0554854 0.301781 0.00128794 0.386178 0.00530153 0.0139753 0.133653
9.9973E-05 0.0686335 0.0910219 0.262473 0.0255046 0.40147 9.9973E-05 0.150596 9.9973E-05
9.9964E-05 0.112466 0.00949636 0.60513 9.9964E-05 0.126708 9.9964E-05 0.1458 9.9964E-05
9.9982E-05 0.0985323 0.0622445 0.488205 0.0477294 0.204706 9.9982E-05 0.0661226 0.032261
9.9955E-05 9.9955E-05 9.9955E-05 0.289028 9.9955E-05 0.642041 0.0154724 9.9955E-05 0.0529585
9.9991E-05 0.0171937 0.131874 0.153086 0.0184241 0.558718 0.0742751 0.00541242 0.0409173
0.0233969 0.00306481 0.0195355 0.299322 0.0211936 0.376088 0.0469572 0.073685 0.136757
9.9982E-05 0.0536764 0.0736158 0.259844 9.9982E-05 0.428574 0.0300898 0.0493189 0.104682
0.0293545 0.00702346 9.9973E-05 0.499093 0.0164268 0.34702 0.100782 9.9973E-05 9.9973E-05
9.9964E-05 0.00603717 9.9964E-05 0.354036 0.0242694 0.547493 9.9964E-05 0.0677647 9.9964E-05
9.9973E-05 0.0231014 9.9973E-05 0.307841 0.0330273 0.501415 9.9973E-05 0.072701 0.0616138
0.0584124 0.083798 0.0205904 0.144146 0.113677 0.42786 9.9991E-05 0.1229 0.0285168
0.0188717 0.0741711 9.9973E-05 0.0284528 0.302943 0.443862 0.1314 9.9973E-05 9.9973E-05
9.9964E-05 0.201292 9.9964E-05 9.9964E-05 0.0662603 0.40084 0.221895 0.109313 9.9964E-05
0.0621213 0.216159 0.0332575 0.119382 0.0683907 0.411489 0.0883121 9.9991E-05 0.000787477
0.0452957 0.0776739 0.0425758 0.00561986 0.0393733 0.634732 0.0384353 0.0538163 0.0624778
0.010285 0.185244 9.9973E-05 9.9973E-05 0.211131 0.45426 9.9973E-05 0.0174661 0.121314
0.0186309 0.015773 9.9973E-05 0.28226 9.9973E-05 0.429157 0.0722306 9.9973E-05 0.181649
0.0294424 0.0553682 0.0318747 0.0480903 0.165236 0.62309 0.00140905 0.0164706 0.0290185
9.9964E-05 0.111598 9.9964E-05 0.093359 0.188721 9.9964E-05 0.450255 0.155667 9.9964E-05
9.9964E-05 0.207129 9.9964E-05 0.164919 0.0861859 0.512113 0.0292532 9.9964E-05 9.9964E-05
0.057216 0.110781 9.9973E-05 9.9973E-05 0.112025 0.561926 9.9973E-05 0.0364497 0.121302
0.012136 0.226433 9.9982E-05 0.133949 0.0778642 0.414054 0.094553 0.0408114 9.9982E-05
0.0583132 0.103761 9.9991E-05 0.0800766 0.116851 0.287318 0.215103 0.0594643 0.0790135
0.0240679 0.155203 9.9991E-05 0.0371362 0.189144 0.515353 0.0196847 0.055855 0.00345631
0.0591933 0.189586 9.9982E-05 0.0282555 0.0721821 0.487385 0.126893 9.9982E-05 0.0363044
0.0465974 0.190241 9.9964E-05 9.9964E-05 0.387517 9.9964E-05 0.327596 0.047648 9.9964E-05
0.0533667 0.20379 0.0510989 9.9991E-05 0.0872053 0.414604 0.0362427 0.139031 0.0145607
0.0199916 0.233711 9.9964E-05 9.9964E-05 0.102626 0.529373 0.113899 9.9964E-05 9.9964E-05
0.0194323 0.111127 0.0157706 0.067691 0.0852233 0.521149 0.131582 0.0479255 9.9991E-05
9.9955E-05 0.154832 9.9955E-05 9.9955E-05 0.172417 0.576986 0.0952653 9.9955E-05 9.9955E-05
0.0312456 0.124648 9.9991E-05 0.129447 0.119083 0.468135 0.0654158 0.0521295 0.00979639
0.0248534 0.0898775 0.0736442 9.9973E-05 9.9973E-05 0.375808 9.9973E-05 0.0010022 0.434514
0.00940937 0.0344569 0.0452986 0.0500775 0.0444534 0.492464 0.0272569 0.0223543 0.274229
9.9955E-05 9.9955E-05 0.0418353 0.104936 9.9955E-05 9.9955E-05 9.9955E-05 0.0135218 0.839207
9.9964E-05 9.9964E-05 9.9964E-05 0.0765786 0.00468681 9.9964E-05 0.00460223 0.028475 0.885257
9.9973E-05 9.9973E-05 0.0172509 0.032189 0.0755752 0.404151 9.9973E-05 0.0422096 0.428324
9.9964E-05 0.213172 9.9964E-05 9.9964E-05 0.0888921 0.430241 0.110879 9.9964E-05 0.156417
9.9964E-05 0.321321 9.9964E-05 9.9964E-05 0.0877481 0.277702 0.0377092 9.9964E-05 0.27512
0.00429775 0.286248 0.000738004 9.9991E-05 0.164117 0.112778 0.19743 0.0920668 0.142225
0.0707492 0.269721 9.9973E-05 9.9973E-05 0.106313 0.31552 0.0255472 9.9973E-05 0.21185
9.9955E-05 0.0910453 9.9955E-05 9.9955E-05 0.041169 9.9955E-05 0.217938 9.9955E-05 0.649348
0.0840497 0.0895009 9.9964E-05 9.9964E-05 9.9964E-05 0.086401 0.0998621 9.9964E-05 0.639786
0.0068124 0.0344352 0.0218201 9.9973E-05 9.9973E-05 0.560878 9.9973E-05 0.00521959 0.370534
9.9955E-05 0.0839294 9.9955E-05 9.9955E-05 0.0244322 0.39301 9.9955E-05 9.9955E-05 0.498129
0.0347989 0.103029 0.0068696 9.9973E-05 0.0695878 0.128069 9.9973E-05 9.9973E-05 0.657345
0.00908607 0.0909651 9.9982E-05 9.9982E-05 0.0564468 0.480041 0.0652541 0.0252697 0.272737
0.0299966 0.0758474 0.00833316 9.9964E-05 9.9964E-05 0.490922 9.9964E-05 9.9964E-05 0.394501
9.9982E-05 0.079492 9.9982E-05 0.184742 0.0361431 0.4543 0.063215 0.00506011 0.176847
0.052602 9.9973E-05 9.9973E-05 0.09643 9.9973E-05 0.159272 0.00371367 0.095449 0.592234
0.0576931 9.9973E-05 9.9973E-05 0.159573 9.9973E-05 0.323846 0.031243 0.0462744 0.381071
9.9973E-05 9.9973E-05 0.0977307 0.0510194 0.00144305 0.557986 9.9973E-05 0.054896 0.236625
0.039783 0.0115801 0.104474 0.0588651 0.0483043 0.303991 9.9991E-05 0.0441257 0.388777
9.9991E-05 0.0708843 0.0282031 0.205193 0.0435566 0.353061 0.131011 0.00368999 0.164302
9.9955E-05 9.9955E-05 9.9955E-05 0.0430396 9.9955E-05 0.439774 0.118264 9.9955E-05 0.398423
9.9946E-05 9.9946E-05 0.0607902 9.9946E-05 9.9946E-05 0.146672 9.9946E-05 9.9946E-05 0.791938
9.9964E-05 0.0423666 0.0188703 9.9964E-05 9.9964E-05 0.499947 9.9964E-05 0.000565467 0.437851
0.0319776 0.138035 0.0853382 0.0242551 0.0190801 0.362181 0.0795955 0.143849 0.115689
9.9964E-05 0.0328293 0.0232352 9.9964E-05 9.9964E-05 0.121458 9.9964E-05 0.0244779 0.797599
0.0320526 9.9955E-05 0.0640522 9.9955E-05 9.9955E-05 0.337102 9.9955E-05 9.9955E-05 0.566293
0.0588301 0.0761723 0.0106641 0.0118075 0.0165534 0.476048 9.9991E-05 0.0247404 0.325084
0.025044 0.0360013 9.9964E-05 9.9964E-05 9.9964E-05 0.38976 9.9964E-05 0.0906559 0.458139
0.0067292 0.134426 0.108726 0.0500341 0.162893 0.381019 0.0237697 0.097495 0.0349079
9.9973E-05 0.119153 9.9973E-05 0.141934 0.125722 0.398594 0.102726 9.9973E-05 0.111572
9.9982E-05 0.253851 0.00588892 0.0355276 0.140933 0.298764 0.159339 9.9982E-05 0.105496
0.054278 0.186162 0.12302 0.0778026 0.0126785 0.307461 0.153179 9.9991E-05 0.0853192
0.00359087 0.131205 0.0738173 9.9991E-05 0.15946 0.394905 0.128571 0.0472437 0.0611072
0.054562 0.176041 0.0462082 9.9982E-05 0.0496588 0.371713 0.115731 9.9982E-05 0.185885
0.0341651 0.141819 0.0531411 9.9973E-05 0.138831 9.9973E-05 0.162166 9.9973E-05 0.469578
0.0330644 0.131491 0.0451146 9.9973E-05 0.109724 0.653649 9.9973E-05 9.9973E-05 0.0266575
0.00769052 0.0850665 9.9964E-05 9.9964E-05 0.350324 9.9964E-05 0.156947 9.9964E-05 0.399572
9.9964E-05 0.177529 9.9964E-05 9.9964E-05 0.059287 0.441504 0.038423 9.9964E-05 0.282858
0.00460687 9.9955E-05 9.9955E-05 9.9955E-05 9.9955E-05 9.9955E-05 0.0343454 0.160307 0.800241
0.0263924 9.9946E-05 9.9946E-05 9.9946E-05 9.9946E-05 9.9946E-05 9.9946E-05 0.064654 0.908354
0.0219701 9.9964E-05 9.9964E-05 0.033622 9.9964E-05 0.323201 9.9964E-05 0.0556016 0.565205
0.00177222 0.0562856 9.9964E-05 9.9964E-05 0.00960501 0.533233 9.9964E-05 9.9964E-05 0.398704
9.9955E-05 9.9955E-05 9.9955E-05 0.0745488 9.9955E-05 0.354341 0.0222877 9.9955E-05 0.548323
9.9946E-05 9.9946E-05 9.9946E-05 9.9946E-05 9.9946E-05 0.420493 9.9946E-05 0.0965917 0.482316
9.9964E-05 0.0614868 9.9964E-05 0.0141058 9.9964E-05 0.445559 9.9964E-05 0.0250238 0.453425
0.0737315 0.0382641 9.9964E-05 9.9964E-05 0.717633 0.0546007 9.9964E-05 9.9964E-05 0.11537
0.0476789 0.107374 0.0780463 0.0209078 0.675825 9.9973E-05 9.9973E-05 9.9973E-05 0.0698683
0.0208861 0.0569775 0.000361843 0.0370504 0.882815 0.0016091 9.9973E-05 9.9973E-05 9.9973E-05
0.165025 9.9964E-05 9.9964E-05 9.9964E-05 0.770669 0.0392173 0.0147554 9.9964E-05 0.00993414
0.0679357 9.9973E-05 0.00257288 0.0688346 9.9973E-05 0.479987 0.028518 0.351852 9.9973E-05
0.00104666 0.0274085 9.9973E-05 0.0929672 0.00919289 0.435006 9.9973E-05 0.434079 9.9973E-05
0.0562305 9.9955E-05 9.9955E-05 0.0352564 9.9955E-05 0.459558 9.9955E-05 0.448456 9.9955E-05
0.0443343 9.9964E-05 9.9964E-05 9.9964E-05 0.0890004 0.535139 0.0176995 0.313427 9.9964E-05
0.000836671 0.0273553 0.142703 0.00522248 0.12009 0.493108 0.0131601 0.197425 9.9991E-05
9.9982E-05 9.9982E-05 0.135762 0.0326792 0.0370933 0.257572 0.0629949 0.450003 0.0236951
9.9955E-05 0.0837983 9.9955E-05 9.9955E-05 9.9955E-05 0.485494 9.9955E-05 0.400777 0.029431
0.0041494 9.9982E-05 0.0700075 9.9982E-05 0.0121169 0.271333 0.0279614 0.506103 0.108129
0.04296 0.138938 9.9982E-05 0.0317603 0.187063 0.446557 0.039453 9.9982E-05 0.113068
9.9973E-05 9.9973E-05 0.00818275 0.0644634 9.9973E-05 0.34131 0.103584 0.387772 0.0943878
0.0372435 0.0741906 0.0103425 0.116202 9.9973E-05 0.235619 9.9973E-05 0.526102 9.9973E-05
9.9955E-05 9.9955E-05 0.0721585 9.9955E-05 9.9955E-05 0.554722 9.9955E-05 0.30938 0.0632392
9.9964E-05 9.9964E-05 0.0390496 0.00709393 9.9964E-05 0.380683 9.9964E-05 0.471189 0.101585
0.0120094 9.9973E-05 0.0360839 9.9973E-05 0.0292874 0.516323 9.9973E-05 0.368214 0.037782
9.9973E-05 0.00484601 0.0502329 9.9973E-05 0.0569075 0.499589 9.9973E-05 0.239476 0.148648
9.9946E-05 9.9946E-05 9.9946E-05 9.9946E-05 9.9946E-05 0.0146819 9.9946E-05 0.886746 0.0979723
0.00236973 0.0610278 9.9991E-05 0.0540523 0.0116366 0.112186 0.0723482 0.610039 0.0762399
0.0141969 0.0710897 0.0566267 0.00250621 0.0104938 0.232446 0.00449976 0.497674 0.110467
9.9937E-05 9.9937E-05 9.9937E-05 9.9937E-05 9.9937E-05 9.9937E-05 0.148326 0.850975 9.9937E-05
0.0223327 0.00250442 0.150637 0.0558049 0.0228976 0.461898 0.00193052 0.281895 9.9991E-05
9.9964E-05 9.9964E-05 0.0558973 9.9964E-05 9.9964E-05 0.0737984 0.258715 0.596095 0.0150941
0.0187788 9.9955E-05 9.9955E-05 9.9955E-05 9.9955E-05 9.9955E-05 0.155457 0.684351 0.140913
9.9955E-05 0.00953637 9.9955E-05 9.9955E-05 9.9955E-05 0.559333 9.9955E-05 0.397214 0.0334169
0.00394991 9.9982E-05 0.0184032 0.109616 0.0426238 0.147632 9.9982E-05 0.667694 0.00988178
0.0172263 9.9964E-05 0.11977 0.0455109 9.9964E-05 0.432151 9.9964E-05 0.384942 9.9964E-05
0.0987815 0.11267 9.9973E-05 9.9973E-05 0.0596187 0.477282 9.9973E-05 0.177686 0.0736619
9.9946E-05 9.9946E-05 9.9946E-05 0.122831 9.9946E-05 0.511326 9.9946E-05 0.365244 9.9946E-05
0.0105478 0.0548625 0.049573 0.304223 9.9991E-05 0.319353 0.113167 0.0709334 0.07724
0.0471368 0.0390304 0.0462922 0.0292854 9.9991E-05 0.440597 0.0317064 0.358764 0.0070881
0.0413064 0.0256435 9.9982E-05 0.0899562 0.00443677 0.43997 0.0176343 0.380853 9.9982E-05
0.00402243 9.9982E-05 0.0238163 0.0134889 9.9982E-05 0.284468 0.0174012 0.651166 0.00543696
0.0294437 0.0498145 0.0291705 0.0901396 0.0100502 0.492698 0.0321291 0.214402 0.0521519
0.0362058 9.9982E-05 0.135803 0.168669 0.558522 9.9982E-05 0.042265 0.00418645 0.0541484
0.0679503 0.0356432 0.0416586 0.0839757 0.66282 9.9982E-05 0.0131585 0.0945941 9.9982E-05
0.147634 9.9964E-05 0.0469609 0.0755775 0.674181 9.9964E-05 0.0552472 9.9964E-05 9.9964E-05
0.1374 9.9964E-05 0.111714 0.0504866 0.680946 9.9964E-05 9.9964E-05 9.9964E-05 0.019054
0.0539464 9.9973E-05 0.134851 0.111102 0.64534 0.0513451 0.00311573 9.9973E-05 9.9973E-05
9.9973E-05 0.000927725 0.00808731 0.187774 0.041023 0.108422 9.9973E-05 0.653467 9.9973E-05
0.00665413 9.9982E-05 9.9982E-05 0.119893 0.0635628 0.105568 0.0117902 0.640638 0.0516947
