9.9973E-05 9.9973E-05 0.0750027 0.0109673 0.00184408 0.911886 9.9973E-05
9.9964E-05 0.0481902 0.026559 9.9964E-05 9.9964E-05 0.924851 9.9964E-05
9.9973E-05 9.9973E-05 0.0493013 0.119351 9.9973E-05 0.789985 0.0410624
9.9973E-05 9.9973E-05 0.15762 0.00831481 9.9973E-05 0.780805 0.0529607
9.9973E-05 9.9973E-05 0.034858 0.0306807 9.9973E-05 0.89152 0.0426418
0.291188 9.9973E-05 0.0436057 9.9973E-05 9.9973E-05 0.614033 0.0508734
0.196609 9.9964E-05 0.00477954 9.9964E-05 9.9964E-05 0.798212 9.9964E-05
0.221969 9.9973E-05 0.055107 9.9973E-05 9.9973E-05 0.718437 0.00418703
9.99729E-05 0.0985235 0.0525466 9.99729E-05 0.0438136 0.804816 9.99729E-05
0.203212 9.9973E-05 0.0238613 9.9973E-05 9.9973E-05 0.685599 0.0870276
0.245788 9.9964E-05 0.0510871 9.9964E-05 9.9964E-05 0.702725 9.9964E-05
9.9982E-05 0.14431 0.423195 0.359799 0.054069 9.9982E-05 0.0184269
9.9982E-05 9.9982E-05 0.22358 0.615698 0.0981636 0.0240822 0.0382766
9.9982E-05 0.10586 0.373404 0.305289 0.196251 9.9982E-05 0.0189958
9.9973E-05 9.9973E-05 0.338439 0.398911 0.166994 9.9973E-05 0.0953559
0.149261 0.0846166 0.234856 0.32552 9.9991E-05 0.0959734 0.109672
0.136456 9.9991E-05 0.133784 0.563141 0.0853316 0.00225724 0.0789304
0.196946 0.0583744 0.254501 0.394839 0.0367963 9.9991E-05 0.0584432
9.999E-05 0.0945592 0.26103 0.389968 0.157763 0.0559825 0.0405972
0.12745 0.114854 0.628232 9.9982E-05 0.0763292 9.9982E-05 0.0529352
0.0498568 0.191854 0.24444 0.382506 0.0276434 9.9991E-05 0.103599
0.0677537 0.1139 0.144806 0.549914 0.117096 9.9991E-05 0.00643006
0.0645577 0.0721511 0.237302 0.535662 0.0879819 0.00224559 9.9991E-05
0.0742329 0.142042 0.259539 0.386422 0.00671944 0.0155243 0.115521
0.0360964 0.114561 0.0596723 0.516465 0.0277077 0.0601273 0.18537
9.9973E-05 9.9973E-05 0.231176 0.59726 0.106328 9.9973E-05 0.0649367
0.02492 0.100417 0.469383 0.236237 0.104281 9.9991E-05 0.0646617
0.0510924 0.0725654 0.388762 0.21894 0.137331 9.9991E-05 0.13121
0.0964703 0.148834 0.387312 0.294623 0.0725608 9.9982E-05 9.9982E-05
9.9964E-05 9.9964E-05 9.9964E-05 0.0821367 9.9964E-05 0.851447 0.0660169
9.9973E-05 9.9973E-05 0.00246952 0.118703 9.9973E-05 0.842357 0.0361706
9.9973E-05 0.013995 9.9973E-05 0.136985 9.9973E-05 0.784371 0.0643487
9.9982E-05 0.0213314 9.9982E-05 0.102224 0.0553393 0.734562 0.0863433
0.117817 0.192639 0.116391 0.572852 9.9973E-05 9.9973E-05 9.9973E-05
0.0125127 0.246483 0.0273392 0.602239 9.9991E-05 0.0942506 0.0170752
0.0178434 0.248242 9.9982E-05 0.700409 9.9982E-05 0.000450657 0.0328549
9.9982E-05 0.110782 0.51308 0.203749 0.0954372 0.0767516 9.9982E-05
9.9964E-05 0.574761 9.9964E-05 0.407327 9.9964E-05 9.9964E-05 0.0175123
9.999E-05 0.208278 0.0805992 0.476039 0.0234051 0.160138 0.0514401
0.146437 0.141075 9.9991E-05 0.669799 0.0268574 0.00308967 0.0126421
0.358814 9.9964E-05 9.9964E-05 0.54503 9.9964E-05 0.0957564 9.9964E-05
0.150843 9.9973E-05 0.093547 0.645107 9.9973E-05 0.110203 9.9973E-05
9.9973E-05 0.57721 0.134544 0.236763 9.9973E-05 0.0511824 9.9973E-05
0.336373 9.9982E-05 9.9982E-05 0.506878 0.0844529 0.00776518 0.0643317
0.0689282 0.208403 9.9973E-05 0.608735 9.9973E-05 9.9973E-05 0.113634
9.999E-05 0.137043 0.0579777 0.464422 0.104346 0.0663557 0.169755
9.9955E-05 0.600217 9.9955E-05 0.399284 9.9955E-05 9.9955E-05 9.9955E-05
0.0442876 0.16605 9.9973E-05 0.732702 9.9973E-05 0.0566604 9.9973E-05
0.013568 0.162307 9.9982E-05 0.532342 9.9982E-05 0.210185 0.0813987
9.9973E-05 0.784362 0.00403232 9.9973E-05 0.159942 0.0513634 9.9973E-05
0.0176332 0.172775 0.457172 0.235992 0.116227 9.9982E-05 9.9982E-05
0.0759591 0.286496 0.192277 0.158198 0.28687 9.9982E-05 9.9982E-05
9.9982E-05 9.9982E-05 0.202244 0.647095 0.0612429 0.0723875 0.0168299
0.080416 0.0177697 0.0752623 0.551546 0.0461227 0.0931382 0.135745
0.0260253 0.0803313 0.0897225 0.678207 9.9982E-05 0.125513 9.9982E-05
0.0969561 0.343816 0.237849 0.200836 9.9982E-05 0.120342 9.9982E-05
0.0811035 0.0784837 0.15222 0.613978 0.0740154 9.9982E-05 9.9982E-05
0.0985787 0.00126162 0.0690599 0.622781 0.11956 0.0776023 0.0111561
0.0642411 0.213981 0.168501 0.376795 0.0272369 0.147382 0.00186272
0.0596511 0.136508 0.32295 0.122848 0.158942 0.143584 0.0555171
0.0562195 0.0417083 0.0548644 0.586933 0.157159 9.9991E-05 0.103017
9.9991E-05 0.147701 0.142955 0.482757 0.156695 0.0545741 0.0152176
0.125768 0.253363 0.451205 0.0537598 0.0772497 0.0385548 9.9991E-05
9.9973E-05 0.0695145 0.207967 0.563867 0.158352 9.9973E-05 9.9973E-05
0.0100203 0.0943738 0.0636341 0.621291 0.0935763 0.00681956 0.110285
0.0666878 0.00326352 0.0601633 0.581208 0.174137 0.0934667 0.0210736
9.9991E-05 0.237207 0.225398 0.312014 0.140969 0.0169564 0.0673556
9.9982E-05 0.149068 0.116508 0.517261 0.153662 9.9982E-05 0.0633012
9.9973E-05 9.9973E-05 0.163534 0.624024 0.208798 9.9973E-05 0.00334377
0.048023 0.19015 0.393046 0.255026 0.113555 9.9982E-05 9.9982E-05
9.9964E-05 0.277959 0.0487106 0.67293 9.9964E-05 9.9964E-05 9.9964E-05
9.9973E-05 0.568432 0.0948703 0.324391 9.9973E-05 0.0120062 9.9973E-05
9.9982E-05 0.0769738 0.149367 0.550809 0.135605 9.9982E-05 0.0870448
0.0236486 0.850813 9.9982E-05 0.0545414 0.0116686 0.0591285 9.9982E-05
9.9973E-05 0.8408 0.0468842 0.110892 9.9973E-05 0.00112331 9.9973E-05
9.99586E-05 0.583817 9.99586E-05 0.415683 9.99586E-05 9.99586E-05 9.99586E-05
9.9982E-05 0.338508 0.0735003 0.548799 9.9982E-05 0.028866 0.0101267
0.12416 0.0296503 0.0604214 0.632468 0.0449646 0.0886989 0.0196372
0.00200419 0.372626 0.0680291 0.52612 0.00500904 0.00812076 0.0180904
9.9982E-05 0.459732 0.17071 0.310998 9.9982E-05 0.0457097 0.0126498
9.9973E-05 0.407866 0.221598 0.314848 9.9973E-05 0.0553878 9.9973E-05
0.00699182 0.29727 9.9991E-05 0.558022 0.00604639 0.0670265 0.0645432
9.9964E-05 0.519114 9.9964E-05 0.41863 9.9964E-05 0.0618559 9.9964E-05
9.9973E-05 0.329027 0.0264739 0.524998 9.9973E-05 0.119201 9.9973E-05
0.105612 0.438913 9.9982E-05 0.398743 9.9982E-05 0.0369699 0.0195617
0.0749519 0.795722 0.00338525 0.0280616 0.0949544 9.9991E-05 0.00282495
9.9973E-05 0.131361 0.103929 0.728405 9.9973E-05 0.0360055 9.9973E-05
9.9973E-05 9.9973E-05 0.04801 0.117366 9.9973E-05 0.801768 0.0325563
9.9955E-05 9.9955E-05 9.9955E-05 0.114181 9.9955E-05 0.88532 9.9955E-05
9.9973E-05 9.9973E-05 9.9973E-05 0.0581252 0.0230333 0.853517 0.0650242
9.9964E-05 9.9964E-05 9.9964E-05 0.0555514 0.0626753 0.881373 9.9964E-05
9.9964E-05 9.9964E-05 9.9964E-05 0.0780445 0.112024 0.809532 9.9964E-05
0.00434649 9.9973E-05 9.9973E-05 0.0804014 0.0746204 0.840332 9.9973E-05
0.0152451 9.9973E-05 9.9973E-05 0.0284008 9.9973E-05 0.872503 0.0835514
0.0732358 0.216604 9.9982E-05 0.442207 9.9982E-05 0.129912 0.137841
0.0767832 0.154938 0.0490566 0.522803 9.9991E-05 0.0564651 0.139854
9.9973E-05 0.731158 0.0890092 0.140729 9.9973E-05 0.0388036 9.9973E-05
0.104569 0.0288079 0.118534 0.668704 0.0104519 0.0569067 0.0120268
0.0511352 0.320479 0.0749973 0.536117 9.9982E-05 0.0170718 9.9982E-05
0.0730284 0.303897 9.9982E-05 0.528364 9.9982E-05 0.0550758 0.0394351
0.0653191 0.188667 9.9982E-05 0.632388 0.0667686 0.0466575 9.9982E-05
9.9973E-05 0.357802 9.9973E-05 0.540181 9.9973E-05 0.0538106 0.0479058
9.9973E-05 0.695629 0.202585 0.0401128 9.9973E-05 0.0613729 9.9973E-05
0.0571491 0.138124 0.122584 0.464551 0.000241836 0.116727 0.100624
0.0803093 0.143312 0.0513215 0.650366 9.9991E-05 0.0727478 0.00184431
0.0847836 0.111021 0.018211 0.624133 0.0140483 0.104433 0.04337
0.0953156 0.520635 0.00273207 0.332403 0.0487136 9.9982E-05 9.9982E-05
0.0487511 0.340604 9.9973E-05 0.553022 9.9973E-05 0.0573233 9.9973E-05
0.104175 0.282855 0.0815082 0.511171 9.9982E-05 0.0200904 9.9982E-05
9.9964E-05 0.572386 9.9964E-05 0.317499 9.9964E-05 9.9964E-05 0.109715
9.9973E-05 0.312161 0.0861146 0.490166 9.9973E-05 0.111258 9.9973E-05
9.9982E-05 0.178988 0.0793566 0.551605 9.9982E-05 0.145225 0.0446257
9.9973E-05 0.184096 0.34096 0.2377 0.236945 9.9973E-05 9.9973E-05
9.9982E-05 9.9982E-05 0.325466 0.431925 0.106439 0.0368631 0.0991069
9.9982E-05 9.9982E-05 0.154315 0.584375 0.0701669 0.10324 0.0877027
0.0327976 0.0740826 0.141935 0.526375 0.0392377 0.0890906 0.0964817
9.9964E-05 9.9964E-05 0.339848 0.60342 0.0563321 9.9964E-05 9.9964E-05
0.0177004 0.0221634 0.230749 0.658677 0.0547706 0.0158403 9.9991E-05
9.9973E-05 9.9973E-05 0.3912 0.531358 0.0243723 0.0527701 9.9973E-05
9.9982E-05 0.158267 0.127581 0.565305 0.0539084 0.0947389 9.9982E-05
0.0839922 0.0842035 0.139806 0.585012 0.0299268 0.0357019 0.0413573
9.9973E-05 0.0254727 0.246269 0.679112 0.0488472 9.9973E-05 9.9973E-05
9.9973E-05 0.0372707 0.332371 0.617045 9.9973E-05 0.0130131 9.9973E-05
0.0675782 0.0705188 0.118794 0.598312 0.0398355 9.9991E-05 0.104862
0.141042 9.9991E-05 0.147817 0.497291 0.0221752 0.0720556 0.119519
9.9982E-05 0.0624547 0.223024 0.663005 9.9982E-05 0.00279889 0.0485168
0.079916 0.0442136 0.131662 0.518172 0.0681465 0.0472142 0.110676
0.0114087 0.0937405 0.159613 0.583319 0.0121468 9.9991E-05 0.139672
0.086085 9.9982E-05 0.265201 0.422387 0.182318 0.0438084 9.9982E-05
0.137508 0.0305481 0.067904 0.643728 0.0751993 9.9991E-05 0.0450128
9.9964E-05 9.9964E-05 0.121608 0.706815 0.171177 9.9964E-05 9.9964E-05
0.0139397 0.209427 0.374327 0.30961 0.0362754 0.00257263 0.0538477
0.0556615 0.230724 0.221286 0.232548 0.259581 9.9982E-05 9.9982E-05
0.0822118 0.0374613 0.251199 0.556828 9.9991E-05 0.0193215 0.0528784
0.0332073 0.391949 0.30579 0.0908964 0.123331 9.9991E-05 0.0547257
0.0712966 0.212755 0.332895 0.347955 9.9982E-05 0.0348981 9.9982E-05
0.0520892 0.132054 0.282267 0.528507 9.9982E-05 0.00488286 9.9982E-05
9.9973E-05 0.141304 0.395733 0.393049 9.9973E-05 0.0696145 9.9973E-05
0.0587532 0.0788224 0.486278 0.337159 9.9982E-05 9.9982E-05 0.0387877
0.0969935 9.9973E-05 0.157496 0.700178 9.9973E-05 0.0450326 9.9973E-05
0.00993313 9.9991E-05 0.153456 0.544882 0.120642 0.062379 0.108608
0.101861 0.0255212 0.150441 0.640402 9.9982E-05 0.0815747 9.9982E-05
0.06127 0.188778 0.381037 0.21142 0.157294 9.9982E-05 9.9982E-05
0.139139 0.0462018 0.00236821 0.616833 0.00870548 0.165647 0.0211064
0.108858 0.205386 9.9991E-05 0.452487 0.0813921 0.040498 0.111279
0.352723 0.326097 0.018582 9.9982E-05 0.205245 0.0971533 9.9982E-05
0.135653 0.15134 9.9982E-05 0.54106 9.9982E-05 0.0936871 0.0780605
0.180594 0.170753 0.088275 0.3777 0.0971799 0.0853978 9.9991E-05
0.131304 0.118141 0.00971436 0.53834 0.0779689 0.065257 0.0592749
0.18984 0.187926 0.0762832 0.267021 0.27873 9.9982E-05 9.9982E-05
0.450577 0.213825 0.0610605 0.142171 0.0616674 0.0706002 9.9991E-05
0.117681 0.0949224 0.18543 0.456716 0.145051 9.9982E-05 9.9982E-05
0.101532 0.0716216 0.0849323 0.564024 0.177689 9.9982E-05 9.9982E-05
0.226761 0.079489 0.0280975 0.450183 0.125187 0.0901825 9.9991E-05
0.194407 0.367465 0.0955079 9.9982E-05 0.180474 9.9982E-05 0.161946
0.0929294 0.0431965 0.125399 0.56495 9.9991E-05 0.0979339 0.0754916
0.275289 0.205297 0.063752 0.382481 0.0729808 9.9982E-05 9.9982E-05
0.144345 0.197532 0.100872 0.460297 0.0967544 9.9982E-05 9.9982E-05
0.132069 0.140952 0.0426785 0.50666 9.9991E-05 0.11474 0.0628003
0.16945 0.00770543 0.00252792 0.187936 0.217271 0.210363 0.204746
0.0992561 9.9973E-05 9.9973E-05 9.9973E-05 0.433817 0.380684 0.0859434
0.102391 9.9973E-05 9.9973E-05 9.9973E-05 0.558871 0.283021 0.0554167
0.00883783 9.9991E-05 0.0266392 0.0874273 0.324217 0.286922 0.265857
0.439479 0.0453901 9.9973E-05 0.509802 0.00502967 9.9973E-05 9.9973E-05
0.0969526 0.137138 0.0711746 0.578957 0.00965241 0.0431113 0.0630135
9.9973E-05 0.0406342 0.00304979 0.280865 9.9973E-05 9.9973E-05 0.675151
9.9982E-05 9.9982E-05 0.0849791 0.447287 0.0378167 0.0165929 0.413125
0.169348 9.9973E-05 9.9973E-05 0.30647 9.9973E-05 0.104324 0.419557
0.529328 0.189719 9.9982E-05 0.198494 0.0504521 9.9982E-05 0.0318079
0.153166 0.0673973 0.0495085 0.484747 0.0998301 0.0299487 0.115403
0.502443 0.234511 9.9973E-05 0.111763 0.150983 9.9973E-05 9.9973E-05
0.340057 0.0792094 9.9973E-05 0.546978 0.0334554 9.9973E-05 9.9973E-05
0.205216 0.233477 0.0108715 0.400126 0.150109 9.9982E-05 9.9982E-05
0.244562 0.101809 0.0148469 0.525738 0.0702022 9.9991E-05 0.0427422
0.43273 0.277173 0.0195824 0.144712 0.125603 9.9982E-05 9.9982E-05
0.221175 0.0731235 9.9982E-05 0.550153 9.9982E-05 0.0602585 0.0950898
0.196856 0.0336086 9.9991E-05 0.561183 0.0796 0.087131 0.041522
9.9955E-05 0.0333558 9.9955E-05 9.9955E-05 9.9955E-05 9.9955E-05 0.966144
0.029174 0.00371413 9.9973E-05 0.0470931 9.9973E-05 9.9973E-05 0.919719
0.0315944 0.0376063 0.0537644 0.179609 9.9991E-05 0.0329005 0.664426
9.9964E-05 9.9964E-05 0.0234149 0.280691 9.9964E-05 9.9964E-05 0.695494
0.0929501 0.0202379 0.0306152 0.0153082 9.9991E-05 0.000436836 0.840352
9.9955E-05 9.9955E-05 9.9955E-05 9.9955E-05 0.0210306 9.9955E-05 0.97847
9.9955E-05 9.9955E-05 0.0184366 9.9955E-05 9.9955E-05 9.9955E-05 0.981064
9.9955E-05 9.9955E-05 9.9955E-05 0.12725 9.9955E-05 9.9955E-05 0.87225
9.9955E-05 9.9955E-05 0.0399991 9.9955E-05 9.9955E-05 9.9955E-05 0.959501
9.995E-05 9.995E-05 9.995E-05 9.995E-05 9.995E-05 9.995E-05 0.9994
9.995E-05 9.995E-05 9.995E-05 9.995E-05 9.995E-05 9.995E-05 0.9994
9.9973E-05 9.9973E-05 9.9973E-05 0.193357 0.00165417 0.0186754 0.786013
9.9973E-05 9.9973E-05 9.9973E-05 0.154401 0.0668822 0.0586407 0.719776
9.995E-05 9.995E-05 9.995E-05 9.995E-05 9.995E-05 9.995E-05 0.9994
0.0358596 0.0660699 0.142443 0.283847 9.9991E-05 0.0255693 0.446111
9.9982E-05 9.9982E-05 0.0356554 0.196897 0.0318407 0.0443569 0.69105
9.9973E-05 9.9973E-05 9.9973E-05 0.117983 0.075082 0.00188247 0.804752
9.9964E-05 0.0343317 9.9964E-05 0.0245018 9.9964E-05 9.9964E-05 0.940767
9.9955E-05 9.9955E-05 9.9955E-05 9.9955E-05 0.00484881 9.9955E-05 0.994651
9.9982E-05 9.9982E-05 0.00873917 0.0667223 0.00808801 0.0391644 0.877086
9.9955E-05 9.9955E-05 9.9955E-05 9.9955E-05 9.9955E-05 0.0150344 0.984466
9.9982E-05 0.0413778 0.0195759 0.197567 9.9982E-05 0.107304 0.633975
9.9964E-05 0.0402986 0.0290505 9.9964E-05 9.9964E-05 9.9964E-05 0.930251
0.410042 0.100606 9.9973E-05 9.9973E-05 0.281493 0.207559 9.9973E-05
0.149867 9.9991E-05 0.146165 0.373787 0.108721 0.141298 0.0800621
0.354688 9.9982E-05 0.0366823 0.335773 9.9982E-05 0.258615 0.0140415
0.448254 0.0664999 9.9991E-05 0.0264842 0.181335 0.124757 0.15257
0.132161 0.0949202 9.9991E-05 0.36494 0.169914 0.105672 0.132293
0.308852 0.0860434 9.9991E-05 0.131011 0.273347 0.111685 0.0889601
0.345454 0.0200259 0.00861846 0.326199 9.9991E-05 0.195497 0.104105
0.349714 9.9982E-05 9.9982E-05 0.2498 0.208631 0.0242148 0.167441
0.254047 9.9991E-05 0.00103603 0.345674 0.0861754 0.12966 0.183308
0.289081 0.0173347 9.9991E-05 0.247156 0.112633 0.147938 0.185757
0.195239 0.00241388 9.9991E-05 0.508254 0.0521952 0.208996 0.032802
0.0522947 0.0275527 0.0586222 0.0252441 0.00539018 0.830796 9.9991E-05
9.9991E-05 0.00138226 0.0350503 0.00767939 0.0355414 0.871158 0.0490886
9.9973E-05 9.9973E-05 0.0115916 0.00908113 0.0523421 0.926685 9.9973E-05
9.9973E-05 9.9973E-05 0.0571282 0.0129925 0.0269306 0.902649 9.9973E-05
9.9973E-05 9.9973E-05 0.0626121 0.0523715 0.0432043 0.841512 9.9973E-05
9.9964E-05 9.9964E-05 9.9964E-05 9.9964E-05 0.078141 0.845224 0.0762353
9.9982E-05 0.00549499 9.9982E-05 0.0348472 0.0104949 0.875948 0.0730149
9.9973E-05 9.9973E-05 0.0236876 0.0198127 0.136038 0.820162 9.9973E-05
9.9964E-05 9.9964E-05 9.9964E-05 0.0742916 0.102734 0.822575 9.9964E-05
9.9973E-05 9.9973E-05 0.0088342 9.9973E-05 0.153394 0.770121 0.0673516
9.9982E-05 0.147948 0.213398 9.9982E-05 0.00100511 0.624009 0.0134402
9.9973E-05 0.0930741 0.295481 9.9973E-05 0.0401053 0.571039 9.9973E-05
0.0433274 0.133813 0.234276 9.9982E-05 0.115008 0.473376 9.9982E-05
0.0799881 0.166156 0.249436 9.9973E-05 9.9973E-05 0.504119 9.9973E-05
0.0320099 0.182795 0.0722045 0.618042 0.0408159 0.0540327 9.9991E-05
0.0942516 0.184033 0.108437 0.526732 9.9991E-05 0.032472 0.053974
0.0869094 0.0998795 0.155619 0.576451 9.9991E-05 0.0237191 0.0573228
9.9982E-05 0.176019 0.229774 0.479481 0.0816381 0.0328884 9.9982E-05
0.0602085 0.132492 0.582944 0.175816 9.9982E-05 9.9982E-05 0.0483396
0.146429 0.135081 9.9982E-05 0.60855 9.9982E-05 0.0968699 0.01287
0.0432463 0.217066 0.081566 0.587613 9.9991E-05 0.00531442 0.0650939
0.0501684 0.187705 0.139516 0.563689 0.0587218 9.9982E-05 9.9982E-05
9.9964E-05 0.539298 9.9964E-05 0.451859 9.9964E-05 9.9964E-05 0.00844272
0.0907625 0.0476259 0.150808 0.632653 0.0164852 0.0518745 0.00979083
0.0616896 0.2511 0.15688 0.521275 0.00885483 9.9982E-05 9.9982E-05
9.9964E-05 0.890282 0.0952207 9.9964E-05 9.9964E-05 9.9964E-05 0.0140977
0.0696 0.156623 0.169995 0.495052 0.100337 0.00829313 9.9991E-05
0.101445 0.47154 0.0153206 0.301591 0.0832011 0.0268022 9.9991E-05
9.9982E-05 0.385091 9.9982E-05 0.600379 0.00121843 0.00736024 0.00575087
9.9973E-05 0.565008 0.176477 0.201993 9.9973E-05 0.0562222 9.9973E-05
0.272944 9.9964E-05 0.600974 9.9964E-05 9.9964E-05 0.125682 9.9964E-05
0.333161 9.9964E-05 0.592722 9.9964E-05 9.9964E-05 0.073717 9.9964E-05
0.287702 9.9955E-05 0.711798 9.9955E-05 9.9955E-05 9.9955E-05 9.9955E-05
0.251784 9.9964E-05 0.682306 9.9964E-05 9.9964E-05 0.0655101 9.9964E-05
0.309811 9.9964E-05 0.687451 9.9964E-05 9.9964E-05 9.9964E-05 0.00233835
0.217383 9.9982E-05 0.663808 0.0443555 9.9982E-05 0.0307298 0.0435235
9.9973E-05 9.9973E-05 9.9973E-05 0.0556056 0.0249642 0.875761 0.0433695
0.0103748 9.9982E-05 0.0413718 0.0544127 9.9982E-05 0.851733 0.0419082
0.0530359 9.9982E-05 9.9982E-05 0.039419 0.00435832 0.724569 0.178418
9.9982E-05 9.9982E-05 0.0477494 0.0773576 0.0274263 0.746409 0.100858
0.0174291 9.9991E-05 0.0168058 0.0868916 0.0070068 0.777083 0.0946841
0.0475857 0.0780749 0.48042 9.9982E-05 0.0288461 0.364873 9.9982E-05
0.106744 0.0881533 0.367011 9.9973E-05 9.9973E-05 0.437792 9.9973E-05
9.9973E-05 0.0491147 0.455892 0.0463483 9.9973E-05 0.448345 9.9973E-05
9.9964E-05 9.9964E-05 9.9964E-05 0.123305 9.9964E-05 0.798099 0.0781967
9.9964E-05 0.137577 0.433685 9.9964E-05 9.9964E-05 0.428339 9.9964E-05
9.9973E-05 9.9973E-05 9.9973E-05 0.315482 0.209599 0.17824 0.296379
0.0535576 9.9982E-05 9.9982E-05 0.57399 0.0725672 0.0937918 0.205893
0.0774966 9.9973E-05 9.9973E-05 0.479364 9.9973E-05 0.185542 0.257297
0.108609 0.0613278 9.9991E-05 0.308892 0.0195813 0.275613 0.225877
0.0583558 0.065803 0.031967 0.495697 0.00532982 0.136146 0.206701
0.0552451 9.9973E-05 9.9973E-05 9.9973E-05 0.382463 0.352205 0.209787
0.0679642 0.152929 0.298566 0.480234 9.9982E-05 9.9982E-05 0.000107664
0.0254312 0.193336 0.250735 0.372174 0.158124 9.9982E-05 9.9982E-05
9.9982E-05 0.0358903 0.479848 0.359998 0.0360881 0.0879758 9.9982E-05
0.164055 0.207 0.0974642 0.507271 0.0232122 9.9991E-05 0.000897082
9.9964E-05 0.613444 0.134427 9.9964E-05 0.251729 9.9964E-05 9.9964E-05
9.9982E-05 0.104754 0.140683 0.647773 9.9982E-05 0.0633156 0.0432745
0.0207787 0.12234 0.154049 0.485613 0.21702 9.9982E-05 9.9982E-05
9.9973E-05 0.068874 0.444064 0.415643 0.0711189 9.9973E-05 9.9973E-05
0.00354045 9.9991E-05 0.21633 0.552428 0.069978 0.0999109 0.0577129
0.0645201 0.336136 0.227038 0.167525 0.204581 9.9982E-05 9.9982E-05
0.235371 0.10346 0.0924846 0.456716 0.0323959 9.9991E-05 0.0794721
0.0245688 0.0878896 0.262589 0.597786 9.9982E-05 9.9982E-05 0.026966
0.0482999 0.065663 0.0202538 0.548409 0.144553 0.0617014 0.11112
0.0423458 0.209995 0.219015 0.459769 0.0686753 9.9982E-05 9.9982E-05
0.0587039 0.159687 0.226749 0.472461 0.0600245 9.9991E-05 0.0222742
0.105554 0.175582 0.0547578 0.510297 0.0624421 9.9991E-05 0.0912668
0.0729509 0.0925332 0.191044 0.584389 0.0506515 0.00833147 9.9991E-05
0.0746663 0.0779438 0.0765245 0.612338 9.9991E-05 0.0527474 0.10568
9.9982E-05 0.135068 0.0902403 0.529394 0.11601 0.129087 9.9982E-05
0.109148 0.00663599 0.0992797 0.661216 0.0617219 0.0618982 9.9991E-05
9.9964E-05 9.9964E-05 9.9964E-05 0.0955797 9.9964E-05 0.805483 0.0985378
9.9973E-05 0.05611 9.9973E-05 0.0453 9.9973E-05 0.834521 0.0637689
9.9991E-05 0.0284916 0.0879028 0.0495634 0.0860386 0.731806 0.0160978
9.9973E-05 0.122236 9.9973E-05 0.021073 9.9973E-05 0.823763 0.0326278
0.0334244 9.9973E-05 9.9973E-05 0.0808459 9.9973E-05 0.831121 0.0543086
9.9973E-05 0.0189705 0.538244 0.268368 0.174118 9.9973E-05 9.9973E-05
0.0497818 0.105656 0.149477 0.526436 0.0565499 0.0600486 0.0520507
0.103054 9.9991E-05 0.0420115 0.464079 0.0876757 0.182672 0.120408
0.0219507 9.9982E-05 0.203287 0.646392 0.07365 9.9982E-05 0.0545201
9.9982E-05 0.150593 0.220411 0.539251 0.0191009 0.0704443 9.9982E-05
0.10271 0.127321 0.346138 0.275301 0.103358 9.9991E-05 0.0450716
9.9982E-05 0.115456 0.517987 0.0716816 0.182741 0.111934 9.9982E-05
0.0428865 0.0332568 0.312069 0.547621 9.9991E-05 0.0162068 0.0478605
0.14032 0.151961 0.440643 0.118201 9.9991E-05 0.0493347 0.0994401
0.0635321 0.141425 0.121948 0.418968 0.129873 0.0579578 0.0662963
9.9991E-05 0.179072 0.457648 0.169932 0.0646147 0.125518 0.00311486
0.0430502 0.0252253 0.14733 0.586917 0.0598726 0.0903976 0.0472071
9.9982E-05 0.216021 0.366499 0.262162 0.0709467 0.084172 9.9982E-05
0.0932024 0.13779 0.291343 0.31819 0.0744923 0.0149174 0.0700645
0.214733 0.0959475 0.0424166 0.511774 0.109616 0.0254122 9.9991E-05
0.584475 0.0540196 0.0949241 0.218358 0.0364606 9.9991E-05 0.0116634
0.254482 0.0470246 0.0723766 0.520854 0.00615995 0.0990028 9.9991E-05
0.19346 0.0716762 0.0131434 0.486879 9.9991E-05 0.158697 0.0760442
0.557598 0.136718 0.0677024 0.228407 0.00937481 9.9982E-05 9.9982E-05
0.165488 0.0477532 0.0610273 0.506424 0.0726433 0.0568152 0.0898493
0.265594 0.141538 9.9982E-05 0.509903 0.0822508 0.000514329 9.9982E-05
0.638246 0.2881 0.0732544 9.9964E-05 9.9964E-05 9.9964E-05 9.9964E-05
0.669196 0.115891 9.9973E-05 0.146617 0.0679958 9.9973E-05 9.9973E-05
0.48701 0.0109159 0.00952556 0.487578 0.00477027 9.9982E-05 9.9982E-05
0.630667 0.221403 0.0912506 0.0536436 0.00283625 9.9982E-05 9.9982E-05
0.301104 0.0361618 0.12903 0.43092 0.102584 9.9982E-05 9.9982E-05
9.9982E-05 0.12022 0.607005 0.15171 0.0910888 9.9982E-05 0.029776
9.9973E-05 0.258427 0.320947 0.310843 0.109483 9.9973E-05 9.9973E-05
9.9991E-05 0.144878 0.347647 0.392908 0.073524 0.00201356 0.0389289
0.0691221 9.9991E-05 0.164173 0.592656 0.0691496 0.0722372 0.0325621
0.00305923 0.242689 0.448854 0.305098 9.9973E-05 9.9973E-05 9.9973E-05
0.00528377 0.0555896 0.182486 0.535814 0.15298 0.00267869 0.0651678
9.9991E-05 0.0439264 0.192387 0.663714 0.0524213 0.0267375 0.0207137
0.00363086 0.0621589 0.209792 0.605544 0.0774148 0.0240545 0.0174059
9.9982E-05 0.0320828 0.32047 0.539416 0.0451262 9.9982E-05 0.062705
0.0172663 0.0872618 0.358937 0.423173 9.9991E-05 0.0176958 0.0955663
9.9982E-05 0.139997 0.453012 0.262684 0.030682 9.9982E-05 0.113425
9.9973E-05 0.072553 0.427112 0.383118 9.9973E-05 9.9973E-05 0.116916
9.9982E-05 0.0587523 0.203535 0.650984 0.0791773 9.9982E-05 0.00735176
0.000807722 0.0395612 0.148268 0.640055 0.127509 0.0114921 0.0323073
9.9973E-05 0.0714237 0.276107 0.461396 0.190773 9.9973E-05 9.9973E-05
9.9982E-05 0.11225 0.181804 0.612679 0.0848692 9.9982E-05 0.00819844
0.0743303 9.9982E-05 0.356231 0.406598 0.151006 0.0116345 9.9982E-05
0.0164997 0.031534 0.197789 0.656505 0.012026 0.0312594 0.0543871
0.0939009 0.0689291 0.228938 0.483432 0.0443698 0.0253639 0.0550656
9.9991E-05 0.149889 0.0763184 0.466426 0.0751868 0.168535 0.063545
0.109203 9.9982E-05 9.9982E-05 0.398962 0.130811 0.280673 0.080151
9.9982E-05 0.0173108 9.9982E-05 0.581199 0.177128 0.0756995 0.148463
0.120252 0.0936526 0.0298543 0.408726 0.137337 0.0865291 0.123649
0.128481 0.0609095 0.0153108 0.507943 0.0552973 0.049374 0.182685
0.0216654 0.0117655 9.9991E-05 0.509321 0.109083 0.165818 0.182247
0.10278 0.174523 0.1594 0.462336 0.0179957 9.9991E-05 0.082866
0.0203548 0.0479763 0.0831405 0.496489 9.9991E-05 0.199708 0.152232
0.139666 0.239816 0.0257922 0.00919502 0.361325 0.119908 0.104298
0.151131 0.004825 0.0934431 0.43157 0.027813 0.0895946 0.201623
0.0841642 0.0333112 0.0524848 0.56022 0.0300386 0.107758 0.132023
9.9991E-05 0.0164014 0.127073 0.514008 0.0656308 0.0543806 0.222407
9.9991E-05 0.0561134 0.0879649 0.380525 0.347967 0.0822293 0.0451009
0.00586087 9.9982E-05 9.9982E-05 0.596537 0.114458 0.152517 0.130427
0.0926276 9.9982E-05 9.9982E-05 0.585501 0.100376 0.136731 0.0845647
9.9973E-05 0.0497883 9.9973E-05 9.9973E-05 0.49871 0.335242 0.115961
0.00328286 0.0635377 0.0380343 0.428996 0.123388 0.0926544 0.250106
0.147441 0.0495942 9.9991E-05 0.432932 0.0630171 0.0831001 0.223816
0.0573814 0.0261028 9.9991E-05 0.616825 0.0268662 0.168344 0.104381
0.00818255 9.9991E-05 0.0163112 0.51825 0.166421 0.111957 0.178777
0.0507275 0.0165255 9.9991E-05 0.522491 0.0310051 0.229609 0.149542
0.0493804 0.322631 0.0898554 0.382343 9.9991E-05 0.0479446 0.107746
0.0450233 0.146475 0.113265 0.483585 0.00794369 0.118844 0.0848627
0.224275 0.706335 0.0462258 9.9982E-05 0.00859823 9.9982E-05 0.0143662
0.178964 0.678038 0.0242028 0.00990981 0.108685 9.9982E-05 9.9982E-05
0.0135263 0.176986 0.0934118 0.535414 0.103294 0.0092173 0.0681504
9.9982E-05 9.9982E-05 0.0522597 0.465852 0.168897 0.0631488 0.249642
9.9982E-05 0.081266 9.9982E-05 0.350272 0.208955 0.0644606 0.294847
0.110255 0.0831614 0.00714624 0.137079 0.222457 0.132799 0.307102
9.9982E-05 0.0235379 9.9982E-05 0.408762 0.247809 0.0942655 0.225426
0.239744 0.316478 9.9982E-05 0.129829 0.283866 9.9982E-05 0.0298836
0.0132961 0.334308 9.9982E-05 0.215839 0.384399 9.9982E-05 0.0519573
9.9982E-05 0.20069 9.9982E-05 0.619773 0.0643823 0.0236281 0.0913274
0.0979608 0.311735 9.9982E-05 0.310972 9.9982E-05 0.0935944 0.185537
0.0519365 0.312223 9.9991E-05 0.258096 0.181326 0.0687218 0.127596
9.9991E-05 0.171106 0.098343 0.558568 0.0299458 0.0271597 0.114777
0.128208 0.173814 0.0286751 0.496423 0.0307616 0.0332101 0.108908
0.140998 0.126706 0.0174254 0.496165 9.9991E-05 0.0997553 0.11885
0.154513 0.404901 0.0480666 0.34015 0.0432453 0.00902381 9.9991E-05
0.158266 0.354129 0.0875651 0.337318 9.9991E-05 0.000901756 0.06172
0.143916 0.173619 0.113418 0.455815 0.0558835 9.9991E-05 0.0572482
0.138913 0.324889 0.0795724 0.323422 0.04588 0.00529724 0.082026
0.146316 0.0806618 0.121786 0.302695 0.111557 0.0779085 0.159076
0.187339 0.237246 9.9973E-05 0.452763 0.122352 9.9973E-05 9.9973E-05
0.262202 0.419334 0.0866083 0.162439 0.00670905 9.9991E-05 0.0626075
0.110007 0.175049 9.9982E-05 0.583244 0.0936283 9.9982E-05 0.0378717
0.148965 0.513125 0.0332623 0.258606 0.045842 9.9982E-05 9.9982E-05
0.15123 0.324065 0.015602 0.443139 0.0403074 0.0227566 0.00290079
0.0746991 0.172991 0.000976781 0.512699 0.0164039 0.129509 0.0927219
0.16425 0.217582 0.0366343 0.484595 9.9991E-05 0.0757341 0.0211039
0.0659826 0.118958 9.9991E-05 0.43975 0.0205771 0.122154 0.232478
0.0782397 0.0494209 0.135085 0.436969 0.0990279 0.10545 0.0958075
0.0829005 0.0862731 0.058698 0.241848 0.133606 0.140168 0.256506
0.0984624 9.9991E-05 0.162663 0.292592 0.115338 0.108662 0.222183
0.208167 0.0207166 0.0490429 0.391048 9.9991E-05 0.134733 0.196192
0.0297554 0.0888953 0.0407497 0.426062 0.141961 0.102653 0.169924
0.142793 0.398577 9.9982E-05 9.9982E-05 0.152122 0.175215 0.131093
0.000788371 9.9991E-05 0.0667742 0.572341 0.109418 0.0580369 0.192541
0.0739722 0.173777 0.00132987 9.9991E-05 0.447097 0.262565 0.0411592
0.0921497 0.123568 9.9991E-05 0.447716 0.10148 0.0357654 0.199222
0.193807 0.665526 9.9973E-05 0.130449 0.00991831 9.9973E-05 9.9973E-05
0.0997097 0.827595 9.9973E-05 9.9973E-05 0.0108392 0.0615563 9.9973E-05
0.093974 0.362777 0.0384634 0.478474 9.9982E-05 9.9982E-05 0.0261115
0.0378217 0.221915 9.9991E-05 0.580457 0.0723345 0.0351287 0.0522429
0.136406 0.338009 9.9973E-05 0.493963 0.0313221 9.9973E-05 9.9973E-05
0.0414582 0.323761 0.0572349 0.497629 9.9991E-05 0.0182479 0.0615688
0.0896764 0.275506 0.0088019 0.52239 0.0453068 9.9991E-05 0.058219
0.00361182 0.0574977 9.9982E-05 0.0883042 9.9982E-05 0.793243 0.057143
0.0631602 9.9973E-05 0.108911 9.9973E-05 9.9973E-05 0.701957 0.125672
9.9964E-05 9.9964E-05 0.043934 9.9964E-05 9.9964E-05 0.917899 0.0377669
9.9964E-05 9.9964E-05 9.9964E-05 0.0372737 0.00180436 0.960522 9.9964E-05
9.9991E-05 0.304719 0.0479741 0.506834 0.0766477 0.0344545 0.0292705
9.9973E-05 0.265445 0.0265371 0.539057 9.9973E-05 0.16866 9.9973E-05
9.9964E-05 0.346189 0.0287576 0.624653 9.9964E-05 9.9964E-05 9.9964E-05
0.00866581 0.168941 9.9982E-05 0.693781 0.0270592 0.101353 9.9982E-05
0.0588164 0.0414757 0.120253 0.600566 9.9991E-05 0.154825 0.0239637
0.0678455 0.533163 0.061087 0.314104 9.9991E-05 0.0170533 0.00664712
9.9982E-05 0.277152 0.00509001 0.686721 9.9982E-05 0.00740212 0.0234351
0.160674 0.475685 9.9973E-05 0.354219 9.9973E-05 0.00912226 9.9973E-05
0.101977 0.00103245 9.9991E-05 0.407083 0.0702782 0.210645 0.208885
0.0202081 0.424912 0.0259351 0.432436 0.0508498 9.9991E-05 0.0455594
9.9973E-05 0.42913 0.0727179 0.456758 9.9973E-05 0.0410937 9.9973E-05
9.9973E-05 0.2859 0.0363465 0.639607 0.0378457 9.9973E-05 9.9973E-05
9.9982E-05 0.362242 0.096295 0.495951 9.9982E-05 0.0236235 0.0216884
0.0556554 0.318524 9.9973E-05 0.593894 9.9973E-05 9.9973E-05 0.0316261
9.9982E-05 0.256213 0.0314095 0.600071 9.9982E-05 0.0639443 0.0481618
9.9955E-05 0.824834 9.9955E-05 0.174666 9.9955E-05 9.9955E-05 9.9955E-05
0.0381923 0.549986 0.0187404 0.334895 0.0219544 0.0339659 0.00226569
9.9982E-05 0.515403 0.0931028 0.377628 0.00267294 0.0109932 9.9982E-05
9.9955E-05 0.959595 9.9955E-05 9.9955E-05 0.0399055 9.9955E-05 9.9955E-05
9.9973E-05 0.290954 0.122068 0.510337 0.0763398 9.9973E-05 9.9973E-05
0.0859483 0.572224 0.0287399 0.159315 0.153573 9.9982E-05 9.9982E-05
9.9955E-05 0.855419 9.9955E-05 9.9955E-05 0.144081 9.9955E-05 9.9955E-05
9.9973E-05 0.228068 9.9973E-05 0.686728 0.0292631 0.0556413 9.9973E-05
9.9973E-05 0.605279 0.0575377 0.287294 9.9973E-05 0.0495898 9.9973E-05
0.110614 0.327009 9.9973E-05 0.489668 9.9973E-05 9.9973E-05 0.0724085
9.9991E-05 0.139229 0.0433457 0.539062 0.0717482 0.0954207 0.111094
0.103366 0.261975 0.0483385 0.586021 9.9973E-05 9.9973E-05 9.9973E-05
0.0407063 0.128153 0.274514 0.423567 0.120833 9.9991E-05 0.0121272
0.0185015 0.234482 0.0616973 0.647322 9.9982E-05 0.0377971 9.9982E-05
0.0137083 0.234505 0.152026 0.5348 9.9982E-05 0.0647616 9.9982E-05
0.00383831 0.571839 0.0152628 0.386574 0.0222862 9.9982E-05 9.9982E-05
0.136599 0.149933 0.0679495 0.487744 9.9991E-05 0.0724714 0.0852036
0.0937657 9.997E-05 0.278447 9.997E-05 9.997E-05 0.627388 9.997E-05
0.00658707 0.0287609 0.124443 0.0287872 0.139042 0.67228 9.9991E-05
9.9973E-05 0.0224901 0.115441 9.9973E-05 0.0855674 0.776201 9.9973E-05
9.9973E-05 0.00663047 0.148074 9.9973E-05 0.0680402 0.776955 9.9973E-05
0.152096 9.9973E-05 0.10246 0.0196739 9.9973E-05 0.72547 9.9973E-05
9.9973E-05 0.604411 0.150063 0.197352 9.9973E-05 0.0478738 9.9973E-05
9.9973E-05 0.625317 0.108378 0.199745 9.9973E-05 0.0662603 9.9973E-05
0.0214735 0.718766 9.9982E-05 0.255027 0.00112606 9.9982E-05 0.00340707
0.178058 0.156238 9.9982E-05 0.452967 9.9982E-05 0.133209 0.0793285
0.075283 0.135808 9.9982E-05 0.571041 9.9982E-05 0.173386 0.0442822
0.125137 0.467109 9.9973E-05 0.331875 9.9973E-05 0.0755784 9.9973E-05
0.0806204 0.278651 9.9973E-05 0.528678 9.9973E-05 9.9973E-05 0.111751
0.0983777 0.372115 9.9982E-05 0.455356 9.9982E-05 0.064425 0.00952682
0.0845741 0.28689 0.00917341 0.57685 9.9982E-05 9.9982E-05 0.0423118
0.0180679 0.146149 0.0560934 0.6878 9.9982E-05 0.0916902 9.9982E-05
0.0769606 0.45674 0.124764 0.338859 9.9982E-05 9.9982E-05 0.00247736
0.0189867 0.498337 0.0773303 0.405046 9.9973E-05 9.9973E-05 9.9973E-05
0.0634794 0.363068 0.154885 0.418268 9.9973E-05 9.9973E-05 9.9973E-05
0.320789 9.9964E-05 9.9964E-05 0.559 9.9964E-05 0.119811 9.9964E-05
9.9973E-05 0.460596 0.0483997 0.468532 9.9973E-05 0.0221723 9.9973E-05
0.00646502 0.30288 0.0488878 0.542702 0.0126042 0.0863604 9.9991E-05
0.119188 9.9982E-05 9.9982E-05 0.336198 0.0138268 0.0281776 0.50241
0.0385648 0.0632794 0.00509138 0.295465 0.0415325 0.0584809 0.497586
0.0646162 9.9982E-05 9.9982E-05 0.414402 0.0058496 0.120101 0.394831
0.0218333 9.9982E-05 9.9982E-05 0.275193 0.128359 0.142856 0.431559
0.0655873 9.9982E-05 9.9982E-05 0.497814 0.0991061 0.0544795 0.282813
0.171524 0.238243 9.9982E-05 0.547877 0.0314554 9.9982E-05 0.0107015
9.9982E-05 9.9982E-05 0.00354999 0.0368715 0.126813 0.207421 0.625145
9.9991E-05 0.00265722 0.0504824 0.318285 0.0272138 0.124556 0.476705
0.185217 0.0741897 9.9991E-05 0.307621 0.170166 0.114098 0.148609
0.397267 9.9973E-05 9.9973E-05 0.49226 0.0660366 0.0441364 9.9973E-05
0.447186 0.0903859 0.023271 0.235398 0.0183648 0.132014 0.0533812
0.397431 9.9982E-05 0.0389521 0.380531 9.9982E-05 0.104647 0.0782385
0.134059 0.0268318 0.101907 0.588931 0.0474944 0.0826962 0.0180809
0.0660939 9.9973E-05 9.9973E-05 0.29386 9.9973E-05 0.172224 0.467522
9.9991E-05 0.0325372 0.0519951 0.386269 0.0507651 0.0928789 0.385454
0.01368 9.9982E-05 9.9982E-05 0.380189 0.0949381 0.0445277 0.466466
9.9982E-05 9.9982E-05 0.102938 0.389247 0.140483 0.0913547 0.275776
0.0121665 0.0217625 9.9991E-05 0.274272 0.116253 0.0666669 0.508779
0.0717587 0.0812595 9.9991E-05 0.336837 0.0304011 0.0803843 0.39926
0.0827215 9.9982E-05 9.9982E-05 0.196845 0.0310197 0.0902686 0.598945
0.00838373 0.0327298 0.115033 0.353199 9.99899E-05 9.99899E-05 0.490454
0.416543 9.9973E-05 9.9973E-05 0.473488 0.0514591 9.9973E-05 0.0582097
0.114474 9.9991E-05 0.075736 0.331388 0.0283016 0.0877874 0.362213
0.013997 9.9982E-05 9.9982E-05 0.122311 0.154279 0.0567691 0.652444
9.9991E-05 0.151894 0.0918337 0.2817 0.00362542 0.124239 0.346607
0.519124 0.0313453 0.18963 0.106532 9.9991E-05 0.0984808 0.0547881
0.487932 9.9964E-05 9.9964E-05 0.384517 9.9964E-05 9.9964E-05 0.127151
9.9982E-05 0.0659515 9.9982E-05 0.337759 0.00525005 0.20887 0.38197
0.294085 9.9982E-05 0.0127364 0.554487 9.9982E-05 0.0657037 0.0727875
0.42534 0.00580704 0.00234428 0.381832 9.9982E-05 0.184477 9.9982E-05
0.0290045 0.140759 0.00860969 0.381397 0.0381986 0.148087 0.253944
9.9973E-05 9.9973E-05 9.9973E-05 0.37228 0.244172 0.139437 0.243812
0.133844 0.138576 9.9982E-05 0.517381 9.9982E-05 0.0317372 0.178262
9.9991E-05 0.100929 0.0367138 0.294359 0.0466282 0.0819742 0.439295
0.0788589 0.0142018 9.9991E-05 0.247207 0.0689288 0.0700814 0.520622
0.0222368 9.9982E-05 9.9982E-05 0.127149 0.118757 0.169005 0.562653
0.228238 9.9991E-05 0.0668924 0.527317 0.0553213 0.0362324 0.0858989
0.452604 9.9973E-05 0.0305199 0.415654 9.9973E-05 0.100922 9.9973E-05
0.627569 0.063215 9.9982E-05 9.9982E-05 0.165454 0.0328801 0.110682
0.166192 0.0116238 0.0223004 0.639221 0.0928127 0.0426451 0.0252051
0.197192 0.0651619 0.147134 0.379159 0.118236 0.0930178 9.9991E-05
0.0654737 0.0373379 9.9991E-05 0.455401 0.166246 0.112877 0.162565
0.0602973 9.9991E-05 0.129134 0.560642 0.176028 0.0522551 0.0215441
9.9973E-05 9.9973E-05 9.9973E-05 0.0549556 0.867834 0.0600234 0.0168876
9.9955E-05 9.9955E-05 9.9955E-05 0.0055922 0.993908 9.9955E-05 9.9955E-05
9.9991E-05 0.0632108 0.111771 0.379172 0.372593 0.0361067 0.0370468
0.0340472 9.9991E-05 0.00579041 0.145905 0.709864 0.0606896 0.0436044
9.9973E-05 9.9973E-05 9.9973E-05 0.0527839 0.728925 0.148608 0.0693831
0.0222423 0.172422 9.9982E-05 0.442735 0.352366 9.9982E-05 0.0100343
9.9982E-05 0.054063 9.9982E-05 0.387322 0.310614 0.110237 0.137564
0.0926536 0.013654 9.9991E-05 0.244778 0.46493 0.113923 0.0699615
9.9955E-05 9.9955E-05 9.9955E-05 0.166175 0.833326 9.9955E-05 9.9955E-05
0.011676 9.9982E-05 0.0669216 0.478736 0.345659 9.9982E-05 0.0968078
0.00119232 0.141292 9.9982E-05 0.21869 0.622119 9.9982E-05 0.0165061
9.9955E-05 9.9955E-05 9.9955E-05 9.9955E-05 0.947646 0.0518545 9.9955E-05
0.0641266 9.9991E-05 0.0863846 0.468145 0.0447876 0.142387 0.194069
9.9973E-05 9.9973E-05 0.0392591 0.423685 0.424305 9.9973E-05 0.112451
9.9982E-05 0.0103383 9.9982E-05 0.491583 0.064745 0.301362 0.131772
0.0633145 9.9973E-05 9.9973E-05 0.497586 9.9973E-05 0.159754 0.279045
0.117688 0.107761 9.9991E-05 0.460949 0.0515999 0.0960611 0.165841
0.0492753 0.0722574 9.9991E-05 0.419679 0.135883 0.0710227 0.251782
0.0821511 9.9982E-05 9.9982E-05 0.360234 0.0509675 0.325287 0.18116
9.9982E-05 9.9982E-05 0.0392109 0.601452 0.0620351 0.209669 0.0874334
0.0173604 9.9991E-05 0.0037749 0.452682 0.0133726 0.262748 0.249962
0.0881325 0.042486 0.00243009 0.287386 0.151849 0.198828 0.228888
0.00256776 0.187725 0.155307 0.343424 0.0488327 0.137734 0.124411
0.0778633 0.0235853 0.0414357 0.58315 9.9991E-05 0.212649 0.0612176
9.9982E-05 0.0161664 9.9982E-05 0.562055 0.0632466 0.209343 0.14899
0.088622 0.0178568 0.010323 0.580808 0.0127466 0.188402 0.101241
0.0484797 9.9982E-05 9.9982E-05 0.400708 0.072016 0.259061 0.219536
0.16696 9.9982E-05 0.00543962 0.429389 9.9982E-05 0.198899 0.199113
9.9982E-05 0.0758825 9.9982E-05 0.219103 0.302276 0.246459 0.156079
9.9973E-05 9.9973E-05 9.9973E-05 0.60107 0.179899 0.168342 0.0503893
9.9982E-05 0.0507973 9.9982E-05 0.217954 0.308469 0.189202 0.233378
0.010467 0.0663779 0.0909015 9.9991E-05 0.0637777 0.758378 0.00999758
9.9982E-05 0.00594505 0.721929 0.156464 0.054552 0.0609092 9.9982E-05
9.9964E-05 0.00740812 0.969397 9.9964E-05 9.9964E-05 0.0227951 9.9964E-05
9.9955E-05 9.9955E-05 0.991972 9.9955E-05 9.9955E-05 0.00752825 9.9955E-05
9.9964E-05 9.9964E-05 0.952264 0.026444 9.9964E-05 9.9964E-05 0.0208917
9.9973E-05 9.9973E-05 0.854499 0.0958659 9.9973E-05 0.0353375 0.0139977
0.072813 9.9973E-05 0.844363 0.0815643 9.9973E-05 0.000959537 9.9973E-05
9.9964E-05 0.0161661 0.915716 9.9964E-05 9.9964E-05 0.0677183 9.9964E-05
9.9964E-05 9.9964E-05 0.761848 9.9964E-05 9.9964E-05 0.223994 0.0137585
9.9982E-05 9.9982E-05 0.0717461 0.0263775 0.00586012 0.884299 0.0115177
9.9973E-05 9.9973E-05 0.0951858 0.0931083 0.0261975 0.785208 9.9973E-05
0.064308 0.0060413 9.9982E-05 9.9982E-05 0.0361465 0.836406 0.0568985
0.0436343 9.9982E-05 0.0905174 0.00503939 0.114667 0.745942 9.9982E-05
9.9982E-05 9.9982E-05 0.0284818 0.00782041 0.0565314 0.876743 0.0302237
0.0434302 0.0371975 0.0240669 9.9973E-05 9.9973E-05 0.895005 9.9973E-05
0.110839 9.9982E-05 0.00702873 0.0502415 9.9982E-05 0.755503 0.0761873
0.0402051 9.9982E-05 0.0056118 0.0453523 9.9982E-05 0.871147 0.0374837
0.059604 0.00595934 0.122738 0.00712592 9.9991E-05 0.709445 0.0950282
0.0273058 0.0120577 9.9973E-05 9.9973E-05 9.9973E-05 0.859801 0.100536
0.036186 0.0253641 9.9964E-05 9.9964E-05 9.9964E-05 0.93805 9.9964E-05
9.9991E-05 0.0138231 0.0411747 0.0158673 0.0155523 0.818427 0.0950559
0.060832 9.9973E-05 0.00594068 9.9973E-05 9.9973E-05 0.930635 0.0022928
0.0233361 9.9982E-05 9.9982E-05 0.0171018 0.0215675 0.900463 0.0373314
9.9973E-05 0.0274929 9.9973E-05 0.0240588 9.9973E-05 0.858825 0.0893236
9.9964E-05 9.9964E-05 9.9964E-05 0.0939845 9.9964E-05 0.854566 0.0510497
9.9973E-05 9.9973E-05 9.9973E-05 0.120873 0.0247939 0.742394 0.111639
9.9964E-05 9.9964E-05 9.9964E-05 0.114641 9.9964E-05 0.796251 0.0887085
9.9964E-05 9.9964E-05 9.9964E-05 0.0916189 9.9964E-05 0.827228 0.0807535
0.493838 9.9991E-05 0.0621742 0.256212 0.0396369 0.0746666 0.0733722
0.353652 9.9964E-05 9.9964E-05 0.614268 9.9964E-05 0.0316799 9.9964E-05
0.141851 0.104761 0.0657852 0.462645 9.9991E-05 0.139951 0.0849067
0.755128 0.109228 9.9964E-05 9.9964E-05 0.135244 9.9964E-05 9.9964E-05
0.362031 9.9973E-05 0.0245068 0.493046 9.9973E-05 0.120116 9.9973E-05
0.710275 0.0407112 9.9973E-05 9.9973E-05 0.159656 0.089058 9.9973E-05
0.363416 9.9973E-05 9.9973E-05 0.521419 9.9973E-05 0.0133044 0.101561
0.477109 0.0124548 0.126015 0.370996 9.9982E-05 0.0132253 9.9982E-05
0.475113 9.9973E-05 0.0412696 0.420907 9.9973E-05 0.0624111 9.9973E-05
0.101816 0.262362 0.0221648 0.504342 9.9982E-05 0.109115 9.9982E-05
0.500781 9.9973E-05 0.0906663 0.396878 9.9973E-05 0.0113749 9.9973E-05
0.329823 0.0309209 9.9973E-05 0.532314 9.9973E-05 0.106642 9.9973E-05
0.364594 9.9982E-05 0.0980944 0.442081 9.9982E-05 0.0392605 0.0557696
9.9982E-05 0.252531 0.396731 0.173863 0.168808 9.9982E-05 0.00786657
0.892426 0.0710805 0.0360932 9.9964E-05 9.9964E-05 9.9964E-05 9.9964E-05
0.827004 0.0102587 0.0369815 9.9982E-05 0.113513 9.9982E-05 0.0120422
0.320824 9.9973E-05 9.9973E-05 0.586913 9.9973E-05 0.0618489 0.0301142
0.404945 9.9982E-05 0.0208185 0.432274 9.9982E-05 0.0979483 0.0438141
0.296902 0.0296451 9.9982E-05 0.502007 0.0789467 0.0922991 9.9982E-05
