9.9964E-05 9.9964E-05 0.809198 0.0755887 0.0785108 9.9964E-05 9.9964E-05 0.0363029
0.00558031 9.9973E-05 0.938441 0.00649487 0.0364974 9.9973E-05 0.0126864 9.9973E-05
9.9973E-05 9.9973E-05 0.768155 0.0568158 0.0208953 0.112557 9.9973E-05 0.0412767
9.9973E-05 9.9973E-05 0.761432 0.0567521 0.0526401 0.0732097 9.9973E-05 0.055666
9.9964E-05 9.9964E-05 0.869556 9.9964E-05 9.9964E-05 0.0571724 0.0276423 0.0452299
0.0551409 0.116532 0.616546 0.012069 0.0822462 0.032304 9.9991E-05 0.0850623
9.9973E-05 0.110849 0.830447 0.00801861 0.0107478 0.0396381 9.9973E-05 9.9973E-05
9.9991E-05 0.0746321 0.702087 0.0393584 0.152988 0.0124591 0.0145078 0.00386811
0.0309684 0.0463823 0.831665 0.0112595 0.0794251 9.99729E-05 9.99729E-05 9.99729E-05
9.9991E-05 0.0154751 0.698414 0.0389032 0.0619396 0.122416 0.0489725 0.0137796
0.0186558 0.0758127 0.755845 9.9982E-05 0.08472 0.050222 0.0145443 9.9982E-05
0.137659 0.0144054 9.9973E-05 9.9973E-05 0.491932 0.329007 9.9973E-05 0.0266967
9.9973E-05 0.0349227 9.9973E-05 0.0322892 0.304163 0.594969 9.9973E-05 0.0333568
0.103556 0.0103567 9.9991E-05 0.0583661 0.421857 0.252355 0.0937255 0.0596834
0.0376314 0.00400523 0.0517358 0.055502 0.347374 0.380331 9.9991E-05 0.12332
0.0689959 0.118573 0.157892 0.00215246 0.174793 0.3596 9.9991E-05 0.117894
0.0332462 0.0581912 0.0236333 0.0461945 0.100929 0.59211 0.0603388 0.0853568
0.198425 0.00171517 0.0373469 0.00398135 0.256672 0.429621 9.9991E-05 0.0721378
0.133598 0.00256995 0.122005 0.0238527 0.327552 0.284033 9.9991E-05 0.106289
0.0730133 0.107738 9.9991E-05 0.0177203 0.67261 0.0211282 0.0228491 0.0848414
0.172633 0.0227506 9.9991E-05 0.0501055 0.299589 0.290444 0.00578187 0.158596
0.0220595 0.260967 9.9982E-05 0.0136838 0.162664 0.537976 9.9982E-05 0.00245025
0.117553 9.9982E-05 0.0305353 9.9982E-05 0.165328 0.506346 0.0817698 0.0982683
0.0951245 0.0818993 9.9982E-05 0.0319888 0.378641 0.342582 9.9982E-05 0.0695651
0.118823 0.00928752 0.126895 9.9991E-05 0.0823109 0.572015 0.00381542 0.0867527
0.0650249 0.0537207 0.033239 0.0251736 0.202019 0.549084 9.9991E-05 0.0716396
0.0631645 0.000504032 0.0431357 0.0490028 0.498332 0.292745 9.9991E-05 0.0530161
0.0928794 0.0867048 0.0101021 0.00887964 0.368917 0.267068 9.9991E-05 0.165349
0.113417 0.13902 9.9973E-05 9.9973E-05 0.398252 0.289236 0.0597738 9.9973E-05
9.994E-05 9.994E-05 9.994E-05 0.9993 9.994E-05 9.994E-05 9.994E-05 9.994E-05
9.994E-05 9.994E-05 9.994E-05 0.9993 9.994E-05 9.994E-05 9.994E-05 9.994E-05
9.9964E-05 9.9964E-05 0.500411 0.365579 9.9964E-05 0.119913 9.9964E-05 0.0136973
0.056728 9.9973E-05 0.505168 0.298124 9.9973E-05 0.0908091 9.9973E-05 0.0488704
0.341937 0.00430031 0.0335619 9.9991E-05 0.0902255 0.523442 0.000379951 0.00605349
0.258418 0.0587881 0.0398132 0.0376295 0.00484377 0.48948 0.0523685 0.0586586
0.349795 9.9973E-05 9.9973E-05 0.0172937 0.0290965 0.523325 9.9973E-05 0.0801903
0.069992 0.0463981 0.0791526 0.00981762 0.546182 0.232524 0.0158335 9.9991E-05
0.588582 0.00542337 9.9991E-05 0.0253215 0.0159108 0.314248 0.00871729 0.0416972
0.271739 0.013175 0.049161 9.9991E-05 0.0293871 0.535576 0.0787118 0.0221502
0.224728 9.9982E-05 0.0212466 0.032012 0.0333464 0.588568 9.9982E-05 0.0998985
0.163957 0.0701497 0.124316 9.9973E-05 0.014826 0.626452 9.9973E-05 9.9973E-05
0.0391466 0.118222 0.051623 0.0535301 0.039579 0.654344 9.9991E-05 0.0434558
0.715103 0.0435068 0.0222142 0.029607 0.101015 0.0883541 9.9982E-05 9.9982E-05
0.0235751 0.163895 0.0373385 0.0196678 0.0864295 0.651157 9.9991E-05 0.0178373
0.232793 0.0405902 0.0709854 0.0137737 9.9991E-05 0.506574 0.0939634 0.0412207
0.107484 0.0564044 0.0941067 0.0185882 0.0680542 0.542504 9.9991E-05 0.112758
0.666591 9.9964E-05 9.9964E-05 0.024822 9.9964E-05 0.307321 9.9964E-05 0.000866332
0.180516 0.0174295 0.118227 0.0152683 9.9973E-05 0.66826 9.9973E-05 9.9973E-05
0.21126 0.0292419 0.0751496 0.0572465 0.0712184 0.453398 0.0309106 0.0715752
0.649661 0.225816 0.0726227 9.9964E-05 9.9964E-05 9.9964E-05 0.0515006 9.9964E-05
0.195051 0.11268 9.9973E-05 9.9973E-05 0.441829 0.173174 0.076966 9.9973E-05
0.23816 0.309256 9.9991E-05 0.0145066 0.240557 0.085136 0.0917855 0.020499
0.1445 9.9982E-05 0.128756 0.0247012 0.0794821 0.531485 9.9982E-05 0.0908757
9.999E-05 0.087663 0.136163 0.024378 0.019772 0.627049 0.0617842 0.0430905
0.0308313 0.122878 0.0751922 0.0294681 0.0883878 0.485233 0.0520591 0.11595
0.180113 0.148016 0.0515266 0.04247 0.314993 0.219633 0.0431491 9.9991E-05
0.0132335 0.074644 9.9982E-05 0.0186004 0.252553 0.626146 9.9982E-05 0.0146233
0.0860416 0.0833569 0.128091 0.0138773 0.0360517 0.590632 0.00551644 0.0564335
0.131499 0.0942103 0.11037 0.00171041 0.228461 0.335701 0.085225 0.0128226
0.123215 0.140779 0.151828 0.0448832 0.379337 0.114991 0.00369573 0.0412719
0.0919767 0.059921 9.9991E-05 0.0495674 0.0421169 0.627018 0.111635 0.0176644
0.0427888 0.0224836 0.0893188 9.9991E-05 0.263965 0.463743 0.0693684 0.0482317
0.255323 0.139639 9.9982E-05 0.0608968 0.499916 0.0338697 0.0101548 9.9982E-05
0.101139 0.0502821 0.00422435 0.061081 0.144469 0.543193 0.0955112 9.9991E-05
0.00674866 9.9991E-05 0.0586645 0.0133531 0.00916246 0.635683 0.208396 0.0678918
9.9991E-05 0.0683348 0.111578 0.0173893 0.172358 0.565622 0.0507442 0.013873
0.207946 9.9982E-05 0.0541029 9.9982E-05 0.228644 0.238489 0.180783 0.0898354
0.114526 0.123702 9.9991E-05 0.0229937 0.228374 0.425271 0.00675542 0.0782779
0.0375081 9.9982E-05 0.0613215 0.00819867 0.20035 0.659772 0.0326504 9.9982E-05
0.13472 0.104509 9.9982E-05 0.0482959 0.364087 0.24904 0.0991483 9.9982E-05
0.42689 9.9964E-05 9.9964E-05 0.000579045 0.0216041 0.550527 9.9964E-05 9.9964E-05
0.699855 9.9964E-05 9.9964E-05 0.045829 0.0845241 0.169392 9.9964E-05 9.9964E-05
0.143089 0.0407995 0.0820313 0.0301062 0.0799474 0.453337 0.136236 0.0344536
0.822362 0.177039 9.9946E-05 9.9946E-05 9.9946E-05 9.9946E-05 9.9946E-05 9.9946E-05
0.86247 0.0896228 9.9955E-05 9.9955E-05 9.9955E-05 9.9955E-05 0.047407 9.9955E-05
0.632013 9.9964E-05 0.00624262 9.9964E-05 9.9964E-05 0.277894 0.0834499 9.9964E-05
0.424119 0.00166612 0.0392087 9.9973E-05 0.0823503 0.452356 9.9973E-05 9.9973E-05
0.117445 9.9982E-05 0.107145 9.9982E-05 0.0381416 0.498756 0.139223 0.0990892
0.463162 0.0115277 0.030107 0.0376243 0.0421325 0.39665 0.000191005 0.0186057
0.617351 9.9973E-05 0.0551634 9.9973E-05 0.124061 0.175798 9.9973E-05 0.0273261
0.474543 9.9982E-05 0.0380701 0.00728779 0.243708 0.233086 9.9982E-05 0.00310504
0.242383 0.0294355 0.0214189 0.123201 9.9991E-05 0.489653 0.0293854 0.0644223
0.514596 9.9991E-05 0.0484133 0.0178581 0.0751605 0.222058 0.0449778 0.0768368
0.434048 0.0195103 0.0359732 0.0147177 0.031309 0.463067 9.9991E-05 0.00127542
0.516104 9.9973E-05 0.0222323 0.0273793 9.9973E-05 0.386507 0.0474779 9.9973E-05
0.645012 0.236434 9.9982E-05 9.9982E-05 0.0256184 0.0256916 0.059814 0.00723001
0.345325 9.9973E-05 9.9973E-05 0.0134728 0.0414158 0.50023 9.9973E-05 0.0992559
9.9973E-05 9.9973E-05 0.766017 0.058827 0.027058 0.116129 9.9973E-05 0.0316694
9.9955E-05 9.9955E-05 0.819501 0.119481 9.9955E-05 0.0605192 9.9955E-05 9.9955E-05
9.9964E-05 9.9964E-05 0.762071 0.114703 9.9964E-05 0.103299 9.9964E-05 0.0195275
9.9964E-05 0.00632459 0.838462 0.107835 9.9964E-05 0.0469789 9.9964E-05 9.9964E-05
9.9982E-05 0.0357458 0.77104 0.106906 9.9982E-05 0.0726999 0.000469919 0.012938
9.9982E-05 9.9982E-05 0.830053 0.0794919 0.0150862 0.0379038 0.0153594 0.0219056
9.9955E-05 9.9955E-05 0.840248 0.0800877 9.9955E-05 0.0791642 9.9955E-05 9.9955E-05
0.177215 0.0802994 0.1072 0.0532378 9.9982E-05 0.500265 0.0815833 9.9982E-05
0.115809 0.00762983 0.0471523 0.074609 0.122786 0.631814 9.9982E-05 9.9982E-05
0.777961 9.9964E-05 0.0327542 9.9964E-05 0.123776 0.065109 9.9964E-05 9.9964E-05
0.231461 9.9991E-05 0.0971769 0.00742519 0.00394846 0.562799 0.0393509 0.0577387
0.44074 9.9973E-05 0.00704503 0.0155466 0.0756727 0.460696 9.9973E-05 9.9973E-05
0.26399 9.9973E-05 0.0497354 0.0264338 9.9973E-05 0.62984 0.029701 9.9973E-05
0.320266 9.9973E-05 0.0988501 0.0107623 9.9973E-05 0.541964 0.0278576 9.9973E-05
0.453151 9.9973E-05 0.0172561 9.9973E-05 9.9973E-05 0.437867 0.00205171 0.0893744
0.720914 9.9955E-05 0.0411714 9.9955E-05 0.237415 9.9955E-05 9.9955E-05 9.9955E-05
0.0982496 0.0842769 0.16415 9.9982E-05 0.0693867 0.506524 9.9982E-05 0.0772133
0.209365 0.0458312 0.0133425 0.00916304 0.0213076 0.6135 0.0469473 0.0405433
0.0920134 9.9982E-05 0.138495 9.9982E-05 0.0143149 0.577404 0.133901 0.0436726
0.470837 0.182273 9.9964E-05 9.9964E-05 9.9964E-05 0.296218 0.0502719 9.9964E-05
0.45009 9.9973E-05 0.0238816 9.9973E-05 9.9973E-05 0.44796 0.0616219 0.0161464
0.402393 0.0109454 0.0400097 9.9982E-05 0.05509 0.48071 0.0106525 9.9982E-05
0.517777 9.9973E-05 9.9973E-05 0.00682014 9.9973E-05 0.377734 0.0250678 0.0723008
0.41308 9.9982E-05 0.115157 0.0180985 0.0294082 0.41413 0.00992634 9.9982E-05
0.12982 9.9991E-05 0.0936673 0.0459905 0.106768 0.5215 0.0720238 0.0301307
0.180398 0.142588 0.0510912 0.0142503 0.234987 0.165578 0.205103 0.00600339
9.9982E-05 0.109529 0.0536755 0.057796 0.295639 0.440928 9.9982E-05 0.0422325
9.9991E-05 0.0433334 0.075712 0.0158946 0.221101 0.523151 0.0817012 0.0390067
0.16169 9.9991E-05 0.113088 0.0314028 0.0938753 0.399441 0.0125804 0.187823
9.9964E-05 9.9964E-05 9.9964E-05 0.102793 0.296644 0.503282 0.0968818 9.9964E-05
9.9973E-05 0.0209607 0.0404834 9.9973E-05 0.277427 0.641868 0.0189604 9.9973E-05
0.070409 9.9973E-05 9.9973E-05 9.9973E-05 0.342919 0.538671 0.0448316 0.0028692
0.0361557 0.0601901 0.0852174 0.0223396 0.19802 0.500543 0.0974332 9.9991E-05
9.9991E-05 0.108195 0.070599 0.0136352 0.14912 0.542691 0.0362894 0.0793707
9.9982E-05 0.0314194 0.00269891 0.0686209 0.214828 0.594179 0.0880545 9.9982E-05
0.0351802 9.9973E-05 9.9973E-05 0.00990936 0.324891 0.537537 0.0921817 9.9973E-05
0.0399536 0.0757683 0.0644608 9.9991E-05 0.105114 0.609962 0.0903823 0.0142585
0.0308421 0.0190095 0.108663 9.9991E-05 0.0824456 0.631612 0.0377569 0.0895712
0.133485 9.9982E-05 9.9982E-05 0.0282564 0.170681 0.531666 0.059515 0.076196
9.9982E-05 0.0317246 0.00418612 9.9982E-05 0.144957 0.543899 0.131969 0.143064
0.0652396 0.0569774 9.9991E-05 0.0387323 0.180036 0.467831 0.109446 0.0816379
9.9982E-05 0.156475 0.0370736 0.0684591 0.226728 0.38262 0.128445 9.9982E-05
0.0569455 0.0495027 9.9982E-05 9.9982E-05 0.132247 0.658514 0.057418 0.045173
9.9982E-05 0.126313 0.0261411 9.9982E-05 0.0736122 0.675135 0.0700577 0.0285408
0.252069 0.00893605 0.0197224 0.0409759 0.327137 0.279909 0.0519534 0.0192977
0.141102 0.253567 0.0342567 0.00403684 0.197638 0.150633 0.212667 0.00609933
0.125197 0.0176358 9.9991E-05 0.0342029 0.19695 0.557892 0.0467066 0.0213142
0.106231 0.237999 9.9982E-05 9.9982E-05 0.305869 0.0898693 0.202675 0.0571573
0.13078 0.0108598 0.0199522 0.0482351 0.408032 0.277233 0.104808 9.9991E-05
0.183577 9.9982E-05 0.0634512 0.00529889 0.280616 0.441491 0.0253654 9.9982E-05
0.12429 9.9982E-05 0.00747385 0.0494042 0.377444 0.387902 0.0532866 9.9982E-05
0.127982 0.0312776 0.0248769 9.9982E-05 0.431313 0.339005 0.0453456 9.9982E-05
0.110547 0.0446082 9.9991E-05 0.0533239 0.150136 0.549907 0.0637162 0.0276623
0.203873 0.0145146 0.078159 9.9991E-05 0.126071 0.543753 0.00501762 0.0285121
0.0983043 0.0112415 9.9982E-05 9.9982E-05 0.239817 0.513247 0.0993383 0.0378515
0.165375 0.221307 9.9982E-05 9.9982E-05 0.274828 0.115448 0.152624 0.0702189
0.0940179 0.0723578 0.184655 9.9991E-05 0.103088 0.440013 0.0414673 0.0643013
0.117967 0.19068 0.0373714 9.9982E-05 0.0645774 0.55463 9.9982E-05 0.0345747
0.184128 0.410998 0.117876 0.000748616 0.111712 9.9982E-05 0.174338 9.9982E-05
0.100248 0.055692 0.157906 0.0197582 9.9991E-05 0.622444 0.0433181 0.000533644
0.173521 0.195491 0.0812516 9.9991E-05 0.0759954 0.314061 0.122076 0.0375045
9.9991E-05 0.128028 0.0755913 0.0250121 0.0374171 0.521248 0.139591 0.0730124
0.1394 0.406846 0.0470768 0.040655 0.0859412 0.276475 0.00350652 9.9991E-05
0.100511 0.377219 9.9982E-05 0.0442355 0.209204 0.178633 0.0899989 9.9982E-05
0.128345 0.101268 0.0328638 9.9982E-05 0.122586 0.406138 0.208599 9.9982E-05
9.9991E-05 0.201743 0.0532237 0.00874967 0.117849 0.521781 0.00222997 0.0943236
0.0342309 0.12628 0.134528 9.9991E-05 0.134089 0.417722 0.0779634 0.0750858
0.256737 0.42688 9.9991E-05 0.0330162 0.0965516 0.0219075 0.0175029 0.147306
0.024589 0.163907 0.0327246 0.0591175 0.0029682 0.559021 0.102942 0.05473
0.138126 0.317191 9.9973E-05 9.9973E-05 0.133451 0.340679 0.0702534 9.9973E-05
0.0946589 0.188549 9.9982E-05 9.9982E-05 0.121288 0.452001 0.120969 0.0223349
0.109501 0.051784 0.111668 9.9991E-05 0.0130287 0.586016 0.0682266 0.0596757
0.0473581 0.238692 0.278242 0.0526561 0.0105108 0.147852 9.9991E-05 0.224589
9.9964E-05 0.393716 0.471219 0.0149346 9.9964E-05 9.9964E-05 9.9964E-05 0.119731
9.9964E-05 0.459496 0.383432 0.0328028 9.9964E-05 9.9964E-05 9.9964E-05 0.12387
9.9973E-05 0.21331 0.340734 9.9973E-05 0.006286 0.0833249 9.9973E-05 0.356045
0.0605397 0.278138 9.9964E-05 0.00514973 9.9964E-05 0.655773 9.9964E-05 9.9964E-05
0.0384609 0.0466579 0.0716928 0.0260749 0.0507382 0.545159 0.177612 0.0436042
0.0112369 9.9973E-05 9.9973E-05 0.0210218 0.0151736 0.231239 9.9973E-05 0.721029
0.065891 9.9973E-05 9.9973E-05 9.9973E-05 0.135457 0.276425 0.0155957 0.506331
0.0162098 0.0157665 9.9982E-05 0.0167925 0.186959 0.357646 9.9982E-05 0.406427
0.107035 0.411718 9.9973E-05 0.0112929 9.9973E-05 0.302301 0.167353 9.9973E-05
0.141463 0.099461 0.0443788 0.052018 0.0688866 0.448648 0.0355874 0.109557
0.150955 0.515637 9.9973E-05 9.9973E-05 0.00440851 0.233189 0.0955098 9.9973E-05
0.109277 0.225368 9.9973E-05 9.9973E-05 0.026287 0.583175 0.0555928 9.9973E-05
0.0880264 0.261447 9.9973E-05 9.9973E-05 0.0650346 0.509535 0.0756569 9.9973E-05
9.9982E-05 0.225995 0.0368111 9.9982E-05 0.0757698 0.609353 0.0402766 0.0115947
0.157916 0.472434 9.9973E-05 9.9973E-05 0.0600413 0.221527 0.0877819 9.9973E-05
0.087705 0.0987723 0.039466 0.0121401 0.0432305 0.663305 9.9991E-05 0.0552807
0.111675 0.233389 0.0437547 9.9991E-05 0.0297768 0.496787 0.00261762 0.0819006
0.00117947 9.9964E-05 9.9964E-05 9.9964E-05 0.0190064 9.9964E-05 0.0267874 0.952627
0.00978486 9.9964E-05 9.9964E-05 9.9964E-05 9.9964E-05 0.102903 0.0035761 0.883336
9.9982E-05 0.0307009 9.9982E-05 0.0347053 0.0616251 0.312298 0.0016082 0.558862
9.9964E-05 9.9964E-05 9.9964E-05 0.0216953 0.0318929 0.288661 9.9964E-05 0.65735
9.9964E-05 9.9964E-05 0.0144997 9.9964E-05 0.024339 0.0933153 9.9964E-05 0.867446
9.994E-05 9.994E-05 9.994E-05 9.994E-05 9.994E-05 9.994E-05 9.994E-05 0.9993
9.9955E-05 9.9955E-05 0.0325982 9.9955E-05 0.0320974 9.9955E-05 9.9955E-05 0.934805
9.9946E-05 9.9946E-05 9.9946E-05 9.9946E-05 9.9946E-05 0.121887 9.9946E-05 0.877514
9.9955E-05 9.9955E-05 9.9955E-05 0.0184395 0.0299885 9.9955E-05 9.9955E-05 0.951072
9.994E-05 9.994E-05 9.994E-05 9.994E-05 9.994E-05 9.994E-05 9.994E-05 0.9993
9.9946E-05 9.9946E-05 9.9946E-05 0.0219729 9.9946E-05 9.9946E-05 9.9946E-05 0.977427
9.9964E-05 9.9964E-05 9.9964E-05 0.0731181 9.9964E-05 0.185042 0.0102316 0.731209
9.9964E-05 9.9964E-05 0.0714231 0.0208954 9.9964E-05 0.15233 9.9964E-05 0.754951
0.017556 9.9955E-05 9.9955E-05 0.0346869 9.9955E-05 9.9955E-05 9.9955E-05 0.947257
0.0816687 0.0118758 9.9991E-05 0.0376051 0.119152 0.189466 0.10874 0.451392
0.00694984 0.0291749 9.9982E-05 0.0338708 0.0786703 0.156293 9.9982E-05 0.694841
9.9973E-05 0.0470735 0.0313057 0.0128615 9.9973E-05 0.173154 9.9973E-05 0.735306
9.9964E-05 9.9964E-05 9.9964E-05 0.0400981 0.0232145 0.0626509 9.9964E-05 0.873637
0.0105835 9.9964E-05 9.9964E-05 0.0041751 9.9964E-05 0.0261011 9.9964E-05 0.95874
9.9973E-05 9.9973E-05 0.0503987 0.0216381 0.00856048 0.0320942 9.9973E-05 0.887009
0.0139257 9.9955E-05 0.000238272 9.9955E-05 9.9955E-05 9.9955E-05 9.9955E-05 0.985336
0.0612133 9.9973E-05 0.0969871 0.00501559 9.9973E-05 0.270775 9.9973E-05 0.56571
0.00234266 9.9973E-05 0.0409221 9.9973E-05 9.9973E-05 0.0885252 0.00587897 0.862031
0.0739182 0.576944 0.328886 9.9973E-05 9.9973E-05 9.9973E-05 0.00353726 0.0164146
0.0234037 0.174723 0.0879872 0.0506774 0.177027 0.412314 0.0114363 0.0624309
0.0153155 0.223722 0.20969 0.00543068 0.0470338 0.451585 9.9991E-05 0.0471235
0.0203737 0.473291 0.137839 0.0672649 9.9991E-05 0.206931 0.0350202 0.0591803
0.0106209 0.287064 0.0859772 9.9982E-05 0.0511192 0.54758 9.9982E-05 0.0174389
0.0310268 0.423815 0.221572 0.0174397 9.9991E-05 0.236097 0.0113175 0.0586319
9.9991E-05 0.0977796 0.134095 0.040562 0.141177 0.405428 0.102386 0.0784731
0.0508058 0.37638 0.100423 9.9973E-05 9.9973E-05 0.252572 9.9973E-05 0.21952
9.9991E-05 0.321595 0.0489829 0.0763554 0.00689946 0.48871 0.00543111 0.0519269
9.9973E-05 0.314533 0.0898339 0.0690803 9.9973E-05 0.36543 9.9973E-05 0.160823
0.0587564 0.157561 0.22894 0.0254118 9.9991E-05 0.507084 0.00886151 0.013285
9.9964E-05 0.0426689 0.830543 9.9964E-05 0.0400071 0.0863809 9.9964E-05 9.9964E-05
9.9973E-05 0.0166999 0.875108 0.0320086 9.9973E-05 0.0172726 9.9973E-05 0.0586113
9.9973E-05 0.00147429 0.913752 0.0344497 0.0414376 0.00858695 9.9973E-05 9.9973E-05
9.9964E-05 9.9964E-05 0.936808 0.00695136 0.00611828 0.0497224 9.9964E-05 9.9964E-05
9.9982E-05 0.0501475 0.777913 0.0782214 0.0317341 0.0126276 9.9982E-05 0.0491566
0.00901288 9.9973E-05 0.805866 0.0849131 0.00137928 9.9973E-05 9.9973E-05 0.0985293
9.9964E-05 9.9964E-05 0.773059 0.0850449 9.9964E-05 0.0407879 9.9964E-05 0.100708
9.9973E-05 0.0483354 0.853942 0.0395356 0.0560406 0.00184644 9.9973E-05 9.9973E-05
0.048382 9.9973E-05 0.86006 0.0226881 9.9973E-05 0.0169675 9.9973E-05 0.0516023
9.9973E-05 0.0768072 0.795154 0.0427588 9.9973E-05 0.00124189 9.9973E-05 0.0837384
0.155103 0.00150426 0.549297 0.0585806 0.2085 9.9982E-05 0.0268148 9.9982E-05
0.114608 9.9973E-05 0.545669 0.0559802 0.262067 9.9973E-05 0.0213759 9.9973E-05
0.0410016 0.0909839 0.478564 0.0656124 0.262656 9.9982E-05 0.0609818 9.9982E-05
0.12258 0.0175896 0.53322 0.00917154 0.290248 9.9982E-05 0.0269909 9.9982E-05
0.24305 0.00611313 0.0433927 0.0430851 0.138374 0.525785 9.9982E-05 9.9982E-05
0.248393 9.9982E-05 0.0548849 9.9982E-05 0.0410211 0.482792 0.110689 0.0620202
0.163971 9.9982E-05 9.9982E-05 0.0164311 0.207785 0.559002 0.0271057 0.0255053
0.164355 0.05042 0.00786473 0.0147447 0.314899 0.447516 9.9982E-05 9.9982E-05
0.197797 9.9964E-05 9.9964E-05 9.9964E-05 0.6142 0.141175 0.0464283 9.9964E-05
0.209033 0.0315634 0.0752112 9.9982E-05 9.9982E-05 0.607339 0.0330819 0.0435717
0.281769 9.9982E-05 9.9982E-05 0.0134008 0.0478726 0.532138 0.072224 0.0523957
0.323644 0.0524054 0.00845333 9.9973E-05 0.0891971 0.526 9.9973E-05 9.9973E-05
0.555217 9.9973E-05 9.9973E-05 9.9973E-05 0.0109305 0.306554 0.0312964 0.0957014
0.139036 0.0643131 0.0823486 0.0163726 0.0311405 0.666589 9.9982E-05 9.9982E-05
0.403466 9.9955E-05 9.9955E-05 9.9955E-05 0.132535 0.463499 9.9955E-05 9.9955E-05
0.741798 0.0571268 9.9964E-05 9.9964E-05 0.0750464 9.9964E-05 0.125629 9.9964E-05
0.118412 9.9982E-05 0.0990285 0.0104853 0.102659 0.625593 0.0436211 9.9982E-05
0.515627 0.144062 0.0239366 9.9982E-05 9.9982E-05 0.210156 0.101824 0.0041948
0.333538 0.0565764 0.0197057 9.9982E-05 0.0136755 0.547404 0.0289 9.9982E-05
0.678982 9.9964E-05 0.0357864 9.9964E-05 0.185898 0.098933 9.9964E-05 9.9964E-05
9.9964E-05 0.117902 0.125553 9.9964E-05 0.725993 0.0301523 9.9964E-05 9.9964E-05
9.9973E-05 0.0394573 0.135156 9.9973E-05 0.667457 0.0729114 0.084718 9.9973E-05
9.9973E-05 0.0189996 0.0110909 0.00555267 0.819695 9.9973E-05 0.144362 9.9973E-05
9.9964E-05 0.0194471 0.139088 9.9964E-05 0.775723 9.9964E-05 0.0653417 9.9964E-05
9.9982E-05 0.0625197 9.9982E-05 0.0234943 0.842839 0.00089495 0.0356657 0.0343861
9.9982E-05 9.9982E-05 0.103 0.0134779 0.722448 0.052288 0.0791386 0.0294482
9.9964E-05 9.9964E-05 0.797071 0.0842153 9.9964E-05 0.0772643 9.9964E-05 0.0410498
9.9973E-05 9.9973E-05 0.813731 0.0278132 0.0284743 0.0927687 9.9973E-05 0.0369126
9.9982E-05 0.0374022 0.715674 0.0546302 9.9982E-05 0.10185 0.00289444 0.0873487
9.9973E-05 9.9973E-05 0.716681 0.0656206 0.0589692 0.0872488 9.9973E-05 0.0711803
9.9973E-05 9.9973E-05 0.776779 0.00782614 0.0182537 0.110694 9.9973E-05 0.0861473
0.0476831 0.0447294 0.433697 9.9964E-05 0.47349 9.9964E-05 9.9964E-05 9.9964E-05
0.0229446 9.9964E-05 0.494599 9.9964E-05 0.389616 9.9964E-05 0.0924407 9.9964E-05
0.0483289 9.9982E-05 0.446534 0.019509 0.409009 9.9982E-05 0.0736574 0.00276129
9.994E-05 9.994E-05 9.994E-05 0.9993 9.994E-05 9.994E-05 9.994E-05 9.994E-05
0.112203 9.9955E-05 0.421015 9.9955E-05 0.466282 9.9955E-05 9.9955E-05 9.9955E-05
9.9973E-05 0.0735405 0.229866 9.9973E-05 9.9973E-05 0.270436 0.0700265 0.355831
9.9973E-05 9.9973E-05 0.138455 9.9973E-05 0.0532927 0.520517 0.0943476 0.193088
9.9964E-05 9.9964E-05 0.065811 0.0528998 9.9964E-05 0.556269 9.9964E-05 0.324621
0.0937368 0.0997868 0.246696 9.9973E-05 9.9973E-05 0.326546 9.9973E-05 0.232934
0.121002 0.0863847 0.18854 0.0356013 9.9982E-05 0.349913 9.9982E-05 0.218359
9.9964E-05 0.254254 0.466236 9.9964E-05 9.9964E-05 9.9964E-05 0.0125167 0.266594
0.05948 0.10469 9.9973E-05 9.9973E-05 0.254621 0.431704 0.149205 9.9973E-05
0.040892 0.157411 0.0583045 9.9982E-05 0.177509 0.424628 0.141055 9.9982E-05
9.9982E-05 0.0203549 0.0527891 0.0527765 0.525476 0.286471 0.0619316 9.9982E-05
0.145539 0.123618 0.00927164 9.9991E-05 0.134767 0.457562 0.12868 0.000461976
0.223801 0.355452 9.9964E-05 9.9964E-05 0.122078 9.9964E-05 0.298269 9.9964E-05
0.0815033 0.156453 9.9991E-05 0.0249358 0.114739 0.489354 0.0784947 0.0544205
0.0549257 0.0811526 0.00414889 0.00445003 0.242938 0.492896 0.117497 0.00199169
0.145103 0.00951918 0.00348216 0.0372156 0.423006 0.351036 0.0305388 9.9991E-05
0.114421 0.071978 0.0725092 9.9991E-05 0.132013 0.485726 0.0585494 0.064703
0.219667 0.29884 9.9973E-05 9.9973E-05 0.253402 0.134002 0.0937887 9.9973E-05
0.0942384 0.157153 0.00561762 0.01106 0.13284 0.428637 0.149361 0.0210924
0.107213 0.0102039 9.9991E-05 0.0198307 0.263442 0.506839 0.0350936 0.0572786
0.0897024 0.0912668 0.163424 9.9982E-05 0.062634 0.469719 9.9982E-05 0.123054
0.106456 0.0889515 9.9982E-05 9.9982E-05 0.232424 0.409813 0.119134 0.0430211
0.126599 0.0274465 0.00239838 0.0061269 0.28289 0.461462 0.0771615 0.0159157
9.9982E-05 0.0530337 0.0115442 9.9982E-05 0.142964 0.515645 0.220049 0.0565638
0.0977456 0.0765613 0.0344494 9.9991E-05 0.139023 0.570781 0.0609137 0.020426
9.9991E-05 0.0670398 0.000351763 0.00662837 0.171395 0.644942 0.0943005 0.0152429
0.144154 0.065835 0.116364 9.9982E-05 0.0795426 0.513755 9.9982E-05 0.0801485
0.0645567 0.0636538 0.0290614 0.010816 0.204167 0.588831 9.9991E-05 0.0388137
9.9955E-05 9.9955E-05 0.779723 9.9955E-05 9.9955E-05 0.0772982 9.9955E-05 0.142479
9.9964E-05 9.9964E-05 0.848369 0.0107286 9.9964E-05 0.101832 9.9964E-05 0.0386701
0.0366933 0.0134983 0.788464 9.9982E-05 0.0203713 0.0622206 0.0785525 9.9982E-05
0.103312 9.9982E-05 0.750235 0.0530585 0.0123594 9.9982E-05 0.025329 0.055506
0.0107991 9.9964E-05 0.770827 0.0971779 9.9964E-05 0.120797 9.9964E-05 9.9964E-05
9.9964E-05 0.126784 9.9964E-05 0.012026 0.586617 0.274173 9.9964E-05 9.9964E-05
0.0291968 0.130332 9.9991E-05 0.0651032 0.120558 0.501706 0.06459 0.0884134
9.9973E-05 0.15997 0.25595 9.9973E-05 9.9973E-05 0.493958 0.0170706 0.0727522
0.0307027 0.00363179 9.9991E-05 0.0862711 0.181171 0.586398 0.0201017 0.0916235
0.11647 9.9991E-05 0.0333686 0.000553133 0.246842 0.506923 0.0510901 0.0446535
0.0322566 0.27465 9.9991E-05 0.00578648 0.281482 0.241603 0.104577 0.0595448
0.128832 0.202948 0.0806346 0.046283 0.541002 9.9973E-05 9.9973E-05 9.9973E-05
0.0307863 0.00106588 0.0285159 0.0356964 0.316375 0.550211 0.0372495 9.9991E-05
0.063091 9.9991E-05 0.0501214 0.0175412 0.524181 0.150467 0.133976 0.0605227
0.131858 0.070623 0.00433757 0.0375931 0.18595 0.454234 0.115304 9.9991E-05
0.0746214 9.9991E-05 0.160856 0.00027489 0.497898 0.132941 0.101855 0.0314536
0.0308098 0.017835 0.0807999 0.0361858 0.156281 0.636656 0.00109293 0.0403392
0.122279 9.9982E-05 0.0830387 0.0403734 0.485348 0.231575 0.0371866 9.9982E-05
0.0944628 0.10725 9.9991E-05 0.0225767 0.24602 0.366167 0.121593 0.0418308
9.9982E-05 0.187339 0.0440196 9.9982E-05 0.147204 0.426267 0.187318 0.00765297
9.9964E-05 0.551113 9.9964E-05 9.9964E-05 0.117571 0.308728 0.0221874 9.9964E-05
0.123502 0.166058 0.0606628 9.9982E-05 0.112521 0.507114 9.9982E-05 0.0299421
0.0389106 0.239927 0.0263102 0.0497016 0.0128556 0.594626 9.9991E-05 0.0375684
0.0289883 0.392816 0.00119963 9.9982E-05 0.101298 0.383529 0.0919683 9.9982E-05
0.0508603 0.0933179 0.0125351 0.0759863 0.092485 0.560807 0.0969564 0.0170524
0.055736 0.249241 9.9973E-05 9.9973E-05 0.0614106 0.502505 0.130807 9.9973E-05
0.0725957 0.534538 9.9973E-05 9.9973E-05 0.155093 0.12364 0.113833 9.9973E-05
0.00452976 0.570861 9.9973E-05 9.9973E-05 0.0371979 0.287887 0.0992244 9.9973E-05
9.9973E-05 0.330122 9.9973E-05 0.00620828 0.0874247 0.54423 0.0317151 9.9973E-05
0.246055 0.418619 9.9973E-05 9.9973E-05 0.135027 0.108082 0.0919165 9.9973E-05
0.0899982 0.271628 9.9964E-05 9.9964E-05 0.109066 0.528908 9.9964E-05 9.9964E-05
0.147661 0.0356472 9.9991E-05 0.0327603 0.623405 0.0462061 0.0549603 0.05926
0.0815356 0.0112077 9.9973E-05 9.9973E-05 0.32968 0.268216 0.30906 9.9973E-05
0.166842 9.9982E-05 9.9982E-05 0.030341 0.343006 0.372104 0.0342543 0.0532528
0.0805701 9.9973E-05 9.9973E-05 0.0470848 0.242102 0.515793 9.9973E-05 0.114151
0.172438 0.00251998 9.9973E-05 0.0382209 0.471942 0.314579 9.9973E-05 9.9973E-05
9.9982E-05 0.067634 9.9982E-05 0.110144 0.11745 0.460529 0.200833 0.0432103
0.103538 0.0475904 9.9991E-05 0.0710659 0.108844 0.556639 0.0584159 0.0538067
0.0573726 0.0102098 0.0186351 9.9991E-05 0.286658 0.442973 0.0487451 0.135306
0.0637382 9.9982E-05 9.9982E-05 0.0148193 0.31718 0.420953 0.105169 0.0779406
0.145644 9.9973E-05 0.0610436 9.9973E-05 0.319786 0.472666 9.9973E-05 0.000560885
0.201364 9.9973E-05 9.9973E-05 0.00145076 0.501424 0.179588 9.9973E-05 0.115873
0.162129 9.9982E-05 0.0174922 9.9982E-05 0.369382 0.250207 0.0764485 0.124141
9.9973E-05 9.9973E-05 9.9973E-05 0.00179249 0.226738 0.60436 0.110223 0.056587
0.0712884 9.9982E-05 0.058479 0.0563097 0.145418 0.625648 0.0426572 9.9982E-05
0.0469015 0.107668 0.0412479 0.0269857 0.230565 0.432875 0.109655 0.00410171
0.0492254 9.9973E-05 9.9973E-05 9.9973E-05 0.209573 0.477026 0.192157 0.0717198
0.0620403 0.0650153 0.0258482 0.0375444 0.353125 0.41094 0.016391 0.029095
0.0634879 9.9991E-05 0.0506499 0.0137466 0.195118 0.589288 0.0310511 0.0565587
9.9982E-05 9.9982E-05 0.0231027 0.0112833 0.348068 0.400274 0.0699436 0.147129
0.0454989 0.0796327 0.0878756 9.9991E-05 0.149118 0.465924 0.0690989 0.102752
0.0517385 0.053077 0.258969 0.0709228 0.0134292 0.415657 9.9991E-05 0.136106
0.0749022 0.0846552 0.112965 0.0311809 9.9991E-05 0.500263 0.016173 0.179761
0.118729 0.139647 0.087706 0.0519416 0.0602288 0.398706 9.9991E-05 0.142941
0.0447335 0.118503 0.0334591 0.0393524 9.9991E-05 0.60933 0.0568966 0.097625
0.00972802 0.015524 0.226631 0.0328052 0.0164536 0.475673 0.0583491 0.164837
0.0301387 0.177845 9.9973E-05 9.9973E-05 0.087272 0.463304 0.241141 9.9973E-05
0.0311662 0.0965925 0.111015 0.033516 0.115759 0.423232 0.0768536 0.111866
0.129721 0.494562 0.211051 9.9973E-05 9.9973E-05 0.0479931 9.9973E-05 0.116373
9.9982E-05 0.113449 0.100918 9.9982E-05 0.0540921 0.549025 0.0464089 0.135907
0.0203681 9.9973E-05 0.10228 9.9973E-05 9.9973E-05 0.627426 0.0835175 0.166109
0.0677187 0.0375881 0.0931116 0.0185784 0.0203256 0.341016 0.122857 0.298804
0.0782621 0.185904 0.185566 0.00644032 0.08446 0.367342 9.9991E-05 0.0919259
0.0243505 0.058836 0.203591 0.000409049 9.9991E-05 0.57909 0.000604315 0.133019
9.9991E-05 0.0784038 0.116233 0.0770804 0.0185053 0.538048 0.0358107 0.135819
9.9973E-05 0.356446 0.433203 0.00867053 9.9973E-05 9.9973E-05 0.0268305 0.17455
9.9973E-05 0.0728731 0.127403 0.0851977 9.9973E-05 0.590793 9.9973E-05 0.123433
9.9973E-05 0.0954817 0.116138 0.065482 9.9973E-05 0.51258 9.9973E-05 0.210019
0.080877 9.9982E-05 0.143901 9.9982E-05 0.0294044 0.582928 0.0651607 0.0975292
9.9991E-05 0.073185 0.176119 0.0310075 0.00240266 0.563569 0.00429611 0.14932
0.0957612 0.0419617 0.168149 0.00292481 0.0577312 0.435533 0.0221052 0.175835
0.0602144 9.9991E-05 0.0410624 0.0140535 0.000617572 0.428402 0.413829 0.0417209
0.0933693 0.0619845 0.112261 9.9991E-05 0.0450578 0.462763 0.174318 0.0501475
0.131603 9.9955E-05 9.9955E-05 9.9955E-05 0.069479 9.9955E-05 0.798418 9.9955E-05
0.0201839 0.000638653 9.9964E-05 9.9964E-05 0.0769241 9.9964E-05 0.901853 9.9964E-05
0.0432725 0.00527812 0.00887854 0.0878267 0.074523 0.496867 0.209911 0.0734433
9.9973E-05 0.0815853 0.0918022 9.9973E-05 9.9973E-05 0.405993 0.131461 0.288859
9.9982E-05 0.0203951 0.130631 0.0113745 9.9982E-05 0.307779 0.208823 0.320797
9.9982E-05 0.164003 0.224736 0.00366303 9.9982E-05 0.166305 0.191611 0.249483
9.9973E-05 9.9973E-05 0.173511 0.0461927 9.9973E-05 0.3373 0.208541 0.234156
9.9964E-05 0.175864 0.0360107 9.9964E-05 9.9964E-05 9.9964E-05 0.669107 0.118618
9.9982E-05 0.0257154 0.0456579 0.0658608 9.9982E-05 0.0869712 0.6825 0.0930944
9.9964E-05 9.9964E-05 9.9964E-05 0.0367552 9.9964E-05 0.477863 0.388422 0.0965599
9.9964E-05 9.9964E-05 0.068119 9.9964E-05 9.9964E-05 0.381823 0.459529 0.0901292
9.9973E-05 9.9973E-05 0.0534728 0.0579143 9.9973E-05 0.136116 0.662961 0.0892362
9.9982E-05 9.9982E-05 0.0370803 0.0324777 0.0361726 0.518017 0.286287 0.089766
9.9982E-05 0.0197654 0.0564907 9.9982E-05 0.0334621 0.40308 0.362001 0.125001
9.9991E-05 0.00700727 0.0633645 0.0227036 0.0917195 0.433525 0.233087 0.148493
9.9973E-05 9.9973E-05 0.0361343 0.00654456 0.0636579 0.274728 0.618635 9.9973E-05
0.138958 0.0028035 9.9982E-05 0.0331194 0.0870791 0.359181 0.378659 9.9982E-05
9.9973E-05 0.0413257 9.9973E-05 0.0242333 9.9973E-05 0.607391 0.315581 0.0111685
9.9982E-05 0.0453832 9.9982E-05 0.0467275 0.0818148 0.407932 0.416857 0.00108537
0.125424 0.154315 0.0934937 0.0191841 0.064044 0.404102 0.0984659 0.0409709
0.0156151 0.142191 9.9973E-05 9.9973E-05 0.013665 0.446706 0.381523 9.9973E-05
9.9955E-05 9.9955E-05 9.9955E-05 9.9955E-05 0.0773581 0.179425 0.742717 9.9955E-05
9.9955E-05 9.9955E-05 0.0183445 9.9955E-05 9.9955E-05 0.59158 0.389576 9.9955E-05
0.0452228 9.9964E-05 9.9964E-05 9.9964E-05 0.0271304 0.236896 0.690351 9.9964E-05
0.0263569 9.9964E-05 9.9964E-05 0.0205549 9.9964E-05 0.403927 0.548762 9.9964E-05
9.9991E-05 0.0165184 0.0206605 0.0439725 0.0839838 0.493975 0.323711 0.0170781
0.0824218 0.0202658 0.0408118 0.022888 0.0314294 0.437946 0.354359 0.00987751
9.9991E-05 0.0407404 0.14212 0.045286 0.0276579 0.476994 0.0786612 0.18844
9.9991E-05 0.0740127 0.14726 0.011824 0.102925 0.440271 0.0969237 0.126683
9.9991E-05 0.158504 0.144239 0.00959369 0.086179 0.317842 0.0219735 0.261569
9.9991E-05 0.0955994 0.18521 0.0154089 0.0526159 0.446713 0.0609432 0.143409
0.154003 0.0822638 0.111009 9.9982E-05 0.105053 0.371813 9.9982E-05 0.175658
0.00646204 0.0487977 0.114913 0.0716757 9.9991E-05 0.418163 0.190027 0.149861
9.9964E-05 0.0901189 0.179908 9.9964E-05 9.9964E-05 9.9964E-05 0.640313 0.089261
9.9991E-05 0.0182734 0.0678644 0.0141544 0.0392993 0.486382 0.136135 0.237792
9.9973E-05 0.0666364 0.350064 0.0148395 9.9973E-05 9.9973E-05 0.474307 0.0938535
9.9964E-05 9.9964E-05 0.0190867 9.9964E-05 9.9964E-05 0.530426 0.291143 0.158944
0.0987253 0.0415841 9.9964E-05 9.9964E-05 9.9964E-05 0.0739465 0.785344 9.9964E-05
0.159356 9.9955E-05 9.9955E-05 0.0305448 9.9955E-05 9.9955E-05 0.809599 9.9955E-05
0.0244617 9.9982E-05 9.9982E-05 0.0311916 0.0235974 0.474422 0.442906 0.00322075
9.9955E-05 9.9955E-05 0.0454042 9.9955E-05 9.9955E-05 0.664835 0.289261 9.9955E-05
9.9955E-05 9.9955E-05 9.9955E-05 9.9955E-05 0.00133078 0.38046 0.61771 9.9955E-05
0.135887 9.9955E-05 9.9955E-05 9.9955E-05 9.9955E-05 0.440908 0.422705 9.9955E-05
0.00169328 9.9955E-05 9.9955E-05 9.9955E-05 9.9955E-05 0.441908 0.555899 9.9955E-05
9.9991E-05 0.00911232 0.723167 0.0809097 0.0375991 0.0461403 0.0125224 0.0904494
9.9973E-05 9.9973E-05 0.651593 0.0708213 0.0683237 9.9973E-05 0.105055 0.103908
9.9964E-05 9.9964E-05 0.861928 0.0335415 0.0167044 9.9964E-05 9.9964E-05 0.0874259
9.9964E-05 9.9964E-05 0.799367 0.145968 9.9964E-05 0.0437539 0.0105113 9.9964E-05
0.341625 0.0205695 0.0289077 0.0347396 0.0264298 0.541632 0.00599573 9.9991E-05
0.423901 9.9973E-05 0.072447 9.9973E-05 0.0237058 0.389899 9.9973E-05 0.0897473
0.381511 9.9964E-05 9.9964E-05 0.0491689 0.0876223 0.481298 9.9964E-05 9.9964E-05
0.247857 9.9964E-05 0.105439 0.0380155 9.9964E-05 0.608288 9.9964E-05 9.9964E-05
0.184814 0.0750929 0.0923384 0.0364325 0.0267662 0.497474 0.0548657 0.0322162
0.550018 0.12467 0.0272656 9.9982E-05 0.0615042 0.235953 9.9982E-05 0.000389586
0.248336 9.9991E-05 0.0235743 0.0331381 0.00961274 0.608962 0.0735408 0.00273671
0.424714 0.147931 9.9973E-05 0.0268781 9.9973E-05 0.337502 0.0626751 9.9973E-05
9.9973E-05 9.9973E-05 0.248425 0.0223632 9.9973E-05 0.442485 0.0948862 0.191541
0.335979 0.106933 9.9982E-05 9.9982E-05 0.0464455 0.378736 0.0590347 0.0726717
0.445858 9.9964E-05 9.9964E-05 0.0469685 0.186655 0.320119 9.9964E-05 9.9964E-05
0.394767 0.00308033 0.0157069 0.00741479 9.9991E-05 0.48302 0.0708439 0.0250669
0.438343 9.9991E-05 0.026595 0.0307101 0.0555273 0.373778 0.0617549 0.013192
0.310291 9.9964E-05 9.9964E-05 0.011743 9.9964E-05 0.586683 0.0908823 9.9964E-05
0.371649 9.9991E-05 0.0368834 0.0397851 0.00112254 0.518445 0.0160777 0.015938
0.897402 9.9955E-05 9.9955E-05 9.9955E-05 9.9955E-05 0.0992362 0.00286217 9.9955E-05
0.533301 0.0457976 0.0590809 9.9991E-05 0.0197785 0.254033 0.0772921 0.010617
0.600122 9.9982E-05 0.0367175 0.0115581 0.0563692 0.289944 0.00508867 9.9982E-05
0.763204 0.236196 9.9946E-05 9.9946E-05 9.9946E-05 9.9946E-05 9.9946E-05 9.9946E-05
0.366116 0.0547621 0.0429294 9.9991E-05 0.0699581 0.351714 0.0375825 0.0768376
0.61249 0.270127 9.9955E-05 9.9955E-05 9.9955E-05 0.116883 9.9955E-05 9.9955E-05
0.721877 0.206289 9.9955E-05 9.9955E-05 9.9955E-05 9.9955E-05 0.0713338 9.9955E-05
0.299916 9.9982E-05 0.0253262 0.0197515 0.0549915 0.541694 9.9982E-05 0.0581213
0.674963 9.9973E-05 0.0373632 0.013019 0.0851016 0.189253 9.9973E-05 9.9973E-05
0.374944 0.0969255 9.9973E-05 9.9973E-05 0.0858984 0.406309 9.9973E-05 0.0356236
0.236498 0.0619182 0.0726823 0.0302596 9.9991E-05 0.573907 0.00824175 0.0163931
0.334079 9.9964E-05 0.0510545 9.9964E-05 0.0626797 0.551786 9.9964E-05 9.9964E-05
0.0783577 0.14673 9.9991E-05 0.0152483 0.233773 0.387393 0.124445 0.0139533
0.281748 9.9973E-05 9.9973E-05 9.9973E-05 0.0792498 0.502598 0.0739569 0.0621472
0.363635 9.9964E-05 0.0885879 9.9964E-05 0.073077 0.474301 9.9964E-05 9.9964E-05
0.684717 0.0374962 9.9964E-05 0.0223551 9.9964E-05 0.255031 9.9964E-05 9.9964E-05
0.0913207 9.9991E-05 0.0764428 0.0448407 0.083512 0.515531 0.157578 0.0306751
0.000194064 0.0571337 0.556836 0.0670247 0.293437 0.0251749 9.9982E-05 9.9982E-05
0.0587833 0.0139241 0.708095 0.0946062 0.0929514 0.0314397 9.9982E-05 9.9982E-05
0.00529934 0.068801 0.660241 0.161081 0.104278 9.9973E-05 9.9973E-05 9.9973E-05
9.9964E-05 9.9964E-05 0.715884 0.107591 0.162612 9.9964E-05 0.0135131 9.9964E-05
9.9973E-05 0.0527221 0.681615 0.05996 0.2026 0.00280322 9.9973E-05 9.9973E-05
0.709091 9.9973E-05 0.0192599 9.9973E-05 0.119781 0.142751 9.9973E-05 0.00881817
0.65206 9.9982E-05 0.0174804 0.078039 0.14504 0.0955479 0.0116322 9.9982E-05
0.705954 0.0792273 9.9964E-05 9.9964E-05 9.9964E-05 0.159244 0.0551751 9.9964E-05
0.221084 9.9991E-05 0.0573836 0.0272877 0.0607486 0.506567 0.0637125 0.063117
0.218497 0.033439 0.10799 0.0248399 0.0125522 0.530178 9.9991E-05 0.072404
0.568899 0.0197831 0.0497843 9.9973E-05 9.9973E-05 0.347601 9.9973E-05 0.0136334
0.315162 0.037763 9.9973E-05 9.9973E-05 9.9973E-05 0.605821 0.0338985 0.0070554
0.493046 9.9964E-05 0.0593154 9.9964E-05 9.9964E-05 0.411921 9.9964E-05 0.0353176
0.213736 0.108738 9.9964E-05 9.9964E-05 0.0927572 0.584369 9.9964E-05 9.9964E-05
0.251223 9.9991E-05 0.0262576 0.00939596 0.0768078 0.576259 0.0297093 0.0302478
0.498045 0.0429063 0.00389234 9.9973E-05 0.166874 0.287982 9.9973E-05 9.9973E-05
0.546112 9.9964E-05 9.9964E-05 0.0468877 0.0221343 0.384466 9.9964E-05 9.9964E-05
0.426849 9.9955E-05 9.9955E-05 9.9955E-05 0.1834 0.389251 9.9955E-05 9.9955E-05
9.9973E-05 0.132437 0.100865 9.9973E-05 0.0768915 0.598692 0.0908142 9.9973E-05
0.538045 9.9955E-05 9.9955E-05 0.0247777 9.9955E-05 0.436677 9.9955E-05 9.9955E-05
0.356076 0.0591597 0.0441808 0.0284406 0.0182567 0.430012 0.063774 9.9991E-05
0.0100085 0.0944357 0.00939697 0.0401477 0.0308135 0.377113 9.9991E-05 0.437985
9.9991E-05 0.0954951 0.0345355 0.0143514 0.0421393 0.380947 0.0212164 0.411215
0.0462026 0.0372376 0.123789 0.0131748 9.9982E-05 0.345091 9.9982E-05 0.434305
9.9973E-05 0.0548672 0.158082 9.9973E-05 9.9973E-05 0.34163 0.00511698 0.440003
9.9982E-05 9.9982E-05 0.160838 0.0128091 0.0167607 0.508004 0.0210015 0.280387
0.358672 0.150107 9.9973E-05 9.9973E-05 9.9973E-05 0.428368 0.0095815 0.0529716
9.9973E-05 0.0674677 0.196484 0.00563232 9.9973E-05 0.0812737 9.9973E-05 0.648843
0.0505031 0.00429796 0.155015 0.0242929 9.9982E-05 0.250355 9.9982E-05 0.515336
0.0825456 0.208218 0.12275 0.00580024 9.9991E-05 0.398423 0.0427144 0.139448
9.9964E-05 0.289962 0.0725939 0.0232691 9.9964E-05 0.613776 9.9964E-05 9.9964E-05
9.9973E-05 0.298691 0.0951242 0.0242411 0.110448 0.471196 9.9973E-05 9.9973E-05
9.9982E-05 0.235365 0.10146 0.0156489 0.0807554 0.556469 9.9982E-05 0.0101012
0.012548 0.145315 0.0665067 0.00276552 0.055102 0.585313 0.0946167 0.0378332
9.9964E-05 9.9964E-05 0.204711 0.00308604 9.9964E-05 0.398599 9.9964E-05 0.393205
9.9973E-05 0.0461455 0.16197 9.9973E-05 0.0617718 0.401975 9.9973E-05 0.327837
9.9964E-05 0.048222 0.0337818 9.9964E-05 9.9964E-05 0.431148 9.9964E-05 0.486448
9.9982E-05 0.0948203 0.0488871 0.0242612 0.113491 0.406687 9.9982E-05 0.311653
0.0133245 0.0534549 0.0562746 0.014876 9.9982E-05 0.274098 9.9982E-05 0.587772
0.0822785 9.9982E-05 0.0590714 0.0390417 0.0581213 0.425313 9.9982E-05 0.335974
9.9982E-05 0.0208921 0.0807211 0.0623085 9.9982E-05 0.2496 0.0945342 0.491744
9.9982E-05 0.0620847 9.9982E-05 0.0317481 0.090511 0.342916 0.0421188 0.430421
0.0198803 0.352433 0.0376571 0.00308965 9.9973E-05 0.58664 9.9973E-05 9.9973E-05
0.012184 0.18139 0.149245 0.0249298 0.00547357 0.311351 0.00061773 0.314808
9.9964E-05 0.0807146 0.0964207 9.9964E-05 9.9964E-05 0.178646 9.9964E-05 0.643819
0.0609294 0.0197949 0.0757464 0.0796853 0.0824018 0.280255 0.0100509 0.391136
0.11811 0.33099 0.0897156 0.0298313 0.193027 0.238127 9.9982E-05 9.9982E-05
0.05215 0.221088 9.9973E-05 9.9973E-05 0.0643254 0.555211 9.9973E-05 0.106925
0.0476239 0.0776239 0.13533 0.0146549 0.0323802 0.342996 9.9991E-05 0.349291
9.9973E-05 0.181916 0.122195 0.012536 0.0488202 0.634233 9.9973E-05 9.9973E-05
0.127582 0.17797 0.166606 0.0170129 0.022902 0.487727 9.9982E-05 9.9982E-05
0.0626565 0.0817328 0.163524 0.0448567 0.0961961 0.342643 9.9991E-05 0.208291
9.9982E-05 0.035587 0.261884 0.0096179 9.9982E-05 0.319653 0.0935074 0.27955
0.0945386 0.0470291 0.150483 0.0124029 0.0760503 0.543219 9.9991E-05 0.0761776
0.0522625 0.065258 0.136561 9.9982E-05 0.0134285 0.331192 9.9982E-05 0.401098
9.9973E-05 0.0230899 0.0914228 0.0126317 9.9973E-05 0.41201 9.9973E-05 0.460546
9.9982E-05 0.0449862 0.22667 0.0120872 9.9982E-05 0.129792 0.0405855 0.545679
0.0104475 0.133228 0.0546929 0.0475479 9.9991E-05 0.641631 0.0751207 0.0372325
0.0642426 0.228681 0.0985491 0.0113509 0.0544769 0.5425 9.9982E-05 9.9982E-05
0.0365586 0.667641 0.0147802 0.0435036 0.0217674 0.20694 9.9991E-05 0.00870945
0.0259868 0.156853 0.105761 0.00399666 0.0148199 0.577144 9.9991E-05 0.115339
0.0614514 0.15575 0.118659 9.9991E-05 0.149738 0.422755 0.076342 0.0152044
0.0418991 0.209137 0.100782 0.0459108 0.07515 0.447144 9.9991E-05 0.0798765
0.0201173 0.0804796 0.0987543 0.0124078 0.05732 0.470406 0.166205 0.09431
9.9955E-05 0.591825 0.22191 9.9955E-05 9.9955E-05 9.9955E-05 9.9955E-05 0.185765
9.9964E-05 0.728459 0.124243 0.0819656 9.9964E-05 9.9964E-05 9.9964E-05 0.0649319
9.9991E-05 0.351345 0.0808161 0.0243905 0.0610266 0.260786 0.0935378 0.127997
