9.9955E-05 0.211138 0.0171543 0.098442 9.9955E-05 9.9955E-05 9.9955E-05 0.0212369 0.651529 9.9955E-05
0.031684 0.127028 9.9955E-05 0.00328845 9.9955E-05 9.9955E-05 9.9955E-05 0.0118358 0.825664 9.9955E-05
9.9973E-05 0.171247 0.0014387 0.0653772 9.9973E-05 0.0575182 0.022879 9.9973E-05 0.636637 0.044603
9.9964E-05 0.202481 0.00142132 0.0283967 9.9964E-05 9.9964E-05 0.103965 0.0545565 0.60878 9.9964E-05
9.9946E-05 0.183089 9.9946E-05 9.9946E-05 9.9946E-05 0.0935629 0.0288884 9.9946E-05 0.69386 9.9946E-05
9.9955E-05 0.895516 0.0174819 9.9955E-05 9.9955E-05 0.0285598 0.0233178 9.9955E-05 9.9955E-05 0.0346247
9.99201E-05 0.999101 9.99201E-05 9.99201E-05 9.99201E-05 9.99201E-05 9.99201E-05 9.99201E-05 9.99201E-05 9.99201E-05
9.9937E-05 0.943933 9.9937E-05 0.0261703 9.9937E-05 9.9937E-05 9.9937E-05 0.0291974 9.9937E-05 9.9937E-05
9.99639E-05 0.0817037 9.99639E-05 0.0355617 0.0835515 9.99639E-05 9.99639E-05 0.0697598 0.705151 0.0238721
9.99459E-05 0.909165 9.99459E-05 0.00281921 9.99459E-05 0.0510931 0.0363233 9.99459E-05 9.99459E-05 9.99459E-05
9.9955E-05 0.826049 0.0250546 9.9955E-05 0.0159433 9.9955E-05 9.9955E-05 9.9955E-05 0.113578 0.0188748
9.9955E-05 0.0385399 9.9955E-05 9.9955E-05 9.9955E-05 0.191712 0.0703836 0.491559 9.9955E-05 0.207305
9.9964E-05 9.9964E-05 0.0669092 0.0516729 9.9964E-05 0.478337 0.0698487 0.302232 9.9964E-05 0.0306007
0.0843476 0.0379335 0.00176865 0.0329882 0.0298604 0.17525 0.0673068 0.491196 0.00606109 0.0732877
0.0330098 0.0047532 9.9982E-05 0.0270031 0.079347 0.207293 0.16893 0.445504 9.9982E-05 0.0339613
9.9973E-05 0.0739868 9.9973E-05 0.0136924 0.0895266 0.292419 0.162614 0.285812 9.9973E-05 0.0816485
9.9973E-05 0.0256646 9.9973E-05 0.0274182 0.057911 0.465755 0.14695 0.183216 9.9973E-05 0.0927851
9.9973E-05 9.9973E-05 0.0139832 0.0376249 0.0863503 0.380071 0.0956056 0.250782 9.9973E-05 0.135283
9.9982E-05 0.0578083 9.9982E-05 0.0105865 0.0110181 0.258826 0.106443 0.41453 0.0404227 0.100166
9.9964E-05 0.0329946 9.9964E-05 9.9964E-05 0.096897 9.9964E-05 0.0566258 0.749088 0.0261555 0.0378391
0.0372373 9.9982E-05 0.124361 0.027963 0.0387963 0.321389 0.116067 0.23992 9.9982E-05 0.0940652
0.0384473 9.9982E-05 9.9982E-05 0.00206224 0.159325 0.365193 0.0887873 0.204918 0.0581609 0.0829057
0.0421016 9.9982E-05 0.129078 0.00229333 9.9982E-05 0.515003 0.0735118 0.169989 0.0275243 0.0402998
9.9973E-05 0.0676854 9.9973E-05 0.00756128 0.0328198 0.261437 0.114956 0.368437 9.9973E-05 0.146803
0.0634816 0.123011 9.9973E-05 9.9973E-05 9.9973E-05 0.581999 0.00319825 0.107545 0.0469806 0.073485
9.9964E-05 9.9964E-05 9.9964E-05 9.9964E-05 0.094504 0.358752 0.163865 0.286473 0.0295267 0.0664806
9.9973E-05 0.0471541 9.9973E-05 0.0126469 0.0441772 0.103776 0.0941506 0.589359 9.9973E-05 0.108436
9.9973E-05 0.018721 9.9973E-05 0.031259 0.0142734 0.0480011 0.225658 0.512303 9.9973E-05 0.149485
0.048702 0.0698736 9.9973E-05 9.9973E-05 0.115966 0.256203 0.015745 0.426792 9.9973E-05 0.0664181
9.99201E-05 9.99201E-05 9.99201E-05 0.999101 9.99201E-05 9.99201E-05 9.99201E-05 9.99201E-05 9.99201E-05 9.99201E-05
9.99201E-05 9.99201E-05 9.99201E-05 0.999101 9.99201E-05 9.99201E-05 9.99201E-05 9.99201E-05 9.99201E-05 9.99201E-05
9.9964E-05 9.9964E-05 0.00351066 0.323979 9.9964E-05 0.098785 0.0355995 9.9964E-05 0.51928 0.0184462
9.9964E-05 0.0359373 9.9964E-05 0.321287 9.9964E-05 0.119276 0.0737619 9.9964E-05 0.420801 0.0285369
9.9973E-05 9.9973E-05 0.118088 9.9973E-05 0.00265613 0.519258 0.0926833 0.0406319 0.00193764 0.224444
9.9973E-05 0.0566905 0.0257307 0.0243431 9.9973E-05 0.357217 0.0830964 0.0565731 9.9973E-05 0.39605
9.9973E-05 0.0725082 0.0220042 0.0125658 9.9973E-05 0.444568 0.0524665 9.9973E-05 0.0049151 0.390672
0.053779 0.0529846 9.9982E-05 0.0210036 9.9982E-05 0.102997 0.0247065 0.64205 0.0239236 0.0783559
9.9964E-05 9.9964E-05 9.9964E-05 0.0180808 0.0312309 0.215244 0.0881618 9.9964E-05 0.0161172 0.630765
0.00247074 9.9982E-05 0.00313165 9.9982E-05 0.0597475 0.554179 0.0424726 0.104781 0.0612203 0.171798
9.9973E-05 9.9973E-05 0.0233459 0.0236866 0.0212822 0.633779 0.0786771 9.9973E-05 0.0327582 0.186171
9.9973E-05 0.162157 0.0963721 0.0110258 0.0715371 0.557843 9.9973E-05 9.9973E-05 0.0136064 0.0871588
9.999E-05 0.00797568 0.0646379 0.0590293 0.136514 0.639694 0.00655169 0.0235727 0.0177029 0.0442219
9.9982E-05 0.0105437 0.00728299 0.0299106 0.048665 0.00778742 0.0153779 0.0421824 9.9982E-05 0.83805
0.00035363 0.0670718 0.0720525 0.00214284 0.195151 0.637625 0.0253031 9.9973E-05 9.9973E-05 9.9973E-05
0.0211852 0.0894072 9.9973E-05 0.00290247 0.0358556 0.499263 0.0809738 9.9973E-05 9.9973E-05 0.270112
9.999E-05 0.00782879 0.081325 0.0317045 0.0183316 0.524563 0.0415922 0.0805195 0.137368 0.0766672
0.0391799 0.0313386 9.9946E-05 9.9946E-05 9.9946E-05 0.240725 9.9946E-05 9.9946E-05 9.9946E-05 0.688157
9.9964E-05 9.9964E-05 9.9964E-05 0.0126874 0.0645268 0.627873 0.0311803 9.9964E-05 0.0507998 0.212533
0.0513486 0.0399835 0.0678527 0.0497292 9.9991E-05 0.455627 0.0785272 0.0383383 0.05481 0.163684
9.9946E-05 9.9946E-05 9.9946E-05 9.9946E-05 0.239615 9.9946E-05 9.9946E-05 0.0542366 0.063827 0.641722
0.0969628 0.016969 0.0814524 9.9973E-05 0.00603915 0.204588 9.9973E-05 0.491359 9.9973E-05 0.102329
0.141213 0.0398405 0.00525619 0.00996722 0.316655 0.0661994 9.9982E-05 0.162264 9.9982E-05 0.258404
0.0567244 0.0311415 9.9973E-05 9.9973E-05 0.0803888 0.529878 0.106798 0.19118 9.9973E-05 0.00358958
9.9973E-05 0.0753909 0.0365236 9.9973E-05 0.0844948 0.592824 9.9973E-05 0.0701187 0.0829643 0.0573843
0.0325979 9.9982E-05 0.0151731 0.0518082 0.143214 0.589499 0.0334604 0.089209 9.9982E-05 0.0448382
0.0954327 0.0723811 0.105606 0.0341988 0.0865731 0.142652 0.000268146 0.268787 9.9991E-05 0.194001
0.0224855 9.9982E-05 0.0369562 9.9982E-05 0.073812 0.605716 0.0264137 0.164599 0.0280304 0.0417866
9.9982E-05 0.0198695 9.9982E-05 0.0132653 0.0533699 0.546515 0.0879565 0.164693 0.0734196 0.0407114
0.0266286 0.0732839 0.00376708 0.0440936 0.0129873 0.287067 0.0232062 0.187423 0.0545484 0.286995
9.999E-05 0.117794 0.0699449 0.00954935 0.167395 0.0791112 0.0474163 0.248403 0.112488 0.147798
0.066141 0.0191705 0.0287221 0.0110213 0.0490829 0.452389 0.0405762 0.120136 0.0743179 0.138443
0.166486 0.0380137 9.9973E-05 9.9973E-05 9.9973E-05 0.367156 0.0707817 0.310358 0.0370052 0.00989863
0.0942018 0.0279033 0.0491655 0.067856 0.0751031 0.0123056 9.9982E-05 0.472863 9.9982E-05 0.200402
0.157789 9.9946E-05 9.9946E-05 9.9946E-05 9.9946E-05 0.478335 9.9946E-05 0.362848 9.9946E-05 0.00042807
0.145081 9.9982E-05 0.0890796 0.00176536 9.9982E-05 0.530844 0.0729119 0.0478508 0.0652087 0.0470587
0.0318574 0.0284859 9.9982E-05 0.0553923 9.9982E-05 0.535954 0.0377449 0.205069 0.0349258 0.0703704
0.0366304 0.0145585 9.9991E-05 0.0019041 0.045446 0.230245 0.1032 0.304866 0.0426264 0.220424
0.0387973 0.0478361 0.00113576 0.0554638 0.123505 0.418917 0.0305078 0.151452 9.9991E-05 0.132285
0.15751 9.9982E-05 0.0198661 0.0349937 9.9982E-05 0.428336 0.104555 0.148719 0.0238321 0.0819882
0.0503492 9.9982E-05 0.0046627 0.0312266 0.0267964 0.161349 9.9982E-05 0.441945 0.0528437 0.230627
9.9955E-05 9.9955E-05 0.0416728 9.9955E-05 0.0284659 0.509651 9.9955E-05 0.00180534 9.9955E-05 0.417905
9.9946E-05 9.9946E-05 9.9946E-05 0.0097398 9.9946E-05 0.152041 9.9946E-05 0.133548 9.9946E-05 0.704071
0.0430738 0.00795194 9.9982E-05 9.9982E-05 0.0711348 0.522623 0.120545 0.0760984 0.057017 0.101355
9.9937E-05 9.9937E-05 0.0375612 9.9937E-05 0.141874 9.9937E-05 9.9937E-05 9.9937E-05 9.9937E-05 0.819866
0.0368269 0.00108022 0.00663775 9.9964E-05 0.11576 9.9964E-05 9.9964E-05 0.00457242 9.9964E-05 0.834723
9.9955E-05 0.0140859 0.00541027 9.9955E-05 9.9955E-05 0.260615 9.9955E-05 9.9955E-05 0.00457954 0.71481
9.9964E-05 9.9964E-05 0.0408696 0.0417656 9.9964E-05 0.377317 9.9964E-05 0.0249431 0.0246935 0.490011
9.9964E-05 0.0410601 0.111672 9.9964E-05 9.9964E-05 0.50362 0.0453829 9.9964E-05 0.108722 0.189143
9.9964E-05 9.9964E-05 0.0652571 0.031277 9.9964E-05 0.349419 0.0531143 0.023599 9.9964E-05 0.476934
9.9964E-05 9.9964E-05 0.0359383 9.9964E-05 9.9964E-05 0.0900725 0.0419138 0.119861 0.059339 0.652476
9.9973E-05 0.0127987 0.117502 0.00192382 9.9973E-05 0.159863 9.9973E-05 0.152563 0.0298639 0.525185
0.0165663 0.0207692 0.00939695 0.00322826 9.9991E-05 0.554806 0.0115535 0.0768281 0.071239 0.235513
0.000565171 0.0295679 9.9973E-05 0.00338461 9.9973E-05 0.269653 0.0649921 0.0158187 9.9973E-05 0.615719
0.0321186 0.024116 9.9973E-05 0.0400665 9.9973E-05 0.343203 0.0481707 0.0279616 9.9973E-05 0.484064
0.0328675 0.0150325 9.9964E-05 0.0348641 0.0366631 0.338192 9.9964E-05 9.9964E-05 9.9964E-05 0.54198
0.120014 9.9946E-05 9.9946E-05 9.9946E-05 0.150498 9.9946E-05 0.016668 9.9946E-05 9.9946E-05 0.712221
0.0312176 9.9982E-05 0.0431137 0.0031641 0.0152448 0.468623 0.116812 0.0746551 9.9982E-05 0.24697
0.00581255 0.0538188 9.9982E-05 0.0423319 9.9982E-05 0.0917997 0.0575543 0.0164639 0.719159 0.0128599
9.9946E-05 0.06147 9.9946E-05 0.118896 9.9946E-05 0.0990305 9.9946E-05 9.9946E-05 0.720004 9.9946E-05
9.9964E-05 9.9964E-05 0.0136829 0.135645 9.9964E-05 0.0387825 0.0587343 9.9964E-05 0.736341 0.0164151
9.9955E-05 9.9955E-05 9.9955E-05 0.119395 9.9955E-05 0.0214321 0.0303953 9.9955E-05 0.774403 0.0538742
9.9973E-05 0.00361298 9.9973E-05 0.1276 0.0181306 0.0566904 0.0453785 9.9973E-05 0.735604 0.0126836
0.0423875 0.0736499 0.0220304 0.0541962 9.9964E-05 9.9964E-05 0.0685467 9.9964E-05 0.738789 9.9964E-05
0.0331044 0.128714 9.9955E-05 0.0759154 9.9955E-05 0.0148674 9.9955E-05 9.9955E-05 0.746899 9.9955E-05
9.9982E-05 0.00511124 0.0697071 0.0198165 9.9982E-05 0.393852 0.105826 0.0344136 0.03206 0.339013
0.0394597 9.9982E-05 0.00508489 0.0514062 9.9982E-05 0.359588 0.110712 0.150445 0.0647367 0.218368
9.9964E-05 0.0013455 0.0126467 9.9964E-05 9.9964E-05 0.0491373 9.9964E-05 0.0511189 0.0511467 0.834205
0.0530152 9.9973E-05 0.0241801 9.9973E-05 9.9973E-05 0.514769 0.021387 0.0577786 0.101697 0.226873
9.9964E-05 9.9964E-05 0.0118185 9.9964E-05 9.9964E-05 0.429198 0.0142172 0.0630013 0.0391437 0.442222
0.0261717 9.9964E-05 9.9964E-05 0.0433558 9.9964E-05 0.600201 0.016754 9.9964E-05 0.0866768 0.226441
0.160725 9.9964E-05 9.9964E-05 0.0104528 0.00401591 0.586788 9.9964E-05 9.9964E-05 0.0175084 0.22011
0.0964676 9.9964E-05 0.0109068 0.000942777 9.9964E-05 0.348445 0.12017 9.9964E-05 9.9964E-05 0.422668
0.0201546 9.9955E-05 0.0484647 9.9955E-05 9.9955E-05 9.9955E-05 9.9955E-05 0.138045 0.0638052 0.729031
9.9973E-05 0.078764 9.9973E-05 0.0339877 9.9973E-05 0.491073 0.0277827 0.0756925 0.0823792 0.210021
9.9973E-05 9.9973E-05 0.0135303 9.9973E-05 0.0604928 0.689231 0.0508864 0.044171 0.0286817 0.112707
9.9991E-05 0.0594454 0.0435218 0.0123201 0.00254611 0.566109 0.0344723 0.115604 0.0328433 0.133037
0.0824247 0.0228485 9.9973E-05 0.0081011 0.147463 0.215166 0.00448802 9.9973E-05 9.9973E-05 0.519208
0.12057 9.9946E-05 9.9946E-05 0.0371914 9.9946E-05 0.501581 9.9946E-05 9.9946E-05 9.9946E-05 0.340058
0.0337841 0.0063353 9.9982E-05 0.0318143 9.9982E-05 0.348305 0.00969743 0.138536 0.00255599 0.428772
9.9955E-05 9.9955E-05 0.00511626 0.00400502 9.9955E-05 0.24562 0.114718 9.9955E-05 9.9955E-05 0.630041
9.9955E-05 0.0914619 9.9955E-05 9.9955E-05 9.9955E-05 0.404151 9.9955E-05 0.064028 0.0220837 0.417776
0.092075 9.9973E-05 9.9973E-05 0.0191051 9.9973E-05 0.53707 0.0495329 0.162306 0.0944255 0.045185
0.119705 9.9982E-05 9.9982E-05 0.00130802 0.100359 0.20738 0.00281247 0.383277 0.0405208 0.144438
9.9973E-05 9.9973E-05 0.107288 0.034806 0.0680278 0.439848 0.0516657 0.234527 0.0635378 9.9973E-05
0.130572 0.0354915 0.0133255 0.0166962 9.9982E-05 0.536238 9.9982E-05 0.203154 0.0597995 0.00452378
0.0426852 9.9973E-05 9.9973E-05 9.9973E-05 0.0195275 0.612409 0.0838269 0.111157 0.052903 0.0771918
0.00671913 0.0468949 9.9955E-05 0.0484656 9.9955E-05 0.462753 9.9955E-05 0.434668 9.9955E-05 9.9955E-05
0.0610728 9.9955E-05 9.9955E-05 9.9955E-05 9.9955E-05 0.58029 0.0400756 0.311482 0.00657981 9.9955E-05
0.0243596 9.9982E-05 0.054276 9.9982E-05 0.00645182 0.448126 0.0374836 0.327677 0.0728755 0.0285509
0.048787 0.0106627 0.0107232 0.00956624 0.0449359 0.500237 0.0500837 0.216889 0.0877225 0.0203925
0.00860463 0.0629256 0.0347 9.9991E-05 0.0911704 0.582034 0.0143808 0.184995 0.00723032 0.0138587
0.0775309 9.9982E-05 0.0448157 0.00978059 0.0713197 0.529693 9.9982E-05 0.128018 0.0700303 0.068612
0.0355579 9.9955E-05 0.0528128 9.9955E-05 9.9955E-05 0.522514 9.9955E-05 0.377985 0.0106301 9.9955E-05
0.101463 0.0242935 0.095454 0.00222797 0.0647346 0.53245 0.0882792 0.0816816 9.9991E-05 0.00931646
0.0570078 0.0347337 0.0999363 9.9991E-05 0.0436346 0.518452 0.111177 0.0343528 0.0305762 0.0700298
0.135888 9.9955E-05 9.9955E-05 9.9955E-05 9.9955E-05 0.598548 0.0353905 0.219615 9.9955E-05 0.0100579
0.0125053 0.00416687 9.9982E-05 0.00894674 0.0816508 0.445858 0.165137 0.27808 9.9982E-05 0.0034553
0.127751 9.9973E-05 0.0858633 0.0160851 9.9973E-05 0.501867 0.11776 0.15019 9.9973E-05 0.000183641
0.127181 0.0130092 0.0112472 9.9973E-05 0.130051 0.371062 9.9973E-05 0.183504 0.163646 9.9973E-05
0.160876 9.9964E-05 9.9964E-05 0.00415531 0.0380295 0.534827 0.0877127 0.174 9.9964E-05 9.9964E-05
0.0853522 9.9955E-05 9.9955E-05 9.9955E-05 0.0118076 0.658577 0.0319776 0.211786 9.9955E-05 9.9955E-05
0.12116 0.0283618 9.9973E-05 9.9973E-05 9.9973E-05 0.245106 0.00374193 0.515382 0.0184764 0.067472
0.19461 9.9982E-05 9.9982E-05 0.0160829 0.150812 0.127584 0.0247359 0.366125 0.0157631 0.104088
0.106907 9.9982E-05 0.0245256 9.9982E-05 0.0218576 0.427877 0.0657957 0.205297 0.0195031 0.128037
0.250305 9.9982E-05 0.110669 0.0299452 0.143966 0.0122755 0.0670852 0.231253 9.9982E-05 0.1543
0.141073 9.9973E-05 9.9973E-05 0.00737707 0.0284941 0.220713 9.9973E-05 0.497799 0.0337051 0.0705396
0.000583233 0.00683632 0.00985559 9.9973E-05 9.9973E-05 0.473332 9.9973E-05 0.363769 0.0483796 0.0969445
0.0694082 0.0407669 0.0499431 0.036934 9.9973E-05 0.253726 9.9973E-05 0.392641 9.9973E-05 0.156281
0.0348952 9.9973E-05 0.0339958 9.9973E-05 0.0266756 0.296079 0.0163038 0.511494 9.9973E-05 0.0802571
9.9982E-05 0.00310451 9.9982E-05 0.0731064 0.16066 0.513581 0.0252657 0.191662 0.0217173 0.0107025
0.035244 0.0381962 0.105128 9.9973E-05 0.0620249 0.538958 0.0944374 0.125711 9.9973E-05 9.9973E-05
0.0474298 9.9973E-05 9.9973E-05 0.000743669 0.0441435 0.574278 9.9973E-05 0.203371 0.0900115 0.0397221
0.157763 9.9973E-05 0.00787245 9.9973E-05 0.188727 0.198667 0.0165412 0.381456 9.9973E-05 0.0486735
0.0130711 0.0505906 0.0416478 0.0196428 0.0682552 0.628155 9.9991E-05 0.0158209 0.0488572 0.11386
0.102638 9.9973E-05 9.9973E-05 9.9973E-05 0.140669 0.423594 0.109439 0.011997 0.0781854 0.133178
0.216985 9.9964E-05 0.0564721 9.9964E-05 0.43921 9.9964E-05 9.9964E-05 0.0770379 0.0963995 0.113495
0.0357165 9.9982E-05 9.9982E-05 0.0427619 0.0943628 0.556667 0.0339815 0.0289031 0.0912031 0.116204
0.0811601 9.9973E-05 0.0312558 9.9973E-05 0.139636 0.343042 9.9973E-05 0.0886581 0.117069 0.198879
0.0189777 9.9991E-05 0.0666046 0.00331666 0.151029 0.433146 0.0695654 0.119383 0.0695817 0.0682968
0.0516751 0.0303735 0.107083 0.0561538 0.427025 0.248326 9.9973E-05 9.9973E-05 9.9973E-05 0.0790627
0.148876 0.0135033 0.0843825 0.0169207 0.32411 0.176201 9.9982E-05 0.118671 9.9982E-05 0.117136
0.099794 9.9973E-05 0.0775561 0.0377443 0.178848 0.391481 9.9973E-05 0.0488731 9.9973E-05 0.165404
0.00535506 0.0308569 0.0375686 0.0193128 0.1477 0.57465 0.0299062 0.138867 0.0156828 9.9991E-05
0.103004 0.0809427 0.0233713 0.0136333 0.0426129 0.325991 0.107768 0.0847574 0.0349159 0.183004
0.0972567 0.0142274 9.9982E-05 9.9982E-05 0.284305 0.0360203 0.136764 0.182448 0.0532233 0.195555
0.0994689 0.0693447 0.0991147 0.0142793 0.0890129 0.555831 9.9982E-05 0.041991 9.9982E-05 0.0307573
9.9964E-05 9.9964E-05 0.0418224 0.016484 0.28765 0.342439 9.9964E-05 0.118508 9.9964E-05 0.192698
0.149576 9.9955E-05 9.9955E-05 9.9955E-05 0.126099 0.38338 9.9955E-05 0.198037 9.9955E-05 0.142408
0.0892248 9.9991E-05 0.012415 0.00226545 0.0614172 0.551252 0.032601 0.040729 0.0761766 0.133819
9.9982E-05 0.0325134 0.00930689 0.0538267 0.261245 0.227069 0.179799 0.0134441 0.222595 9.9982E-05
9.9955E-05 0.159836 9.9955E-05 0.00946152 0.343241 9.9955E-05 0.0965113 9.9955E-05 0.39045 9.9955E-05
0.00746153 0.0512839 9.9964E-05 0.0144372 0.455846 9.9964E-05 0.129052 9.9964E-05 0.341519 9.9964E-05
9.9973E-05 0.064203 9.9973E-05 0.0150062 0.177643 0.0532782 0.382956 0.0100491 0.296564 9.9973E-05
9.99461E-05 9.99461E-05 9.99461E-05 9.99461E-05 0.192124 0.634955 0.0149063 9.99461E-05 9.99461E-05 0.157415
0.0188248 0.0526643 0.0585515 0.0157028 0.0878041 0.488701 0.0979781 0.0685668 0.041914 0.0692923
9.9937E-05 9.9937E-05 9.9937E-05 9.9937E-05 9.9937E-05 0.21077 0.696153 0.0923775 9.9937E-05 9.9937E-05
0.00875065 9.9964E-05 9.9964E-05 9.9964E-05 9.9964E-05 0.259122 0.45891 0.089374 0.0827936 0.10065
0.0425436 9.9964E-05 9.9964E-05 0.0145026 9.9964E-05 0.453357 0.374938 9.9964E-05 0.112944 0.00131491
0.139672 0.0685597 9.9964E-05 9.9964E-05 0.363295 0.30877 9.9964E-05 0.0202145 9.9964E-05 0.0990878
0.0859214 0.0272712 0.0664874 9.9991E-05 0.0665202 0.508211 0.0850528 0.028949 0.0706933 0.0607935
0.164433 9.9955E-05 9.9955E-05 9.9955E-05 0.509546 0.26188 9.9955E-05 0.0363262 9.9955E-05 0.0273154
0.0625362 0.0262516 0.0624041 0.00235476 0.202598 0.537298 9.9982E-05 0.0232508 9.9982E-05 0.0831063
0.115763 0.00785714 9.9973E-05 0.0839205 0.214027 0.419604 9.9973E-05 0.111429 9.9973E-05 0.0470998
0.0430565 0.00291718 0.0253811 9.9982E-05 0.216791 0.602743 0.0275312 0.0523172 9.9982E-05 0.0290632
0.13163 9.9964E-05 0.0449856 9.9964E-05 0.455647 0.218019 9.9964E-05 0.0439822 9.9964E-05 0.105336
9.9982E-05 0.0118751 0.0135573 0.0340926 0.0651415 0.645848 0.0899653 0.0161954 9.9982E-05 0.123125
0.00749712 9.9982E-05 0.0457936 0.0404784 0.153761 0.47415 0.0927147 9.9982E-05 0.0522336 0.133171
0.0260188 9.9937E-05 9.9937E-05 9.9937E-05 9.9937E-05 9.9937E-05 0.95073 9.9937E-05 9.9937E-05 0.0225518
0.0101438 9.9964E-05 9.9964E-05 9.9964E-05 0.00347338 0.0775095 0.868893 0.0385614 9.9964E-05 0.00101903
9.9973E-05 0.10081 9.9973E-05 0.00744621 9.9973E-05 0.166394 0.5979 0.0450462 0.0129063 0.0691965
9.9946E-05 9.9946E-05 0.0225318 9.9946E-05 9.9946E-05 0.272484 0.699744 0.00464023 9.9946E-05 9.9946E-05
9.9955E-05 0.035272 9.9955E-05 9.9955E-05 9.9955E-05 0.107075 0.827357 9.9955E-05 0.0262081 0.00358856
9.99201E-05 9.99201E-05 9.99201E-05 9.99201E-05 9.99201E-05 9.99201E-05 0.999101 9.99201E-05 9.99201E-05 9.99201E-05
0.0385341 9.9946E-05 0.0206837 9.9946E-05 9.9946E-05 9.9946E-05 0.922074 0.0181084 9.9946E-05 9.9946E-05
9.9928E-05 9.9928E-05 9.9928E-05 9.9928E-05 9.9928E-05 0.134722 0.864478 9.9928E-05 9.9928E-05 9.9928E-05
9.9964E-05 9.9964E-05 0.0144617 0.00426972 9.9964E-05 0.0305128 0.922738 0.0117876 9.9964E-05 0.0158307
9.9928E-05 9.9928E-05 0.0180577 9.9928E-05 9.9928E-05 9.9928E-05 0.981143 9.9928E-05 9.9928E-05 9.9928E-05
9.9928E-05 9.9928E-05 9.9928E-05 0.00286443 9.9928E-05 9.9928E-05 0.996336 9.9928E-05 9.9928E-05 9.9928E-05
9.9955E-05 9.9955E-05 9.9955E-05 0.0661733 9.9955E-05 0.119349 0.738686 0.0323916 0.0428998 9.9955E-05
9.9955E-05 0.00638918 0.0649832 9.9955E-05 9.9955E-05 0.0433237 0.834348 9.9955E-05 0.0504558 9.9955E-05
9.9937E-05 9.9937E-05 0.0155686 0.0179131 9.9937E-05 9.9937E-05 0.965819 9.9937E-05 9.9937E-05 9.9937E-05
0.0679791 0.0895813 0.0136326 9.9964E-05 9.9964E-05 0.364388 0.329442 9.9964E-05 9.9964E-05 0.134577
9.9964E-05 0.0248525 0.0233834 0.0363572 9.9964E-05 0.170315 0.679562 0.0651303 9.9964E-05 9.9964E-05
9.9964E-05 9.9964E-05 9.9964E-05 0.0212101 0.0435735 0.155201 0.728851 0.0433628 9.9964E-05 0.00740205
0.000888283 9.9955E-05 9.9955E-05 0.0459705 9.9955E-05 0.0417332 0.903342 0.0075664 9.9955E-05 9.9955E-05
9.9946E-05 0.00583141 0.0005441 9.9946E-05 9.9946E-05 9.9946E-05 0.98303 9.9946E-05 9.9946E-05 0.0099944
9.99657E-05 0.0372377 9.99657E-05 0.00397778 9.99657E-05 0.0537074 0.882006 0.00384911 0.0188224 9.99657E-05
9.9937E-05 0.0292612 9.9937E-05 0.015292 9.9937E-05 9.9937E-05 0.954747 9.9937E-05 9.9937E-05 9.9937E-05
0.0574434 0.000882762 0.0795405 9.9973E-05 9.9973E-05 0.0904686 0.664042 9.9973E-05 0.0171318 0.0901913
9.9955E-05 0.023781 9.9955E-05 9.9955E-05 9.9955E-05 9.9955E-05 0.937661 0.0109065 0.00867697 0.0184752
0.0702428 0.159757 9.9964E-05 9.9964E-05 0.576287 9.9964E-05 0.0574062 0.0198959 0.116011 9.9964E-05
9.9973E-05 0.101754 0.0548697 0.0173348 0.160507 0.466282 9.9973E-05 0.072197 0.126757 9.9973E-05
0.000141477 0.0617595 0.0502506 0.040637 0.192559 0.347332 0.107754 9.9991E-05 0.12314 0.076327
0.0336412 0.00280055 0.0837106 0.075737 0.376757 0.225347 0.086398 0.0114402 0.0824023 0.0217659
0.0813794 0.0953587 0.0526926 9.9982E-05 0.117603 0.392205 0.157452 9.9982E-05 0.0312606 0.0718494
0.0506473 0.0937598 9.9982E-05 0.0603525 0.373327 0.195239 0.0473707 9.9982E-05 0.0899381 0.089165
0.190774 0.130719 0.0379419 0.0215687 0.124524 0.318631 0.110267 0.0477787 9.9991E-05 0.0176945
9.9982E-05 0.153918 0.0344963 0.000383314 0.285244 0.306949 0.138601 9.9982E-05 0.060927 0.0192808
0.0294282 0.139445 0.0104396 0.0608834 0.149295 0.476875 0.0598542 0.0735799 9.9982E-05 9.9982E-05
9.9982E-05 0.0648944 9.9982E-05 0.0476769 0.296857 0.307474 0.175396 0.0135345 0.0231791 0.0707878
9.9973E-05 0.178145 9.9973E-05 0.0114453 0.184243 0.449957 0.0718653 0.0885176 9.9973E-05 0.0155267
9.9964E-05 0.043195 0.0492533 9.9964E-05 0.0321001 0.0745775 9.9964E-05 0.00263516 0.797839 9.9964E-05
0.0371792 0.0283727 9.9955E-05 0.0820019 9.9955E-05 9.9955E-05 0.00142771 9.9955E-05 0.850519 9.9955E-05
9.9937E-05 9.9937E-05 9.9937E-05 0.0262325 9.9937E-05 9.9937E-05 9.9937E-05 0.0243301 0.948738 9.9937E-05
9.9964E-05 9.9964E-05 0.015466 0.0266622 0.000333053 0.00515325 9.9964E-05 0.0695432 0.882442 9.9964E-05
9.9964E-05 0.0523738 9.9964E-05 0.0946348 0.0129343 9.9964E-05 0.0278717 0.0737477 0.738038 9.9964E-05
0.0523391 9.9955E-05 9.9955E-05 0.0828699 9.9955E-05 9.9955E-05 0.0843763 9.9955E-05 0.778487 0.00142787
9.9964E-05 0.129212 9.9964E-05 0.0694862 9.9964E-05 0.00109792 0.0759884 9.9964E-05 0.720903 0.00291205
0.0178083 0.0743706 9.9973E-05 0.0590707 0.0133907 9.9973E-05 9.9973E-05 0.0319508 0.753488 0.0496205
0.0456822 0.0674398 9.9955E-05 0.0212289 9.9955E-05 0.00818965 9.9955E-05 9.9955E-05 0.85696 9.9955E-05
0.0388465 0.0114321 0.0135262 0.01088 9.9973E-05 0.0259769 0.0952621 9.9973E-05 0.803776 9.9973E-05
0.11734 0.102084 0.101351 0.0403337 9.9973E-05 9.9973E-05 9.9973E-05 0.0752418 0.485785 0.0775641
9.9964E-05 0.111368 0.138296 0.0498838 9.9964E-05 9.9964E-05 9.9964E-05 0.20012 0.429075 0.0708582
0.057637 9.9973E-05 0.0687857 0.0399696 0.0346143 9.9973E-05 9.9973E-05 0.274235 0.501973 0.0224861
0.087593 0.0861271 0.132813 9.9973E-05 0.000575263 9.9973E-05 9.9973E-05 0.188461 0.424306 0.0798243
0.0179755 0.0396345 0.064825 0.0744398 9.9982E-05 0.424565 9.9982E-05 0.112723 0.0276795 0.237958
0.0298533 9.9964E-05 0.147777 9.9964E-05 9.9964E-05 0.416945 0.0810366 9.9964E-05 0.00474974 0.319239
0.0175268 0.0197615 0.0361295 9.9982E-05 9.9982E-05 0.547331 0.0603217 0.146612 0.00475753 0.167361
0.0193444 9.9973E-05 9.9973E-05 0.00466906 0.03576 0.433023 9.9973E-05 0.298727 0.0467115 0.161465
0.0640365 0.0102776 9.9973E-05 9.9973E-05 0.0228093 0.128114 0.0116357 0.638099 9.9973E-05 0.124728
0.0492209 0.0746858 9.9973E-05 9.9973E-05 9.9973E-05 0.425641 0.178433 0.028028 0.0171871 0.226505
0.0480819 0.0180209 9.9964E-05 9.9964E-05 9.9964E-05 0.567737 0.00435562 0.0919563 9.9964E-05 0.269448
0.0456436 0.0273215 0.0956762 9.9973E-05 0.0551801 0.41642 9.9973E-05 0.0479391 9.9973E-05 0.311519
9.9964E-05 9.9964E-05 0.0242332 9.9964E-05 0.0257337 0.374512 0.0604167 0.0151599 9.9964E-05 0.499544
0.0484444 0.0946145 0.0299302 9.9973E-05 9.9973E-05 0.632299 9.9973E-05 0.0631763 0.0203885 0.110848
9.9964E-05 9.9964E-05 0.0877891 0.00221305 9.9964E-05 0.428426 9.9964E-05 0.0525143 0.0271841 0.401474
0.143454 0.0194075 0.0787461 0.00173084 9.9964E-05 9.9964E-05 9.9964E-05 0.0327138 9.9964E-05 0.723547
0.0391279 0.0419619 9.9982E-05 0.00616906 0.0297996 0.511423 0.0621644 0.197941 9.9982E-05 0.111213
0.0254763 9.9964E-05 0.051444 9.9964E-05 0.144465 0.203462 0.0183363 9.9964E-05 9.9964E-05 0.556416
0.02384 0.035652 0.0598031 0.00749401 9.9964E-05 0.432914 9.9964E-05 9.9964E-05 9.9964E-05 0.439897
9.9946E-05 9.9946E-05 9.9946E-05 9.9946E-05 9.9946E-05 0.0608291 9.9946E-05 0.168512 0.0518664 0.718193
9.9964E-05 0.0347158 0.903545 0.0385646 9.9964E-05 9.9964E-05 9.9964E-05 0.000727162 0.00945446 0.012593
9.9946E-05 9.9946E-05 0.987366 9.9946E-05 0.00124735 0.00835131 0.00243557 9.9946E-05 9.9946E-05 9.9946E-05
9.99201E-05 9.99201E-05 0.999101 9.99201E-05 9.99201E-05 9.99201E-05 9.99201E-05 9.99201E-05 9.99201E-05 9.99201E-05
0.0294913 9.9937E-05 0.935668 9.9937E-05 9.9937E-05 9.9937E-05 9.9937E-05 9.9937E-05 0.0341413 9.9937E-05
9.9937E-05 9.9937E-05 0.946363 9.9937E-05 9.9937E-05 9.9937E-05 0.0303212 0.0226164 9.9937E-05 9.9937E-05
9.9937E-05 9.9937E-05 0.898753 9.9937E-05 9.9937E-05 0.0890975 0.0114498 9.9937E-05 9.9937E-05 9.9937E-05
0.0146106 0.0277081 0.0372838 0.0611718 9.9973E-05 0.0372688 0.055425 9.9973E-05 0.766232 9.9973E-05
9.9964E-05 0.0673193 9.9964E-05 0.000637024 9.9964E-05 0.119587 0.00214178 0.0462835 0.763632 9.9964E-05
9.9964E-05 9.9964E-05 0.00483579 0.075056 0.0266601 0.130213 0.0908288 9.9964E-05 0.672007 9.9964E-05
9.9964E-05 0.0519764 9.9964E-05 0.0347437 9.9964E-05 0.0694081 0.0747467 0.0874763 0.681249 9.9964E-05
9.9973E-05 0.032555 9.9973E-05 0.0237958 0.0155282 0.110947 0.101123 0.0035203 0.712232 9.9973E-05
9.9955E-05 9.9955E-05 0.254402 0.0181795 0.0369758 9.9955E-05 9.9955E-05 0.347955 0.341988 9.9955E-05
9.9964E-05 0.0966042 0.270421 0.00998429 9.9964E-05 9.9964E-05 9.9964E-05 0.151267 0.410371 0.0609532
0.0612171 0.0301715 0.217691 0.0344795 9.9973E-05 9.9973E-05 9.9973E-05 0.210288 0.385 0.0608531
9.99201E-05 9.99201E-05 9.99201E-05 0.999101 9.99201E-05 9.99201E-05 9.99201E-05 9.99201E-05 9.99201E-05 9.99201E-05
9.9955E-05 9.9955E-05 0.35208 0.0320465 9.9955E-05 9.9955E-05 9.9955E-05 0.175506 0.304421 0.135446
0.0143809 9.9964E-05 9.9964E-05 0.00126235 0.128151 0.247739 0.319227 9.9964E-05 0.28884 9.9964E-05
9.9991E-05 0.0258912 0.0587596 0.0108745 0.0767514 0.439911 0.172761 0.0995544 0.110845 0.00455267
9.9946E-05 9.9946E-05 9.9946E-05 0.0225637 9.9946E-05 0.588893 0.217758 9.9946E-05 0.170185 9.9946E-05
9.9973E-05 0.0440005 0.0563745 0.00118122 0.151082 0.414035 0.196046 9.9973E-05 0.13698 9.9973E-05
0.00462384 0.114083 9.9982E-05 0.035964 0.0862705 0.505009 0.125324 0.0950749 0.0334516 9.9982E-05
9.9946E-05 0.104241 9.9946E-05 9.9946E-05 0.267294 9.9946E-05 0.314546 9.9946E-05 0.31332 9.9946E-05
0.122293 0.0571757 0.0362058 0.0180721 9.9973E-05 0.363173 9.9973E-05 0.291769 9.9973E-05 0.111011
0.155357 9.9982E-05 0.00607399 0.00824307 0.179723 0.346669 0.0167876 0.2119 9.9982E-05 0.0750451
0.0427129 0.0539344 0.0125372 0.0326755 0.0159498 0.261562 9.9982E-05 0.523177 0.0572513 9.9982E-05
0.303568 9.9973E-05 0.0345925 9.9973E-05 0.0118364 0.406034 9.9973E-05 0.113108 0.00988157 0.120679
0.37405 9.9955E-05 0.0129938 9.9955E-05 0.272636 9.9955E-05 9.9955E-05 0.202552 9.9955E-05 0.137268
0.148288 9.9973E-05 0.0399683 9.9973E-05 0.0933492 0.4598 0.0254131 0.158768 0.074113 9.9973E-05
0.178913 9.9973E-05 9.9973E-05 0.0286505 0.113922 0.376797 0.0235636 0.256095 9.9973E-05 0.0217578
0.0466312 9.9964E-05 0.03568 0.0103034 0.0969498 0.38255 9.9964E-05 0.427486 9.9964E-05 9.9964E-05
9.9973E-05 0.112212 0.0441347 9.9973E-05 0.00771878 0.584097 9.9973E-05 0.139283 0.0288731 0.0833819
0.127511 9.9955E-05 9.9955E-05 9.9955E-05 0.288543 0.0867063 9.9955E-05 0.325212 9.9955E-05 0.171528
0.124665 9.9982E-05 0.0570753 0.017675 0.148216 0.426801 9.9982E-05 0.120202 0.0143445 0.0908211
0.0192151 9.9982E-05 0.0250156 0.00268363 0.0508657 0.436277 0.0655351 0.276123 9.9982E-05 0.124085
9.9982E-05 0.000202515 0.000997211 9.9982E-05 0.0610597 0.343335 0.190815 0.0584044 0.173812 0.171173
0.283973 9.9964E-05 0.0422683 9.9964E-05 0.0522658 0.271209 0.058966 0.290917 9.9964E-05 9.9964E-05
0.0550639 0.0577677 0.0761402 9.9973E-05 0.0618972 0.416735 9.9973E-05 0.246385 9.9973E-05 0.0857101
0.223638 0.021107 9.9973E-05 9.9973E-05 0.0245777 0.378697 0.102016 0.0535096 9.9973E-05 0.196155
0.114545 0.0365589 0.072025 9.9982E-05 0.0233682 0.481272 9.9982E-05 0.0568821 0.0214748 0.193674
0.0415253 0.0145321 0.0529723 0.040914 9.9982E-05 0.606956 0.0788066 0.075401 9.9982E-05 0.088693
9.9964E-05 0.0221262 9.9964E-05 9.9964E-05 0.0438329 0.543402 9.9964E-05 0.0690449 0.127517 0.193677
0.0286766 0.00532953 9.9991E-05 0.0551405 0.107791 0.595056 0.0139169 0.138953 0.0501431 0.00489272
9.9937E-05 9.9937E-05 9.9937E-05 9.9937E-05 9.9937E-05 0.147673 0.0376938 9.9937E-05 0.813933 9.9937E-05
9.9937E-05 9.9937E-05 9.9937E-05 9.9937E-05 0.00374448 0.137485 9.9937E-05 9.9937E-05 0.858071 9.9937E-05
9.9955E-05 0.0283302 9.9955E-05 9.9955E-05 9.9955E-05 9.9955E-05 0.0230986 0.119439 0.76154 0.0670927
0.00662076 0.0309112 0.0721375 0.00307716 9.9991E-05 0.0438044 0.0325427 0.000690189 0.781482 0.0286337
0.0113109 0.0243912 0.00565191 0.0431343 9.9982E-05 0.0989857 0.0327932 9.9982E-05 0.740911 0.0426217
9.9964E-05 9.9964E-05 0.0169063 9.9964E-05 0.0800673 0.20186 0.0174521 0.665152 0.018163 9.9964E-05
0.184653 9.9973E-05 9.9973E-05 0.012992 9.9973E-05 0.456385 0.0577651 0.145414 0.0558608 0.0866299
0.00330088 0.0556095 9.9982E-05 9.9982E-05 0.105337 0.372038 0.186932 0.0841218 0.177381 0.0150792
0.0538152 0.00778673 9.9991E-05 0.0324442 0.0155343 0.650462 0.0159699 0.202671 0.00899304 0.0122244
0.0381223 9.9991E-05 0.0391615 0.0264782 0.000299543 0.472532 0.0295925 0.165068 0.0560567 0.172589
0.159335 9.9964E-05 0.0040529 9.9964E-05 0.155352 0.260195 0.0361992 0.384466 9.9964E-05 9.9964E-05
0.0115341 9.9973E-05 0.0330873 0.0322733 0.0895201 9.9973E-05 9.9973E-05 0.634637 0.0917792 0.106869
0.0669017 9.9973E-05 0.118014 0.0307874 9.9973E-05 0.383617 0.0900339 0.225416 9.9973E-05 0.0849306
0.205333 0.0103884 0.106439 9.9982E-05 9.9982E-05 0.0289577 0.0717194 0.482119 0.0915093 0.00333426
0.183737 9.9973E-05 0.0464454 9.9973E-05 9.9973E-05 0.400021 0.020852 0.179486 0.0727444 0.0964138
0.103228 9.9973E-05 0.014467 0.0197245 0.0399557 0.188711 9.9973E-05 0.518645 0.11497 9.9973E-05
9.9982E-05 0.000874331 9.9982E-05 0.058608 0.0110669 0.535674 0.0597252 0.16932 0.101289 0.0632435
0.0316639 0.0887656 9.9991E-05 0.0204917 0.0223662 0.146898 0.0233687 0.609335 0.0329567 0.0240541
0.0585005 9.9982E-05 0.0585946 9.9982E-05 0.104719 0.214288 0.101958 0.304771 0.015454 0.141515
0.111324 9.9973E-05 0.0427488 9.9973E-05 0.171229 0.460241 0.0520198 0.101556 9.9973E-05 0.0605819
0.0703808 9.9955E-05 0.0286189 9.9955E-05 0.47258 0.305784 9.9955E-05 0.122137 9.9955E-05 9.9955E-05
9.9973E-05 0.0189923 0.0965683 9.9973E-05 0.140133 0.568258 9.9973E-05 0.0715395 0.00428162 0.0999272
9.9973E-05 9.9973E-05 0.119034 0.00115411 0.208098 0.556532 0.00930208 0.0265106 0.079069 9.9973E-05
0.0352125 9.9955E-05 0.115116 9.9955E-05 0.382477 0.356987 9.9955E-05 9.9955E-05 9.9955E-05 0.109707
0.00242391 0.00757457 0.0956603 9.9973E-05 0.270281 0.522686 0.0582481 0.042826 9.9973E-05 9.9973E-05
0.0597467 9.9964E-05 0.0937202 0.00747021 0.207358 0.563285 9.9964E-05 9.9964E-05 9.9964E-05 0.0680207
0.176544 9.9955E-05 0.0890773 9.9955E-05 0.516299 0.0497555 9.9955E-05 9.9955E-05 9.9955E-05 0.167825
0.039846 9.9955E-05 0.0673524 9.9955E-05 0.531833 0.268165 9.9955E-05 9.9955E-05 9.9955E-05 0.0923032
0.128561 9.9955E-05 0.0898491 9.9955E-05 0.269405 0.475276 9.9955E-05 9.9955E-05 9.9955E-05 0.0364096
0.0664847 0.002446 0.0738694 9.9973E-05 0.330882 0.19329 9.9973E-05 0.0858009 9.9973E-05 0.246927
9.9955E-05 9.9955E-05 0.0299175 9.9955E-05 0.325194 0.433074 9.9955E-05 0.141715 9.9955E-05 0.0695991
0.0336612 0.0115161 0.00452608 9.9982E-05 9.9982E-05 0.101031 0.0186758 0.629231 0.0296986 0.17146
0.286051 9.9964E-05 9.9964E-05 9.9964E-05 0.0225409 0.170934 0.0616833 0.402117 9.9964E-05 0.0562738
0.00990515 9.9982E-05 0.0710271 0.00691311 9.9982E-05 0.270293 0.11879 0.374991 0.0583954 0.089485
9.9955E-05 0.0728125 9.9955E-05 9.9955E-05 0.0384687 0.511008 0.103291 0.273919 9.9955E-05 9.9955E-05
0.0871241 0.0195009 0.0288244 9.9973E-05 9.9973E-05 0.202101 0.0230478 0.457689 9.9973E-05 0.181413
0.252459 0.0146476 0.104774 0.0717118 0.0509176 0.305428 0.119633 0.050218 0.019577 0.0106353
9.9982E-05 0.0416644 0.0113136 0.0220395 9.9982E-05 0.566846 0.0866371 0.216588 0.0329993 0.021712
0.101234 9.9964E-05 9.9964E-05 9.9964E-05 0.0747839 0.51024 0.0905824 0.212694 9.9964E-05 0.0100657
0.097106 0.00526245 0.106223 0.0505877 9.9982E-05 0.404282 0.0969696 0.176116 9.9982E-05 0.0632523
9.9973E-05 9.9973E-05 0.0520833 0.0322208 9.9973E-05 0.407033 0.0186415 0.213457 0.0482674 0.227997
0.0968315 9.9964E-05 0.0032883 9.9964E-05 9.9964E-05 0.18649 0.0710381 0.526229 9.9964E-05 0.115723
0.121259 0.0278841 0.0385293 9.9973E-05 9.9973E-05 0.309864 0.0517737 0.38866 9.9973E-05 0.0617299
0.0323345 0.0185879 0.0356601 9.9982E-05 0.047643 0.587522 0.0829551 0.13285 9.9982E-05 0.0622472
9.9991E-05 0.0343339 0.0480467 0.0145556 0.0547975 0.515916 0.0441249 0.153126 0.00364614 0.131353
0.202427 9.9991E-05 0.0211393 0.0159619 0.0662274 0.304046 0.0792967 0.260124 0.00145169 0.0492253
0.130545 9.99641E-05 0.0415924 9.99641E-05 9.99641E-05 0.3767 0.138969 0.267183 9.99641E-05 0.0446102
9.9955E-05 9.9955E-05 9.9955E-05 0.0173036 0.0731232 0.455864 9.9955E-05 0.442223 0.010986 9.9955E-05
9.9964E-05 9.9964E-05 0.0266913 9.9964E-05 9.9964E-05 0.558873 0.0216907 0.213783 0.0671413 0.111421
9.9973E-05 0.0190718 0.103072 9.9973E-05 9.9973E-05 0.447019 0.0961603 0.219763 0.0499992 0.0646144
0.0430028 9.9973E-05 9.9973E-05 0.0299243 9.9973E-05 0.481258 0.0165509 0.290267 0.0849142 0.0537832
9.9964E-05 0.121186 9.9964E-05 9.9964E-05 0.0899435 0.37367 0.0880723 9.9964E-05 0.300745 0.0259831
0.034098 9.9982E-05 9.9982E-05 0.0485224 0.118813 0.389109 0.222193 0.0392391 0.110957 0.0368692
0.0442863 0.100166 0.0250056 9.9982E-05 9.9982E-05 0.460855 0.233195 0.000930495 0.0585471 0.0768141
0.150967 0.0669101 0.0759757 0.0508562 9.9973E-05 0.474059 0.145854 9.9973E-05 9.9973E-05 0.0350787
0.0753809 0.0514245 9.9982E-05 0.00426164 9.9982E-05 0.383429 0.245304 0.0344935 0.150724 0.0547829
0.206346 9.9964E-05 0.070523 9.9964E-05 0.110631 0.458801 0.0141422 0.139157 9.9964E-05 9.9964E-05
9.99817E-05 0.013068 0.0284642 9.99817E-05 0.00239437 0.510783 0.200337 9.99817E-05 0.127061 0.117593
9.9964E-05 9.9964E-05 9.9964E-05 9.9964E-05 0.466075 0.0298615 0.134201 0.00999856 0.210853 0.148611
9.9982E-05 9.9982E-05 0.0207841 0.0174723 0.0596937 0.498232 0.195039 0.0879914 0.110684 0.00990291
0.201274 0.0148203 0.115355 0.0414446 9.9982E-05 0.355313 0.126969 9.9982E-05 0.097051 0.0475733
0.155055 0.00904311 0.0303617 0.0520024 0.0409261 0.419109 0.175973 0.0449963 0.00737064 0.0651633
0.0724757 0.0455827 9.9991E-05 0.0430721 0.185413 0.274034 0.133574 0.101123 0.0883177 0.0563073
9.9973E-05 0.0373437 9.9973E-05 0.0280652 0.0864258 0.604119 0.102911 0.0470834 0.0937518 9.9973E-05
0.0895012 9.9964E-05 9.9964E-05 0.0322982 0.104563 0.496696 0.154477 9.9964E-05 0.122064 9.9964E-05
0.061028 9.9955E-05 9.9955E-05 0.0390212 0.319637 9.9955E-05 0.184812 9.9955E-05 0.395002 9.9955E-05
9.9964E-05 9.9964E-05 9.9964E-05 0.10025 0.0725749 0.384086 0.316232 9.9964E-05 0.123511 0.00294559
0.0416645 9.9964E-05 9.9964E-05 0.0241906 0.0702311 0.51078 0.197154 9.9964E-05 0.15558 9.9964E-05
0.0578478 0.0305986 0.0562506 0.0179681 0.022148 0.457145 0.163121 0.0559641 0.0412806 0.0976759
9.9955E-05 9.9955E-05 9.9955E-05 0.0180563 0.130279 0.528881 0.165214 9.9955E-05 0.15707 9.9955E-05
0.0788384 0.0842426 9.9982E-05 0.0367666 0.00903676 0.489775 0.10274 0.103868 0.0945327 9.9982E-05
0.350205 0.0353978 0.0373842 0.00800514 9.9973E-05 0.302272 0.15684 9.9973E-05 9.9973E-05 0.109597
0.218193 9.9982E-05 0.0138584 0.0183142 0.026719 0.435445 0.109863 0.0954942 0.0819129 9.9982E-05
0.78584 9.9955E-05 0.0237491 9.9955E-05 0.036407 9.9955E-05 9.9955E-05 0.126749 9.9955E-05 0.0267558
0.8492 9.99369E-05 9.99369E-05 9.99369E-05 0.0400444 9.99369E-05 9.99369E-05 0.110056 9.99369E-05 9.99369E-05
0.360459 0.000535725 9.9973E-05 0.0152611 9.9973E-05 0.348224 0.16783 0.104136 9.9973E-05 0.00325518
0.190751 9.9964E-05 9.9964E-05 9.9964E-05 0.0371322 0.347617 0.279444 0.066587 0.0780685 9.9964E-05
0.259167 9.9955E-05 9.9955E-05 9.9955E-05 0.0494094 0.280886 0.319355 9.9955E-05 0.0906828 9.9955E-05
0.219916 0.111563 9.9991E-05 0.0683283 0.0817981 0.120742 0.261027 0.00608532 0.0892959 0.0411444
0.209995 0.079183 9.9973E-05 0.0206219 0.0651784 0.306162 0.219952 9.9973E-05 0.0986082 9.9973E-05
0.55318 0.0515676 9.9964E-05 9.9964E-05 0.231384 0.0497952 0.0194971 9.9964E-05 0.0941767 9.9964E-05
0.647447 9.9964E-05 9.9964E-05 0.0375311 0.0546605 0.0681981 0.0870971 9.9964E-05 0.104666 9.9964E-05
0.319199 9.9955E-05 0.0131414 0.0690741 9.9955E-05 0.528026 0.0700599 9.9955E-05 9.9955E-05 9.9955E-05
0.453709 0.130053 9.9946E-05 9.9946E-05 9.9946E-05 0.338277 0.0773612 9.9946E-05 9.9946E-05 9.9946E-05
0.686428 9.9955E-05 9.9955E-05 0.0585536 9.9955E-05 0.150966 0.0808757 9.9955E-05 0.0226774 9.9955E-05
0.176966 0.037414 9.9982E-05 0.0520253 9.9982E-05 0.436378 0.142278 0.0610482 0.0331146 0.0605759
0.366649 9.9955E-05 0.0336691 9.9955E-05 9.9955E-05 0.452772 0.117889 9.9955E-05 9.9955E-05 0.0285201
0.219406 0.0166913 9.9982E-05 9.9982E-05 0.0236128 0.356796 0.123357 0.0632525 0.08277 0.113915
0.605236 9.9973E-05 0.0869053 9.9973E-05 0.0155278 0.254081 9.9973E-05 0.00847071 0.012883 0.0165961
0.516239 9.9964E-05 9.9964E-05 0.0407911 9.9964E-05 0.310152 0.0112099 0.118142 0.00306658 9.9964E-05
0.287124 9.9973E-05 0.0492523 0.00235319 0.0527567 0.521881 0.0251044 9.9973E-05 0.0612278 9.9973E-05
0.34613 0.0142294 0.0201003 0.00741191 0.0199776 0.434504 9.9991E-05 0.00223144 0.119552 0.0357629
0.237322 0.00394281 0.021291 0.0371194 0.0687348 0.443865 0.091541 0.0470866 0.0489977 9.9991E-05
0.469258 9.9946E-05 9.9946E-05 9.9946E-05 0.0976427 0.413463 9.9946E-05 9.9946E-05 9.9946E-05 0.0190367
0.753759 0.00780385 0.0983406 9.9964E-05 0.00227228 0.135083 9.9964E-05 0.00234225 9.9964E-05 9.9964E-05
0.432205 0.0700178 0.0266336 0.0097197 9.9964E-05 0.452189 9.9964E-05 9.9964E-05 9.9964E-05 0.00883444
0.348798 9.9973E-05 0.00909775 0.0205024 9.9973E-05 0.319557 0.120213 0.112943 0.0685898 9.9973E-05
0.807256 9.9946E-05 0.00119961 9.9946E-05 9.9946E-05 0.159331 9.9946E-05 9.9946E-05 0.031614 9.9946E-05
0.491551 9.9964E-05 0.0246503 0.011366 9.9964E-05 0.383057 9.9964E-05 9.9964E-05 0.0602389 0.0287362
0.289728 0.0353645 0.0623324 0.0548502 9.9973E-05 0.457985 0.0693027 9.9973E-05 9.9973E-05 0.0301381
0.391493 9.9955E-05 9.9955E-05 9.9955E-05 0.0166148 0.471249 9.9955E-05 0.0849144 0.0352287 9.9955E-05
0.00273175 0.0768271 0.00334397 0.0615014 0.0910588 0.431402 0.12661 9.9991E-05 0.100732 0.105694
0.16461 9.9973E-05 0.0896201 9.9973E-05 0.0847686 0.300463 0.132543 0.0610036 0.166693 9.9973E-05
0.0752986 0.0511151 0.0077487 9.9991E-05 0.105619 0.304577 0.263612 0.0464206 0.0938717 0.051638
0.0760392 0.117836 0.128861 9.9973E-05 0.1281 0.280149 0.248335 9.9973E-05 0.0203802 9.9973E-05
9.9982E-05 0.0760259 0.0961919 9.9982E-05 0.00904742 0.467003 0.185925 0.0157929 0.0831798 0.0666345
0.200122 9.9964E-05 0.105217 0.0406159 9.9964E-05 0.325667 0.213166 9.9964E-05 0.114813 9.9964E-05
0.501546 0.0629913 0.0300898 0.000482546 0.142704 9.9973E-05 0.12562 9.9973E-05 0.136266 9.9973E-05
0.135286 0.0580866 0.0283234 0.0348284 9.9964E-05 0.452392 0.290684 9.9964E-05 9.9964E-05 9.9964E-05
0.360584 0.244756 9.9964E-05 0.0300017 0.152915 9.9964E-05 0.0491007 9.9964E-05 0.162243 9.9964E-05
0.286426 0.0636338 9.9955E-05 9.9955E-05 9.9955E-05 0.414555 0.229734 9.9955E-05 0.00515189 9.9955E-05
0.777962 9.9946E-05 9.9946E-05 9.9946E-05 0.0600091 0.0291173 9.9946E-05 9.9946E-05 9.9946E-05 0.132312
0.877712 9.9946E-05 9.9946E-05 0.0379071 9.9946E-05 9.9946E-05 9.9946E-05 0.0236043 9.9946E-05 0.060177
