9.9991E-05 0.0903068 0.909593
9.999E-05 0.0344291 0.965471
0.00903789 0.178317 0.812645
0.00549126 0.137711 0.856798
9.9991E-05 0.139673 0.860227
0.196188 0.136193 0.667619
0.0699585 0.0255473 0.904494
0.146814 0.0268947 0.826291
0.0750699 9.9991E-05 0.92483
0.0773025 0.179938 0.742759
0.177586 0.0543255 0.768088
0.750965 0.155221 0.0938143
0.591899 0.406308 0.0017935
0.681705 0.170371 0.147924
0.565914 0.305378 0.128707
0.5122 0.344721 0.143079
0.420819 0.503668 0.075513
0.628451 0.35497 0.0165792
0.579505 0.240202 0.180293
0.782943 0.0100715 0.206985
0.574616 0.334988 0.0903955
0.636365 0.291962 0.071673
0.573802 0.377088 0.04911
0.679328 0.238223 0.0824483
0.494158 0.505742 9.9991E-05
0.521209 0.447436 0.0313549
0.738635 0.130169 0.131195
0.619042 0.267535 0.113423
0.785811 0.119317 0.0948724
9.9991E-05 0.214959 0.784941
9.9991E-05 0.196087 0.803813
0.0104471 0.187039 0.802514
0.0054316 0.276515 0.718054
0.667063 0.320856 0.0120813
0.588078 0.390417 0.0215045
0.5983 0.4016 9.9991E-05
0.774672 9.9991E-05 0.225228
0.736541 0.257339 0.00612001
0.596876 0.396376 0.00674774
0.463913 0.535987 9.9991E-05
0.545517 0.352959 0.101524
0.498604 0.407704 0.0936921
0.874717 0.0606494 0.064634
0.52264 0.47726 9.9991E-05
0.498973 0.451266 0.0497609
0.474735 0.457968 0.0672975
0.790585 0.209315 9.9991E-05
0.609744 0.390156 9.9991E-05
0.593344 0.348574 0.0580817
0.843825 9.9991E-05 0.156075
0.915171 0.0195758 0.0652535
0.844039 0.0177822 0.138178
0.567378 0.387941 0.0446814
0.475364 0.420592 0.104043
0.557214 0.442686 9.9991E-05
0.755646 0.0447861 0.199568
0.606995 0.36234 0.0306651
0.414461 0.48704 0.0984993
0.674403 0.228981 0.0966153
0.62817 0.080536 0.291294
0.581951 0.375196 0.0428525
0.559648 0.34535 0.0950025
0.829678 9.9991E-05 0.170222
0.698359 0.301541 9.9991E-05
0.600823 0.399077 9.9991E-05
0.489166 0.435637 0.0751965
0.648752 0.228388 0.12286
0.632159 0.316048 0.0517928
0.534786 0.439694 0.0255199
0.823724 0.03217 0.144106
0.705471 0.294429 9.9991E-05
0.883324 0.111688 0.00498783
0.542135 0.400616 0.0572488
0.967126 9.9991E-05 0.0327739
0.978216 9.9991E-05 0.0216845
0.82864 0.17126 9.9991E-05
0.736012 0.263888 9.9991E-05
0.493447 0.37559 0.130963
0.690748 0.303352 0.00589996
0.786659 0.104435 0.108906
0.799297 0.0949472 0.105756
0.488677 0.443251 0.0680718
0.777699 0.22087 0.00143159
0.709982 0.240025 0.0499932
0.755494 0.244406 9.9991E-05
0.928678 9.9991E-05 0.0712216
0.522847 0.477053 9.9991E-05
0.0113176 0.148503 0.840179
9.9991E-05 0.115818 0.884082
9.9991E-05 0.166707 0.833193
9.9991E-05 0.108106 0.891794
9.9991E-05 0.121694 0.878206
9.9991E-05 0.103073 0.896827
9.9991E-05 0.0982873 0.901613
0.583571 0.371743 0.0446862
0.574431 0.390201 0.0353672
0.960422 0.00430704 0.0352707
0.541425 0.385721 0.0728545
0.722508 0.277392 9.9991E-05
0.593827 0.406073 9.9991E-05
0.607141 0.392759 9.9991E-05
0.651542 0.348358 9.9991E-05
0.885438 9.9991E-05 0.114462
0.49145 0.435115 0.073435
0.608576 0.391324 9.9991E-05
0.54436 0.4149 0.0407397
0.786584 0.209062 0.00435409
0.636901 0.362999 9.9991E-05
0.703829 0.296071 9.9991E-05
0.714832 0.285068 9.9991E-05
0.748849 0.251051 9.9991E-05
0.596428 0.403472 9.9991E-05
0.710507 0.16866 0.120833
0.554221 0.263061 0.182718
0.500812 0.397006 0.102181
0.511367 0.445888 0.0427443
0.678636 0.248121 0.0732428
0.590474 0.399726 0.00979967
0.656773 0.318751 0.0244764
0.545472 0.42027 0.0342583
0.64539 0.312423 0.0421875
0.637348 0.362552 9.9991E-05
0.72491 0.26534 0.00974942
0.45171 0.487517 0.0607725
0.490642 0.468013 0.041345
0.575841 0.424059 9.9991E-05
0.655295 0.344605 9.9991E-05
0.504385 0.495515 9.9991E-05
0.570723 0.269068 0.160209
0.556549 0.443351 9.9991E-05
0.57567 0.42423 9.9991E-05
0.699943 0.187136 0.112921
0.786787 0.0896152 0.123598
0.570622 0.365968 0.0634099
0.88691 0.0740414 0.039049
0.759348 0.128366 0.112286
0.763524 0.197866 0.0386098
0.779852 0.100986 0.119162
0.787918 0.140172 0.0719101
0.553735 0.401857 0.0444087
0.450353 0.418613 0.131034
0.657542 0.288392 0.0540665
0.775934 0.13195 0.0921156
0.42662 0.403971 0.169409
0.631483 0.344899 0.0236174
0.726582 9.9991E-05 0.273318
0.520843 0.463448 0.0157089
0.630996 0.259831 0.109173
0.482926 0.426017 0.0910568
0.674269 0.137908 0.187823
0.765954 0.0356997 0.198346
0.701636 0.268352 0.0300117
0.571002 0.325546 0.103452
0.463051 0.317236 0.219713
0.649239 0.125289 0.225472
0.542879 0.411548 0.0455736
0.835605 0.164295 9.9991E-05
0.687834 0.312066 9.9991E-05
0.488969 0.452031 0.0589996
0.22429 0.361577 0.414133
0.0597769 0.158279 0.781944
0.191049 0.118651 0.6903
0.12866 0.383688 0.487651
0.597053 0.402847 9.9991E-05
0.488963 0.458518 0.0525187
0.049725 0.950175 9.9991E-05
0.212774 0.642457 0.144769
0.232845 0.661292 0.105863
0.767819 0.219914 0.0122664
0.579156 0.418381 0.00246258
0.798048 0.127229 0.0747227
0.645644 0.354256 9.9991E-05
0.691782 0.308118 9.9991E-05
0.606992 0.390192 0.00281551
0.831623 0.123919 0.0444579
0.511739 0.487098 0.00116354
0.499658 0.472452 0.0278909
9.9991E-05 0.92513 0.0747703
9.9991E-05 0.950397 0.0495034
0.165254 0.774217 0.0605295
0.0917514 0.857606 0.0506423
0.00334019 0.886288 0.110371
9.9991E-05 0.934005 0.0658948
9.9991E-05 0.881403 0.118497
9.9991E-05 0.987866 0.0120341
9.9991E-05 0.944675 0.0552249
9.9991E-05 0.935592 0.0643082
9.9991E-05 0.906382 0.0935177
0.00783154 0.871372 0.120796
9.9991E-05 0.848939 0.150961
9.9991E-05 0.918633 0.0812665
0.276028 0.622393 0.10158
9.9991E-05 0.789648 0.210252
9.9991E-05 0.850316 0.149584
9.9991E-05 0.903614 0.0962856
9.9991E-05 0.915956 0.0839441
9.9991E-05 0.871033 0.128867
9.9991E-05 0.908635 0.0912655
0.12411 0.764394 0.111495
9.9991E-05 0.878721 0.121179
0.461021 0.0422028 0.496776
0.489348 0.311118 0.199534
0.395053 0.379948 0.224999
0.467976 0.196777 0.335248
0.401402 0.420525 0.178073
0.436102 0.21584 0.348058
0.447309 0.373606 0.179086
0.431506 0.383878 0.184616
0.39221 0.470246 0.137543
0.34651 0.442039 0.211451
0.464525 0.353269 0.182206
0.0771018 0.0584415 0.864457
9.9991E-05 0.0967043 0.903196
9.9991E-05 0.0351412 0.964759
9.9991E-05 0.0492159 0.950684
9.9991E-05 0.0760451 0.923855
9.9991E-05 0.117091 0.882809
9.9991E-05 0.129776 0.870124
0.00485008 0.0723207 0.922829
9.9991E-05 0.100197 0.899703
9.9991E-05 0.1283 0.8716
0.27899 9.9991E-05 0.72091
0.286982 9.9991E-05 0.712918
0.308137 9.9991E-05 0.691763
0.421413 9.9991E-05 0.578487
0.611767 0.376491 0.0117421
0.631503 0.368397 9.9991E-05
0.585131 0.380523 0.0343458
0.718645 0.219759 0.0615959
0.836604 0.0346443 0.128752
0.527224 0.472676 9.9991E-05
0.672728 0.327172 9.9991E-05
0.710513 0.289387 9.9991E-05
0.71063 0.28927 9.9991E-05
0.578906 0.420994 9.9991E-05
0.746116 0.253784 9.9991E-05
0.956315 9.9991E-05 0.0435847
0.616367 0.377099 0.0065339
0.825818 0.159567 0.0146152
0.669092 0.330808 9.9991E-05
0.926663 0.0374369 0.0359005
0.705069 9.9991E-05 0.294831
0.683861 9.9991E-05 0.316039
0.781007 9.9991E-05 0.218893
0.725238 9.9991E-05 0.274662
0.795946 9.9991E-05 0.203954
0.701771 0.0177571 0.280472
9.9991E-05 0.120129 0.879771
0.017417 0.1551 0.827483
9.9991E-05 0.245393 0.754507
0.00257947 0.185228 0.812192
9.9991E-05 0.193304 0.806596
0.500407 9.9991E-05 0.499493
0.405192 9.9991E-05 0.594708
0.410713 9.9991E-05 0.589187
9.9991E-05 0.211972 0.787928
0.473603 9.9991E-05 0.526297
0.163952 0.582843 0.253205
0.311468 0.578665 0.109867
0.164556 0.678515 0.156929
0.202902 0.504141 0.292957
0.29989 0.536065 0.164045
0.0624272 0.311319 0.626254
0.695288 0.247579 0.0571333
0.748108 0.215199 0.0366927
0.695399 0.149119 0.155483
0.670813 0.329087 9.9991E-05
0.925684 9.9991E-05 0.074216
0.583937 0.322717 0.0933458
0.662828 0.290869 0.0463029
0.735299 0.195047 0.0696541
0.539346 0.459356 0.00129767
0.885139 0.00984979 0.105011
0.652869 0.347031 9.9991E-05
0.678755 0.321145 9.9991E-05
0.461465 0.390047 0.148488
0.754111 0.245789 9.9991E-05
0.661073 0.338827 9.9991E-05
0.623127 0.376773 9.9991E-05
0.664375 0.335525 9.9991E-05
0.518563 0.44868 0.0327565
0.507621 0.43813 0.0542485
0.546041 0.453859 9.9991E-05
9.9991E-05 0.254086 0.745814
9.9991E-05 0.189458 0.810442
0.0784295 0.0995217 0.822049
0.0392701 0.111189 0.84954
9.9991E-05 0.169238 0.830662
0.814007 0.0403806 0.145612
0.583943 0.353977 0.0620803
0.299725 0.507535 0.19274
0.5433 0.4566 9.9991E-05
0.643136 0.315615 0.0412492
0.70951 0.171307 0.119183
0.738817 9.9991E-05 0.261083
0.602033 0.349575 0.0483923
0.745896 0.0854349 0.168669
0.610706 0.304225 0.0850689
0.702407 9.9991E-05 0.297493
0.498282 0.445348 0.05637
0.758591 0.0411961 0.200213
0.669032 0.260864 0.070104
0.574127 0.402838 0.023035
0.758889 0.179251 0.0618591
0.5794 0.351908 0.0686916
0.509957 0.413685 0.0763585
0.838093 0.149464 0.0124429
0.59612 0.353785 0.050095
0.655421 0.297349 0.0472305
0.9076 9.9991E-05 0.0923003
0.885414 0.0660577 0.0485284
0.647602 0.317221 0.0351774
0.889076 9.9991E-05 0.110824
0.742805 0.257095 9.9991E-05
0.834983 0.0167123 0.148305
0.835051 0.164849 9.9991E-05
0.6893 0.256634 0.0540661
0.481639 0.518261 9.9991E-05
0.869992 0.109973 0.020034
0.522974 0.378438 0.0985884
0.510519 0.466302 0.0231792
0.552779 0.411232 0.035989
0.594218 0.405682 9.9991E-05
0.668762 0.265742 0.065496
0.797801 0.171921 0.0302771
0.702751 0.247325 0.0499249
0.600683 0.364188 0.0351284
0.494557 0.457448 0.0479947
0.705373 0.22169 0.0729368
0.600021 0.392751 0.00722752
0.615384 0.246655 0.137961
0.561526 0.431366 0.0071086
0.589462 0.385763 0.024775
0.548669 0.372961 0.0783699
0.240793 0.462885 0.296323
0.298911 0.517243 0.183845
0.347314 0.505995 0.146691
0.535435 0.464465 9.9991E-05
0.235646 0.561215 0.203139
0.713097 0.286803 9.9991E-05
0.373853 0.459497 0.16665
0.479496 0.14608 0.374424
0.426305 0.4798 0.0938953
0.348173 0.525913 0.125914
0.423985 0.54464 0.0313754
0.450347 0.343275 0.206377
0.328164 0.548623 0.123213
0.347422 0.56469 0.0878881
0.163601 0.177895 0.658504
0.309419 0.579326 0.111255
0.317337 0.54414 0.138523
0.414742 0.536294 0.0489648
0.300497 0.591349 0.108154
0.348378 0.496094 0.155528
0.580078 0.402568 0.0173543
0.565733 0.399977 0.0342902
0.982166 9.9991E-05 0.0177339
0.929312 9.9991E-05 0.0705883
0.555741 0.393113 0.0511457
0.264265 0.609446 0.126289
0.262061 0.59337 0.144569
0.255996 0.423175 0.320829
0.263025 0.510757 0.226219
0.645154 0.156452 0.198394
0.566122 0.254227 0.179651
0.481996 0.517904 9.9991E-05
0.520736 0.418759 0.0605057
0.601233 0.272667 0.1261
0.477072 0.493051 0.0298775
0.560433 0.439467 9.9991E-05
0.436482 0.445607 0.117911
0.835769 0.152497 0.0117338
0.731134 0.243126 0.0257397
0.563715 0.436185 9.9991E-05
0.63254 0.251607 0.115853
0.51714 0.329536 0.153325
0.724123 0.275777 9.9991E-05
0.892685 0.0897653 0.0175497
0.654875 0.345025 9.9991E-05
0.807262 0.144595 0.0481425
0.728908 0.270992 9.9991E-05
0.50912 0.433719 0.0571611
0.618609 0.376879 0.00451278
0.35208 0.505152 0.142768
0.401383 0.448796 0.149821
0.294499 0.47277 0.232731
0.384438 0.363022 0.252539
0.354583 0.465362 0.180054
0.44799 0.450192 0.101818
0.518777 0.105663 0.37556
0.384267 0.598984 0.0167493
0.298294 0.146691 0.555015
0.421076 0.531016 0.0479078
0.91847 0.0814303 9.9991E-05
0.932989 9.9991E-05 0.0669112
0.699904 0.299996 9.9991E-05
0.561587 0.438313 9.9991E-05
0.787652 0.212248 9.9991E-05
0.622801 0.377099 9.9991E-05
0.659915 0.339985 9.9991E-05
0.0259686 0.159506 0.814526
0.0740393 0.125674 0.800287
9.9991E-05 0.111207 0.888693
9.9991E-05 0.0943927 0.905507
0.611229 0.388671 9.9991E-05
0.598772 0.392839 0.00838872
0.725193 0.274707 9.9991E-05
0.549286 0.445989 0.00472538
0.608289 0.380044 0.011667
0.845319 0.139419 0.0152618
0.551483 0.448417 9.9991E-05
0.77725 0.22265 9.9991E-05
0.248436 0.458581 0.292983
0.675022 0.324878 9.9991E-05
0.792231 0.207669 9.9991E-05
0.673128 0.326772 9.9991E-05
0.71827 0.28163 9.9991E-05
0.564164 0.435736 9.9991E-05
0.551701 0.448199 9.9991E-05
0.950444 0.0494559 9.9991E-05
0.821761 0.173123 0.00511548
0.77841 0.22149 9.9991E-05
0.999662 9.9991E-05 0.000238108
0.672953 0.308849 0.0181988
0.901645 0.0749692 0.0233862
0.954145 9.9991E-05 0.0457547
0.600685 0.399215 9.9991E-05
0.848252 0.123765 0.0279824
0.703775 0.296125 9.9991E-05
0.569553 0.325523 0.104924
0.682113 0.317787 9.9991E-05
0.760634 0.239266 9.9991E-05
0.628185 0.371715 9.9991E-05
0.676658 0.318645 0.00469757
0.837792 0.162108 9.9991E-05
0.540277 0.408156 0.0515675
0.264624 9.9991E-05 0.735276
0.11662 0.0910802 0.7923
0.109397 9.9991E-05 0.890503
0.123548 9.9991E-05 0.876352
0.213047 9.9991E-05 0.786853
0.865218 0.0431011 0.0916811
0.867198 0.0416891 0.0911125
0.882041 0.117859 9.9991E-05
0.522441 0.447804 0.029755
0.531438 0.407762 0.0608001
0.720486 0.279414 9.9991E-05
0.54467 0.45523 9.9991E-05
0.632273 0.335029 0.0326984
0.677549 0.322351 9.9991E-05
0.573535 0.426365 9.9991E-05
0.853391 0.146509 9.9991E-05
0.752726 0.247174 9.9991E-05
0.791524 0.208376 9.9991E-05
0.570502 0.336302 0.0931956
0.756469 0.243431 9.9991E-05
0.611403 0.326997 0.0615992
0.195772 0.757301 0.0469271
0.241826 0.636319 0.121855
0.148442 0.72462 0.126938
0.0745223 0.731154 0.194323
0.245762 0.631841 0.122397
0.667049 0.332851 9.9991E-05
9.9991E-05 0.634235 0.365665
0.0858787 0.76832 0.145802
0.440987 0.416356 0.142657
0.515287 0.3659 0.118812
0.548382 0.293069 0.158549
0.516782 0.437962 0.0452558
0.497611 0.435956 0.066433
0.0251809 0.717715 0.257104
0.197428 0.602712 0.19986
0.0851876 0.825592 0.0892209
0.325912 0.602226 0.0718624
0.127543 0.709775 0.162683
0.264243 0.627939 0.107818
9.9991E-05 0.792979 0.206921
0.2642 0.647287 0.088513
0.542807 0.391942 0.0652512
0.12037 0.579675 0.299955
9.9991E-05 0.773645 0.226255
0.281659 0.555827 0.162515
0.672755 0.0639706 0.263274
0.519318 0.469386 0.0112952
0.245092 0.558917 0.195991
0.512335 0.421828 0.0658373
0.57734 0.275296 0.147365
0.308995 0.445971 0.245034
0.255019 0.526296 0.218686
0.514963 0.435647 0.0493908
0.168639 0.647402 0.183959
0.19994 0.761387 0.0386728
9.9991E-05 0.672672 0.327228
0.452587 0.397258 0.150155
0.600122 0.333104 0.0667744
0.582706 0.164963 0.252332
0.546161 0.453739 9.9991E-05
0.622627 0.263391 0.113982
0.350192 0.461623 0.188185
0.444781 0.382849 0.172371
0.322837 0.173478 0.503685
0.338794 0.160187 0.501018
0.511349 0.328309 0.160342
0.268117 0.264589 0.467294
0.139897 0.272967 0.587136
0.451457 0.361375 0.187167
0.384337 0.333745 0.281919
0.347274 0.273157 0.379569
0.342096 0.222554 0.43535
0.482897 0.427582 0.0895216
0.472645 0.241281 0.286075
0.291755 0.0667809 0.641464
0.361985 0.492341 0.145673
0.327774 0.471406 0.20082
0.350247 0.38231 0.267443
0.215563 0.666323 0.118113
0.28582 0.539155 0.175025
0.34369 0.532471 0.123839
0.137282 0.492388 0.37033
0.245519 0.528402 0.226079
0.203449 0.638789 0.157762
0.249265 0.491815 0.258921
0.541604 0.255687 0.20271
0.412749 0.497312 0.0899395
0.38839 0.510315 0.101295
0.447527 0.48518 0.0672931
0.157571 0.523167 0.319262
0.335056 0.476829 0.188115
0.171014 0.348339 0.480648
0.326458 0.526716 0.146826
0.169947 0.4807 0.349352
0.127086 0.0563477 0.816566
0.758516 9.9991E-05 0.241384
0.732189 9.9991E-05 0.267711
0.737227 9.9991E-05 0.262673
0.803911 9.9991E-05 0.195989
0.776207 9.9991E-05 0.223693
0.777516 9.9991E-05 0.222384
0.724532 9.9991E-05 0.275368
0.609552 9.9991E-05 0.390348
9.9991E-05 0.0882896 0.91161
0.060254 0.0985418 0.841204
0.00519796 0.107019 0.887783
0.101339 0.0810881 0.817573
9.9991E-05 0.126513 0.873387
0.00650353 0.0437073 0.949789
0.0364696 0.216293 0.747237
9.9991E-05 0.113536 0.886364
0.0383144 0.174519 0.787167
9.9991E-05 0.110643 0.889257
9.9991E-05 0.0555932 0.944307
0.0073857 0.132328 0.860286
9.9991E-05 0.0688709 0.931029
9.9991E-05 0.11057 0.88933
9.9991E-05 0.140941 0.858959
9.9991E-05 0.183361 0.816539
9.9991E-05 0.229499 0.770401
9.9991E-05 0.229733 0.770167
9.9991E-05 0.220147 0.779753
0.527938 0.306024 0.166038
0.589301 0.410599 9.9991E-05
0.52173 0.450863 0.0274071
0.775534 0.0428858 0.18158
0.566344 0.322462 0.111194
0.63004 0.101277 0.268683
0.541001 0.406149 0.05285
0.670403 0.243352 0.0862448
0.583888 0.310534 0.105578
0.621118 0.378782 9.9991E-05
0.624466 0.267919 0.107615
0.538674 0.461226 9.9991E-05
0.560055 0.35853 0.0814152
0.815826 0.0446762 0.139498
0.787681 9.9991E-05 0.212219
0.69185 0.106536 0.201614
0.430765 0.484226 0.0850096
0.559989 0.340891 0.0991204
0.536587 0.301922 0.161491
0.541016 0.432988 0.0259962
0.370636 0.466794 0.16257
0.330656 0.55377 0.115575
0.294576 0.224387 0.481037
0.454277 0.426223 0.1195
0.332186 0.41316 0.254653
0.268361 0.129563 0.602076
0.281924 0.380844 0.337233
0.268239 0.393763 0.337999
0.3203 0.375367 0.304333
0.421115 0.455296 0.123589
0.285305 0.498013 0.216681
0.388731 0.527919 0.08335
0.355203 0.515661 0.129136
0.113075 0.414649 0.472276
