0.0133677 9.9991E-05 0.891813 0.0184031 0.0763166
9.9982E-05 0.0255284 0.941061 0.0332104 9.9982E-05
0.0376973 9.9991E-05 0.840221 0.0644837 0.0574977
0.0731305 9.9982E-05 0.849111 9.9982E-05 0.0775589
0.00512017 9.9982E-05 0.941364 9.9982E-05 0.0533162
0.0261007 0.106205 0.683904 0.165717 0.0180732
9.9991E-05 0.0817102 0.844324 0.0430111 0.0308544
0.00865475 0.0954266 0.719014 0.100224 0.0766804
9.9982E-05 0.0200114 0.86736 9.9982E-05 0.112428
0.0819551 0.0947769 0.699785 0.109471 0.0140126
0.00567611 0.125061 0.733115 0.0525052 0.0836427
0.168985 9.9982E-05 9.9982E-05 0.51734 0.313476
0.145006 0.0201511 0.0841507 0.466069 0.284624
0.191228 9.9991E-05 0.156301 0.414759 0.237612
0.0654803 0.0266728 0.0660548 0.361408 0.480384
0.211377 9.9991E-05 0.0981008 0.502895 0.187528
0.11383 9.9991E-05 0.119141 0.584211 0.182718
0.230462 9.9991E-05 0.0103073 0.46411 0.295021
0.122998 9.9991E-05 0.0866747 0.526837 0.26339
0.11858 9.9982E-05 0.838652 9.9982E-05 0.0425676
0.0744702 9.9991E-05 0.846685 0.032591 0.0461541
0.075721 9.9991E-05 0.772981 0.150546 0.000651735
0.0728401 0.0385301 0.802553 0.0859772 9.9991E-05
0.0589281 0.0150126 0.110346 0.353157 0.462556
0.0133758 9.9991E-05 0.0909991 0.774795 0.12073
0.0464381 0.0933472 9.9982E-05 0.860015 9.9982E-05
9.9982E-05 0.268118 0.0388009 0.692881 9.9982E-05
0.00721207 0.0401242 0.00799089 0.576655 0.368018
9.9991E-05 0.36999 0.00700178 0.518856 0.104052
0.0328566 0.0352152 0.0991343 0.541555 0.291239
0.0368567 0.0793679 0.280302 0.441156 0.162318
9.9982E-05 9.9982E-05 0.112374 0.50786 0.379565
0.0831699 0.0215325 0.149132 0.549409 0.196757
0.0634159 0.0282302 0.0940698 0.41187 0.402414
0.087343 9.9982E-05 9.9982E-05 0.854773 0.0576843
9.9982E-05 0.0743986 0.0291122 0.896289 9.9982E-05
9.9973E-05 9.9973E-05 0.0597139 0.939986 9.9973E-05
0.0399778 9.9973E-05 9.9973E-05 0.959722 9.9973E-05
0.117164 9.9991E-05 0.0422612 0.657389 0.183085
0.102764 9.9991E-05 0.0124484 0.642135 0.242553
9.9973E-05 0.229982 9.9973E-05 0.769719 9.9973E-05
0.0547085 9.9991E-05 0.804825 0.0372679 0.103099
0.0145582 9.9982E-05 0.965993 0.0192486 9.9982E-05
0.0294091 9.9991E-05 0.939084 0.0214859 0.00992153
0.0216801 0.061384 0.916736 9.9982E-05 9.9982E-05
0.0304885 0.015929 0.92952 0.0239623 9.9991E-05
0.0602805 9.9982E-05 0.921754 9.9982E-05 0.0177659
9.9982E-05 0.0021015 0.967525 0.0301731 9.9982E-05
9.9982E-05 9.9982E-05 0.0846515 0.899212 0.015937
9.9982E-05 9.9982E-05 0.0836826 0.796257 0.119861
0.198742 9.9982E-05 9.9982E-05 0.744897 0.0561619
0.063453 0.251486 0.0436235 0.45885 0.182588
0.151711 9.9991E-05 0.0409642 0.441833 0.365391
0.0443332 0.225242 0.0412509 0.435221 0.253954
0.0557409 0.243957 9.9991E-05 0.414808 0.285395
0.0907578 9.9991E-05 0.109867 0.611613 0.187662
0.152081 9.9991E-05 0.0455236 0.432801 0.369494
0.119607 0.126273 0.050626 0.433922 0.269571
9.9991E-05 0.444799 0.0979654 0.238216 0.218919
0.0402233 0.390654 0.124731 0.311532 0.132858
0.00642803 0.488225 0.0365745 0.319732 0.149041
0.124725 0.220341 0.0709676 0.50623 0.0777371
0.107534 0.301757 0.114422 0.471087 0.00519929
0.0834631 0.213763 9.9991E-05 0.623935 0.0787385
0.308714 0.374444 0.252983 0.0428817 0.0209759
0.031551 0.50017 0.468079 9.9982E-05 9.9982E-05
0.0378211 0.575964 0.386015 9.9982E-05 9.9982E-05
0.335385 0.281057 0.339908 9.9991E-05 0.0435508
0.0868691 0.373672 9.9982E-05 0.539259 9.9982E-05
0.0183459 0.549279 9.9982E-05 0.432175 9.9982E-05
9.9982E-05 0.501716 9.9982E-05 0.451369 0.0467154
0.927378 0.072322 9.9973E-05 9.9973E-05 9.9973E-05
0.897694 9.9982E-05 9.9982E-05 0.088649 0.0134567
0.990924 0.00244419 9.9982E-05 9.9982E-05 0.00643204
0.939734 9.9982E-05 0.0160683 9.9982E-05 0.0439976
0.951169 9.9982E-05 9.9982E-05 0.00474982 0.0438814
0.9996 9.997E-05 9.997E-05 9.997E-05 9.997E-05
0.9996 9.997E-05 9.997E-05 9.997E-05 9.997E-05
0.9996 9.997E-05 9.997E-05 9.997E-05 9.997E-05
0.972546 0.0225045 9.9982E-05 0.00474965 9.9982E-05
0.855573 0.0477984 0.0639618 0.0325671 9.9991E-05
0.969194 0.0187147 0.000133818 0.0118572 9.9991E-05
0.822303 9.9982E-05 0.0944138 0.0830827 9.9982E-05
9.9982E-05 0.663172 0.227936 0.108692 9.9982E-05
0.0929862 0.445587 0.213915 0.22867 0.0188427
0.0917112 0.364102 0.264007 0.28008 9.9991E-05
9.9991E-05 0.0595393 0.861261 0.0301011 0.0489988
0.055114 9.9973E-05 0.944586 9.9973E-05 9.9973E-05
9.9982E-05 0.0144572 0.94328 9.9982E-05 0.0420629
9.9973E-05 9.9973E-05 0.937927 9.9973E-05 0.0617729
0.00339055 0.0394889 0.911903 9.9991E-05 0.0451178
0.0590391 0.0381021 0.902659 9.9982E-05 9.9982E-05
0.0813412 9.9982E-05 0.913817 9.9982E-05 0.00464154
9.9982E-05 0.109237 0.87944 9.9982E-05 0.0111228
0.0349511 9.9982E-05 0.935732 0.0291171 9.9982E-05
0.0316275 0.100909 0.862863 9.9991E-05 0.00450077
9.9982E-05 9.9982E-05 0.603672 0.148619 0.247509
9.9982E-05 9.9982E-05 0.575108 0.03491 0.389782
9.9991E-05 0.0897851 0.487346 0.108483 0.314285
9.9982E-05 9.9982E-05 0.511408 0.22041 0.267982
0.0512223 9.9991E-05 0.0114633 0.456957 0.480258
0.203289 0.0246487 0.00413469 0.767827 9.9991E-05
9.9973E-05 0.107644 9.9973E-05 0.892056 9.9973E-05
0.0370506 0.11137 0.046246 0.787 0.0183329
9.9982E-05 9.9982E-05 0.0721777 0.76756 0.160062
9.9982E-05 0.0366121 0.0984851 9.9982E-05 0.864703
9.9973E-05 0.0627874 9.9973E-05 9.9973E-05 0.936913
9.997E-05 9.997E-05 9.997E-05 9.997E-05 0.9996
9.9991E-05 0.0489291 0.0229874 0.00659303 0.92139
0.0034639 0.10265 9.9982E-05 9.9982E-05 0.893686
0.056992 0.0344673 9.9982E-05 9.9982E-05 0.908341
0.0517467 0.0661 0.875225 9.9991E-05 0.00682848
0.0167837 0.0410087 0.806805 9.9991E-05 0.135302
0.134368 0.068375 0.756836 9.9991E-05 0.040321
0.130937 9.9982E-05 0.734005 9.9982E-05 0.134858
0.116339 0.100708 0.752865 9.9991E-05 0.029988
9.9991E-05 0.0347806 0.405399 0.00777109 0.551949
9.9991E-05 0.0756725 0.476605 0.0401882 0.407435
9.9982E-05 0.038815 0.414148 9.9982E-05 0.546837
0.10455 9.9982E-05 0.819499 9.9982E-05 0.0757516
9.9982E-05 0.066768 0.307136 9.9982E-05 0.625896
0.388415 0.375265 0.175059 9.9991E-05 0.061161
0.243286 0.434458 0.322056 9.9982E-05 9.9982E-05
0.147703 0.124858 9.9991E-05 0.584222 0.143117
0.0353637 9.9991E-05 0.156038 0.434351 0.374147
0.186523 0.0266894 0.0861344 0.662143 0.0385105
9.9982E-05 0.31277 9.9982E-05 0.594757 0.092273
0.0113203 0.0849749 0.137814 0.581989 0.183902
9.9982E-05 0.235193 9.9982E-05 0.618281 0.146326
0.15038 0.124237 9.9991E-05 0.508195 0.217088
0.109361 0.0336304 0.106225 0.570864 0.179919
0.108897 0.0416976 0.827349 0.0219557 9.9991E-05
0.0656821 0.0308409 0.862422 0.0409554 9.9991E-05
0.00333439 0.0706833 0.825021 0.0996249 0.00133636
0.0229098 9.9991E-05 0.819533 0.1161 0.0413575
0.0559682 0.032258 0.841241 0.0209731 0.0495601
0.0700594 9.9991E-05 0.122221 0.421478 0.386142
9.9991E-05 0.0728204 0.126939 0.343582 0.456559
0.0871359 0.0728145 0.0417595 0.321475 0.476816
0.0354264 0.027268 0.148025 0.424728 0.364552
0.0968892 9.9991E-05 0.105251 0.45483 0.34293
0.101359 0.120221 0.112559 0.455082 0.210779
9.9982E-05 0.478215 9.9982E-05 0.418514 0.103071
9.9982E-05 0.571962 9.9982E-05 0.369568 0.0582698
9.9982E-05 0.559513 9.9982E-05 0.421377 0.0189096
9.9982E-05 0.440581 9.9982E-05 0.46025 0.0989696
0.0500009 0.0263085 0.0257792 0.413041 0.48487
0.0882068 0.210079 9.9991E-05 0.579084 0.122531
0.117526 9.9982E-05 9.9982E-05 0.52149 0.360784
0.211521 9.9982E-05 9.9982E-05 0.41072 0.377559
0.0929746 0.574546 0.151422 0.180958 9.9991E-05
0.136385 0.492294 0.37112 9.9982E-05 9.9982E-05
9.9982E-05 0.336697 9.9982E-05 0.615417 0.0476857
9.9973E-05 0.318004 9.9973E-05 0.681696 9.9973E-05
0.380062 0.217436 0.0868214 0.31558 9.9991E-05
0.312445 0.182872 0.195193 0.30939 9.9991E-05
0.0699887 0.522407 0.0872566 0.320248 9.9991E-05
0.0625728 0.325716 0.167274 0.444338 9.9991E-05
0.265274 0.115342 0.0344607 0.572108 0.0128154
0.144281 0.348263 0.0456833 0.461672 9.9991E-05
0.039991 0.259252 9.9991E-05 0.550391 0.150266
0.0895182 0.175053 9.9991E-05 0.633707 0.101622
0.0844904 0.499441 0.123251 0.198743 0.0940748
0.103417 0.571386 0.324997 9.9982E-05 9.9982E-05
9.9973E-05 0.3363 9.9973E-05 0.6634 9.9973E-05
9.9973E-05 0.261137 9.9973E-05 0.738563 9.9973E-05
0.19866 0.0475109 0.0320436 0.712169 0.00961706
0.0753314 0.198727 9.9982E-05 0.725742 9.9982E-05
0.075817 0.053893 0.798936 0.0712542 9.9991E-05
0.112322 0.0433869 0.718395 9.9991E-05 0.125796
0.0543817 9.9982E-05 0.893269 9.9982E-05 0.0521494
0.00522834 0.0536586 0.940913 9.9982E-05 9.9982E-05
9.997E-05 9.997E-05 9.997E-05 0.9996 9.997E-05
0.0592472 0.115148 9.9982E-05 0.825405 9.9982E-05
9.9973E-05 0.147658 9.9973E-05 0.852042 9.9973E-05
9.9982E-05 0.35676 9.9982E-05 0.629183 0.0138562
9.9973E-05 0.171545 9.9973E-05 0.828155 9.9973E-05
0.03203 9.9991E-05 0.0968659 0.857577 0.0134268
0.0824669 0.00839593 0.0480254 0.861012 9.9991E-05
9.9991E-05 0.067073 0.636296 0.0225354 0.273996
0.0194821 9.9991E-05 0.799952 0.0974561 0.0830103
9.9982E-05 0.0238387 0.822375 9.9982E-05 0.153586
9.9982E-05 0.0634586 0.80292 9.9982E-05 0.133421
9.9982E-05 0.0782924 0.671301 9.9982E-05 0.250207
0.0195169 9.9991E-05 0.0946815 0.829767 0.0559346
9.9982E-05 9.9982E-05 0.138564 0.778614 0.0826217
0.0419768 9.9973E-05 9.9973E-05 0.957723 9.9973E-05
0.102201 9.9982E-05 9.9982E-05 0.735681 0.161918
0.0780433 9.9991E-05 0.0788948 0.738751 0.104211
0.563382 0.140269 0.296149 9.9982E-05 9.9982E-05
0.0385792 0.228298 0.136964 0.327066 0.269093
0.0171167 0.597038 0.141656 0.24409 9.9991E-05
0.0873728 0.692819 0.219608 9.9982E-05 9.9982E-05
9.9973E-05 0.801178 0.198522 9.9973E-05 9.9973E-05
0.117577 0.620736 0.259087 0.00249998 9.9991E-05
0.155976 0.489211 0.354613 9.9982E-05 9.9982E-05
0.0987051 0.45551 0.313605 0.108437 0.0237428
0.0772457 0.631056 0.209456 0.0696832 0.0125584
0.104481 0.563449 0.140757 0.191213 9.9991E-05
9.9973E-05 0.737072 0.262628 9.9973E-05 9.9973E-05
0.268451 0.328996 0.287611 0.114842 9.9991E-05
0.374382 0.290153 0.212652 0.122713 9.9991E-05
9.9991E-05 0.0919101 0.763694 0.000179076 0.144116
9.9973E-05 9.9973E-05 9.9973E-05 0.0567072 0.942993
9.997E-05 9.997E-05 9.997E-05 9.997E-05 0.9996
0.0178201 0.075207 9.9982E-05 9.9982E-05 0.906773
0.0514016 9.9973E-05 9.9973E-05 9.9973E-05 0.948298
0.0272386 9.9973E-05 9.9973E-05 9.9973E-05 0.972461
9.9991E-05 0.05291 0.0130604 0.0511402 0.882789
9.9973E-05 9.9973E-05 0.200826 9.9973E-05 0.798874
0.0303544 9.9991E-05 0.875083 0.0388555 0.055607
9.9982E-05 9.9982E-05 0.799257 0.0728571 0.127686
0.0152199 9.9982E-05 0.932876 0.051704 9.9982E-05
9.9991E-05 0.0674832 0.842498 0.0202287 0.0696905
0.0819178 9.9982E-05 0.872999 9.9982E-05 0.0448831
0.0189927 0.00633299 0.853067 9.9991E-05 0.121507
0.0741624 9.9982E-05 0.916971 0.00866679 9.9982E-05
0.053928 9.9982E-05 0.909218 0.0366541 9.9982E-05
9.9973E-05 0.00162034 0.99808 9.9973E-05 9.9973E-05
0.0302095 9.9982E-05 0.918175 0.0514157 9.9982E-05
9.9982E-05 0.0200437 0.939615 9.9982E-05 0.0401415
0.0360539 0.0311608 0.932585 9.9982E-05 9.9982E-05
0.0911318 9.9991E-05 0.876143 0.00683543 0.0257896
0.122995 0.0217545 0.855051 9.9982E-05 9.9982E-05
0.173331 0.0281422 0.794597 0.00382927 9.9991E-05
0.113549 9.9982E-05 0.830421 0.05583 9.9982E-05
0.16803 9.9982E-05 0.823719 0.00805061 9.9982E-05
0.142396 0.223343 0.128283 0.400197 0.10578
9.9982E-05 0.68562 9.9982E-05 0.254904 0.0592762
9.9991E-05 0.753775 0.0575223 0.165169 0.023434
0.0698651 0.158511 9.9991E-05 0.46988 0.301644
9.9982E-05 0.672144 9.9982E-05 0.19709 0.130566
9.9982E-05 0.658795 9.9982E-05 0.183121 0.157884
0.205368 0.189553 0.116257 0.409931 0.0788911
0.124642 9.9991E-05 0.518163 0.307903 0.0491914
0.146215 0.591904 0.242614 9.9991E-05 0.0191672
0.244647 0.0909266 0.323757 0.268786 0.0718831
0.268416 0.067806 0.452741 0.210936 9.9991E-05
