9.9991E-05 0.913626 0.0862736
0.011857 0.932395 0.0557476
9.999E-05 0.826307 0.173593
0.00974087 0.824016 0.166243
9.9991E-05 0.881337 0.118563
0.170297 0.641861 0.187842
0.0797942 0.843827 0.0763785
0.155748 0.746863 0.0973883
0.0273851 0.972515 9.9991E-05
0.107128 0.697722 0.19515
0.173505 0.809719 0.0167757
0.769375 0.0861515 0.144473
0.683358 0.0260499 0.290592
0.697228 0.140724 0.162047
0.622809 0.107542 0.269649
0.555921 0.161547 0.282532
0.734631 0.0138042 0.251565
0.580371 0.218014 0.201614
0.762742 0.237158 9.9991E-05
0.673252 0.0817871 0.244961
0.674533 0.0742397 0.251227
0.664963 0.0821663 0.25287
0.654477 0.0872087 0.258315
0.62029 0.0333196 0.346391
0.717242 0.13765 0.145108
0.654948 0.137845 0.207207
0.804404 0.135592 0.0600045
9.9991E-05 0.748758 0.251142
9.9991E-05 0.791101 0.208799
0.0442852 0.744282 0.211433
0.00349562 0.744943 0.251561
0.68229 0.0162683 0.301442
0.754234 9.9991E-05 0.245666
0.752575 0.216224 0.0312014
0.831169 9.9991E-05 0.168731
0.591433 9.9991E-05 0.408467
0.658897 0.00672851 0.334374
0.626063 0.0812983 0.292639
0.90318 0.0584446 0.0383757
0.671195 9.9991E-05 0.328705
0.938528 9.9991E-05 0.0613722
0.843699 0.156201 9.9991E-05
0.887279 0.0806086 0.0321122
0.859865 0.125499 0.0146367
0.803374 0.165269 0.0313567
0.668962 0.0214788 0.309559
0.726676 0.103568 0.169756
0.628751 0.315976 0.0552731
0.632343 0.0688662 0.298791
0.82087 0.17903 9.9991E-05
0.744149 0.0368812 0.21897
0.580615 9.9991E-05 0.419285
0.723777 0.143335 0.132888
0.774059 9.9991E-05 0.225841
0.824537 0.166195 0.00926773
0.791337 9.9991E-05 0.208563
0.906305 0.0257437 0.0679513
0.960404 0.0394964 9.9991E-05
0.987182 0.0127176 9.9991E-05
0.883525 9.9991E-05 0.116375
0.798481 0.00821173 0.193307
0.708322 0.0501233 0.241555
0.859332 0.0730088 0.0676592
0.83807 0.0776537 0.0842764
0.812145 0.0617675 0.126088
0.781678 0.0109779 0.207344
0.834412 0.0187102 0.146878
0.909135 0.0907645 9.9991E-05
0.0518297 0.791027 0.157143
9.9991E-05 0.899659 0.100241
9.9991E-05 0.843745 0.156155
9.9991E-05 0.88974 0.11016
0.00338601 0.85899 0.137624
9.9991E-05 0.875873 0.124027
9.9991E-05 0.927367 0.0725327
0.931542 0.0676053 0.000852302
0.749181 0.0333778 0.217441
0.676685 0.0416507 0.281665
0.711291 0.0216131 0.267096
0.685757 9.9991E-05 0.314143
0.882338 0.117562 9.9991E-05
0.843012 0.00887214 0.148116
0.811888 9.9991E-05 0.188012
0.730543 0.0646401 0.204817
0.790715 9.9991E-05 0.209185
0.747125 0.0448667 0.208008
0.756508 0.161048 0.0824445
0.61624 0.116656 0.267104
0.71848 0.0915886 0.189932
0.655973 0.0224055 0.321621
0.703342 0.0722425 0.224416
0.732064 9.9991E-05 0.267836
0.780124 0.00850153 0.211375
0.639664 9.9991E-05 0.360236
0.676861 0.0605123 0.262627
0.63767 0.153697 0.208633
0.641535 0.0318659 0.326599
0.618595 0.0358304 0.345574
0.78456 0.128679 0.0867615
0.78521 0.171786 0.0430042
0.865533 0.0717912 0.0626761
0.795314 0.144658 0.0600284
0.840198 0.0715753 0.088227
0.83746 0.0945694 0.0679704
0.795438 0.0988518 0.105711
0.641108 0.0119727 0.346919
0.799999 0.0797273 0.120274
0.600584 0.0920342 0.307381
0.680626 0.319274 9.9991E-05
0.650294 0.195932 0.153774
0.574588 0.0999472 0.325465
0.704869 0.18598 0.109151
0.767479 0.187526 0.0449959
0.752802 0.0515251 0.195672
0.679978 0.168035 0.151987
0.885211 0.0107745 0.104015
0.733947 9.9991E-05 0.265953
0.203549 0.406572 0.389879
0.0984401 0.66424 0.23732
0.1589 0.620886 0.220213
0.129989 0.414525 0.455486
0.684419 9.9991E-05 0.315481
0.103699 9.9991E-05 0.896201
0.812763 0.0603561 0.126881
0.831739 0.0481242 0.120137
0.659653 9.9991E-05 0.340247
0.713626 0.0738463 0.212528
0.669973 0.0253338 0.304693
0.828709 0.0680247 0.103267
9.9991E-05 0.0359434 0.963957
9.9991E-05 0.0169468 0.982953
0.114483 0.0163907 0.869126
0.107942 0.0746478 0.81741
9.999E-05 9.999E-05 0.9998
9.9991E-05 0.0272847 0.972615
0.00605967 9.9991E-05 0.99384
9.999E-05 9.999E-05 0.9998
9.999E-05 9.999E-05 0.9998
9.999E-05 9.999E-05 0.9998
0.0846111 0.0716002 0.843789
9.9991E-05 0.134216 0.865684
9.9991E-05 0.0173541 0.982546
0.034948 0.114137 0.850915
9.9991E-05 0.0687822 0.931118
9.9991E-05 0.0246918 0.975208
9.9991E-05 0.070975 0.928925
9.9991E-05 0.042277 0.957623
0.27131 0.0201286 0.708561
0.0538739 0.0434899 0.902636
0.478174 0.462621 0.0592051
0.522727 0.151828 0.325445
0.521666 0.205284 0.273049
0.430707 0.353408 0.215885
0.462571 0.282657 0.254772
0.467376 0.163489 0.369135
0.463568 0.111157 0.425275
0.400922 0.215371 0.383707
0.0813425 0.888172 0.0304852
9.9991E-05 0.912378 0.087522
9.9991E-05 0.991286 0.0086144
9.9991E-05 0.948095 0.0518048
0.00203308 0.866367 0.1316
9.9991E-05 0.877057 0.122843
9.9991E-05 0.858889 0.141011
0.0425751 0.908342 0.0490824
9.9991E-05 0.931238 0.0686618
9.9991E-05 0.851676 0.148224
0.281629 0.718271 9.9991E-05
0.316419 0.681365 0.00221583
0.338526 0.661374 9.9991E-05
0.400293 0.599607 9.9991E-05
0.676192 0.037511 0.286297
0.664966 0.0445334 0.290501
0.788337 0.0957751 0.115888
0.881115 0.110741 0.00814374
0.713587 9.9991E-05 0.286313
0.748807 9.9991E-05 0.251093
0.772827 0.0132414 0.213932
0.790132 9.9991E-05 0.209768
0.803712 9.9991E-05 0.196188
0.965886 0.034014 9.9991E-05
0.868031 0.0119452 0.120023
0.749116 9.9991E-05 0.250784
0.942133 0.0577669 9.9991E-05
0.648349 0.351551 9.9991E-05
0.689405 0.310495 9.9991E-05
0.718266 0.281634 9.9991E-05
0.684348 0.315552 9.9991E-05
0.779045 0.220855 9.9991E-05
0.697468 0.280854 0.0216779
0.00680488 0.847251 0.145944
0.0196122 0.835253 0.145135
0.0145793 0.769217 0.216204
0.0239249 0.798477 0.177599
0.0124298 0.794215 0.193355
0.422523 0.577377 9.9991E-05
0.4065 0.5934 9.9991E-05
0.407327 0.592573 9.9991E-05
9.9991E-05 0.770931 0.228969
0.446962 0.552938 9.9991E-05
0.212221 0.250592 0.537187
0.254233 0.131851 0.613916
0.324613 0.229391 0.445996
0.102449 0.47753 0.42002
0.778689 0.0518785 0.169432
0.791161 0.0581604 0.150679
0.750216 0.199813 0.0499712
0.792114 9.9991E-05 0.207786
0.932146 0.0677543 9.9991E-05
0.756289 0.0342587 0.209452
0.80795 0.104008 0.0880423
0.947999 0.0519009 9.9991E-05
0.71716 0.059072 0.223768
0.714788 9.9991E-05 0.285112
0.472725 0.118014 0.409261
0.790457 9.9991E-05 0.209443
0.719257 0.0626701 0.218072
0.700792 0.0025683 0.29664
0.763242 0.0537228 0.183035
0.641992 0.0394586 0.318549
9.9991E-05 0.726514 0.273386
9.9991E-05 0.813341 0.186559
0.0748711 0.840989 0.0841403
0.0765623 0.804703 0.118735
0.0116789 0.844234 0.144087
0.751622 0.179555 0.0688229
0.578742 9.9991E-05 0.421158
0.732683 0.0804318 0.186885
0.737474 0.0682812 0.194245
0.722373 0.277527 9.9991E-05
0.670203 0.0566036 0.273193
0.720509 0.221392 0.0580992
0.645918 0.0934069 0.260675
0.72845 0.26387 0.00767976
0.80472 0.159497 0.0357822
0.740481 0.108494 0.151025
0.7748 0.109313 0.115887
0.67962 0.0503498 0.27003
0.809267 0.0539032 0.136829
0.708367 0.0214172 0.270216
0.909072 0.0677347 0.0231933
0.883055 0.0595358 0.0574087
0.72531 0.037556 0.237134
0.888781 0.111119 9.9991E-05
0.767199 0.0607359 0.172065
0.8366 0.1633 9.9991E-05
0.851978 9.9991E-05 0.147922
0.730746 0.0735066 0.195747
0.63977 9.9991E-05 0.36013
0.90083 0.0383229 0.0608467
0.713214 9.9991E-05 0.286686
0.710361 0.0609062 0.228732
0.808882 0.0368363 0.154281
0.68979 0.0591088 0.251101
0.672578 9.9991E-05 0.327322
0.710851 0.0870852 0.202064
0.658983 9.9991E-05 0.340917
0.687823 0.108911 0.203266
0.664308 0.0292853 0.306406
0.2267 0.367477 0.405822
0.411805 0.131039 0.457156
0.59326 0.0182265 0.388513
0.385088 0.142517 0.472394
0.768907 9.9991E-05 0.230993
0.49276 0.319799 0.187441
0.505233 0.112844 0.381922
0.46222 0.0835972 0.454183
0.485037 0.198123 0.31684
0.397139 0.109362 0.493499
0.138542 0.592911 0.268547
0.36389 0.101046 0.535065
0.475498 0.139954 0.384549
0.651473 0.0643965 0.28413
0.98022 0.0196797 9.9991E-05
0.904203 0.0956969 9.9991E-05
0.365751 0.104989 0.52926
0.342445 0.123616 0.533938
0.240374 0.287541 0.472085
0.324828 0.187057 0.488115
0.668871 0.182456 0.148673
0.605374 0.154508 0.240119
0.595297 9.9991E-05 0.404603
0.554572 0.0503952 0.395033
0.660122 0.0861179 0.25376
0.572461 0.060259 0.36728
0.59076 0.0274006 0.381839
0.87182 0.00595208 0.122228
0.752764 0.0481575 0.199078
0.71165 0.0499034 0.238447
0.779891 9.9991E-05 0.220009
0.845064 0.0752523 0.0796842
0.69365 9.9991E-05 0.30625
0.850835 0.0214313 0.127733
0.743213 0.0526234 0.204164
0.380448 0.0876391 0.531913
0.349349 0.194711 0.45594
0.47994 0.31887 0.20119
0.399965 0.0667045 0.53333
0.269681 0.522842 0.207477
0.464449 9.9991E-05 0.535451
0.970364 0.00672491 0.0229109
0.932346 0.0675536 9.9991E-05
0.804956 9.9991E-05 0.194944
0.675941 9.9991E-05 0.323959
0.855009 9.9991E-05 0.144891
0.728275 9.9991E-05 0.271625
0.712152 9.9991E-05 0.287748
0.0218357 0.78994 0.188224
0.0782422 0.775785 0.145973
9.9991E-05 0.893656 0.106244
9.9991E-05 0.921968 0.0779322
0.737518 0.0153385 0.247144
0.853401 9.9991E-05 0.146499
0.868692 0.0690361 0.0622721
0.635238 9.9991E-05 0.364662
0.850698 9.9991E-05 0.149202
0.303038 0.258163 0.438799
0.760393 9.9991E-05 0.239507
0.889879 9.9991E-05 0.110021
0.771255 9.9991E-05 0.228645
0.828497 0.000738353 0.170765
0.63705 9.9991E-05 0.36285
0.976678 9.9991E-05 0.0232222
0.866176 9.9991E-05 0.133724
0.830289 9.9991E-05 0.169611
0.9998 9.999E-05 9.999E-05
0.742332 0.0601576 0.19751
0.894669 0.0546375 0.0506936
0.940286 0.0596136 9.9991E-05
0.637614 0.0185188 0.343867
0.867397 0.0544081 0.0781946
0.7413 0.0088791 0.249821
0.747715 9.9991E-05 0.252185
0.811988 9.9991E-05 0.187912
0.751933 9.9991E-05 0.247967
0.734742 0.025438 0.23982
0.877212 9.9991E-05 0.122688
0.221852 0.778048 9.9991E-05
0.153658 0.781678 0.0646647
0.0864366 0.913463 9.9991E-05
0.104519 0.895381 9.9991E-05
0.210458 0.784922 0.00461927
0.917153 0.0558006 0.0270463
0.830794 0.169106 9.9991E-05
0.940379 9.9991E-05 0.0595213
0.771754 0.0459018 0.182344
0.665647 9.9991E-05 0.334253
0.717671 0.047967 0.234362
0.736096 9.9991E-05 0.263804
0.91306 9.9991E-05 0.0868397
0.834549 9.9991E-05 0.165351
0.916348 9.9991E-05 0.0835517
0.506122 0.12009 0.373788
0.823395 9.9991E-05 0.176505
0.762141 0.0120739 0.225785
0.262077 0.0200306 0.717893
0.193414 0.153868 0.652717
0.673277 0.0481947 0.278528
9.9991E-05 0.330466 0.669434
0.196281 0.172412 0.631307
0.490247 0.124859 0.384895
0.571433 0.132446 0.29612
0.606729 0.131621 0.26165
0.127107 0.192864 0.680029
0.232358 0.0568943 0.710748
0.169831 0.140515 0.689655
0.150641 0.177388 0.671971
0.5512 0.0882291 0.360571
0.0225152 0.202734 0.774751
0.690533 0.246789 0.0626783
0.62507 0.00639331 0.368536
0.557792 0.115216 0.326992
0.625533 0.13953 0.234937
0.372904 0.252248 0.374847
0.295929 0.191441 0.51263
0.0112778 0.24194 0.746782
0.639725 0.130924 0.229351
0.654282 0.22257 0.123148
0.645205 0.18735 0.167445
0.427512 0.166131 0.406357
0.332964 0.437272 0.229764
0.33504 0.498037 0.166923
0.49493 0.171455 0.333615
0.297683 0.453824 0.248493
0.201674 0.518283 0.280044
0.458922 0.142815 0.398263
0.452006 0.180682 0.367312
0.351436 0.362156 0.286407
0.368574 0.364892 0.266534
0.413296 0.13273 0.453974
0.507613 0.287049 0.205337
0.288405 0.55642 0.155175
0.381624 0.171326 0.447051
0.403855 0.223064 0.373081
0.301557 0.140215 0.558228
0.402655 0.143133 0.454211
0.239466 0.29394 0.466595
0.432972 0.156011 0.411017
0.207555 0.240647 0.551798
0.353623 0.239017 0.40736
0.560123 0.204348 0.235529
0.291804 0.232286 0.475909
0.230171 0.398908 0.370921
0.204877 0.336774 0.458349
0.0993871 0.844278 0.0563347
0.688751 0.311149 9.9991E-05
0.704005 0.295895 9.9991E-05
0.698013 0.301887 9.9991E-05
0.757306 0.242594 9.9991E-05
0.721292 0.278608 9.9991E-05
0.765426 0.234474 9.9991E-05
0.687372 0.312528 9.9991E-05
0.584417 0.415483 9.9991E-05
9.9991E-05 0.871289 0.128611
0.113641 0.792797 0.0935614
9.9991E-05 0.89063 0.10927
0.0940332 0.830696 0.0752705
9.9991E-05 0.885571 0.114329
0.0416573 0.91376 0.0445823
0.114509 0.688989 0.196503
9.9991E-05 0.855586 0.144314
0.11472 0.756607 0.128673
9.9991E-05 0.861761 0.138139
9.9991E-05 0.967406 0.0324941
9.9991E-05 0.863026 0.136874
9.9991E-05 0.921876 0.0780241
9.9991E-05 0.915614 0.0842857
0.00948506 0.855062 0.135453
9.9991E-05 0.790691 0.209209
9.9991E-05 0.736382 0.263518
9.9991E-05 0.7739 0.226
9.9991E-05 0.777147 0.222753
0.630963 0.184132 0.184906
0.63129 0.0215625 0.347147
0.759685 0.151652 0.0886623
0.590035 0.122008 0.287957
0.665698 0.266104 0.068198
0.623111 0.0792741 0.297615
0.707011 0.171542 0.121447
0.679136 0.0781997 0.242665
0.692784 9.9991E-05 0.307116
0.720771 0.132049 0.14718
0.642017 0.0914497 0.266533
0.92517 0.0747304 9.9991E-05
0.790868 0.209032 9.9991E-05
0.719781 0.18558 0.094639
0.561059 0.134719 0.304222
0.591157 0.134792 0.274051
0.442337 0.159346 0.398317
0.466014 0.117854 0.416131
0.263487 0.47004 0.266473
0.434032 0.197832 0.368137
0.286275 0.472783 0.240942
0.323696 0.261561 0.414743
0.293297 0.371204 0.335499
0.380904 0.32055 0.298546
0.362012 0.180989 0.456999
0.449381 0.190276 0.360343
0.238241 0.428674 0.333085
